7.308273701400940237e-01 6.089139332251957137e-01 9.000000000000000000e+00 7.000000000000000000e+01 0.000000000000000000e+00
4.802721998723693542e-01 1.643466156656056887e+00 1.900000000000000000e+01 7.500000000000000000e+01 0.000000000000000000e+00
1.912803995951186664e-01 7.187784928710864163e-01 3.000000000000000000e+00 1.510000000000000000e+02 0.000000000000000000e+00
2.861301489755422311e-01 1.460896770446530601e-01 5.000000000000000000e+00 1.300000000000000000e+02 0.000000000000000000e+00
9.948238002215870068e-01 6.970098548920412584e-01 7.000000000000000000e+00 2.000000000000000000e+01 0.000000000000000000e+00
8.645920065045006320e-01 1.528021517808006768e+00 1.500000000000000000e+01 1.110000000000000000e+02 0.000000000000000000e+00
8.651643134071428376e-01 8.527650119589688105e-01 2.000000000000000000e+01 1.200000000000000000e+02 0.000000000000000000e+00
2.756800811265302381e-02 3.396958499168271084e-01 1.500000000000000000e+01 7.300000000000000000e+01 0.000000000000000000e+00
6.948946965911905194e-01 2.799534848375492269e-01 5.000000000000000000e+00 8.000000000000000000e+01 0.000000000000000000e+00
1.608090819033533014e-01 6.026327832943804141e-01 1.200000000000000000e+01 3.900000000000000000e+01 0.000000000000000000e+00
9.960212351880665116e-01 1.258043025741049536e+00 1.200000000000000000e+01 8.300000000000000000e+01 0.000000000000000000e+00
8.456940188078823084e-01 1.546637741891643714e+00 1.300000000000000000e+01 1.920000000000000000e+02 0.000000000000000000e+00
4.530035379807304530e-01 4.498405308189860063e-01 1.200000000000000000e+01 4.200000000000000000e+01 0.000000000000000000e+00
6.254240640760722059e-01 2.433086116549482425e-01 5.000000000000000000e+00 1.620000000000000000e+02 0.000000000000000000e+00
1.757993611314440097e-01 1.574516095086144318e+00 1.000000000000000000e+01 1.620000000000000000e+02 0.000000000000000000e+00
8.567151276167461749e-01 1.581455206549694292e+00 2.000000000000000000e+01 1.560000000000000000e+02 0.000000000000000000e+00
2.021812003985782313e-01 5.284917096865419106e-01 1.000000000000000000e+00 1.610000000000000000e+02 0.000000000000000000e+00
3.294480553922787269e-01 1.668003605181525240e+00 9.000000000000000000e+00 1.240000000000000000e+02 0.000000000000000000e+00
7.202605224966743824e-01 6.154451118786165020e-01 1.400000000000000000e+01 7.000000000000000000e+01 0.000000000000000000e+00
3.104171744935136923e-01 1.653998387299705497e+00 1.100000000000000000e+01 9.600000000000000000e+01 0.000000000000000000e+00
5.653498374966956508e-01 7.063691835667008645e-01 1.200000000000000000e+01 5.800000000000000000e+01 0.000000000000000000e+00
9.980026107246652012e-02 5.765395398998441889e-01 3.000000000000000000e+00 1.460000000000000000e+02 0.000000000000000000e+00
9.841701784546682541e-01 6.701709126570928321e-01 1.000000000000000000e+00 2.200000000000000000e+01 0.000000000000000000e+00
8.896014597802787138e-01 1.124623849039167178e-01 5.000000000000000000e+00 9.100000000000000000e+01 0.000000000000000000e+00
3.003271898864783296e-01 1.770277464122351541e+00 1.300000000000000000e+01 1.340000000000000000e+02 0.000000000000000000e+00
1.332177304296826570e-01 1.424878450020368170e+00 1.000000000000000000e+00 8.000000000000000000e+01 0.000000000000000000e+00
5.435473966921994249e-01 2.028907990712084608e+00 1.400000000000000000e+01 2.500000000000000000e+01 0.000000000000000000e+00
4.157964440175246912e-01 4.547672142356490310e-01 5.000000000000000000e+00 6.300000000000000000e+01 0.000000000000000000e+00
2.873781890589711674e-01 1.808000874825820559e-01 4.000000000000000000e+00 1.390000000000000000e+02 0.000000000000000000e+00
8.313072944549940724e-01 3.371693459367594015e-01 1.900000000000000000e+01 2.000000000000000000e+01 0.000000000000000000e+00
1.058307751244091065e-02 8.966715376427355499e-01 1.300000000000000000e+01 1.820000000000000000e+02 0.000000000000000000e+00
8.160993961658696838e-01 1.302113903496581182e+00 1.200000000000000000e+01 2.400000000000000000e+01 0.000000000000000000e+00
9.585947510426763296e-01 8.229986246942416761e-01 1.800000000000000000e+01 4.300000000000000000e+01 0.000000000000000000e+00
9.338312829424020300e-01 4.993212906274283602e-01 6.000000000000000000e+00 1.080000000000000000e+02 0.000000000000000000e+00
6.887397742196031680e-02 9.036372692024959852e-01 1.000000000000000000e+00 5.100000000000000000e+01 0.000000000000000000e+00
6.171689485613091053e-01 1.369941503064688038e-01 1.600000000000000000e+01 5.300000000000000000e+01 0.000000000000000000e+00
9.115576703682795046e-01 1.482241186076283412e+00 2.000000000000000000e+00 1.100000000000000000e+02 0.000000000000000000e+00
4.544903778075587431e-01 6.417314022590020484e-01 2.000000000000000000e+01 1.290000000000000000e+02 0.000000000000000000e+00
4.009049303806721393e-02 7.552196263354052919e-01 1.100000000000000000e+01 1.570000000000000000e+02 0.000000000000000000e+00
9.274999118458074898e-01 1.375113732141973077e+00 1.700000000000000000e+01 3.500000000000000000e+01 0.000000000000000000e+00
6.132105273323653627e-01 1.616749984002362250e+00 1.800000000000000000e+01 1.910000000000000000e+02 0.000000000000000000e+00
4.026153332917784544e-01 9.532975619554645563e-01 1.000000000000000000e+00 1.000000000000000000e+00 0.000000000000000000e+00
8.887377655642202390e-01 7.261253737124971908e-01 1.100000000000000000e+01 1.100000000000000000e+02 0.000000000000000000e+00
9.130209740868013846e-01 9.719145843419026987e-01 1.600000000000000000e+01 7.900000000000000000e+01 0.000000000000000000e+00
7.361720387744317973e-02 1.104948705611102033e+00 1.500000000000000000e+01 1.890000000000000000e+02 0.000000000000000000e+00
8.746792772263495275e-01 4.174442395088832081e-01 2.000000000000000000e+01 1.510000000000000000e+02 0.000000000000000000e+00
4.895139207912154733e-01 8.924428553105033801e-01 3.000000000000000000e+00 8.700000000000000000e+01 0.000000000000000000e+00
7.434493077448536269e-01 2.859772760271953596e-01 1.600000000000000000e+01 1.090000000000000000e+02 0.000000000000000000e+00
5.469470082797910776e-02 9.781002873375727047e-01 1.400000000000000000e+01 2.400000000000000000e+01 0.000000000000000000e+00
9.281958742628791670e-02 3.643340457592630921e-01 2.000000000000000000e+00 5.900000000000000000e+01 0.000000000000000000e+00
5.837611422107435305e-02 1.104034413531964187e+00 1.000000000000000000e+01 7.600000000000000000e+01 1.000000000000000000e+00
7.524989810589066686e-01 7.420034671701233320e-01 6.000000000000000000e+00 4.200000000000000000e+01 1.000000000000000000e+00
7.995364475877196897e-01 1.288521567372902910e+00 1.500000000000000000e+01 4.400000000000000000e+01 1.000000000000000000e+00
4.233531723707602001e-01 1.071996817570174398e+00 1.200000000000000000e+01 1.790000000000000000e+02 1.000000000000000000e+00
5.134708997349136661e-01 1.950066482417219360e+00 1.700000000000000000e+01 1.500000000000000000e+01 1.000000000000000000e+00
1.000666250074764507e+00 3.698259176210690891e-01 1.900000000000000000e+01 1.040000000000000000e+02 1.000000000000000000e+00
4.901697077007096670e-01 1.459185901221486725e+00 9.000000000000000000e+00 1.830000000000000000e+02 1.000000000000000000e+00
1.017167106710955421e-01 1.264856672680999772e+00 1.400000000000000000e+01 9.800000000000000000e+01 1.000000000000000000e+00
8.861511445980038149e-01 1.686356945884140979e+00 1.600000000000000000e+01 2.600000000000000000e+01 1.000000000000000000e+00
4.293619098496227471e-01 1.406908645453718520e+00 1.000000000000000000e+01 7.600000000000000000e+01 1.000000000000000000e+00
6.484965792143586594e-01 2.807332642896184227e-01 2.000000000000000000e+00 6.600000000000000000e+01 1.000000000000000000e+00
9.857766581718661880e-02 4.292884343021646787e-01 1.700000000000000000e+01 1.400000000000000000e+02 1.000000000000000000e+00
5.112978366571439004e-01 1.593759034707466826e+00 7.000000000000000000e+00 6.300000000000000000e+01 1.000000000000000000e+00
2.088736115690155160e-01 1.054562850012737751e+00 6.000000000000000000e+00 1.610000000000000000e+02 1.000000000000000000e+00
1.165967014436585097e-01 1.285722012047690432e+00 1.900000000000000000e+01 1.400000000000000000e+02 1.000000000000000000e+00
6.035818941805603383e-02 1.077499642316925188e+00 1.200000000000000000e+01 1.020000000000000000e+02 1.000000000000000000e+00
9.882728711350241557e-01 1.408774633315452274e+00 1.900000000000000000e+01 1.700000000000000000e+02 1.000000000000000000e+00
7.356128057958833955e-01 1.457089638162275824e-01 1.800000000000000000e+01 1.780000000000000000e+02 1.000000000000000000e+00
7.512167502333116920e-01 1.107576442672968620e+00 9.000000000000000000e+00 9.100000000000000000e+01 1.000000000000000000e+00
8.493271224210975356e-01 1.144618795206383988e+00 1.400000000000000000e+01 1.060000000000000000e+02 1.000000000000000000e+00
1.189076181373514979e-01 1.869718687119323042e-01 1.500000000000000000e+01 1.250000000000000000e+02 1.000000000000000000e+00
2.842549767379295433e-01 4.163478485857435851e-01 1.700000000000000000e+01 1.130000000000000000e+02 1.000000000000000000e+00
2.997332256160608610e-01 1.095068512854914911e+00 9.000000000000000000e+00 1.870000000000000000e+02 1.000000000000000000e+00
8.896878818622383500e-01 1.848439429900502695e+00 9.000000000000000000e+00 1.030000000000000000e+02 1.000000000000000000e+00
5.237276942811668334e-01 1.300863109470044687e+00 3.000000000000000000e+00 1.310000000000000000e+02 1.000000000000000000e+00
8.537449686816926953e-01 1.152085408525355126e+00 7.000000000000000000e+00 5.900000000000000000e+01 1.000000000000000000e+00
2.218332050431137681e-01 1.390875120676434040e+00 1.500000000000000000e+01 8.300000000000000000e+01 1.000000000000000000e+00
9.307082801098243152e-01 1.604043107042216754e+00 1.600000000000000000e+01 1.440000000000000000e+02 1.000000000000000000e+00
2.014419685139372529e-01 5.273849780830058842e-01 1.800000000000000000e+01 1.840000000000000000e+02 1.000000000000000000e+00
5.078568441511793763e-01 1.690688609727030445e-01 2.000000000000000000e+00 8.000000000000000000e+01 1.000000000000000000e+00
5.933965060942874015e-01 2.336282363414511620e-01 1.500000000000000000e+01 1.350000000000000000e+02 1.000000000000000000e+00
5.012627670576821348e-01 1.475047182497813081e+00 4.000000000000000000e+00 1.010000000000000000e+02 1.000000000000000000e+00
3.973328974013369264e-01 1.632389690049882880e+00 3.000000000000000000e+00 1.460000000000000000e+02 1.000000000000000000e+00
5.494429816944109701e-01 1.660511947035173907e+00 1.500000000000000000e+01 1.920000000000000000e+02 1.000000000000000000e+00
1.407897672883131612e-01 9.235696397274782976e-01 3.000000000000000000e+00 3.700000000000000000e+01 1.000000000000000000e+00
5.318458741819417357e-01 3.395410869498859396e-01 1.400000000000000000e+01 2.000000000000000000e+01 1.000000000000000000e+00
4.053968309967325157e-01 4.232500361328898064e-01 1.400000000000000000e+01 4.300000000000000000e+01 1.000000000000000000e+00
2.529285642624418129e-01 6.861139078558017301e-01 1.000000000000000000e+01 1.120000000000000000e+02 1.000000000000000000e+00
1.006091716309992057e+00 6.033016019554598985e-01 6.000000000000000000e+00 1.990000000000000000e+02 1.000000000000000000e+00
2.177170609489836872e-01 1.629686080188886610e+00 1.900000000000000000e+01 1.610000000000000000e+02 1.000000000000000000e+00
9.557019402312044720e-01 1.663452155359697038e+00 1.000000000000000000e+01 5.900000000000000000e+01 1.000000000000000000e+00
7.898250419858005023e-01 5.020600406051173303e-01 9.000000000000000000e+00 1.700000000000000000e+01 1.000000000000000000e+00
9.703231695049272520e-01 7.967607838636735496e-01 1.600000000000000000e+01 8.300000000000000000e+01 1.000000000000000000e+00
2.754376094389231894e-02 8.345742719668834964e-01 3.000000000000000000e+00 1.100000000000000000e+02 1.000000000000000000e+00
2.534353489221895517e-01 1.669841932423614006e+00 1.200000000000000000e+01 4.500000000000000000e+01 1.000000000000000000e+00
8.647294234003294333e-01 5.956208802454970863e-01 1.700000000000000000e+01 1.550000000000000000e+02 1.000000000000000000e+00
2.566202981003038452e-01 1.857150362589362891e-01 1.700000000000000000e+01 1.100000000000000000e+02 1.000000000000000000e+00
6.424689816408041265e-01 1.795130692777628933e+00 1.500000000000000000e+01 1.280000000000000000e+02 1.000000000000000000e+00
1.090878286830749694e-01 8.025661211014819552e-01 1.400000000000000000e+01 1.070000000000000000e+02 1.000000000000000000e+00
8.347575957694817195e-01 9.639153105432246571e-01 6.000000000000000000e+00 1.530000000000000000e+02 1.000000000000000000e+00
6.648808773916179415e-01 1.389541669270542013e+00 2.000000000000000000e+01 7.500000000000000000e+01 2.000000000000000000e+00
4.657195597952141775e-01 1.520810728350267649e+00 1.400000000000000000e+01 8.900000000000000000e+01 2.000000000000000000e+00
5.290983455257540768e-01 5.930990122752447524e-01 9.000000000000000000e+00 1.020000000000000000e+02 2.000000000000000000e+00
1.279191426339919557e-01 8.163696015143216966e-01 7.000000000000000000e+00 6.000000000000000000e+01 2.000000000000000000e+00
5.717895625398001780e-01 8.872782660149979295e-01 1.900000000000000000e+01 1.880000000000000000e+02 2.000000000000000000e+00
6.074621893182694521e-01 1.224199002727803576e+00 1.000000000000000000e+01 1.280000000000000000e+02 2.000000000000000000e+00
2.869539882213044679e-01 1.817833484065257965e-01 1.400000000000000000e+01 3.700000000000000000e+01 2.000000000000000000e+00
9.095562953620658364e-01 1.012703989983902764e+00 1.600000000000000000e+01 1.810000000000000000e+02 2.000000000000000000e+00
2.897260423240114457e-01 1.427378456527876649e+00 1.400000000000000000e+01 4.200000000000000000e+01 2.000000000000000000e+00
1.537176615170864347e-01 1.280403510618307372e+00 3.000000000000000000e+00 1.310000000000000000e+02 2.000000000000000000e+00
1.931469033990701467e-01 1.694720212155599981e+00 3.000000000000000000e+00 1.510000000000000000e+02 2.000000000000000000e+00
6.822992568602999075e-01 1.204545776181241035e+00 1.600000000000000000e+01 5.600000000000000000e+01 2.000000000000000000e+00
9.532944758377634997e-01 1.652216803564507064e+00 7.000000000000000000e+00 8.500000000000000000e+01 2.000000000000000000e+00
7.022807909376388436e-01 2.079358216743131038e+00 4.000000000000000000e+00 7.500000000000000000e+01 2.000000000000000000e+00
1.507045895599267160e-01 1.128922754765067538e+00 1.300000000000000000e+01 1.410000000000000000e+02 2.000000000000000000e+00
6.845164059222109687e-01 1.678970643438465749e-01 2.000000000000000000e+00 3.900000000000000000e+01 2.000000000000000000e+00
2.655644249755150649e-02 1.910576764460928667e-01 1.000000000000000000e+01 3.000000000000000000e+01 2.000000000000000000e+00
1.666506151848716755e-01 1.786023500525557139e+00 1.900000000000000000e+01 1.660000000000000000e+02 2.000000000000000000e+00
4.236191839764056333e-01 2.017316950066370573e+00 1.800000000000000000e+01 5.800000000000000000e+01 2.000000000000000000e+00
4.426742447943713410e-01 5.359850607367763198e-01 1.700000000000000000e+01 1.800000000000000000e+02 2.000000000000000000e+00
8.529237788292001188e-01 1.539883441347039250e+00 6.000000000000000000e+00 1.350000000000000000e+02 2.000000000000000000e+00
8.496301537634042278e-01 1.450832838501563193e+00 7.000000000000000000e+00 1.300000000000000000e+01 2.000000000000000000e+00
7.584267237850192966e-01 1.614573992682331260e+00 2.000000000000000000e+00 5.300000000000000000e+01 2.000000000000000000e+00
3.084798361071880990e-01 8.704422230587131049e-01 4.000000000000000000e+00 6.400000000000000000e+01 2.000000000000000000e+00
5.275970385385327921e-01 1.812508292919929209e+00 1.900000000000000000e+01 1.680000000000000000e+02 2.000000000000000000e+00
5.804034185710448684e-02 1.634870677744992618e+00 7.000000000000000000e+00 4.400000000000000000e+01 2.000000000000000000e+00
8.147506125322253601e-01 8.639051884540235315e-01 1.800000000000000000e+01 4.900000000000000000e+01 2.000000000000000000e+00
8.485637634446783206e-01 1.357268300104077285e+00 1.400000000000000000e+01 5.800000000000000000e+01 2.000000000000000000e+00
4.561811436319106877e-02 3.773561627751508274e-01 6.000000000000000000e+00 5.000000000000000000e+01 2.000000000000000000e+00
5.874437523791742333e-01 9.105430019135206665e-01 1.700000000000000000e+01 1.750000000000000000e+02 2.000000000000000000e+00
1.539263064717012464e-01 2.212043232217163757e-01 4.000000000000000000e+00 1.480000000000000000e+02 2.000000000000000000e+00
6.338677529245205777e-01 1.110856934821910225e-01 1.300000000000000000e+01 1.330000000000000000e+02 2.000000000000000000e+00
1.990950508850506395e-01 5.304336108235955249e-01 1.900000000000000000e+01 1.690000000000000000e+02 2.000000000000000000e+00
3.594785029062377291e-01 3.728736568883145308e-01 1.700000000000000000e+01 9.700000000000000000e+01 2.000000000000000000e+00
5.096528283346508648e-01 8.382942338705802188e-01 4.000000000000000000e+00 1.240000000000000000e+02 2.000000000000000000e+00
9.132747624245506068e-02 5.682009354080362895e-01 2.000000000000000000e+00 1.510000000000000000e+02 2.000000000000000000e+00
2.854060681108641084e-01 7.431453779186768527e-01 7.000000000000000000e+00 5.700000000000000000e+01 2.000000000000000000e+00
4.925019970385365875e-01 1.638794614274140304e+00 1.500000000000000000e+01 1.840000000000000000e+02 2.000000000000000000e+00
2.957678180418834568e-01 1.725213970388939089e+00 1.500000000000000000e+01 1.500000000000000000e+02 2.000000000000000000e+00
6.668059865824279564e-01 7.050647228014711443e-01 1.400000000000000000e+01 1.890000000000000000e+02 2.000000000000000000e+00
7.333009412344502209e-01 1.286119193142793105e+00 1.200000000000000000e+01 1.520000000000000000e+02 2.000000000000000000e+00
7.429581350837829445e-01 1.302213122812593271e+00 1.400000000000000000e+01 4.900000000000000000e+01 2.000000000000000000e+00
9.371340747082269607e-01 1.701928785236309638e+00 1.400000000000000000e+01 7.100000000000000000e+01 2.000000000000000000e+00
2.571408785610026504e-01 7.702282503418332871e-01 7.000000000000000000e+00 2.000000000000000000e+01 2.000000000000000000e+00
8.246839956439432351e-01 2.485998449520971099e-01 9.000000000000000000e+00 1.640000000000000000e+02 2.000000000000000000e+00
1.122568399603758177e-01 8.266523088029366084e-01 2.000000000000000000e+00 1.170000000000000000e+02 2.000000000000000000e+00
9.530375892185830589e-01 1.965537230868345253e-01 1.000000000000000000e+01 1.240000000000000000e+02 2.000000000000000000e+00
2.271564603508408053e-01 1.673236764909191487e+00 8.000000000000000000e+00 1.490000000000000000e+02 2.000000000000000000e+00
4.374463191496521519e-01 1.657138924604608876e+00 4.000000000000000000e+00 1.710000000000000000e+02 2.000000000000000000e+00
3.129826798191029935e-01 1.570588513337845882e+00 6.000000000000000000e+00 2.400000000000000000e+01 2.000000000000000000e+00
9.894976542660521845e-01 1.179464244754441671e+00 1.000000000000000000e+01 1.250000000000000000e+02 3.000000000000000000e+00
3.848684167768976483e-01 1.260621875243987056e+00 3.000000000000000000e+00 5.300000000000000000e+01 3.000000000000000000e+00
2.094757760342933484e-01 1.696658669803283059e+00 1.400000000000000000e+01 1.860000000000000000e+02 3.000000000000000000e+00
5.939808485010723560e-01 2.929983799489496166e-01 1.900000000000000000e+01 2.200000000000000000e+01 3.000000000000000000e+00
1.862024732811123906e-01 1.004822583168317740e+00 1.200000000000000000e+01 1.040000000000000000e+02 3.000000000000000000e+00
2.936749539637915074e-01 7.127383485721666689e-01 7.000000000000000000e+00 1.140000000000000000e+02 3.000000000000000000e+00
8.846215297078692252e-01 8.385481755556102312e-01 1.100000000000000000e+01 6.300000000000000000e+01 3.000000000000000000e+00
9.288083420133140811e-01 4.817295198201835271e-01 4.000000000000000000e+00 1.700000000000000000e+01 3.000000000000000000e+00
5.217435315302972887e-01 8.674969347887454552e-01 1.200000000000000000e+01 6.500000000000000000e+01 3.000000000000000000e+00
4.198534800774910147e-01 1.481434401473310736e+00 1.100000000000000000e+01 1.640000000000000000e+02 3.000000000000000000e+00
6.142417840814923258e-01 1.517540046857541736e+00 1.000000000000000000e+01 7.200000000000000000e+01 3.000000000000000000e+00
4.716411205767296888e-01 1.663849608612319175e-01 1.700000000000000000e+01 2.600000000000000000e+01 3.000000000000000000e+00
8.853164782571865121e-01 6.307661954051687614e-01 8.000000000000000000e+00 7.000000000000000000e+00 3.000000000000000000e+00
6.955115986378751503e-01 1.187688495091592022e+00 1.000000000000000000e+00 1.630000000000000000e+02 3.000000000000000000e+00
5.518598881766259012e-01 6.312851915545928394e-01 1.600000000000000000e+01 1.600000000000000000e+01 3.000000000000000000e+00
1.295918087189737999e-01 1.994420006967353665e+00 1.400000000000000000e+01 3.100000000000000000e+01 3.000000000000000000e+00
6.990738717001322433e-01 1.557684064842938421e+00 1.000000000000000000e+00 8.200000000000000000e+01 3.000000000000000000e+00
1.615387271538958752e-02 2.093335042430458426e+00 1.200000000000000000e+01 4.200000000000000000e+01 3.000000000000000000e+00
8.045433410909714755e-01 1.945147285080463251e-01 1.600000000000000000e+01 5.100000000000000000e+01 3.000000000000000000e+00
4.365343314197777519e-02 9.865416943272226069e-01 1.200000000000000000e+01 3.000000000000000000e+01 3.000000000000000000e+00
5.820370421567991892e-01 3.548207031977507198e-01 7.000000000000000000e+00 5.000000000000000000e+00 3.000000000000000000e+00
5.412698449859092431e-01 1.458583426126624394e+00 1.700000000000000000e+01 6.600000000000000000e+01 3.000000000000000000e+00
1.657665766858988921e-01 7.136502246668253724e-01 1.900000000000000000e+01 1.120000000000000000e+02 3.000000000000000000e+00
3.851669356515070586e-01 8.178115131435176322e-01 1.600000000000000000e+01 1.640000000000000000e+02 3.000000000000000000e+00
1.008929506402808762e+00 1.906532255631315786e+00 1.500000000000000000e+01 1.330000000000000000e+02 3.000000000000000000e+00
3.909865951373956428e-01 2.053117619733280108e+00 1.000000000000000000e+00 1.900000000000000000e+01 3.000000000000000000e+00
8.462429445078997192e-01 1.207609272063153993e-01 1.700000000000000000e+01 1.890000000000000000e+02 3.000000000000000000e+00
7.165802350742104254e-01 1.404166998925396204e+00 7.000000000000000000e+00 1.640000000000000000e+02 3.000000000000000000e+00
2.522844057878618207e-01 1.175716677953611011e+00 1.800000000000000000e+01 1.490000000000000000e+02 3.000000000000000000e+00
3.000741351938072121e-01 1.387466246002341919e+00 8.000000000000000000e+00 1.570000000000000000e+02 3.000000000000000000e+00
8.000818300160366103e-01 7.902425219384593413e-01 1.000000000000000000e+01 5.000000000000000000e+01 3.000000000000000000e+00
4.073714632362462895e-01 1.109744665588222878e-01 1.500000000000000000e+01 3.500000000000000000e+01 3.000000000000000000e+00
7.395147931495537064e-01 1.744678032603576234e+00 2.000000000000000000e+00 1.170000000000000000e+02 3.000000000000000000e+00
1.599728193439126089e-01 1.298548832862761682e+00 3.000000000000000000e+00 1.620000000000000000e+02 3.000000000000000000e+00
6.875457048352348055e-01 1.779706806094058846e+00 1.100000000000000000e+01 1.220000000000000000e+02 3.000000000000000000e+00
9.603217007091278956e-02 2.802022633936597229e-01 9.000000000000000000e+00 3.900000000000000000e+01 3.000000000000000000e+00
8.933928210388419888e-01 2.076126106209025490e+00 4.000000000000000000e+00 2.000000000000000000e+02 3.000000000000000000e+00
5.031672460115786949e-01 1.392461003635659056e+00 1.200000000000000000e+01 2.400000000000000000e+01 3.000000000000000000e+00
1.243082568298273655e-01 1.448006803096716810e+00 1.100000000000000000e+01 1.320000000000000000e+02 3.000000000000000000e+00
8.198645931812278409e-01 3.851200907524724437e-01 1.800000000000000000e+01 2.000000000000000000e+02 3.000000000000000000e+00
8.026499251348043762e-01 8.413193811106013387e-01 9.000000000000000000e+00 1.010000000000000000e+02 3.000000000000000000e+00
9.458528338716876149e-01 1.971396255809763742e+00 6.000000000000000000e+00 1.200000000000000000e+02 3.000000000000000000e+00
1.032891369087557271e-01 7.571796980275956601e-01 7.000000000000000000e+00 8.200000000000000000e+01 3.000000000000000000e+00
4.039870566378489514e-01 8.389890244143661802e-01 1.100000000000000000e+01 8.500000000000000000e+01 3.000000000000000000e+00
9.401989040867649861e-01 1.309780571684290962e+00 1.200000000000000000e+01 1.070000000000000000e+02 3.000000000000000000e+00
4.453438848569228892e-01 1.189975785095927163e+00 1.400000000000000000e+01 1.570000000000000000e+02 3.000000000000000000e+00
6.763720347614666784e-01 1.914532991931378048e+00 1.000000000000000000e+00 9.200000000000000000e+01 3.000000000000000000e+00
1.220281424990661140e-01 1.419539113138952313e+00 1.100000000000000000e+01 1.580000000000000000e+02 3.000000000000000000e+00
4.804380005431976297e-01 1.665686040182687178e+00 1.900000000000000000e+01 1.430000000000000000e+02 3.000000000000000000e+00
1.263306739016067069e-02 6.434546863461237942e-01 3.000000000000000000e+00 1.530000000000000000e+02 3.000000000000000000e+00
9.453653269477197973e-01 1.429858618601259623e+00 1.000000000000000000e+01 1.260000000000000000e+02 4.000000000000000000e+00
4.900795975098602986e-01 1.688421182052775693e+00 7.000000000000000000e+00 3.900000000000000000e+01 4.000000000000000000e+00
2.147869584643917751e-01 1.618189770472668210e+00 2.000000000000000000e+00 1.090000000000000000e+02 4.000000000000000000e+00
4.909145245772374988e-01 1.771019832320810616e+00 9.000000000000000000e+00 1.190000000000000000e+02 4.000000000000000000e+00
9.864049219016444159e-01 5.685456976884607494e-01 8.000000000000000000e+00 1.530000000000000000e+02 4.000000000000000000e+00
7.493797716924464059e-01 7.490108115701507030e-01 7.000000000000000000e+00 8.400000000000000000e+01 4.000000000000000000e+00
4.817705201541391258e-01 4.659329523121610306e-01 1.200000000000000000e+01 1.810000000000000000e+02 4.000000000000000000e+00
3.843197179358222026e-01 5.103417125810328914e-01 1.300000000000000000e+01 1.480000000000000000e+02 4.000000000000000000e+00
4.574668058573826829e-02 1.911279647596516806e+00 1.000000000000000000e+00 1.000000000000000000e+01 4.000000000000000000e+00
3.222531852272985109e-01 1.695812880715443338e+00 7.000000000000000000e+00 1.120000000000000000e+02 4.000000000000000000e+00
5.491738583696423870e-01 1.866456977806621120e+00 6.000000000000000000e+00 6.500000000000000000e+01 4.000000000000000000e+00
9.148284088102721645e-01 1.355476172234938714e-01 9.000000000000000000e+00 5.300000000000000000e+01 4.000000000000000000e+00
6.819394732823561567e-01 2.551659245957415001e-01 6.000000000000000000e+00 1.400000000000000000e+02 4.000000000000000000e+00
5.779018587626253423e-01 2.040756902115517413e+00 5.000000000000000000e+00 1.810000000000000000e+02 4.000000000000000000e+00
4.803272532611230217e-01 1.443522351410972515e+00 2.000000000000000000e+00 2.000000000000000000e+00 4.000000000000000000e+00
8.708862936482607287e-02 1.551384261243104190e-01 1.800000000000000000e+01 1.280000000000000000e+02 4.000000000000000000e+00
2.360481138317366279e-01 1.207193841945510826e+00 7.000000000000000000e+00 9.200000000000000000e+01 4.000000000000000000e+00
2.316434998096441600e-01 1.589895855985984652e-01 6.000000000000000000e+00 8.400000000000000000e+01 4.000000000000000000e+00
9.189493445421311746e-01 1.086909602838621369e+00 1.000000000000000000e+01 1.450000000000000000e+02 4.000000000000000000e+00
6.004894872402447570e-01 1.965202721944814046e+00 2.000000000000000000e+00 1.940000000000000000e+02 4.000000000000000000e+00
4.123331381052075528e-01 1.565439042574230832e+00 2.000000000000000000e+00 9.300000000000000000e+01 4.000000000000000000e+00
5.182031993950416693e-01 1.821164215183343815e+00 4.000000000000000000e+00 1.700000000000000000e+01 4.000000000000000000e+00
9.810672636042876427e-01 1.659898339696275649e+00 1.000000000000000000e+01 1.460000000000000000e+02 4.000000000000000000e+00
6.022313949102873210e-01 9.818630020860846797e-01 5.000000000000000000e+00 5.400000000000000000e+01 4.000000000000000000e+00
8.693931437847075561e-01 9.321448719201427258e-01 1.500000000000000000e+01 1.020000000000000000e+02 4.000000000000000000e+00
9.551322491784068891e-01 1.659750811050032304e+00 1.700000000000000000e+01 2.900000000000000000e+01 4.000000000000000000e+00
3.724416966954579022e-01 1.844517085609583162e+00 1.500000000000000000e+01 1.900000000000000000e+01 4.000000000000000000e+00
8.055451711351216959e-01 9.450963310682899410e-01 1.600000000000000000e+01 7.000000000000000000e+00 4.000000000000000000e+00
2.807223873392893781e-02 2.266910184836909148e-01 1.600000000000000000e+01 1.490000000000000000e+02 4.000000000000000000e+00
9.204392326645591815e-01 1.716561845693467925e+00 7.000000000000000000e+00 4.800000000000000000e+01 4.000000000000000000e+00
6.266785671419474735e-01 7.583952634934575388e-01 1.300000000000000000e+01 3.000000000000000000e+00 4.000000000000000000e+00
3.726173170193295414e-01 9.095312889377372700e-01 1.000000000000000000e+00 1.480000000000000000e+02 4.000000000000000000e+00
2.021733861717731617e-01 1.554789810299556985e+00 1.200000000000000000e+01 6.200000000000000000e+01 4.000000000000000000e+00
7.912295106392053246e-01 1.962073784761375617e+00 1.600000000000000000e+01 1.820000000000000000e+02 4.000000000000000000e+00
5.216415223671684309e-01 6.472158854127737504e-01 1.600000000000000000e+01 1.960000000000000000e+02 4.000000000000000000e+00
6.050497045553190345e-01 1.051823440247806385e+00 7.000000000000000000e+00 9.000000000000000000e+00 4.000000000000000000e+00
5.248234029658992855e-02 5.619670976156435627e-01 1.600000000000000000e+01 5.500000000000000000e+01 4.000000000000000000e+00
4.705539352223285787e-01 1.385564281956260801e+00 7.000000000000000000e+00 1.580000000000000000e+02 4.000000000000000000e+00
8.016205687422085502e-01 1.045062161512917642e+00 3.000000000000000000e+00 1.160000000000000000e+02 4.000000000000000000e+00
8.446055668536728289e-01 7.487725273184006047e-01 1.900000000000000000e+01 8.200000000000000000e+01 4.000000000000000000e+00
1.218986428637679337e-01 1.591383931893980697e-01 1.100000000000000000e+01 1.030000000000000000e+02 4.000000000000000000e+00
8.361610682439614139e-01 1.271759098488564277e+00 5.000000000000000000e+00 1.220000000000000000e+02 4.000000000000000000e+00
8.044090028643857693e-01 1.718751800418960363e+00 1.800000000000000000e+01 1.300000000000000000e+02 4.000000000000000000e+00
3.872209162640110058e-01 1.053936155439848310e+00 1.300000000000000000e+01 5.000000000000000000e+00 4.000000000000000000e+00
1.699472809528023154e-01 1.143328973776826185e+00 1.000000000000000000e+01 1.860000000000000000e+02 4.000000000000000000e+00
7.582981420416623486e-01 1.050729229346373528e-01 2.000000000000000000e+00 6.800000000000000000e+01 4.000000000000000000e+00
2.303038180879499741e-01 1.028204082152570642e+00 4.000000000000000000e+00 6.000000000000000000e+01 4.000000000000000000e+00
8.383331748639174519e-01 1.030706289512031582e+00 1.400000000000000000e+01 6.800000000000000000e+01 4.000000000000000000e+00
7.551423161127336359e-01 1.469052070903070328e+00 2.000000000000000000e+01 1.150000000000000000e+02 4.000000000000000000e+00
7.266572938645029511e-01 1.840017825514861149e+00 8.000000000000000000e+00 1.800000000000000000e+02 4.000000000000000000e+00
