-1.054384354660663945e+02
-1.330962679602365029e+02
-1.106119224944751807e+02
-8.963431597281959284e+01
-1.110429991165477333e+02
-1.330769399546055354e+02
-1.180086670982275336e+02
-1.131923828134524541e+02
-9.084002663055420612e+01
-1.113895767447403102e+02
-1.315456848581032432e+02
-1.330296879632008995e+02
-9.807268291582218467e+01
-9.048064736702244204e+01
-1.330955867523639711e+02
-1.330560170182235424e+02
-1.076747540820743581e+02
-1.330960837782978672e+02
-1.056115155347574301e+02
-1.330960981693478971e+02
-1.102139179198113936e+02
-1.047418999316989954e+02
-1.125542433831974876e+02
-9.410891737779432731e+01
-1.330966712851598857e+02
-1.330962825735605861e+02
-1.330967413165911353e+02
-9.766013322845707023e+01
-8.890449753169646385e+01
-9.319524574377093984e+01
-1.317429721144582118e+02
-1.330623590874090780e+02
-1.169367839409374312e+02
-9.993488210605379152e+01
-1.329092039092372772e+02
-9.439478086525882361e+01
-1.330652623114110611e+02
-1.067388034958477476e+02
-1.183211531918531421e+02
-1.330515935589147034e+02
-1.330905624642859095e+02
-1.330427809727209478e+02
-1.116139219424630653e+02
-1.235841164291397973e+02
-1.310488551728228686e+02
-9.591184688684212745e+01
-1.198740829393160254e+02
-9.134657513306380849e+01
-1.323061322367043431e+02
-1.023195429473660880e+02
-1.275386803422895525e+02
-1.097771537508246666e+02
-1.272544911835804555e+02
-1.219687907011229697e+02
-1.278399985606404812e+02
-9.219836322108923810e+01
-1.276549932324630134e+02
-1.277487712445014552e+02
-1.278398408575294809e+02
-1.278198725482415199e+02
-9.250570690164504128e+01
-9.517565370542409653e+01
-1.278392332265857902e+02
-1.215243619058222464e+02
-1.276655427711344259e+02
-1.271221247150361506e+02
-1.273722299162669174e+02
-9.278647869849714880e+01
-1.232342017932699179e+02
-1.241591830088890447e+02
-8.787465515563958718e+01
-9.362438634284715988e+01
-1.226190077137204355e+02
-1.278400514962837633e+02
-1.267486908321575214e+02
-1.244181853877010582e+02
-1.278195581698879977e+02
-1.278241496266709305e+02
-9.849115247018607988e+01
-9.117026366192963849e+01
-8.850296494145491977e+01
-1.278300221980208420e+02
-1.278403346571727752e+02
-1.278379236742317033e+02
-1.260694165977168240e+02
-9.268933923089817029e+01
-9.446395808118793980e+01
-1.061777611685574101e+02
-1.023833691182127978e+02
-1.278395555687810372e+02
-1.278395502901835243e+02
-9.936945285790788773e+01
-1.120736102874993207e+02
-1.264398011859395865e+02
-1.278396667572516634e+02
-1.024386284541863574e+02
-8.856870746482341872e+01
-1.278397614471842729e+02
-1.135457699318825462e+02
-1.188857981689686483e+02
-1.231549028864298521e+02
-1.235576074524440173e+02
-9.944314778283666101e+01
-1.120694757919505236e+02
-1.121939807204717283e+02
-1.211715905044180772e+02
-8.538385489736718625e+01
-1.164678903099082987e+02
-1.235523404649385100e+02
-1.234648948720290065e+02
-1.235614529065865952e+02
-1.213200112831751483e+02
-1.235595746552793202e+02
-1.235615284103510163e+02
-1.202028341624472318e+02
-8.893608233210139247e+01
-1.167215347115787836e+02
-1.235613268801055256e+02
-1.235614477944471332e+02
-9.646563237487183073e+01
-1.234577172163472198e+02
-1.235577847646651009e+02
-1.235613341687936213e+02
-1.119321936202873218e+02
-1.235613664226009121e+02
-1.235520201641466826e+02
-1.117425564897599202e+02
-1.230886942943320292e+02
-1.075163852064543732e+02
-1.129982323518988778e+02
-8.640307544231788484e+01
-9.392185506123672667e+01
-9.624525716471411840e+01
-8.966428362856187562e+01
-1.101870896887619153e+02
-1.028703176802737431e+02
-1.079374964819474769e+02
-1.235529989742864814e+02
-1.235607949151193736e+02
-1.041629738942960728e+02
-1.220566554744604986e+02
-1.230013556483877721e+02
-1.235611021808002477e+02
-1.132812446355082869e+02
-8.653677649719301712e+01
-1.109423852623906583e+02
-8.706885816818822832e+01
-1.235614050536899384e+02
-1.235609081018019424e+02
-1.235601139935938306e+02
-1.212120655426589764e+02
-1.238830492563365482e+02
-1.239416436226732827e+02
-8.708955005887760592e+01
-1.167754032017859913e+02
-1.046521461910921147e+02
-1.111392718067625083e+02
-9.604882305271786436e+01
-1.122079453494223173e+02
-1.238124812156367227e+02
-1.239352005831946286e+02
-8.519813000400002068e+01
-1.075164305015427431e+02
-1.211857450165267238e+02
-1.050220649691365793e+02
-1.239414777653337723e+02
-1.239418877190358046e+02
-1.239044025147493500e+02
-8.709708644146466838e+01
-1.233999758746426920e+02
-1.049504759514735923e+02
-1.239109401772023205e+02
-1.051955238272836937e+02
-1.094146941474606081e+02
-1.239422635419490604e+02
-1.239422233667893920e+02
-9.336310013461172730e+01
-1.233236259350520356e+02
-1.209385987999239944e+02
-1.236929820516210725e+02
-1.089722512853507226e+02
-8.951106097406245965e+01
-1.239423278622884226e+02
-1.237800619578940626e+02
-1.239422178606834706e+02
-9.543452107420860386e+01
-1.239422840043286982e+02
-1.239318055139460313e+02
-1.239358545301754333e+02
-8.995156622351761655e+01
-1.107904098483331694e+02
-1.239422977713801117e+02
-1.097770231445738460e+02
-1.110469593347162487e+02
-1.228182642460102159e+02
-1.211324621538454522e+02
-1.239422930907051921e+02
-1.239243987360097492e+02
-1.239387075088850310e+02
-1.213006700059008551e+02
-1.246975632768045443e+02
-1.251432668776958081e+02
-1.251433992152907848e+02
-1.251431151266532567e+02
-1.001611135085724698e+02
-1.084060451344816727e+02
-9.452251131056679867e+01
-9.645701394211866386e+01
-1.251333273313206149e+02
-1.251427427571504722e+02
-1.251433929865821000e+02
-9.030939361327126846e+01
-8.786638045271280362e+01
-1.251434373248683443e+02
-1.251231582507675881e+02
-8.684930608926292450e+01
-1.240895676170647306e+02
-8.681468728985697680e+01
-1.205541875487375023e+02
-1.251434350531831114e+02
-1.251434147473152336e+02
-1.251435370297814273e+02
-1.251405691156955555e+02
-1.176132526563216061e+02
-1.160558786730667293e+02
-1.251426703820525574e+02
-1.251434807568855945e+02
-1.219569456822614910e+02
-9.185298029857165147e+01
-1.251435606268873215e+02
-1.225896660371132043e+02
-1.149900773493584438e+02
-1.251415351055977538e+02
-1.251434690220992962e+02
-1.032315833356769872e+02
-1.247475730761981936e+02
-1.109453441705483101e+02
-1.245186078052273615e+02
-1.194505091763356859e+02
-1.082948481200125741e+02
-8.729558935223423077e+01
-1.236592962723667313e+02
-1.251428128824849892e+02
-1.246821707284580043e+02
-1.217675644731104398e+02
-8.855855640092539716e+01
-1.208607234064076721e+02
-1.190156344507177408e+02
-1.249291188975027325e+02
-1.251434585534866528e+02
