8.732232815603580001e-01 2.022929123803681506e+00 1.500000000000000000e+01 3.000000000000000000e+00 0.000000000000000000e+00
7.940467749972736078e-01 1.344590455654077532e+00 6.000000000000000000e+00 1.120000000000000000e+02 0.000000000000000000e+00
8.506820914223763852e-01 1.882902961572541667e+00 1.400000000000000000e+01 1.760000000000000000e+02 0.000000000000000000e+00
1.001955997989312008e+00 1.286134899755960737e+00 6.000000000000000000e+00 1.740000000000000000e+02 0.000000000000000000e+00
4.302813320582250523e-01 2.097537481304322160e+00 1.200000000000000000e+01 1.400000000000000000e+01 0.000000000000000000e+00
4.395480987474539303e-01 1.873413789896704318e-01 2.000000000000000000e+01 1.930000000000000000e+02 0.000000000000000000e+00
7.078383506723978646e-01 2.036044749687360600e+00 8.000000000000000000e+00 5.100000000000000000e+01 0.000000000000000000e+00
2.709954301581146696e-01 4.357496505650034768e-01 5.000000000000000000e+00 1.760000000000000000e+02 0.000000000000000000e+00
1.586729615678594829e-01 2.577497003685677024e-01 1.900000000000000000e+01 3.700000000000000000e+01 0.000000000000000000e+00
6.451203115745868244e-01 1.973565137461474883e+00 1.300000000000000000e+01 1.780000000000000000e+02 0.000000000000000000e+00
9.579326825009719659e-01 1.556318601061019269e+00 1.700000000000000000e+01 1.000000000000000000e+00 0.000000000000000000e+00
6.138029367244390161e-02 4.582458251810642702e-01 1.700000000000000000e+01 1.750000000000000000e+02 0.000000000000000000e+00
4.589824751749548293e-01 2.696053635020997374e-01 4.000000000000000000e+00 1.030000000000000000e+02 0.000000000000000000e+00
4.463817257545285022e-01 1.795338518803664796e+00 3.000000000000000000e+00 1.010000000000000000e+02 0.000000000000000000e+00
2.792231263810456277e-01 2.326240386766697255e-01 1.100000000000000000e+01 6.800000000000000000e+01 0.000000000000000000e+00
8.385828866677218496e-01 1.058698882146848375e+00 1.000000000000000000e+00 1.780000000000000000e+02 0.000000000000000000e+00
9.891561479165560389e-01 8.292495265218972067e-01 1.900000000000000000e+01 9.800000000000000000e+01 0.000000000000000000e+00
3.452138878156499890e-01 8.927114706421058754e-01 1.900000000000000000e+01 1.910000000000000000e+02 0.000000000000000000e+00
7.711420405261893984e-01 1.376738402777557768e+00 2.000000000000000000e+00 9.500000000000000000e+01 0.000000000000000000e+00
3.052387512605925224e-01 1.800874325551960808e+00 1.000000000000000000e+01 1.350000000000000000e+02 0.000000000000000000e+00
2.837490694786035661e-01 2.063173996160614365e+00 9.000000000000000000e+00 1.020000000000000000e+02 0.000000000000000000e+00
6.459240794200561409e-01 1.528978029367661362e+00 9.000000000000000000e+00 4.300000000000000000e+01 0.000000000000000000e+00
2.113655114300744264e-01 1.496817367157387224e+00 1.200000000000000000e+01 2.200000000000000000e+01 0.000000000000000000e+00
1.382487862853688521e-01 6.163047938906441869e-01 1.000000000000000000e+01 8.000000000000000000e+00 0.000000000000000000e+00
5.134486085054048576e-01 1.308721382580830594e+00 1.100000000000000000e+01 8.400000000000000000e+01 0.000000000000000000e+00
3.848879868032234475e-01 1.363830544141627188e+00 2.000000000000000000e+00 1.870000000000000000e+02 0.000000000000000000e+00
8.261094549719218971e-01 9.427706806327790234e-01 7.000000000000000000e+00 8.600000000000000000e+01 0.000000000000000000e+00
4.093414380781862372e-01 6.236615835783544393e-01 1.400000000000000000e+01 9.500000000000000000e+01 0.000000000000000000e+00
3.979978421002471345e-01 8.179517488649560297e-01 1.700000000000000000e+01 1.520000000000000000e+02 0.000000000000000000e+00
8.005638570990080138e-01 5.377448158277352563e-01 1.800000000000000000e+01 1.770000000000000000e+02 0.000000000000000000e+00
9.939027925263076158e-02 2.013802207354907559e+00 2.000000000000000000e+01 1.290000000000000000e+02 0.000000000000000000e+00
9.919458708890943610e-01 1.307087334326869188e+00 1.600000000000000000e+01 1.600000000000000000e+01 0.000000000000000000e+00
5.921649123058561059e-01 2.027344348986674927e+00 7.000000000000000000e+00 1.460000000000000000e+02 0.000000000000000000e+00
4.955348719880267039e-01 1.739009261408873963e-01 4.000000000000000000e+00 1.920000000000000000e+02 0.000000000000000000e+00
7.283442474329203664e-01 6.035631277469420963e-01 3.000000000000000000e+00 3.400000000000000000e+01 0.000000000000000000e+00
8.732181410465885696e-01 1.203794583074131230e+00 1.900000000000000000e+01 1.190000000000000000e+02 0.000000000000000000e+00
5.031425668629850856e-01 2.000785663875314313e+00 3.000000000000000000e+00 2.500000000000000000e+01 0.000000000000000000e+00
8.702143615523191267e-01 1.633221860559464167e+00 1.000000000000000000e+01 1.510000000000000000e+02 0.000000000000000000e+00
6.065209417080187349e-01 9.563978419769879613e-01 5.000000000000000000e+00 4.700000000000000000e+01 0.000000000000000000e+00
7.169457867982401700e-01 2.099098798089948481e+00 1.000000000000000000e+00 1.490000000000000000e+02 0.000000000000000000e+00
9.078057238269976459e-01 2.314336521970498384e-01 1.200000000000000000e+01 1.480000000000000000e+02 0.000000000000000000e+00
4.313931169016899103e-01 1.693000861349220898e+00 1.100000000000000000e+01 1.460000000000000000e+02 0.000000000000000000e+00
1.312467483125536738e-01 4.214299437231113776e-01 2.000000000000000000e+00 1.030000000000000000e+02 0.000000000000000000e+00
4.849519238667641119e-01 1.465487224268872346e+00 3.000000000000000000e+00 1.610000000000000000e+02 0.000000000000000000e+00
9.238455475633403635e-01 8.266343501378509151e-01 6.000000000000000000e+00 9.200000000000000000e+01 0.000000000000000000e+00
8.437901993584622229e-01 1.920784592017316383e-01 5.000000000000000000e+00 6.600000000000000000e+01 0.000000000000000000e+00
8.691295450027390901e-01 9.426690529895850323e-01 7.000000000000000000e+00 1.430000000000000000e+02 0.000000000000000000e+00
6.477237074275438156e-01 8.076369042561307721e-01 1.800000000000000000e+01 1.660000000000000000e+02 0.000000000000000000e+00
2.306922872518325507e-01 1.202079936512738367e+00 6.000000000000000000e+00 1.280000000000000000e+02 0.000000000000000000e+00
7.878342786170985379e-01 9.000989594511964453e-01 1.900000000000000000e+01 5.800000000000000000e+01 0.000000000000000000e+00
3.267843355284929530e-01 1.957981466149069538e+00 1.000000000000000000e+00 2.800000000000000000e+01 1.000000000000000000e+00
2.445583085845237648e-01 1.363022505615473445e+00 1.200000000000000000e+01 1.880000000000000000e+02 1.000000000000000000e+00
7.448965174885520124e-01 1.402886514894763570e+00 6.000000000000000000e+00 1.450000000000000000e+02 1.000000000000000000e+00
5.984596919109921309e-01 5.363006316856570033e-01 2.000000000000000000e+01 3.200000000000000000e+01 1.000000000000000000e+00
8.785297310086472855e-01 1.471417936700673890e+00 3.000000000000000000e+00 1.170000000000000000e+02 1.000000000000000000e+00
6.945458118152880722e-01 2.059017175234022723e+00 6.000000000000000000e+00 6.000000000000000000e+00 1.000000000000000000e+00
8.721153908944953015e-01 6.966413029794854550e-01 7.000000000000000000e+00 1.440000000000000000e+02 1.000000000000000000e+00
3.585219648102543760e-02 1.886409177391731529e+00 1.800000000000000000e+01 8.900000000000000000e+01 1.000000000000000000e+00
8.020119379618102506e-01 1.828690306936681775e+00 3.000000000000000000e+00 3.100000000000000000e+01 1.000000000000000000e+00
2.065379703918532872e-01 2.654094793393148022e-01 1.300000000000000000e+01 6.200000000000000000e+01 1.000000000000000000e+00
9.285068720982071477e-01 1.595607489809690860e-01 8.000000000000000000e+00 3.000000000000000000e+00 1.000000000000000000e+00
2.748003987589359154e-01 6.475512182084263157e-01 1.100000000000000000e+01 7.600000000000000000e+01 1.000000000000000000e+00
1.547989249355790076e-01 5.927791542968362526e-01 1.100000000000000000e+01 1.740000000000000000e+02 1.000000000000000000e+00
2.997141522881651560e-02 1.549423697451406401e+00 7.000000000000000000e+00 1.800000000000000000e+02 1.000000000000000000e+00
7.808719816620089960e-01 1.578740531398304281e+00 1.200000000000000000e+01 5.700000000000000000e+01 1.000000000000000000e+00
3.759969773567825024e-01 8.233664886057617815e-01 1.400000000000000000e+01 5.200000000000000000e+01 1.000000000000000000e+00
4.424936465684480291e-01 1.650922974514749342e+00 1.800000000000000000e+01 1.720000000000000000e+02 1.000000000000000000e+00
9.167098718181362349e-01 7.346398082731192547e-01 4.000000000000000000e+00 4.300000000000000000e+01 1.000000000000000000e+00
1.347097953095720800e-02 6.488918512683577999e-01 8.000000000000000000e+00 8.200000000000000000e+01 1.000000000000000000e+00
9.024961049133319868e-01 1.111734253604020228e+00 1.000000000000000000e+00 6.900000000000000000e+01 1.000000000000000000e+00
2.696136272888535190e-01 5.818652234913558319e-01 1.600000000000000000e+01 5.200000000000000000e+01 1.000000000000000000e+00
9.781884461729671576e-02 9.429280202080109197e-01 2.000000000000000000e+01 8.600000000000000000e+01 1.000000000000000000e+00
8.231863362411693252e-01 6.119019237346007278e-01 8.000000000000000000e+00 1.330000000000000000e+02 1.000000000000000000e+00
9.009248477672814337e-01 1.553187970643791493e-01 2.000000000000000000e+00 1.780000000000000000e+02 1.000000000000000000e+00
6.952768910231509059e-02 9.151070722054336359e-01 1.300000000000000000e+01 1.710000000000000000e+02 1.000000000000000000e+00
6.442016511288491953e-01 2.027721669630935253e+00 5.000000000000000000e+00 1.900000000000000000e+01 1.000000000000000000e+00
4.689598322901268324e-01 4.331041067632085406e-01 8.000000000000000000e+00 1.910000000000000000e+02 1.000000000000000000e+00
4.082639061692695526e-01 1.002783849497191460e+00 1.400000000000000000e+01 1.650000000000000000e+02 1.000000000000000000e+00
7.537941551362904447e-01 1.821833031829569460e+00 2.000000000000000000e+00 9.400000000000000000e+01 1.000000000000000000e+00
2.580081325912313428e-01 2.065079728578833151e+00 2.000000000000000000e+00 3.300000000000000000e+01 1.000000000000000000e+00
4.500327651685305241e-01 1.540799752992366267e+00 1.700000000000000000e+01 1.590000000000000000e+02 1.000000000000000000e+00
9.935913790056241091e-01 3.530647607783922171e-01 1.000000000000000000e+01 1.900000000000000000e+02 1.000000000000000000e+00
7.467108767301221250e-02 1.676560855981963361e+00 6.000000000000000000e+00 1.700000000000000000e+02 1.000000000000000000e+00
4.561416508817942583e-01 7.018076591157736965e-01 1.200000000000000000e+01 6.500000000000000000e+01 1.000000000000000000e+00
2.056188093253494831e-01 3.605627911389747142e-01 1.200000000000000000e+01 5.600000000000000000e+01 1.000000000000000000e+00
8.548779863358514364e-01 1.311401917265398565e+00 1.100000000000000000e+01 1.500000000000000000e+02 1.000000000000000000e+00
7.393659921984846450e-01 1.292358607041562468e+00 4.000000000000000000e+00 3.100000000000000000e+01 1.000000000000000000e+00
2.956956182293761781e-01 1.624094621845929565e+00 1.200000000000000000e+01 7.900000000000000000e+01 1.000000000000000000e+00
9.761431977012031691e-01 5.855396997421459249e-01 1.000000000000000000e+01 1.840000000000000000e+02 1.000000000000000000e+00
1.961674083820247327e-01 3.273792976664270382e-01 1.000000000000000000e+01 7.300000000000000000e+01 1.000000000000000000e+00
9.639525817221292758e-01 7.895307902424569813e-01 1.100000000000000000e+01 4.000000000000000000e+01 1.000000000000000000e+00
5.297543359553699149e-01 4.830422720025483452e-01 7.000000000000000000e+00 7.300000000000000000e+01 1.000000000000000000e+00
9.257753573281579662e-01 1.889482447282263333e+00 6.000000000000000000e+00 1.440000000000000000e+02 1.000000000000000000e+00
3.549762673106693356e-01 1.633759959134189588e+00 7.000000000000000000e+00 1.900000000000000000e+02 1.000000000000000000e+00
7.527468144252612292e-02 1.203224406814947134e+00 1.400000000000000000e+01 2.100000000000000000e+01 1.000000000000000000e+00
6.958901273626146855e-01 2.023246931382668201e+00 9.000000000000000000e+00 1.360000000000000000e+02 1.000000000000000000e+00
9.108881935999411095e-01 3.018360342029390297e-01 1.000000000000000000e+01 3.500000000000000000e+01 1.000000000000000000e+00
4.203803952351947704e-01 4.913403415301326183e-01 1.600000000000000000e+01 6.800000000000000000e+01 1.000000000000000000e+00
9.975514557925724279e-01 1.857345074776254101e+00 1.100000000000000000e+01 1.490000000000000000e+02 1.000000000000000000e+00
5.854629149036421065e-01 9.617029268488815896e-01 3.000000000000000000e+00 7.100000000000000000e+01 1.000000000000000000e+00
5.234899624713036381e-01 1.218599452415726203e+00 1.600000000000000000e+01 1.740000000000000000e+02 2.000000000000000000e+00
8.410696773752042166e-01 1.982960237088400746e+00 1.100000000000000000e+01 3.200000000000000000e+01 2.000000000000000000e+00
7.326690733562458702e-01 1.291539899658086021e+00 9.000000000000000000e+00 1.920000000000000000e+02 2.000000000000000000e+00
2.506034606731488007e-02 4.982906103147172194e-01 1.900000000000000000e+01 4.900000000000000000e+01 2.000000000000000000e+00
8.266916361928864365e-01 6.453021585912889213e-01 1.200000000000000000e+01 4.700000000000000000e+01 2.000000000000000000e+00
7.130469120635700708e-01 2.146222396228089357e-01 1.900000000000000000e+01 9.700000000000000000e+01 2.000000000000000000e+00
4.442073503118435518e-01 1.907636428512937465e+00 3.000000000000000000e+00 9.200000000000000000e+01 2.000000000000000000e+00
3.099837660048087029e-01 1.917237576744181604e+00 1.100000000000000000e+01 1.040000000000000000e+02 2.000000000000000000e+00
3.432489426598248627e-01 9.626588260881322467e-01 1.200000000000000000e+01 1.450000000000000000e+02 2.000000000000000000e+00
2.407720329940720577e-02 1.165576580248490313e+00 6.000000000000000000e+00 1.670000000000000000e+02 2.000000000000000000e+00
7.880363195669901621e-01 1.844856243331580270e+00 1.000000000000000000e+00 1.000000000000000000e+00 2.000000000000000000e+00
7.531106035880528182e-01 1.659289874975871770e+00 1.200000000000000000e+01 8.700000000000000000e+01 2.000000000000000000e+00
5.716082102148390964e-01 1.008951647169021859e+00 5.000000000000000000e+00 5.000000000000000000e+00 2.000000000000000000e+00
9.489982176246423151e-01 1.948065713263890109e+00 1.700000000000000000e+01 6.300000000000000000e+01 2.000000000000000000e+00
2.878222176491207485e-01 1.933854828228536382e+00 4.000000000000000000e+00 4.300000000000000000e+01 2.000000000000000000e+00
9.972184450248050558e-01 8.729386787366369971e-01 5.000000000000000000e+00 1.400000000000000000e+01 2.000000000000000000e+00
9.794071754057139811e-01 2.055132891227722691e+00 7.000000000000000000e+00 1.810000000000000000e+02 2.000000000000000000e+00
7.378422879434919368e-01 1.721885520654695023e+00 1.900000000000000000e+01 1.240000000000000000e+02 2.000000000000000000e+00
2.534048230094404497e-01 1.796664632197064071e+00 5.000000000000000000e+00 2.300000000000000000e+01 2.000000000000000000e+00
4.914688190104203880e-01 1.297485814761592637e+00 1.200000000000000000e+01 1.710000000000000000e+02 2.000000000000000000e+00
5.348944301911661564e-02 2.982871416946223375e-01 6.000000000000000000e+00 1.920000000000000000e+02 2.000000000000000000e+00
4.035917359083340122e-02 7.591659425634019742e-01 6.000000000000000000e+00 1.720000000000000000e+02 2.000000000000000000e+00
5.220358235508131273e-01 1.627475776156512399e+00 2.000000000000000000e+00 1.570000000000000000e+02 2.000000000000000000e+00
2.838001882440784884e-01 1.062135345766852090e+00 1.000000000000000000e+01 1.640000000000000000e+02 2.000000000000000000e+00
7.489415560788748039e-01 2.907372148125030309e-01 8.000000000000000000e+00 1.480000000000000000e+02 2.000000000000000000e+00
1.145664203706200229e-01 5.761870256386144584e-01 2.000000000000000000e+00 1.510000000000000000e+02 2.000000000000000000e+00
9.863810906282602931e-01 6.441356859396335510e-01 1.900000000000000000e+01 1.160000000000000000e+02 2.000000000000000000e+00
8.862536494996433589e-01 1.349760309518689416e+00 1.100000000000000000e+01 1.060000000000000000e+02 2.000000000000000000e+00
2.852772549580572248e-01 1.830788074435336421e+00 3.000000000000000000e+00 5.000000000000000000e+00 2.000000000000000000e+00
8.261486964224373786e-01 1.431059776524305382e+00 9.000000000000000000e+00 1.360000000000000000e+02 2.000000000000000000e+00
1.746651439902567882e-01 1.597109043769853187e+00 4.000000000000000000e+00 1.830000000000000000e+02 2.000000000000000000e+00
3.864888587568169331e-01 1.167996068453225789e+00 1.900000000000000000e+01 1.470000000000000000e+02 2.000000000000000000e+00
7.936662146804436269e-01 1.267541001560797076e+00 2.000000000000000000e+01 1.080000000000000000e+02 2.000000000000000000e+00
3.186233299753143955e-01 1.576213412478905784e+00 5.000000000000000000e+00 3.700000000000000000e+01 2.000000000000000000e+00
4.665898630323052076e-01 1.766288918134185870e+00 2.000000000000000000e+01 2.900000000000000000e+01 2.000000000000000000e+00
2.754619626706336089e-01 1.385323481077004759e+00 4.000000000000000000e+00 3.900000000000000000e+01 2.000000000000000000e+00
4.067268358910999249e-01 6.851098189411667372e-01 1.500000000000000000e+01 1.740000000000000000e+02 2.000000000000000000e+00
3.326453495396108212e-02 1.091363047244984230e+00 1.200000000000000000e+01 2.500000000000000000e+01 2.000000000000000000e+00
8.578168269081446473e-01 1.981934084822035480e+00 1.300000000000000000e+01 1.680000000000000000e+02 2.000000000000000000e+00
8.146876055126193172e-01 4.436936464063437890e-01 9.000000000000000000e+00 1.070000000000000000e+02 2.000000000000000000e+00
3.786498234626867188e-01 1.951469653140801563e+00 6.000000000000000000e+00 1.500000000000000000e+02 2.000000000000000000e+00
6.545351483758797828e-01 8.959161970303056721e-01 1.200000000000000000e+01 1.520000000000000000e+02 2.000000000000000000e+00
3.702828376069999816e-01 1.235023953918541695e+00 1.300000000000000000e+01 2.000000000000000000e+00 2.000000000000000000e+00
1.076089260618726534e-01 1.676442350641288215e+00 3.000000000000000000e+00 9.100000000000000000e+01 2.000000000000000000e+00
7.445768410228442713e-01 1.268246843850239669e+00 1.400000000000000000e+01 5.900000000000000000e+01 2.000000000000000000e+00
4.133020973491089434e-01 9.361222157407848021e-01 2.000000000000000000e+00 1.970000000000000000e+02 2.000000000000000000e+00
6.409504090276664234e-01 1.028297882566870936e+00 1.100000000000000000e+01 5.900000000000000000e+01 2.000000000000000000e+00
3.751217782185684024e-01 1.667125984698330399e+00 1.500000000000000000e+01 4.200000000000000000e+01 2.000000000000000000e+00
6.529938243904973572e-01 9.311422179433098689e-01 2.000000000000000000e+01 5.200000000000000000e+01 2.000000000000000000e+00
6.956129853462966750e-01 1.455516435074121484e-01 3.000000000000000000e+00 1.270000000000000000e+02 2.000000000000000000e+00
9.681001239804888359e-01 1.110178659548364255e+00 7.000000000000000000e+00 1.630000000000000000e+02 3.000000000000000000e+00
5.913756751983216819e-01 6.714200772919526328e-01 1.000000000000000000e+01 1.800000000000000000e+02 3.000000000000000000e+00
3.273790448223212052e-02 9.270862185475513551e-01 7.000000000000000000e+00 1.910000000000000000e+02 3.000000000000000000e+00
1.618837690363239545e-01 1.537952270185052983e+00 1.600000000000000000e+01 1.700000000000000000e+02 3.000000000000000000e+00
7.348841284205570590e-01 1.254094663263689569e+00 6.000000000000000000e+00 1.890000000000000000e+02 3.000000000000000000e+00
2.857478698834288178e-01 1.982371538899019514e+00 8.000000000000000000e+00 1.050000000000000000e+02 3.000000000000000000e+00
8.172656577842687398e-01 1.821145160433877308e+00 1.800000000000000000e+01 5.900000000000000000e+01 3.000000000000000000e+00
1.007216744385592166e+00 1.370012770606026109e+00 2.000000000000000000e+01 1.350000000000000000e+02 3.000000000000000000e+00
1.133236840259312789e-01 2.050358787815955264e+00 4.000000000000000000e+00 1.260000000000000000e+02 3.000000000000000000e+00
6.163474959349125593e-01 1.707785001543568326e-01 1.000000000000000000e+01 1.400000000000000000e+01 3.000000000000000000e+00
2.148638962939966035e-01 9.126166476727405330e-01 6.000000000000000000e+00 1.840000000000000000e+02 3.000000000000000000e+00
6.050589873704523836e-01 4.035436105865614076e-01 4.000000000000000000e+00 1.600000000000000000e+01 3.000000000000000000e+00
8.955727310868003554e-01 1.140361130328690020e+00 6.000000000000000000e+00 1.500000000000000000e+02 3.000000000000000000e+00
8.641677436766583842e-01 1.904461680191108730e+00 5.000000000000000000e+00 1.100000000000000000e+01 3.000000000000000000e+00
7.997973935838625925e-01 6.547761953238654398e-01 1.200000000000000000e+01 1.760000000000000000e+02 3.000000000000000000e+00
5.063336310139487234e-02 1.907813655588710633e+00 1.000000000000000000e+00 9.000000000000000000e+00 3.000000000000000000e+00
5.637072723946124908e-01 6.361308649836062701e-01 1.500000000000000000e+01 1.220000000000000000e+02 3.000000000000000000e+00
2.130590611450562388e-01 7.416069460050654927e-01 6.000000000000000000e+00 1.380000000000000000e+02 3.000000000000000000e+00
4.405476672972497010e-01 1.388813333568957198e+00 1.000000000000000000e+01 1.640000000000000000e+02 3.000000000000000000e+00
5.862190484887160880e-01 4.884942287873678124e-01 9.000000000000000000e+00 1.870000000000000000e+02 3.000000000000000000e+00
5.360411724982346859e-01 6.077702406324677620e-01 2.000000000000000000e+00 2.400000000000000000e+01 3.000000000000000000e+00
2.931586667811000302e-01 1.249025559816326680e+00 1.800000000000000000e+01 1.990000000000000000e+02 3.000000000000000000e+00
7.568317282485069741e-01 6.170260678049203085e-01 1.300000000000000000e+01 7.500000000000000000e+01 3.000000000000000000e+00
1.428084285847908141e-01 1.254060504122794351e+00 9.000000000000000000e+00 2.900000000000000000e+01 3.000000000000000000e+00
7.936883725231493880e-01 1.614560790664671730e+00 4.000000000000000000e+00 1.230000000000000000e+02 3.000000000000000000e+00
7.577550022317973699e-01 1.238233961765394131e+00 3.000000000000000000e+00 6.000000000000000000e+01 3.000000000000000000e+00
6.905907613312481930e-01 1.738241749432513361e-01 7.000000000000000000e+00 1.760000000000000000e+02 3.000000000000000000e+00
1.960253313768278716e-01 1.653025396101918565e+00 7.000000000000000000e+00 7.400000000000000000e+01 3.000000000000000000e+00
9.239374137157050360e-01 2.071984318251974599e+00 1.400000000000000000e+01 1.350000000000000000e+02 3.000000000000000000e+00
1.789594316651145212e-01 6.040973888808170988e-01 1.800000000000000000e+01 1.800000000000000000e+01 3.000000000000000000e+00
7.986213749701894793e-01 7.366693435694505743e-01 1.200000000000000000e+01 1.280000000000000000e+02 3.000000000000000000e+00
1.675612106407684543e-01 9.402229729655356971e-01 9.000000000000000000e+00 1.140000000000000000e+02 3.000000000000000000e+00
5.808938372187464338e-01 1.720831500936338410e+00 6.000000000000000000e+00 1.440000000000000000e+02 3.000000000000000000e+00
9.987404955078543756e-01 4.699463010276140329e-01 1.200000000000000000e+01 1.260000000000000000e+02 3.000000000000000000e+00
7.146897733938094577e-01 1.910069763920033470e+00 8.000000000000000000e+00 3.700000000000000000e+01 3.000000000000000000e+00
3.091454064966699944e-01 1.748175931092821545e+00 2.000000000000000000e+00 9.400000000000000000e+01 3.000000000000000000e+00
9.083557254463017205e-01 7.890583334023534290e-01 8.000000000000000000e+00 1.800000000000000000e+01 3.000000000000000000e+00
3.523260155313365782e-01 1.944431703363772135e+00 1.000000000000000000e+01 4.000000000000000000e+01 3.000000000000000000e+00
1.190348193395285165e-01 1.896013877810887038e+00 1.100000000000000000e+01 1.100000000000000000e+02 3.000000000000000000e+00
9.467543977234907926e-01 2.088286454490175803e+00 4.000000000000000000e+00 1.430000000000000000e+02 3.000000000000000000e+00
2.157538727619051633e-01 7.320005940893233864e-01 6.000000000000000000e+00 1.570000000000000000e+02 3.000000000000000000e+00
1.183675014451687074e-01 9.791883383794580675e-01 9.000000000000000000e+00 7.900000000000000000e+01 3.000000000000000000e+00
1.937130171661202160e-01 5.583217224035542658e-01 1.700000000000000000e+01 1.970000000000000000e+02 3.000000000000000000e+00
4.004746885064557338e-01 8.991243874995186180e-01 2.000000000000000000e+01 1.800000000000000000e+02 3.000000000000000000e+00
9.578799646754996289e-01 2.096832693340591192e+00 2.000000000000000000e+01 1.000000000000000000e+02 3.000000000000000000e+00
6.485022330938094992e-01 3.299794500997369484e-01 1.000000000000000000e+00 5.800000000000000000e+01 3.000000000000000000e+00
8.821908624571573876e-01 1.675685107426511555e+00 7.000000000000000000e+00 1.000000000000000000e+02 3.000000000000000000e+00
7.846755790651646079e-01 2.843667113000746260e-01 1.200000000000000000e+01 3.100000000000000000e+01 3.000000000000000000e+00
7.412891220714651341e-01 1.368034443368279229e-01 8.000000000000000000e+00 1.390000000000000000e+02 3.000000000000000000e+00
3.394385511914571607e-01 8.728858564887357341e-01 1.500000000000000000e+01 1.810000000000000000e+02 3.000000000000000000e+00
3.686488462936626798e-01 1.521775452527262873e+00 6.000000000000000000e+00 1.580000000000000000e+02 4.000000000000000000e+00
1.317092002925323024e-01 4.627861714180058206e-01 1.500000000000000000e+01 1.860000000000000000e+02 4.000000000000000000e+00
6.016928434133246295e-01 9.203735117804342503e-01 2.000000000000000000e+00 1.890000000000000000e+02 4.000000000000000000e+00
5.635633467647437334e-01 7.723987612938404412e-01 1.400000000000000000e+01 1.940000000000000000e+02 4.000000000000000000e+00
5.666062789093376795e-01 1.787394938696553970e+00 7.000000000000000000e+00 6.300000000000000000e+01 4.000000000000000000e+00
4.091482211270891511e-01 6.054633956159899411e-01 1.000000000000000000e+01 1.410000000000000000e+02 4.000000000000000000e+00
3.787347760510783451e-02 2.016056605032502169e+00 1.700000000000000000e+01 2.200000000000000000e+01 4.000000000000000000e+00
1.711369808340554854e-01 1.957100294693778109e+00 4.000000000000000000e+00 1.240000000000000000e+02 4.000000000000000000e+00
6.903379871498018794e-01 1.460444062208339222e+00 9.000000000000000000e+00 2.800000000000000000e+01 4.000000000000000000e+00
2.425411900994722120e-02 9.269715067231895089e-01 9.000000000000000000e+00 8.000000000000000000e+00 4.000000000000000000e+00
3.260423795129573782e-02 1.709215905804255087e+00 2.000000000000000000e+01 1.260000000000000000e+02 4.000000000000000000e+00
1.606443156017226537e-01 2.577593346580847600e-01 2.000000000000000000e+00 3.600000000000000000e+01 4.000000000000000000e+00
9.704039695877329785e-02 1.526689088895252455e+00 1.900000000000000000e+01 1.910000000000000000e+02 4.000000000000000000e+00
7.548575267075550987e-02 6.572552172008218063e-01 8.000000000000000000e+00 1.870000000000000000e+02 4.000000000000000000e+00
4.959191838484233728e-01 1.546083538115214095e-01 1.000000000000000000e+01 4.400000000000000000e+01 4.000000000000000000e+00
6.490568280763355791e-01 1.023779827878653848e+00 4.000000000000000000e+00 1.710000000000000000e+02 4.000000000000000000e+00
6.336033867376579254e-01 1.947823029619641100e-01 3.000000000000000000e+00 1.860000000000000000e+02 4.000000000000000000e+00
9.120789778100554246e-01 6.494884061975575440e-01 1.700000000000000000e+01 1.150000000000000000e+02 4.000000000000000000e+00
4.306653980856163244e-01 2.520739988322592273e-01 9.000000000000000000e+00 5.000000000000000000e+01 4.000000000000000000e+00
2.397188765695325019e-01 2.040425348384146409e-01 9.000000000000000000e+00 1.240000000000000000e+02 4.000000000000000000e+00
8.326947358556852086e-01 1.239420909545992044e+00 6.000000000000000000e+00 1.820000000000000000e+02 4.000000000000000000e+00
3.979003664694079623e-01 1.438147446219192771e+00 3.000000000000000000e+00 8.600000000000000000e+01 4.000000000000000000e+00
5.692877144453892813e-01 1.674393025172063343e+00 2.000000000000000000e+01 3.000000000000000000e+01 4.000000000000000000e+00
9.114333752599861338e-01 1.715292702880953701e+00 1.200000000000000000e+01 7.500000000000000000e+01 4.000000000000000000e+00
5.080547001423805220e-01 1.425651829978877627e+00 1.000000000000000000e+01 7.100000000000000000e+01 4.000000000000000000e+00
9.574091354740735804e-01 1.682984683058914799e+00 1.800000000000000000e+01 5.000000000000000000e+00 4.000000000000000000e+00
4.921624562174854445e-01 8.117320452974082778e-01 1.000000000000000000e+01 1.340000000000000000e+02 4.000000000000000000e+00
7.224056176693361975e-01 1.078692455881494539e+00 5.000000000000000000e+00 8.300000000000000000e+01 4.000000000000000000e+00
7.323890064761323648e-01 1.770418160493819892e-01 1.300000000000000000e+01 8.600000000000000000e+01 4.000000000000000000e+00
5.059127148723596007e-02 1.227618587788568139e+00 1.900000000000000000e+01 1.280000000000000000e+02 4.000000000000000000e+00
4.734397859104285677e-01 2.189687537554433627e-01 1.800000000000000000e+01 1.860000000000000000e+02 4.000000000000000000e+00
2.493504524185108373e-01 3.332490365981045644e-01 1.400000000000000000e+01 1.490000000000000000e+02 4.000000000000000000e+00
8.202893169696449105e-01 1.757276472607815609e+00 1.400000000000000000e+01 2.500000000000000000e+01 4.000000000000000000e+00
6.863410199329854355e-02 1.415491766976548993e+00 1.500000000000000000e+01 1.900000000000000000e+01 4.000000000000000000e+00
5.532239144765216388e-01 6.127063986694402109e-01 1.400000000000000000e+01 1.220000000000000000e+02 4.000000000000000000e+00
6.738759622734084020e-01 1.187276270716070004e+00 3.000000000000000000e+00 1.040000000000000000e+02 4.000000000000000000e+00
5.188899729731288879e-01 1.638865382000247228e+00 1.200000000000000000e+01 4.400000000000000000e+01 4.000000000000000000e+00
2.335528868785594625e-01 9.717828158225708668e-01 5.000000000000000000e+00 7.600000000000000000e+01 4.000000000000000000e+00
8.913727558529838113e-01 1.008320226486921323e+00 1.200000000000000000e+01 1.510000000000000000e+02 4.000000000000000000e+00
8.823842197800795262e-01 1.383627430596555685e+00 5.000000000000000000e+00 1.400000000000000000e+01 4.000000000000000000e+00
9.293597844466662261e-01 1.163022953660123759e+00 4.000000000000000000e+00 1.380000000000000000e+02 4.000000000000000000e+00
8.484568910839082045e-01 2.070589784755984208e+00 1.400000000000000000e+01 8.000000000000000000e+01 4.000000000000000000e+00
5.105179624084922319e-01 4.549719606052670118e-01 1.100000000000000000e+01 5.000000000000000000e+00 4.000000000000000000e+00
5.079136336673749641e-01 1.220124179020084798e-01 3.000000000000000000e+00 1.600000000000000000e+02 4.000000000000000000e+00
1.364537445569125040e-01 1.635099325561402139e+00 1.500000000000000000e+01 3.300000000000000000e+01 4.000000000000000000e+00
3.187717766012984066e-01 1.315298278183492542e+00 1.000000000000000000e+00 6.600000000000000000e+01 4.000000000000000000e+00
7.553754398353482724e-01 3.439482020696805753e-01 2.000000000000000000e+00 9.200000000000000000e+01 4.000000000000000000e+00
5.084899305519418045e-01 1.686404242966877520e+00 3.000000000000000000e+00 1.410000000000000000e+02 4.000000000000000000e+00
5.211939243369408947e-01 5.551933732849753111e-01 9.000000000000000000e+00 1.520000000000000000e+02 4.000000000000000000e+00
7.768017337564822045e-01 1.029526389785798912e+00 7.000000000000000000e+00 1.470000000000000000e+02 4.000000000000000000e+00
