2.595107455948730130e-02 1.068408117196539164e+00 8.000000000000000000e+00 8.900000000000000000e+01 0.000000000000000000e+00
7.637068783787400728e-01 2.635143081947556309e-01 1.900000000000000000e+01 1.260000000000000000e+02 0.000000000000000000e+00
9.115204615697457269e-02 4.525359871327546690e-01 1.900000000000000000e+01 1.680000000000000000e+02 0.000000000000000000e+00
9.569007782203410306e-01 5.469787794218058385e-01 1.000000000000000000e+01 1.550000000000000000e+02 0.000000000000000000e+00
1.101739257877969308e-01 1.603213114526971905e+00 1.600000000000000000e+01 1.880000000000000000e+02 0.000000000000000000e+00
5.716458765528117381e-01 1.766526786833896745e+00 3.000000000000000000e+00 1.510000000000000000e+02 0.000000000000000000e+00
4.974036044764899023e-01 7.946778784853755218e-01 1.100000000000000000e+01 1.210000000000000000e+02 0.000000000000000000e+00
3.602466797347802369e-02 2.608994013959727853e-01 1.600000000000000000e+01 1.190000000000000000e+02 0.000000000000000000e+00
4.863864592874582726e-01 2.416020575551866278e-01 1.200000000000000000e+01 1.600000000000000000e+02 0.000000000000000000e+00
8.839834731723834604e-01 1.212883182547037642e+00 5.000000000000000000e+00 1.940000000000000000e+02 0.000000000000000000e+00
9.637562479807075810e-01 5.677430248608766883e-01 1.600000000000000000e+01 7.200000000000000000e+01 0.000000000000000000e+00
8.841118551412685544e-01 6.804963437023333617e-01 1.700000000000000000e+01 7.000000000000000000e+00 0.000000000000000000e+00
4.448244272432699126e-02 2.019966097569917629e+00 4.000000000000000000e+00 1.400000000000000000e+02 0.000000000000000000e+00
5.894797371580928064e-02 1.802828202807829294e+00 1.100000000000000000e+01 2.000000000000000000e+02 0.000000000000000000e+00
3.113682128413690631e-01 1.537037615350506092e+00 1.900000000000000000e+01 7.500000000000000000e+01 0.000000000000000000e+00
7.525453886640912637e-01 1.551987219755148750e+00 1.800000000000000000e+01 1.950000000000000000e+02 0.000000000000000000e+00
2.133330426919661793e-01 1.926202676354620724e+00 1.000000000000000000e+00 4.800000000000000000e+01 0.000000000000000000e+00
7.396702856489716371e-01 1.445526828252139628e+00 2.000000000000000000e+01 7.000000000000000000e+00 0.000000000000000000e+00
3.859000653871912795e-02 4.317053893837815570e-01 1.900000000000000000e+01 3.400000000000000000e+01 0.000000000000000000e+00
6.526506091307446855e-01 9.892626568424122135e-01 1.100000000000000000e+01 5.800000000000000000e+01 0.000000000000000000e+00
9.050084654282963825e-01 5.366599227397380600e-01 2.000000000000000000e+00 4.900000000000000000e+01 0.000000000000000000e+00
4.109329749373646229e-02 1.374668089333352106e-01 3.000000000000000000e+00 1.000000000000000000e+01 0.000000000000000000e+00
9.541373303706630615e-01 1.401167939057961220e+00 9.000000000000000000e+00 1.120000000000000000e+02 0.000000000000000000e+00
5.288028617454348934e-01 2.178407730175101753e-01 1.000000000000000000e+01 1.930000000000000000e+02 0.000000000000000000e+00
1.309238358781046330e-01 1.709325007997145596e+00 1.700000000000000000e+01 1.860000000000000000e+02 0.000000000000000000e+00
3.689061708949722407e-01 7.082655078366507651e-01 2.000000000000000000e+00 1.740000000000000000e+02 0.000000000000000000e+00
3.219929203104653775e-02 4.941113876509369840e-01 1.000000000000000000e+01 1.700000000000000000e+02 0.000000000000000000e+00
5.812662823090513076e-01 5.752267175748843053e-01 1.300000000000000000e+01 1.540000000000000000e+02 0.000000000000000000e+00
8.477397873609056056e-01 1.756134009838650201e+00 1.300000000000000000e+01 1.160000000000000000e+02 0.000000000000000000e+00
3.556164598508523289e-01 1.600391467799498368e+00 9.000000000000000000e+00 3.700000000000000000e+01 0.000000000000000000e+00
3.915348468007895377e-01 2.041403146989043904e+00 2.000000000000000000e+01 9.300000000000000000e+01 0.000000000000000000e+00
8.838815099586890822e-01 1.882951376146420719e+00 1.100000000000000000e+01 1.450000000000000000e+02 0.000000000000000000e+00
9.188415715749804757e-01 1.765605409896525257e+00 1.000000000000000000e+00 4.000000000000000000e+00 0.000000000000000000e+00
3.946414294174414028e-01 1.371972177730990561e+00 5.000000000000000000e+00 1.180000000000000000e+02 0.000000000000000000e+00
3.490765380622733449e-01 1.192666314047107878e+00 1.900000000000000000e+01 1.900000000000000000e+01 0.000000000000000000e+00
8.099381073744460480e-01 3.713593478835489625e-01 1.000000000000000000e+01 1.540000000000000000e+02 0.000000000000000000e+00
7.941868304384913646e-01 8.138900052503320603e-01 6.000000000000000000e+00 1.690000000000000000e+02 0.000000000000000000e+00
8.702071549228941327e-01 5.306781685713629626e-01 7.000000000000000000e+00 1.240000000000000000e+02 0.000000000000000000e+00
9.332529996419884899e-01 1.587824274542505076e+00 1.200000000000000000e+01 1.410000000000000000e+02 0.000000000000000000e+00
8.737257994458823562e-01 6.393440235937551952e-01 1.100000000000000000e+01 5.100000000000000000e+01 0.000000000000000000e+00
6.212117305833837477e-01 1.246914496848257059e+00 1.300000000000000000e+01 1.280000000000000000e+02 0.000000000000000000e+00
2.692298991504368244e-01 4.325308214447981525e-01 1.000000000000000000e+01 7.400000000000000000e+01 0.000000000000000000e+00
9.117156467693352528e-01 1.723850592560876249e+00 1.500000000000000000e+01 8.000000000000000000e+01 0.000000000000000000e+00
2.056818505969243427e-01 2.053452551928403480e+00 4.000000000000000000e+00 1.100000000000000000e+01 0.000000000000000000e+00
1.345063413484326453e-01 1.405956447583543545e+00 6.000000000000000000e+00 6.700000000000000000e+01 0.000000000000000000e+00
5.971139461491389300e-01 1.503634667916856904e-01 2.000000000000000000e+01 2.800000000000000000e+01 0.000000000000000000e+00
9.523677168062014697e-01 5.237163431539623160e-01 1.800000000000000000e+01 7.200000000000000000e+01 0.000000000000000000e+00
5.142385911614136829e-01 1.144117612474934820e+00 1.300000000000000000e+01 1.510000000000000000e+02 0.000000000000000000e+00
4.767222840911018444e-01 1.028084310358666542e+00 3.000000000000000000e+00 1.460000000000000000e+02 0.000000000000000000e+00
2.649149136951749473e-01 3.136372750971713197e-01 1.700000000000000000e+01 1.090000000000000000e+02 0.000000000000000000e+00
9.244737282048808014e-02 5.730919815083003188e-01 2.000000000000000000e+01 1.320000000000000000e+02 1.000000000000000000e+00
4.397482021756455861e-01 1.902007490619445074e+00 6.000000000000000000e+00 1.600000000000000000e+02 1.000000000000000000e+00
7.273548801593150426e-01 1.136503485986483764e+00 1.200000000000000000e+01 2.900000000000000000e+01 1.000000000000000000e+00
7.124322812440488928e-01 5.474816786871584684e-01 2.000000000000000000e+01 3.600000000000000000e+01 1.000000000000000000e+00
4.550678784972530533e-01 2.085047572449679087e+00 5.000000000000000000e+00 4.000000000000000000e+01 1.000000000000000000e+00
4.717337895895643562e-01 5.525332612565961865e-01 1.100000000000000000e+01 8.100000000000000000e+01 1.000000000000000000e+00
1.504533731947576246e-02 2.772487973706930786e-01 1.900000000000000000e+01 9.900000000000000000e+01 1.000000000000000000e+00
3.707282338552033707e-01 5.578628054935655944e-01 1.500000000000000000e+01 1.280000000000000000e+02 1.000000000000000000e+00
8.327735800647694253e-01 1.875800110940442966e+00 1.000000000000000000e+01 1.220000000000000000e+02 1.000000000000000000e+00
6.846924952260688979e-01 2.240772523124895665e-01 1.600000000000000000e+01 1.280000000000000000e+02 1.000000000000000000e+00
7.085355267429214177e-01 2.735118962412431687e-01 1.200000000000000000e+01 6.400000000000000000e+01 1.000000000000000000e+00
2.798774649061083197e-01 5.841790317238292340e-01 1.200000000000000000e+01 4.500000000000000000e+01 1.000000000000000000e+00
1.858373790148817317e-01 7.225520029251394361e-01 2.000000000000000000e+00 4.800000000000000000e+01 1.000000000000000000e+00
5.765498905370955995e-01 1.128692606567497592e+00 1.800000000000000000e+01 1.130000000000000000e+02 1.000000000000000000e+00
5.438348109901575134e-01 1.025032151440068651e+00 2.000000000000000000e+00 1.390000000000000000e+02 1.000000000000000000e+00
2.603979065014732086e-01 1.499948081992590998e+00 1.700000000000000000e+01 9.600000000000000000e+01 1.000000000000000000e+00
8.978449127468541846e-01 3.067591054820743013e-01 1.500000000000000000e+01 8.300000000000000000e+01 1.000000000000000000e+00
5.797941481448558587e-01 5.360766219155556067e-01 1.000000000000000000e+01 2.900000000000000000e+01 1.000000000000000000e+00
5.536681182805294199e-01 2.992594685378763275e-01 1.100000000000000000e+01 7.800000000000000000e+01 1.000000000000000000e+00
4.595629965953392793e-01 1.317372163848177236e+00 1.100000000000000000e+01 7.000000000000000000e+01 1.000000000000000000e+00
2.353787138464522588e-01 2.752073516480820770e-01 1.400000000000000000e+01 2.800000000000000000e+01 1.000000000000000000e+00
2.736511520921544038e-01 1.997468677117835600e+00 1.900000000000000000e+01 1.350000000000000000e+02 1.000000000000000000e+00
8.750757754772561237e-01 1.768044247339394692e+00 1.900000000000000000e+01 5.400000000000000000e+01 1.000000000000000000e+00
4.192078218947848933e-01 1.770996378238740343e+00 1.800000000000000000e+01 4.300000000000000000e+01 1.000000000000000000e+00
8.345170186501370269e-02 1.693905814023587642e+00 1.900000000000000000e+01 1.300000000000000000e+02 1.000000000000000000e+00
2.388434558018540654e-01 1.243969405170362030e+00 2.000000000000000000e+01 9.600000000000000000e+01 1.000000000000000000e+00
6.464509313038376837e-01 1.272382449713240327e+00 6.000000000000000000e+00 7.400000000000000000e+01 1.000000000000000000e+00
3.499397120219740476e-01 1.944753938744419486e+00 8.000000000000000000e+00 9.400000000000000000e+01 1.000000000000000000e+00
7.941719143055930852e-01 1.601245351322116761e+00 1.400000000000000000e+01 3.800000000000000000e+01 1.000000000000000000e+00
3.307677808540184783e-01 1.148997355280086730e+00 1.000000000000000000e+01 1.130000000000000000e+02 1.000000000000000000e+00
3.773506835020140615e-01 1.196749795457661358e+00 1.000000000000000000e+01 6.700000000000000000e+01 1.000000000000000000e+00
2.401927146081208608e-01 2.051577116369177833e+00 1.300000000000000000e+01 3.600000000000000000e+01 1.000000000000000000e+00
2.966102870008253678e-01 3.471060233052180033e-01 1.000000000000000000e+00 1.180000000000000000e+02 1.000000000000000000e+00
8.221093814884615492e-02 1.403276200258766870e+00 1.000000000000000000e+00 6.000000000000000000e+00 1.000000000000000000e+00
2.097126036131919946e-01 4.945019392805655167e-01 1.800000000000000000e+01 9.100000000000000000e+01 1.000000000000000000e+00
6.667272292602051120e-01 9.298818049570499733e-01 1.200000000000000000e+01 1.400000000000000000e+02 1.000000000000000000e+00
6.213753226972601462e-01 3.072537406443848207e-01 1.100000000000000000e+01 7.600000000000000000e+01 1.000000000000000000e+00
6.967118458603411835e-01 1.540599170381133032e+00 3.000000000000000000e+00 2.200000000000000000e+01 1.000000000000000000e+00
6.849582728602641168e-01 2.725892400690369533e-01 1.300000000000000000e+01 1.340000000000000000e+02 1.000000000000000000e+00
3.632394269071864690e-01 2.889427358389161649e-01 1.300000000000000000e+01 1.700000000000000000e+01 1.000000000000000000e+00
5.070326556020829933e-01 8.373530573245956399e-01 1.800000000000000000e+01 1.380000000000000000e+02 1.000000000000000000e+00
9.552727866258755585e-01 1.172082604683340579e+00 1.400000000000000000e+01 1.770000000000000000e+02 1.000000000000000000e+00
8.659961977856412974e-01 1.640979841969126385e+00 1.100000000000000000e+01 1.700000000000000000e+02 1.000000000000000000e+00
7.451810699996480603e-01 1.044469739068807135e+00 1.500000000000000000e+01 1.530000000000000000e+02 1.000000000000000000e+00
3.840072754105389174e-01 1.345367238696830503e+00 1.000000000000000000e+01 1.270000000000000000e+02 1.000000000000000000e+00
5.838990702142709405e-02 1.928430281715047379e+00 8.000000000000000000e+00 1.750000000000000000e+02 1.000000000000000000e+00
1.208218785739064577e-01 3.836707066994943238e-01 1.800000000000000000e+01 1.520000000000000000e+02 1.000000000000000000e+00
7.898098862602935810e-01 1.300292653998412540e+00 7.000000000000000000e+00 3.500000000000000000e+01 1.000000000000000000e+00
6.014328627229250657e-01 1.873487562645270499e+00 6.000000000000000000e+00 1.420000000000000000e+02 1.000000000000000000e+00
7.678111872926787207e-01 4.522560171536097462e-01 1.800000000000000000e+01 1.110000000000000000e+02 1.000000000000000000e+00
3.969935752303460630e-01 1.807841377956577844e+00 2.000000000000000000e+01 1.220000000000000000e+02 2.000000000000000000e+00
9.628244780820262028e-01 1.996414821008986040e+00 8.000000000000000000e+00 1.040000000000000000e+02 2.000000000000000000e+00
8.375671824881534278e-01 8.051127970958337210e-01 1.900000000000000000e+01 1.390000000000000000e+02 2.000000000000000000e+00
4.545111562730570487e-01 4.838719529156495502e-01 1.000000000000000000e+01 1.480000000000000000e+02 2.000000000000000000e+00
6.878038725646039298e-02 9.485617840422168046e-01 2.000000000000000000e+00 1.450000000000000000e+02 2.000000000000000000e+00
1.423863219647503175e-01 7.918105663961542140e-01 1.500000000000000000e+01 1.250000000000000000e+02 2.000000000000000000e+00
3.973797249583789215e-01 1.972736921953591516e+00 8.000000000000000000e+00 2.800000000000000000e+01 2.000000000000000000e+00
3.838827449156859695e-01 1.285685684281996810e+00 1.100000000000000000e+01 1.910000000000000000e+02 2.000000000000000000e+00
8.734187759784669547e-01 1.688058820405033134e-01 4.000000000000000000e+00 1.820000000000000000e+02 2.000000000000000000e+00
2.289218008160709417e-01 2.204626834163031790e-01 1.500000000000000000e+01 1.100000000000000000e+01 2.000000000000000000e+00
4.454506901930995744e-01 1.515624835286339289e+00 1.800000000000000000e+01 7.500000000000000000e+01 2.000000000000000000e+00
7.622944137988506286e-02 1.615381148246219922e+00 1.300000000000000000e+01 6.600000000000000000e+01 2.000000000000000000e+00
1.259250084220628896e-01 1.627435353647673111e+00 1.000000000000000000e+01 9.700000000000000000e+01 2.000000000000000000e+00
4.945742597798578055e-01 1.260358028345083925e+00 7.000000000000000000e+00 4.300000000000000000e+01 2.000000000000000000e+00
4.950436694446113534e-02 1.843294414683679383e+00 1.400000000000000000e+01 1.490000000000000000e+02 2.000000000000000000e+00
3.736355861325877381e-01 1.147255647511773224e+00 1.400000000000000000e+01 7.700000000000000000e+01 2.000000000000000000e+00
5.380849913341195778e-01 4.366018128441145896e-01 7.000000000000000000e+00 1.730000000000000000e+02 2.000000000000000000e+00
7.284054546460724255e-01 8.336819125196105462e-01 1.000000000000000000e+01 1.950000000000000000e+02 2.000000000000000000e+00
1.097024332411428021e-01 3.108046009502855034e-01 1.300000000000000000e+01 1.380000000000000000e+02 2.000000000000000000e+00
1.684562787529763073e-01 1.645339263090543069e-01 1.000000000000000000e+00 9.800000000000000000e+01 2.000000000000000000e+00
5.604785098922470121e-01 1.365926118391349808e+00 1.100000000000000000e+01 5.100000000000000000e+01 2.000000000000000000e+00
6.448158090624001026e-01 1.458458226136638114e+00 1.400000000000000000e+01 1.980000000000000000e+02 2.000000000000000000e+00
8.023647714718691315e-01 1.679256775635652454e+00 1.300000000000000000e+01 4.700000000000000000e+01 2.000000000000000000e+00
5.037779596344675870e-01 1.371486942268772824e-01 1.100000000000000000e+01 8.600000000000000000e+01 2.000000000000000000e+00
5.689793232095872177e-01 3.640223995270953639e-01 1.100000000000000000e+01 2.900000000000000000e+01 2.000000000000000000e+00
5.566547772325088905e-01 1.176538129475817041e+00 3.000000000000000000e+00 5.800000000000000000e+01 2.000000000000000000e+00
5.461637530235905480e-01 1.103464608658483448e-01 1.100000000000000000e+01 5.900000000000000000e+01 2.000000000000000000e+00
6.976906382821219665e-01 1.188893125261726968e+00 6.000000000000000000e+00 3.100000000000000000e+01 2.000000000000000000e+00
2.652341894202654426e-01 9.953001261269555089e-01 1.400000000000000000e+01 9.300000000000000000e+01 2.000000000000000000e+00
6.042160383262523693e-01 1.939469605977332423e+00 1.200000000000000000e+01 1.240000000000000000e+02 2.000000000000000000e+00
7.123729533384537405e-01 5.430797548421509857e-01 7.000000000000000000e+00 4.500000000000000000e+01 2.000000000000000000e+00
2.093896819794702768e-01 1.644849095521716542e+00 1.400000000000000000e+01 4.000000000000000000e+00 2.000000000000000000e+00
7.511383330245514633e-01 1.793542971818279375e+00 1.900000000000000000e+01 1.820000000000000000e+02 2.000000000000000000e+00
4.067449330169093935e-01 1.221229179632510098e+00 1.300000000000000000e+01 1.940000000000000000e+02 2.000000000000000000e+00
8.077536954652458911e-01 7.252063949347377081e-01 6.000000000000000000e+00 1.830000000000000000e+02 2.000000000000000000e+00
2.629484226082801079e-01 5.376643114598950168e-01 1.700000000000000000e+01 4.000000000000000000e+01 2.000000000000000000e+00
8.076105789159758463e-02 1.107764226953933839e+00 5.000000000000000000e+00 1.780000000000000000e+02 2.000000000000000000e+00
9.222328798633268043e-01 1.113245683157031207e+00 1.000000000000000000e+00 1.290000000000000000e+02 2.000000000000000000e+00
2.209184292093494539e-01 1.468366478197174363e+00 1.800000000000000000e+01 1.890000000000000000e+02 2.000000000000000000e+00
1.139904633132718809e-01 1.122911141700714044e+00 2.000000000000000000e+00 1.940000000000000000e+02 2.000000000000000000e+00
2.754275252843505495e-01 2.390273101880443785e-01 1.500000000000000000e+01 1.200000000000000000e+01 2.000000000000000000e+00
3.851935088834829157e-01 1.048013704000925861e+00 7.000000000000000000e+00 1.820000000000000000e+02 2.000000000000000000e+00
2.842969443425482634e-01 1.623020232189818390e+00 1.200000000000000000e+01 8.300000000000000000e+01 2.000000000000000000e+00
9.021907739853274322e-01 1.589376705422253178e+00 6.000000000000000000e+00 1.230000000000000000e+02 2.000000000000000000e+00
9.676695874453594692e-01 4.530764555529328552e-01 1.400000000000000000e+01 8.700000000000000000e+01 2.000000000000000000e+00
4.590970059227199584e-01 1.822377083693800692e+00 1.000000000000000000e+01 1.850000000000000000e+02 2.000000000000000000e+00
5.960317357740207295e-02 1.577207394513625127e+00 6.000000000000000000e+00 1.690000000000000000e+02 2.000000000000000000e+00
2.888111895465770296e-01 4.787266921133178643e-01 1.900000000000000000e+01 2.300000000000000000e+01 2.000000000000000000e+00
5.122717492089238212e-01 9.303829485257805176e-01 1.300000000000000000e+01 1.690000000000000000e+02 2.000000000000000000e+00
2.763066144904201549e-01 2.070898739992386606e+00 4.000000000000000000e+00 9.000000000000000000e+01 2.000000000000000000e+00
6.433280576459895483e-01 4.088416506107853676e-01 1.900000000000000000e+01 1.710000000000000000e+02 3.000000000000000000e+00
9.796986190927280402e-01 1.287761897800956401e+00 5.000000000000000000e+00 1.050000000000000000e+02 3.000000000000000000e+00
9.246826638199781012e-01 1.299036317788010653e+00 9.000000000000000000e+00 2.200000000000000000e+01 3.000000000000000000e+00
6.582288280336791031e-01 1.512883157826843572e+00 1.900000000000000000e+01 1.640000000000000000e+02 3.000000000000000000e+00
9.606451650574414636e-01 1.994923851836438500e+00 1.400000000000000000e+01 5.700000000000000000e+01 3.000000000000000000e+00
1.464830721414681625e-01 1.998361811798674337e+00 2.000000000000000000e+01 9.600000000000000000e+01 3.000000000000000000e+00
6.287143210385147674e-01 1.861884054261174759e+00 1.800000000000000000e+01 1.960000000000000000e+02 3.000000000000000000e+00
7.226862850242792291e-01 8.745256757513050205e-01 1.400000000000000000e+01 3.000000000000000000e+00 3.000000000000000000e+00
8.223750402046373642e-01 4.610061553000529555e-01 1.200000000000000000e+01 1.110000000000000000e+02 3.000000000000000000e+00
8.386527920914575718e-02 1.060358491058159380e+00 1.900000000000000000e+01 1.550000000000000000e+02 3.000000000000000000e+00
1.897197231832672415e-01 7.861704164667410177e-01 7.000000000000000000e+00 1.100000000000000000e+02 3.000000000000000000e+00
1.668481754573887255e-01 9.488530072588695630e-01 2.000000000000000000e+00 6.900000000000000000e+01 3.000000000000000000e+00
6.993866927905917352e-01 8.605876105759350247e-01 3.000000000000000000e+00 6.700000000000000000e+01 3.000000000000000000e+00
8.077045015721392440e-01 1.563749867555005002e+00 8.000000000000000000e+00 4.300000000000000000e+01 3.000000000000000000e+00
2.052742800988682781e-01 5.857315434511441987e-01 6.000000000000000000e+00 1.500000000000000000e+01 3.000000000000000000e+00
7.288354212514412678e-02 9.436366123011282747e-01 1.400000000000000000e+01 3.800000000000000000e+01 3.000000000000000000e+00
1.681329052951074932e-01 8.777946836446394174e-01 7.000000000000000000e+00 1.000000000000000000e+01 3.000000000000000000e+00
6.743890948632581539e-01 1.143795939866458777e+00 1.300000000000000000e+01 1.980000000000000000e+02 3.000000000000000000e+00
2.713313628953486489e-01 1.963663762366960830e+00 1.400000000000000000e+01 7.500000000000000000e+01 3.000000000000000000e+00
1.538101578384076795e-01 7.288815418618020958e-01 1.900000000000000000e+01 8.000000000000000000e+00 3.000000000000000000e+00
1.757542054157095190e-01 9.570075850414546670e-01 1.200000000000000000e+01 7.800000000000000000e+01 3.000000000000000000e+00
4.581298371029761674e-01 1.730768953205856775e+00 7.000000000000000000e+00 1.900000000000000000e+01 3.000000000000000000e+00
7.166416095223239191e-01 1.098898910323066413e+00 8.000000000000000000e+00 1.800000000000000000e+01 3.000000000000000000e+00
9.074335247991037745e-01 9.239672332949863121e-01 4.000000000000000000e+00 1.130000000000000000e+02 3.000000000000000000e+00
5.603414986280640386e-01 1.431062722245870500e+00 1.000000000000000000e+01 4.200000000000000000e+01 3.000000000000000000e+00
5.946173702589783172e-01 1.047696958696441583e-01 5.000000000000000000e+00 1.600000000000000000e+01 3.000000000000000000e+00
2.785905301980052817e-01 9.494594461773330218e-01 1.600000000000000000e+01 1.630000000000000000e+02 3.000000000000000000e+00
3.709995035617043024e-01 4.526423387821804090e-01 1.400000000000000000e+01 1.760000000000000000e+02 3.000000000000000000e+00
9.493946028446175189e-01 9.850843669105494582e-01 7.000000000000000000e+00 2.600000000000000000e+01 3.000000000000000000e+00
7.833169296410559257e-01 8.780251305231280279e-01 1.500000000000000000e+01 6.400000000000000000e+01 3.000000000000000000e+00
9.914206225645229020e-01 2.149064145722273944e-01 6.000000000000000000e+00 1.640000000000000000e+02 3.000000000000000000e+00
3.039724636074464525e-01 7.933031862019376268e-01 1.800000000000000000e+01 3.800000000000000000e+01 3.000000000000000000e+00
7.882411622289846598e-01 1.496414057697096622e-01 2.000000000000000000e+00 1.360000000000000000e+02 3.000000000000000000e+00
6.534582485827035159e-01 1.778297431997709399e+00 1.500000000000000000e+01 1.490000000000000000e+02 3.000000000000000000e+00
1.493996964219072021e-01 1.268513750141059715e+00 1.000000000000000000e+00 1.460000000000000000e+02 3.000000000000000000e+00
6.214442922046404805e-01 1.677923400276969845e+00 1.000000000000000000e+01 1.610000000000000000e+02 3.000000000000000000e+00
5.715104579950470720e-01 2.085969849292416800e+00 1.300000000000000000e+01 1.470000000000000000e+02 3.000000000000000000e+00
5.829384443476042232e-01 1.739507434693923438e+00 2.000000000000000000e+01 1.540000000000000000e+02 3.000000000000000000e+00
5.100347566355844381e-02 2.015814149064824701e+00 2.000000000000000000e+01 1.970000000000000000e+02 3.000000000000000000e+00
8.729215795239620990e-01 2.858584943542200607e-01 2.000000000000000000e+00 1.240000000000000000e+02 3.000000000000000000e+00
5.036524110266642484e-01 1.933369140932435615e+00 6.000000000000000000e+00 1.910000000000000000e+02 3.000000000000000000e+00
9.720210615630974216e-01 5.673853496527191398e-01 1.600000000000000000e+01 1.470000000000000000e+02 3.000000000000000000e+00
8.570921607507172579e-01 1.546149476715561688e+00 8.000000000000000000e+00 3.000000000000000000e+00 3.000000000000000000e+00
4.788988629721845358e-01 2.154833184861039419e-01 1.700000000000000000e+01 1.490000000000000000e+02 3.000000000000000000e+00
9.143646559440387067e-01 8.399912547237161631e-01 1.100000000000000000e+01 1.990000000000000000e+02 3.000000000000000000e+00
8.543495174533494163e-01 1.285764504592976643e+00 3.000000000000000000e+00 1.750000000000000000e+02 3.000000000000000000e+00
4.536914922011925366e-01 2.969673336933978947e-01 1.000000000000000000e+01 1.700000000000000000e+01 3.000000000000000000e+00
2.466756996012023917e-01 2.057323616950956779e+00 4.000000000000000000e+00 3.900000000000000000e+01 3.000000000000000000e+00
2.720632121490764721e-01 1.335526707965223325e+00 3.000000000000000000e+00 1.140000000000000000e+02 3.000000000000000000e+00
8.327365530288609596e-01 1.358737783250911546e+00 1.200000000000000000e+01 1.780000000000000000e+02 3.000000000000000000e+00
7.004687921425297725e-01 1.620723048374834052e+00 1.200000000000000000e+01 4.000000000000000000e+01 4.000000000000000000e+00
9.331807119788882998e-01 1.536380440172023132e+00 1.000000000000000000e+00 1.790000000000000000e+02 4.000000000000000000e+00
6.139379562353511899e-01 9.491949644179346057e-01 3.000000000000000000e+00 6.000000000000000000e+01 4.000000000000000000e+00
3.058436123426347963e-01 1.917771025251416184e+00 4.000000000000000000e+00 1.790000000000000000e+02 4.000000000000000000e+00
9.513959727585931114e-01 6.130384924031672123e-01 1.000000000000000000e+01 9.800000000000000000e+01 4.000000000000000000e+00
9.538135336975254175e-01 7.736037973008046409e-01 1.300000000000000000e+01 1.300000000000000000e+02 4.000000000000000000e+00
1.399264509072628559e-01 4.220294408366632721e-01 1.500000000000000000e+01 1.590000000000000000e+02 4.000000000000000000e+00
9.353146560944909371e-01 1.734930643243799864e+00 1.000000000000000000e+01 1.030000000000000000e+02 4.000000000000000000e+00
3.258988779647957745e-01 1.640240295791174141e+00 6.000000000000000000e+00 2.600000000000000000e+01 4.000000000000000000e+00
6.706643455408292098e-01 9.980636281537412779e-01 6.000000000000000000e+00 2.800000000000000000e+01 4.000000000000000000e+00
4.696786426871456532e-01 1.592676999100810065e+00 1.800000000000000000e+01 3.700000000000000000e+01 4.000000000000000000e+00
6.779246998977197514e-01 6.892829208628311610e-01 2.000000000000000000e+01 1.500000000000000000e+01 4.000000000000000000e+00
2.285849931382831768e-01 2.367588988881747236e-01 2.000000000000000000e+00 7.000000000000000000e+01 4.000000000000000000e+00
8.218137610150183514e-01 1.248431354263267234e+00 3.000000000000000000e+00 1.700000000000000000e+01 4.000000000000000000e+00
7.263243653321473925e-01 1.371043144790546897e+00 1.300000000000000000e+01 5.500000000000000000e+01 4.000000000000000000e+00
2.942216881041073151e-01 2.065229244537763797e+00 8.000000000000000000e+00 1.580000000000000000e+02 4.000000000000000000e+00
6.687502470255456133e-02 1.889106845567670723e+00 4.000000000000000000e+00 1.600000000000000000e+02 4.000000000000000000e+00
2.677713117572301238e-01 2.014259257632463829e+00 5.000000000000000000e+00 9.100000000000000000e+01 4.000000000000000000e+00
6.180059536865990522e-01 4.473673891186212837e-01 2.000000000000000000e+00 1.270000000000000000e+02 4.000000000000000000e+00
3.508931224015868766e-01 9.293292655797876778e-01 1.200000000000000000e+01 5.100000000000000000e+01 4.000000000000000000e+00
7.981769053520776369e-01 1.064130846003832342e+00 1.700000000000000000e+01 4.300000000000000000e+01 4.000000000000000000e+00
1.220576215171974808e-02 5.690384836041005867e-01 6.000000000000000000e+00 1.950000000000000000e+02 4.000000000000000000e+00
6.809832584225902208e-01 1.204607282163706605e+00 2.000000000000000000e+01 1.000000000000000000e+00 4.000000000000000000e+00
3.168677596936082530e-01 1.110500595008806490e+00 1.300000000000000000e+01 1.460000000000000000e+02 4.000000000000000000e+00
9.681468767255458907e-01 1.051109233439511570e+00 7.000000000000000000e+00 1.320000000000000000e+02 4.000000000000000000e+00
5.511690693672766095e-01 8.968123141525247144e-01 4.000000000000000000e+00 9.900000000000000000e+01 4.000000000000000000e+00
8.688906101087573441e-01 1.835155586271673522e+00 5.000000000000000000e+00 1.140000000000000000e+02 4.000000000000000000e+00
1.803014603586261533e-01 9.416731213468348960e-01 1.900000000000000000e+01 1.400000000000000000e+01 4.000000000000000000e+00
4.706479846613680351e-01 1.144857822310742845e+00 1.700000000000000000e+01 1.030000000000000000e+02 4.000000000000000000e+00
7.817596849923945379e-02 7.568423283946322799e-01 1.000000000000000000e+01 3.000000000000000000e+00 4.000000000000000000e+00
6.998628307806532556e-01 1.399603121652414961e+00 5.000000000000000000e+00 6.200000000000000000e+01 4.000000000000000000e+00
2.709948464269604784e-01 2.042247774322521359e+00 1.400000000000000000e+01 1.930000000000000000e+02 4.000000000000000000e+00
6.774183596405348728e-01 2.054600628453449929e+00 1.400000000000000000e+01 1.930000000000000000e+02 4.000000000000000000e+00
5.417644764633624543e-01 1.821704410320780232e+00 3.000000000000000000e+00 1.300000000000000000e+02 4.000000000000000000e+00
8.798122329660666985e-01 1.371511996858234328e+00 9.000000000000000000e+00 1.200000000000000000e+01 4.000000000000000000e+00
4.122744384714884802e-01 1.753831926340596370e+00 7.000000000000000000e+00 7.000000000000000000e+01 4.000000000000000000e+00
6.182412596946321726e-01 4.029766582711770129e-01 2.000000000000000000e+01 5.900000000000000000e+01 4.000000000000000000e+00
1.005851902991097058e+00 2.068625952173971161e+00 1.100000000000000000e+01 3.300000000000000000e+01 4.000000000000000000e+00
5.297978677299066685e-01 1.930128524808005563e+00 1.300000000000000000e+01 1.200000000000000000e+01 4.000000000000000000e+00
5.176605880138391846e-01 1.006252713645216623e+00 1.000000000000000000e+01 7.000000000000000000e+00 4.000000000000000000e+00
9.679507110049893059e-01 1.334371356259133723e+00 3.000000000000000000e+00 1.530000000000000000e+02 4.000000000000000000e+00
2.875105511273692294e-01 6.448567385999600665e-01 1.400000000000000000e+01 4.200000000000000000e+01 4.000000000000000000e+00
4.087386323084181150e-01 1.531168149419240843e+00 1.000000000000000000e+01 1.390000000000000000e+02 4.000000000000000000e+00
1.880663732892845497e-01 1.802866273490921767e+00 7.000000000000000000e+00 1.200000000000000000e+02 4.000000000000000000e+00
8.663405319911059443e-01 1.079583120254960227e-01 1.000000000000000000e+00 6.500000000000000000e+01 4.000000000000000000e+00
9.458091186099751857e-01 1.268056333886870446e+00 2.000000000000000000e+00 4.400000000000000000e+01 4.000000000000000000e+00
3.747221987789642883e-01 6.185946485675649642e-01 1.700000000000000000e+01 7.400000000000000000e+01 4.000000000000000000e+00
5.792751732372602297e-02 1.281103417103693243e+00 1.000000000000000000e+01 2.300000000000000000e+01 4.000000000000000000e+00
4.556915290888730041e-01 8.052043930745494960e-01 1.600000000000000000e+01 8.100000000000000000e+01 4.000000000000000000e+00
4.518436269832714486e-02 1.968796770864037704e+00 1.600000000000000000e+01 1.730000000000000000e+02 4.000000000000000000e+00
