-1.329655005667119667e+02
-1.104538043222718926e+02
-1.330433659067424514e+02
-1.262773366201328713e+02
-1.330284078869661926e+02
-1.330822834391646836e+02
-1.330942444010161694e+02
-1.330968273177176684e+02
-9.176284856997750694e+01
-1.209197457661845618e+02
-1.180279814006698160e+02
-1.290284444088351279e+02
-1.330949512725651118e+02
-1.317712758281156198e+02
-1.100737248816571849e+02
-9.870332840783522954e+01
-1.330968088527045268e+02
-1.030352842403881937e+02
-1.330969523207505176e+02
-1.237696180146520675e+02
-9.959609768379407058e+01
-1.330962414110085490e+02
-1.330958441771617515e+02
-1.330965638214134970e+02
-1.330967746004639878e+02
-1.330967477849747240e+02
-1.330652606864216239e+02
-1.330967879563979466e+02
-1.330830710550845879e+02
-9.220643120627723022e+01
-1.225130068339410627e+02
-1.254703529775350574e+02
-1.091272256589304988e+02
-1.330968262766734824e+02
-1.330968608870253718e+02
-1.149603606150140678e+02
-1.314326291419949371e+02
-1.330815003002369679e+02
-1.329604045190463637e+02
-1.169570239210905527e+02
-1.116453738891650858e+02
-9.116680272310460964e+01
-1.330968517325693199e+02
-1.330567171205672707e+02
-1.325696756060946768e+02
-1.325664003223873237e+02
-1.330971512981779483e+02
-9.473078830255421678e+01
-1.292924387124000418e+02
-1.324828131946427732e+02
-1.039537908015803112e+02
-9.103862889637987621e+01
-9.544405417098501232e+01
-1.278400524044138109e+02
-1.278398566996921346e+02
-1.278393553053671639e+02
-9.370592601359605567e+01
-1.278386214207034186e+02
-1.007406238917337902e+02
-1.278363562521913224e+02
-8.856421403070137899e+01
-9.887945679571573976e+01
-1.278399996255275397e+02
-1.233101164465546304e+02
-9.817772065339640619e+01
-1.188264272007195359e+02
-8.838185453453799312e+01
-1.278396185620415082e+02
-1.222663207574726130e+02
-1.105486750925764454e+02
-8.960244782357838744e+01
-1.081097840353131971e+02
-1.147163415169146106e+02
-8.790446051446328113e+01
-1.278400913962822329e+02
-1.276613152228329966e+02
-8.985844701754356834e+01
-1.047301427153305866e+02
-1.278398137747954308e+02
-1.278357382033267271e+02
-1.240957892748450320e+02
-9.672506057832835324e+01
-1.167269469066391423e+02
-9.697184649474571927e+01
-1.278401397067179914e+02
-9.959705731718051425e+01
-1.055514494858358319e+02
-1.278400939241118408e+02
-1.278306631474185053e+02
-1.278397980281192616e+02
-1.278400536078233358e+02
-1.278386101921415730e+02
-1.278400812866553338e+02
-9.028636964180188329e+01
-9.634854015339726629e+01
-1.278405688387134802e+02
-1.278005996201737844e+02
-1.158667615359912020e+02
-1.276916291524729559e+02
-1.278400672808815983e+02
-1.235324431270256440e+02
-1.235601991231459778e+02
-1.231343893085482506e+02
-1.235614092512783913e+02
-9.677462193630454124e+01
-1.235600648647445610e+02
-1.235614365812808728e+02
-9.542397166643610262e+01
-1.164700682327672467e+02
-1.235615910043140246e+02
-1.235047838535632678e+02
-1.235611463639525880e+02
-1.235614072036421476e+02
-1.174537894913289620e+02
-1.224539303787500160e+02
-1.235541639933940274e+02
-1.235593559636045029e+02
-1.235615374734960739e+02
-1.102335446936242107e+02
-1.232078365346229702e+02
-1.234674856936305503e+02
-8.755507065188996307e+01
-1.051612594250160839e+02
-1.235613940973157270e+02
-1.235615287549972692e+02
-1.235613771834782568e+02
-1.174607472082108757e+02
-1.235536605957392453e+02
-8.657121404652824026e+01
-1.235614813557328091e+02
-8.795088168920658234e+01
-1.194077524587066961e+02
-1.108827989968867485e+02
-1.049758734280748627e+02
-9.018131468931929362e+01
-1.223835332727345246e+02
-1.235614791680368540e+02
-1.235610661498843541e+02
-1.162978022232817494e+02
-8.674705597996258177e+01
-1.155586444759818505e+02
-1.206100556860182138e+02
-8.919751908909029225e+01
-8.815347933591225171e+01
-1.235615173672285749e+02
-8.734095544430566349e+01
-1.235486200386466180e+02
-1.105275975431669906e+02
-1.181905796768559611e+02
-1.235615292035519843e+02
-1.233145469968564925e+02
-1.238505686922047602e+02
-1.159698551735322383e+02
-1.239421381799366060e+02
-9.495210284074563845e+01
-1.238572128808360446e+02
-8.592151507715145442e+01
-1.239422577105949017e+02
-1.126156969648804136e+02
-1.193428357177720045e+02
-1.239421749012513914e+02
-8.833623337212928561e+01
-1.239418416632125997e+02
-1.132815443741278472e+02
-1.239229854311985690e+02
-1.239364141687974836e+02
-1.224089644459264576e+02
-1.228800428063494792e+02
-1.182030633024063775e+02
-1.238916381462138077e+02
-1.006707635137335473e+02
-1.234971362100668841e+02
-1.239422642801838919e+02
-8.638184140629057595e+01
-1.239410357664092004e+02
-1.239421863409277904e+02
-1.178979910147809278e+02
-1.224321641649062826e+02
-1.163770456857457418e+02
-1.238948226390281633e+02
-1.029378670698461349e+02
-8.763973204883924950e+01
-8.659995488876262471e+01
-1.239408402444753108e+02
-8.896381539367992275e+01
-1.142868307334909019e+02
-1.239422871944115343e+02
-9.718760510527016550e+01
-1.237358265080784179e+02
-1.170860668580109518e+02
-1.222500682781943340e+02
-1.160038250745109281e+02
-9.425413370132329760e+01
-1.233751436409631879e+02
-1.239422742421441512e+02
-1.239356636098914066e+02
-1.239416760569039155e+02
-8.915796071269512879e+01
-9.881205477958022243e+01
-1.117808910515350789e+02
-1.142390679247658341e+02
-1.251414790621074218e+02
-1.002547846844747710e+02
-9.365118045735071917e+01
-1.231988426794061127e+02
-1.180395014471607169e+02
-1.251386690379538749e+02
-1.251434504191020807e+02
-1.157270969764310848e+02
-1.251127995348948758e+02
-9.139488232628278297e+01
-1.251430560384817312e+02
-8.773007211911277636e+01
-1.251429131704116458e+02
-1.251310913028411278e+02
-1.251201866176197228e+02
-1.251418961328736543e+02
-1.229757385398655600e+02
-1.104233782963481900e+02
-1.196762289053833825e+02
-1.105829313060479961e+02
-9.520448277579289709e+01
-1.251421763207293480e+02
-1.127520564092024244e+02
-1.125079004506804665e+02
-1.247988414947370330e+02
-1.128207805950262070e+02
-1.244665057053167061e+02
-9.282571913257204699e+01
-1.251434600490908764e+02
-1.250842328687349152e+02
-9.180351157119197580e+01
-1.194819946497718774e+02
-1.251434388047079977e+02
-9.686269460400087894e+01
-1.207771818181443422e+02
-1.251426381042992375e+02
-8.772822651430367102e+01
-1.243269185259367617e+02
-1.251433207443388511e+02
-8.817460984621153841e+01
-1.192444041711458738e+02
-1.156287176718604286e+02
-1.251433605970307212e+02
-1.217974043583281087e+02
-1.251433023738760824e+02
-1.241029523897077382e+02
-9.109912603814225918e+01
-8.761979513573665201e+01
-1.169944099290924413e+02
