-9.271308906588470222e+01
-1.330047556962539659e+02
-1.330971450178663531e+02
-1.158493753573329315e+02
-1.330957470438615644e+02
-1.098848167569092027e+02
-1.280496995008075771e+02
-1.274923369325221927e+02
-1.330730992310949432e+02
-1.330967816032710687e+02
-1.330969068894075065e+02
-1.214496993247471011e+02
-1.031748169279201193e+02
-1.033089983912263108e+02
-1.330967323829333679e+02
-1.330945436654007779e+02
-1.309581239273376525e+02
-9.189390348433938982e+01
-9.283708171943490584e+01
-1.074895344651562539e+02
-1.327269888248847849e+02
-8.937613186674956012e+01
-1.330961789196808240e+02
-1.330069921579948300e+02
-9.983597244577038055e+01
-1.314715135977013176e+02
-1.002433000949150284e+02
-1.288829403262575966e+02
-1.330968779534449595e+02
-1.172677734397832694e+02
-9.487520803021135407e+01
-1.265435839730238570e+02
-1.156641761762451637e+02
-1.330651020893784278e+02
-1.330967187236005032e+02
-1.174465303125890330e+02
-1.274599648820438915e+02
-1.330954401830804272e+02
-1.330931899913040581e+02
-1.330968090219256510e+02
-1.329352760245883189e+02
-1.313673454419181610e+02
-1.330964996139592813e+02
-1.330964983484018376e+02
-9.376276680816445719e+01
-1.330967604017107533e+02
-9.971478799536252779e+01
-1.135514459808353962e+02
-1.330849187393963575e+02
-1.330968108270428445e+02
-1.278393213858911821e+02
-1.278359037067497752e+02
-1.061750868350037251e+02
-1.246438385565463705e+02
-9.091203176008777120e+01
-1.278253777890566880e+02
-1.221773052844734195e+02
-1.155955623141367283e+02
-1.278400707223995596e+02
-1.277810486383128108e+02
-9.737915014338543074e+01
-1.184597479006231424e+02
-1.189946940816816152e+02
-9.260571276100047555e+01
-1.268518919900989204e+02
-1.278400736320848097e+02
-1.278362961857160798e+02
-1.278400292937421625e+02
-8.825084017659439439e+01
-9.203389266154590587e+01
-1.237233932738486004e+02
-1.278400403862421655e+02
-9.881193550025578531e+01
-1.278396563827019179e+02
-1.075548221908190953e+02
-1.216436256899913673e+02
-9.803892324752294485e+01
-1.035355850520163443e+02
-1.223301150581175278e+02
-9.738180920524614237e+01
-1.278344514637911971e+02
-1.278400340345704649e+02
-1.026444693216794946e+02
-1.277711987547947956e+02
-1.276893309073867186e+02
-9.225230843709783812e+01
-8.895956184116180054e+01
-1.278401195973732740e+02
-8.971976397890198029e+01
-9.243739312225005733e+01
-1.278331495870925352e+02
-9.053363663928884364e+01
-9.484745641562469132e+01
-1.278396406384735258e+02
-9.916475836810873545e+01
-9.188111056888352834e+01
-9.516228761764263311e+01
-1.041546549466760609e+02
-1.278401079079452387e+02
-1.257089724813742038e+02
-9.225156975953906624e+01
-9.491780696283788643e+01
-1.209157591289682330e+02
-1.235615784283259160e+02
-1.235548697456243019e+02
-1.235613922126912883e+02
-1.047893935449377523e+02
-1.230541271124534433e+02
-1.052092795170512147e+02
-1.141025972676364688e+02
-8.807938137963576253e+01
-1.222522506200226786e+02
-1.235573997059412221e+02
-1.017040184986410196e+02
-1.235615828457466705e+02
-1.224198049629162455e+02
-1.056116239004563795e+02
-9.432703222644497032e+01
-1.229342416953070227e+02
-1.233329170449755594e+02
-1.234566467188837890e+02
-9.918597446700546527e+01
-1.056775677083772820e+02
-8.991511368644972890e+01
-1.046609325859831756e+02
-1.057669143184000120e+02
-1.188333885840749247e+02
-9.966353139216967350e+01
-1.233992555696953275e+02
-1.235140477172934226e+02
-1.233304302836676811e+02
-8.950307606121621973e+01
-1.235614416774867692e+02
-1.119863441053795299e+02
-1.235580383189745675e+02
-9.877586514011646557e+01
-1.207877051213558843e+02
-1.007147832543517865e+02
-1.235614807432631608e+02
-9.230521144982334647e+01
-1.235617066477809942e+02
-8.767472220658819992e+01
-1.032276712988480938e+02
-1.004700099072612716e+02
-9.729850767864701311e+01
-1.235615053863433843e+02
-1.126660050472532077e+02
-1.234623709774296714e+02
-1.140462793344516683e+02
-1.015568192289110812e+02
-1.211675602956289595e+02
-1.239384485170184576e+02
-1.216837526673443080e+02
-1.219907079104497711e+02
-1.239422466181515148e+02
-1.225867388327002203e+02
-1.239422362096705115e+02
-8.764621604671781085e+01
-1.223465714066471577e+02
-1.239422592371290079e+02
-1.063641562456196539e+02
-1.115575205371687417e+02
-1.133656983838243519e+02
-9.368374229400180297e+01
-1.239325735819135161e+02
-1.061231462671525634e+02
-1.239413489206276751e+02
-1.239423293750365929e+02
-9.867512328602838068e+01
-8.694630699676982033e+01
-1.230238981886551528e+02
-1.168904629036825469e+02
-9.502651418344969159e+01
-1.239414879746525173e+02
-1.239423359258845068e+02
-1.239421163848393235e+02
-1.225938495097783232e+02
-1.075976794128311980e+02
-1.131923881457068006e+02
-8.636150248758360704e+01
-1.227356261906641777e+02
-1.221183809816240853e+02
-1.239422790280512174e+02
-8.463616214931180082e+01
-1.119145417500281496e+02
-1.239421826084746669e+02
-1.080739474315621607e+02
-8.667844701544228769e+01
-1.231723542598079888e+02
-1.146593319160173365e+02
-1.239421309927329276e+02
-1.192549945619579148e+02
-9.118528559028474945e+01
-1.238556492609472599e+02
-1.239423299552296243e+02
-1.232696477779023212e+02
-1.029103639769630973e+02
-1.239261606233675224e+02
-1.239422423691759860e+02
-1.239420941563738694e+02
-9.206655630216191355e+01
-1.250780511239966160e+02
-1.251432376356446099e+02
-1.050157442222522377e+02
-1.251407388807056549e+02
-1.115873128009014579e+02
-1.251435964875573035e+02
-9.015517852247707253e+01
-1.251425775150931230e+02
-1.245339725660610526e+02
-1.135202999625847013e+02
-1.251432087791483099e+02
-1.251434576287073526e+02
-1.251434490505942705e+02
-1.251428834071777203e+02
-9.083755094925976437e+01
-1.246025710825398107e+02
-1.230264158018675005e+02
-1.251434345372475150e+02
-1.027003334847423730e+02
-1.230623224489626892e+02
-1.025851890999934284e+02
-1.247552582200490718e+02
-1.188554747715787840e+02
-1.251432548682094819e+02
-1.239648996368598404e+02
-1.251433722444320438e+02
-1.229550034342018705e+02
-9.179303040345931208e+01
-1.247585339071375330e+02
-8.856796955968026452e+01
-1.251434197999398208e+02
-1.251420785617895319e+02
-1.251433270907294855e+02
-1.039847201333300291e+02
-1.250954611068888909e+02
-1.045251762155292425e+02
-1.251432747139152184e+02
-9.045575301200618412e+01
-1.250706680777657027e+02
-1.250485520326976001e+02
-1.032240272615460270e+02
-1.251420164429496253e+02
-1.251332670964251008e+02
-1.251433726735699423e+02
-1.251434312015632173e+02
-1.245725753195179522e+02
-9.132485825306740423e+01
-1.251433137817704448e+02
-1.068664173059038092e+02
