1.234884718936495179e-01 2.048966188872913374e+00 1.900000000000000000e+01 9.300000000000000000e+01 0.000000000000000000e+00
7.387346335011062415e-01 8.029356117854028474e-01 3.000000000000000000e+00 1.790000000000000000e+02 0.000000000000000000e+00
7.176051382590810102e-01 1.699209203320107830e+00 1.200000000000000000e+01 1.920000000000000000e+02 0.000000000000000000e+00
6.555618545082925186e-01 9.291992143763326828e-01 1.700000000000000000e+01 5.900000000000000000e+01 0.000000000000000000e+00
7.160310112730091658e-01 5.932987635492837919e-01 1.600000000000000000e+01 1.490000000000000000e+02 0.000000000000000000e+00
2.659924312979623506e-01 1.480227082907218661e-01 1.600000000000000000e+01 4.300000000000000000e+01 0.000000000000000000e+00
1.087259548488105215e-01 7.008728707225767574e-01 1.500000000000000000e+01 1.430000000000000000e+02 0.000000000000000000e+00
6.508556778104257479e-01 7.444158961389578666e-01 1.300000000000000000e+01 3.000000000000000000e+01 0.000000000000000000e+00
1.954941380758904446e-01 1.934387098075029288e+00 6.000000000000000000e+00 2.500000000000000000e+01 0.000000000000000000e+00
2.809208033747699895e-01 6.470957831949374350e-01 1.400000000000000000e+01 1.800000000000000000e+02 0.000000000000000000e+00
9.644126823985427199e-01 3.542291421181270605e-01 1.200000000000000000e+01 1.900000000000000000e+02 0.000000000000000000e+00
7.572648498793711491e-01 1.104759113978052432e-01 2.000000000000000000e+01 1.450000000000000000e+02 0.000000000000000000e+00
8.667906078643652368e-01 1.491912402643395863e+00 1.000000000000000000e+01 7.000000000000000000e+01 0.000000000000000000e+00
5.630257042345486740e-01 1.970471594899431800e+00 4.000000000000000000e+00 5.000000000000000000e+00 0.000000000000000000e+00
5.226235297435471994e-01 4.552241311915806721e-01 1.900000000000000000e+01 1.170000000000000000e+02 0.000000000000000000e+00
5.468657924644523272e-01 6.869196359597934398e-01 1.000000000000000000e+00 7.300000000000000000e+01 0.000000000000000000e+00
2.060205290065974387e-02 1.867601435584492320e+00 1.900000000000000000e+01 1.910000000000000000e+02 0.000000000000000000e+00
6.664106481234460810e-01 1.984511945294590296e+00 1.200000000000000000e+01 6.400000000000000000e+01 0.000000000000000000e+00
7.549452977699604439e-01 6.344208915209840205e-01 1.100000000000000000e+01 1.830000000000000000e+02 0.000000000000000000e+00
3.718628778288812775e-01 1.152807771145634153e+00 3.000000000000000000e+00 4.000000000000000000e+01 0.000000000000000000e+00
5.568849710613515969e-01 6.173406479672544078e-01 9.000000000000000000e+00 1.690000000000000000e+02 0.000000000000000000e+00
1.846363472531424854e-01 8.214205150027903413e-01 7.000000000000000000e+00 1.500000000000000000e+02 0.000000000000000000e+00
1.501822652808183500e-01 8.781573103033265548e-01 1.000000000000000000e+00 1.350000000000000000e+02 0.000000000000000000e+00
4.818883341457950165e-01 2.037653846049560791e+00 1.000000000000000000e+00 7.800000000000000000e+01 0.000000000000000000e+00
1.555674495334390395e-01 1.128509443531020118e+00 1.800000000000000000e+01 1.460000000000000000e+02 0.000000000000000000e+00
5.376518299895678421e-01 7.104850321572270255e-01 1.700000000000000000e+01 2.600000000000000000e+01 0.000000000000000000e+00
1.696747561500778767e-01 1.293823051861771045e+00 4.000000000000000000e+00 8.600000000000000000e+01 0.000000000000000000e+00
1.137288107189402403e-01 1.235932177037797564e+00 8.000000000000000000e+00 1.730000000000000000e+02 0.000000000000000000e+00
3.963063807868756339e-01 2.694440953339919398e-01 1.100000000000000000e+01 5.000000000000000000e+01 0.000000000000000000e+00
5.719991771098152933e-01 1.396143357104970839e+00 1.700000000000000000e+01 3.200000000000000000e+01 0.000000000000000000e+00
6.719339451146398856e-01 4.784856185920774996e-01 1.300000000000000000e+01 1.300000000000000000e+02 0.000000000000000000e+00
9.641089454065985276e-01 2.180489125393371419e-01 1.200000000000000000e+01 5.400000000000000000e+01 0.000000000000000000e+00
8.902062359776875544e-01 1.667516321502493737e+00 3.000000000000000000e+00 3.500000000000000000e+01 0.000000000000000000e+00
2.624774146816083453e-01 1.954181045079055101e+00 1.900000000000000000e+01 1.190000000000000000e+02 0.000000000000000000e+00
4.547506000327968811e-01 8.543026675204311582e-01 1.200000000000000000e+01 1.590000000000000000e+02 0.000000000000000000e+00
9.038234794437749464e-01 1.608107739346334109e+00 2.000000000000000000e+01 4.400000000000000000e+01 0.000000000000000000e+00
7.844580162386290967e-01 1.858097022106654617e+00 9.000000000000000000e+00 7.900000000000000000e+01 0.000000000000000000e+00
4.914823173002244028e-01 7.058014501634531923e-01 1.700000000000000000e+01 1.390000000000000000e+02 0.000000000000000000e+00
4.529278732407835406e-01 1.156265696479330973e+00 1.500000000000000000e+01 1.490000000000000000e+02 0.000000000000000000e+00
6.181446209055624363e-01 1.150489942704307822e+00 7.000000000000000000e+00 1.900000000000000000e+01 0.000000000000000000e+00
9.879681534033899482e-01 1.304079752515755475e+00 1.300000000000000000e+01 9.000000000000000000e+01 0.000000000000000000e+00
8.452959589215471858e-01 2.707516770176648935e-01 2.000000000000000000e+01 2.900000000000000000e+01 0.000000000000000000e+00
4.982908215334513891e-01 1.900626031606228006e+00 1.700000000000000000e+01 1.660000000000000000e+02 0.000000000000000000e+00
9.270558751641158057e-01 5.337670387307394959e-01 1.000000000000000000e+01 3.700000000000000000e+01 0.000000000000000000e+00
4.106212445493138130e-01 1.190344313830929313e+00 1.400000000000000000e+01 1.700000000000000000e+02 0.000000000000000000e+00
6.519221902655116807e-01 1.047261028615203093e+00 1.000000000000000000e+00 1.540000000000000000e+02 0.000000000000000000e+00
5.735741254654163068e-01 1.278567308190757146e+00 1.800000000000000000e+01 2.000000000000000000e+00 0.000000000000000000e+00
3.235883237266450330e-01 1.616037159437797355e+00 5.000000000000000000e+00 5.100000000000000000e+01 0.000000000000000000e+00
8.671664869919301077e-01 1.052995830928501464e+00 1.100000000000000000e+01 1.330000000000000000e+02 0.000000000000000000e+00
8.731371477642696499e-01 1.421828782132288804e+00 4.000000000000000000e+00 4.200000000000000000e+01 0.000000000000000000e+00
5.604994242346507116e-01 1.699588501131606977e+00 2.000000000000000000e+01 5.600000000000000000e+01 1.000000000000000000e+00
3.247758166980406758e-01 1.775061513526742518e-01 9.000000000000000000e+00 4.700000000000000000e+01 1.000000000000000000e+00
8.183356369196356228e-01 1.692109657818948287e+00 1.200000000000000000e+01 9.100000000000000000e+01 1.000000000000000000e+00
2.899192666934726770e-01 1.010879227863834107e+00 1.700000000000000000e+01 3.100000000000000000e+01 1.000000000000000000e+00
4.076491428209676471e-01 2.006862667278159762e+00 1.000000000000000000e+01 3.100000000000000000e+01 1.000000000000000000e+00
3.596817602057803542e-01 2.188533810852827666e-01 1.300000000000000000e+01 6.800000000000000000e+01 1.000000000000000000e+00
1.334925690253895535e-02 1.323267441499038188e+00 1.300000000000000000e+01 4.400000000000000000e+01 1.000000000000000000e+00
3.553817955009712648e-01 1.057590125990678809e+00 2.000000000000000000e+00 8.600000000000000000e+01 1.000000000000000000e+00
9.929085225921098212e-01 4.899927210061126859e-01 1.500000000000000000e+01 1.140000000000000000e+02 1.000000000000000000e+00
3.342618665170247194e-01 2.053519601463347666e+00 1.800000000000000000e+01 2.000000000000000000e+00 1.000000000000000000e+00
7.215019093521897187e-01 1.609362215566279453e+00 2.000000000000000000e+00 1.190000000000000000e+02 1.000000000000000000e+00
8.971211656354159680e-02 1.308112953851853499e-01 1.400000000000000000e+01 1.600000000000000000e+02 1.000000000000000000e+00
1.784741547558500452e-01 1.771364282760784781e-01 1.900000000000000000e+01 1.660000000000000000e+02 1.000000000000000000e+00
7.082584103724258728e-01 1.229638124954363754e+00 1.800000000000000000e+01 1.490000000000000000e+02 1.000000000000000000e+00
6.527785429572215969e-01 4.026839591591978573e-01 4.000000000000000000e+00 1.010000000000000000e+02 1.000000000000000000e+00
5.248873878970675699e-01 1.903691680639589379e+00 9.000000000000000000e+00 1.000000000000000000e+02 1.000000000000000000e+00
1.579680592734262756e-01 1.699739945398820895e+00 1.300000000000000000e+01 1.740000000000000000e+02 1.000000000000000000e+00
2.675279646172631365e-01 1.748855506835883977e+00 1.900000000000000000e+01 8.500000000000000000e+01 1.000000000000000000e+00
6.479654844640895250e-01 1.086430092682388659e+00 9.000000000000000000e+00 1.430000000000000000e+02 1.000000000000000000e+00
5.017898767630174506e-01 1.692322050017902146e+00 4.000000000000000000e+00 1.720000000000000000e+02 1.000000000000000000e+00
8.119741095373452788e-01 2.952055375320076225e-01 1.800000000000000000e+01 1.770000000000000000e+02 1.000000000000000000e+00
2.989973518655785201e-01 4.399425809428602063e-01 5.000000000000000000e+00 2.500000000000000000e+01 1.000000000000000000e+00
5.375039881773684414e-01 1.552454624616976586e+00 6.000000000000000000e+00 1.400000000000000000e+02 1.000000000000000000e+00
8.746048870844113088e-01 1.971806112338664985e+00 1.000000000000000000e+00 1.590000000000000000e+02 1.000000000000000000e+00
2.919790263998275348e-01 1.758048540770132950e+00 1.400000000000000000e+01 1.020000000000000000e+02 1.000000000000000000e+00
7.934468456992719299e-01 3.838403198588681287e-01 9.000000000000000000e+00 1.400000000000000000e+01 1.000000000000000000e+00
5.987030865694228376e-01 1.182931059984723365e+00 1.400000000000000000e+01 6.800000000000000000e+01 1.000000000000000000e+00
2.527568627899086096e-01 6.869046503190961994e-01 2.000000000000000000e+01 1.580000000000000000e+02 1.000000000000000000e+00
6.893741220265253711e-01 8.037344980980295484e-01 2.000000000000000000e+01 1.560000000000000000e+02 1.000000000000000000e+00
3.359560169969856291e-01 1.362996454023497783e+00 1.000000000000000000e+01 8.000000000000000000e+01 1.000000000000000000e+00
3.198348666373928423e-02 8.106283121980325523e-01 7.000000000000000000e+00 1.450000000000000000e+02 1.000000000000000000e+00
2.604459935384988434e-01 1.602465267921783454e+00 1.700000000000000000e+01 1.100000000000000000e+02 1.000000000000000000e+00
4.096626682214150605e-01 8.071132779845574534e-01 1.500000000000000000e+01 7.400000000000000000e+01 1.000000000000000000e+00
5.572928758671852334e-01 1.329779389036287451e+00 1.800000000000000000e+01 7.800000000000000000e+01 1.000000000000000000e+00
6.872474899915016477e-01 1.990050479172869480e+00 7.000000000000000000e+00 1.660000000000000000e+02 1.000000000000000000e+00
7.002406592208982872e-01 2.179981129674503360e-01 8.000000000000000000e+00 1.810000000000000000e+02 1.000000000000000000e+00
8.434750092762436369e-01 1.643424618970130480e+00 1.400000000000000000e+01 1.760000000000000000e+02 1.000000000000000000e+00
2.631981399407331557e-01 1.989932967230548577e+00 1.100000000000000000e+01 9.600000000000000000e+01 1.000000000000000000e+00
1.833672650093693957e-01 1.416820554261698506e+00 1.600000000000000000e+01 1.620000000000000000e+02 1.000000000000000000e+00
8.709630351903892009e-01 9.614793560861755184e-01 7.000000000000000000e+00 2.100000000000000000e+01 1.000000000000000000e+00
9.728729700524676449e-01 1.867768873884329883e+00 1.000000000000000000e+01 1.990000000000000000e+02 1.000000000000000000e+00
7.382672115835550164e-01 4.167104520649461685e-01 9.000000000000000000e+00 4.400000000000000000e+01 1.000000000000000000e+00
8.688634178816696529e-01 1.835501794047500024e+00 1.800000000000000000e+01 1.850000000000000000e+02 1.000000000000000000e+00
1.868504340001419378e-02 8.929240550741744942e-01 1.700000000000000000e+01 1.340000000000000000e+02 1.000000000000000000e+00
8.913566508691571355e-02 1.749816632491455914e+00 1.600000000000000000e+01 9.400000000000000000e+01 1.000000000000000000e+00
8.072221223035405124e-01 1.737850866685060280e+00 1.000000000000000000e+01 2.400000000000000000e+01 1.000000000000000000e+00
5.010514445226605940e-01 1.644916532011344357e+00 2.000000000000000000e+00 1.760000000000000000e+02 1.000000000000000000e+00
1.752884882462745625e-02 9.863862193376476961e-01 1.100000000000000000e+01 9.100000000000000000e+01 1.000000000000000000e+00
9.534381257799638687e-02 1.494781265543910109e+00 1.400000000000000000e+01 1.000000000000000000e+02 1.000000000000000000e+00
2.003212430196118499e-01 1.860226051410519554e+00 1.600000000000000000e+01 1.720000000000000000e+02 1.000000000000000000e+00
8.359683933392209054e-01 2.016670018589289626e+00 1.600000000000000000e+01 1.640000000000000000e+02 2.000000000000000000e+00
1.819243716868398364e-01 1.667437766534109578e+00 6.000000000000000000e+00 1.450000000000000000e+02 2.000000000000000000e+00
5.494503076455006241e-01 2.044706600755330062e+00 1.200000000000000000e+01 5.900000000000000000e+01 2.000000000000000000e+00
6.091852098151331329e-01 3.473230033550248619e-01 6.000000000000000000e+00 5.300000000000000000e+01 2.000000000000000000e+00
6.783410311964536143e-01 9.034699186037643548e-01 7.000000000000000000e+00 5.000000000000000000e+01 2.000000000000000000e+00
5.585169340400997218e-01 1.076671497030540658e+00 1.700000000000000000e+01 1.960000000000000000e+02 2.000000000000000000e+00
5.756519091196614646e-01 1.085831223687502067e+00 1.000000000000000000e+00 1.750000000000000000e+02 2.000000000000000000e+00
9.461140872208305685e-01 8.260778446918287665e-01 3.000000000000000000e+00 1.800000000000000000e+02 2.000000000000000000e+00
1.001673911152874075e+00 1.055116760128214315e+00 2.000000000000000000e+01 5.300000000000000000e+01 2.000000000000000000e+00
4.844097087411486369e-01 8.364931876140261346e-01 4.000000000000000000e+00 1.500000000000000000e+01 2.000000000000000000e+00
5.244031897036004475e-01 3.767995056851450864e-01 1.000000000000000000e+01 2.300000000000000000e+01 2.000000000000000000e+00
2.597832945862813547e-01 9.987418058451348335e-01 9.000000000000000000e+00 1.220000000000000000e+02 2.000000000000000000e+00
9.291730709711876202e-01 1.478128128253142659e+00 1.200000000000000000e+01 1.480000000000000000e+02 2.000000000000000000e+00
2.915669387547501490e-01 1.927909771860549126e+00 9.000000000000000000e+00 5.300000000000000000e+01 2.000000000000000000e+00
2.015820002872442673e-01 2.053383943627373309e+00 6.000000000000000000e+00 2.400000000000000000e+01 2.000000000000000000e+00
5.291424283836079212e-01 1.564121530892961687e+00 9.000000000000000000e+00 1.870000000000000000e+02 2.000000000000000000e+00
4.629300730016756571e-01 5.331469470218442863e-01 1.000000000000000000e+00 1.380000000000000000e+02 2.000000000000000000e+00
7.285914439400132947e-01 1.383020293860547645e-01 1.400000000000000000e+01 1.410000000000000000e+02 2.000000000000000000e+00
9.852087678141945304e-01 1.626235779147938987e-01 1.600000000000000000e+01 1.820000000000000000e+02 2.000000000000000000e+00
1.212638195675678071e-01 1.800451272653727841e+00 1.900000000000000000e+01 1.720000000000000000e+02 2.000000000000000000e+00
9.812467951422783052e-01 5.160558691507347584e-01 2.000000000000000000e+01 6.700000000000000000e+01 2.000000000000000000e+00
7.986230506774494309e-01 8.697257150164191541e-01 8.000000000000000000e+00 6.400000000000000000e+01 2.000000000000000000e+00
1.335669986493682737e-01 1.498666372145713854e+00 1.300000000000000000e+01 1.220000000000000000e+02 2.000000000000000000e+00
1.001423185972734942e+00 9.904488905599692083e-01 9.000000000000000000e+00 6.600000000000000000e+01 2.000000000000000000e+00
1.674434993520439452e-01 1.709987264565690224e-01 1.200000000000000000e+01 1.790000000000000000e+02 2.000000000000000000e+00
6.321592359938017491e-01 6.328085474338903671e-01 1.000000000000000000e+01 1.240000000000000000e+02 2.000000000000000000e+00
6.521468946150488222e-01 3.763711600546001401e-01 3.000000000000000000e+00 2.200000000000000000e+01 2.000000000000000000e+00
9.278763842245845161e-01 2.019585460101729790e+00 9.000000000000000000e+00 1.200000000000000000e+01 2.000000000000000000e+00
1.112211958310761334e-01 1.803847870213279414e+00 1.500000000000000000e+01 1.400000000000000000e+01 2.000000000000000000e+00
9.106907960169628724e-02 6.676602072231204721e-01 6.000000000000000000e+00 2.200000000000000000e+01 2.000000000000000000e+00
8.215977150613663627e-01 2.038842012313529128e+00 1.100000000000000000e+01 9.300000000000000000e+01 2.000000000000000000e+00
8.804660230387538755e-01 7.521947456574317181e-01 5.000000000000000000e+00 1.430000000000000000e+02 2.000000000000000000e+00
3.211891147612112585e-01 8.242893631182542924e-01 6.000000000000000000e+00 1.890000000000000000e+02 2.000000000000000000e+00
1.525993359319248732e-01 5.160917615336956255e-01 3.000000000000000000e+00 4.900000000000000000e+01 2.000000000000000000e+00
9.648876259466770966e-01 5.420954803657463961e-01 7.000000000000000000e+00 1.650000000000000000e+02 2.000000000000000000e+00
6.950019268717116949e-01 1.005302429847720058e-01 5.000000000000000000e+00 1.710000000000000000e+02 2.000000000000000000e+00
4.802851431734213028e-01 7.038641733285618818e-01 1.900000000000000000e+01 1.180000000000000000e+02 2.000000000000000000e+00
5.198415147135813097e-01 3.035793987885552214e-01 1.100000000000000000e+01 7.600000000000000000e+01 2.000000000000000000e+00
2.905536657786319532e-01 1.520337787680722252e+00 8.000000000000000000e+00 1.700000000000000000e+02 2.000000000000000000e+00
8.327766573360829705e-01 1.279963960747786178e+00 1.600000000000000000e+01 6.100000000000000000e+01 2.000000000000000000e+00
2.645547064790058078e-01 1.020930200177688096e+00 1.900000000000000000e+01 1.920000000000000000e+02 2.000000000000000000e+00
7.673807471438608419e-01 1.168362728769980041e+00 8.000000000000000000e+00 1.410000000000000000e+02 2.000000000000000000e+00
5.434628066706347765e-02 1.871968767210502982e+00 1.600000000000000000e+01 1.100000000000000000e+02 2.000000000000000000e+00
6.363479314290411137e-01 1.261720836860268813e+00 2.000000000000000000e+00 1.330000000000000000e+02 2.000000000000000000e+00
1.901505927973856647e-01 9.005884009615986452e-01 1.000000000000000000e+01 1.390000000000000000e+02 2.000000000000000000e+00
8.942155749163105405e-01 1.660948661121076197e+00 5.000000000000000000e+00 9.200000000000000000e+01 2.000000000000000000e+00
2.587133537628040214e-01 1.946826999048286266e+00 1.700000000000000000e+01 1.930000000000000000e+02 2.000000000000000000e+00
8.289734937111113977e-01 2.093160931903271571e+00 9.000000000000000000e+00 3.900000000000000000e+01 2.000000000000000000e+00
8.106781453048158559e-01 6.070875745171974147e-01 1.000000000000000000e+00 1.190000000000000000e+02 2.000000000000000000e+00
9.357882712825226212e-01 5.833058106710217183e-01 9.000000000000000000e+00 2.800000000000000000e+01 2.000000000000000000e+00
6.497560600511400608e-01 9.423067885384522890e-01 1.700000000000000000e+01 3.800000000000000000e+01 3.000000000000000000e+00
1.634408251044741078e-01 1.302785369591018538e+00 2.000000000000000000e+00 1.880000000000000000e+02 3.000000000000000000e+00
9.659508815423739625e-01 1.707801413338540852e+00 3.000000000000000000e+00 8.200000000000000000e+01 3.000000000000000000e+00
4.359049765969283952e-01 5.193859984908985039e-01 1.000000000000000000e+01 6.300000000000000000e+01 3.000000000000000000e+00
9.118237126219208566e-01 1.808565749034517778e-01 1.900000000000000000e+01 3.500000000000000000e+01 3.000000000000000000e+00
6.780990634140644513e-01 1.053365388892176346e+00 1.600000000000000000e+01 1.510000000000000000e+02 3.000000000000000000e+00
2.550898165570163467e-01 1.173607806628770289e+00 2.000000000000000000e+01 1.240000000000000000e+02 3.000000000000000000e+00
9.543160722679263630e-01 1.195824961897426153e+00 2.000000000000000000e+00 1.160000000000000000e+02 3.000000000000000000e+00
1.734750571546823661e-01 1.764270569085147899e+00 1.000000000000000000e+00 1.370000000000000000e+02 3.000000000000000000e+00
8.381405311869555286e-01 2.002144935977849816e+00 2.000000000000000000e+01 1.700000000000000000e+01 3.000000000000000000e+00
3.074672550156452022e-01 1.212382117712320406e+00 1.900000000000000000e+01 1.590000000000000000e+02 3.000000000000000000e+00
9.910155119910081245e-01 1.747107149730530440e-01 1.400000000000000000e+01 4.500000000000000000e+01 3.000000000000000000e+00
8.061048657185341249e-01 1.250645947726950702e+00 2.000000000000000000e+00 6.200000000000000000e+01 3.000000000000000000e+00
4.770738981214149854e-01 1.316304585834590313e+00 7.000000000000000000e+00 1.470000000000000000e+02 3.000000000000000000e+00
1.039730138731353136e-02 1.398933453989858355e+00 3.000000000000000000e+00 1.520000000000000000e+02 3.000000000000000000e+00
6.449115194605585799e-01 1.274405359860194764e+00 1.900000000000000000e+01 9.900000000000000000e+01 3.000000000000000000e+00
7.919557460713629871e-01 2.287358225810235679e-01 1.200000000000000000e+01 9.000000000000000000e+01 3.000000000000000000e+00
4.093179919059987126e-01 8.406286965442416603e-01 1.000000000000000000e+01 1.960000000000000000e+02 3.000000000000000000e+00
3.994822966866982128e-01 5.501422528642986309e-01 1.200000000000000000e+01 2.000000000000000000e+02 3.000000000000000000e+00
2.002880854653439346e-01 1.366067806675431928e+00 6.000000000000000000e+00 1.800000000000000000e+02 3.000000000000000000e+00
1.816444241117425307e-01 1.644874132361168861e+00 4.000000000000000000e+00 1.020000000000000000e+02 3.000000000000000000e+00
9.756917234987632082e-01 1.937095977828114046e+00 5.000000000000000000e+00 1.670000000000000000e+02 3.000000000000000000e+00
6.925977366748524711e-01 7.633077901951884625e-01 1.400000000000000000e+01 1.460000000000000000e+02 3.000000000000000000e+00
1.801649164369651945e-01 1.798528369693047857e+00 1.000000000000000000e+00 1.920000000000000000e+02 3.000000000000000000e+00
9.153661054427984778e-02 1.869425250882017275e+00 3.000000000000000000e+00 1.070000000000000000e+02 3.000000000000000000e+00
1.976448806921397017e-01 1.259666302489400591e+00 3.000000000000000000e+00 8.600000000000000000e+01 3.000000000000000000e+00
8.955789684076983503e-01 1.041558653835025217e+00 1.000000000000000000e+00 1.700000000000000000e+01 3.000000000000000000e+00
9.699537602172696449e-01 1.548342089285313250e+00 8.000000000000000000e+00 1.000000000000000000e+02 3.000000000000000000e+00
4.449038717525878317e-01 6.729705667661450841e-01 2.000000000000000000e+00 1.920000000000000000e+02 3.000000000000000000e+00
9.134226418570073891e-01 5.998055639228957459e-01 1.200000000000000000e+01 6.600000000000000000e+01 3.000000000000000000e+00
1.000538079346428993e-01 3.750969080986198412e-01 1.600000000000000000e+01 1.700000000000000000e+01 3.000000000000000000e+00
5.014469311058450396e-01 8.737222354927419721e-01 5.000000000000000000e+00 1.080000000000000000e+02 3.000000000000000000e+00
1.708244558490333853e-01 1.899610995325019758e+00 1.000000000000000000e+00 1.000000000000000000e+02 3.000000000000000000e+00
4.148917070173820942e-01 9.149017585758912885e-01 5.000000000000000000e+00 6.600000000000000000e+01 3.000000000000000000e+00
9.424878806625410776e-01 2.033572433990800565e+00 5.000000000000000000e+00 4.900000000000000000e+01 3.000000000000000000e+00
2.276410381435961527e-01 1.307271654708324515e+00 1.000000000000000000e+00 1.360000000000000000e+02 3.000000000000000000e+00
9.109759900383929132e-01 7.130933775007318731e-01 1.300000000000000000e+01 1.310000000000000000e+02 3.000000000000000000e+00
1.593714715055088993e-01 2.087488466748685045e+00 4.000000000000000000e+00 1.090000000000000000e+02 3.000000000000000000e+00
5.649605290699432486e-02 1.488623670019110223e+00 9.000000000000000000e+00 1.600000000000000000e+02 3.000000000000000000e+00
3.182893643541743200e-01 2.038961696972586835e-01 1.500000000000000000e+01 2.900000000000000000e+01 3.000000000000000000e+00
7.160664803346495910e-01 6.901424185902503838e-01 1.500000000000000000e+01 8.700000000000000000e+01 3.000000000000000000e+00
6.616797801168111670e-01 8.599768724014832388e-01 1.600000000000000000e+01 9.500000000000000000e+01 3.000000000000000000e+00
7.245632519886793244e-01 5.271943526560453064e-01 8.000000000000000000e+00 1.870000000000000000e+02 3.000000000000000000e+00
6.036991329824208385e-01 1.985918527645345266e+00 4.000000000000000000e+00 4.500000000000000000e+01 3.000000000000000000e+00
9.680386876035996790e-01 1.047800226075652708e+00 7.000000000000000000e+00 5.000000000000000000e+00 3.000000000000000000e+00
6.886894951172630730e-01 1.513955896660434730e+00 7.000000000000000000e+00 1.710000000000000000e+02 3.000000000000000000e+00
9.896035604050478218e-01 1.734494361920995598e+00 1.600000000000000000e+01 1.820000000000000000e+02 3.000000000000000000e+00
4.190271194349040051e-01 5.550892865194468895e-01 9.000000000000000000e+00 8.300000000000000000e+01 3.000000000000000000e+00
9.008751119193366685e-01 4.745331154453532596e-01 1.000000000000000000e+01 6.500000000000000000e+01 3.000000000000000000e+00
4.102752023262901115e-01 2.310801948684909901e-01 5.000000000000000000e+00 1.600000000000000000e+01 3.000000000000000000e+00
3.053212741270949077e-02 8.621580788966302089e-01 1.900000000000000000e+01 1.380000000000000000e+02 4.000000000000000000e+00
8.700944920283151252e-01 1.220822019037578698e+00 2.000000000000000000e+00 1.450000000000000000e+02 4.000000000000000000e+00
6.816101584701774740e-01 6.922731007034067519e-01 1.000000000000000000e+00 1.790000000000000000e+02 4.000000000000000000e+00
9.084931705398738844e-01 1.377032934025834710e+00 4.000000000000000000e+00 7.900000000000000000e+01 4.000000000000000000e+00
7.590549999300580941e-01 1.564865797572469575e+00 1.000000000000000000e+01 6.800000000000000000e+01 4.000000000000000000e+00
5.240941510931739211e-01 1.966815729077534547e+00 1.300000000000000000e+01 6.300000000000000000e+01 4.000000000000000000e+00
6.323661340029623767e-01 7.281215545563687330e-01 2.000000000000000000e+00 1.580000000000000000e+02 4.000000000000000000e+00
7.934000917403599695e-01 1.668681163723027217e+00 9.000000000000000000e+00 7.400000000000000000e+01 4.000000000000000000e+00
8.380001695041601195e-01 1.354036750937863909e+00 1.000000000000000000e+00 9.800000000000000000e+01 4.000000000000000000e+00
8.846566139118492433e-01 1.556680041262202385e+00 9.000000000000000000e+00 1.850000000000000000e+02 4.000000000000000000e+00
8.493752255788679095e-01 1.373396842379389859e+00 6.000000000000000000e+00 1.220000000000000000e+02 4.000000000000000000e+00
3.462830561686990327e-01 1.467571838374601256e+00 6.000000000000000000e+00 2.300000000000000000e+01 4.000000000000000000e+00
4.545166753505330837e-01 1.712358376806569771e+00 1.400000000000000000e+01 1.420000000000000000e+02 4.000000000000000000e+00
4.729845884354647589e-01 2.029216516253159242e+00 1.900000000000000000e+01 1.400000000000000000e+02 4.000000000000000000e+00
5.094187087197212804e-01 1.428063251480130857e-01 2.000000000000000000e+00 1.860000000000000000e+02 4.000000000000000000e+00
9.061097200619501191e-01 1.140434756144911299e+00 2.000000000000000000e+01 1.110000000000000000e+02 4.000000000000000000e+00
9.733149185815851423e-01 1.663250662718017692e+00 1.900000000000000000e+01 6.600000000000000000e+01 4.000000000000000000e+00
1.939806624774319532e-01 1.098271679481650054e+00 3.000000000000000000e+00 3.600000000000000000e+01 4.000000000000000000e+00
5.507916178917811045e-01 1.832799874591856115e+00 3.000000000000000000e+00 5.600000000000000000e+01 4.000000000000000000e+00
9.063836094279263678e-02 1.784403798601159385e+00 1.100000000000000000e+01 3.400000000000000000e+01 4.000000000000000000e+00
9.614515303833385262e-01 4.176528935625790639e-01 1.400000000000000000e+01 1.700000000000000000e+02 4.000000000000000000e+00
1.002208526471618372e-01 1.640831979373355010e+00 1.100000000000000000e+01 1.340000000000000000e+02 4.000000000000000000e+00
9.223457691378219581e-01 2.077724830374187093e+00 6.000000000000000000e+00 1.550000000000000000e+02 4.000000000000000000e+00
6.875697234028707028e-01 1.044351622206493468e+00 5.000000000000000000e+00 9.200000000000000000e+01 4.000000000000000000e+00
4.257026711317612316e-02 1.928875451831170429e-01 8.000000000000000000e+00 1.140000000000000000e+02 4.000000000000000000e+00
9.680196385359491895e-01 1.583203641182601595e+00 2.000000000000000000e+01 1.920000000000000000e+02 4.000000000000000000e+00
5.781595350914315867e-01 1.930462727639492115e+00 1.700000000000000000e+01 1.580000000000000000e+02 4.000000000000000000e+00
4.537322644770939162e-01 8.828817213704599487e-01 6.000000000000000000e+00 6.000000000000000000e+01 4.000000000000000000e+00
6.141477726255241132e-01 1.631598044784608570e+00 1.100000000000000000e+01 1.670000000000000000e+02 4.000000000000000000e+00
4.904344869954989639e-01 7.020956298119479522e-01 1.600000000000000000e+01 3.900000000000000000e+01 4.000000000000000000e+00
1.477028312455463087e-02 6.355866965165922755e-01 1.600000000000000000e+01 1.460000000000000000e+02 4.000000000000000000e+00
4.821270221686834168e-01 1.932541896761377886e+00 4.000000000000000000e+00 4.400000000000000000e+01 4.000000000000000000e+00
6.238378537450928185e-01 1.728555497658625095e-01 1.000000000000000000e+00 1.650000000000000000e+02 4.000000000000000000e+00
7.852311794912097964e-01 1.432150351160304647e+00 1.800000000000000000e+01 9.300000000000000000e+01 4.000000000000000000e+00
6.907086618356018670e-01 1.823832920692805670e+00 5.000000000000000000e+00 1.320000000000000000e+02 4.000000000000000000e+00
4.084258700423747390e-01 1.606027967267116940e+00 1.100000000000000000e+01 5.700000000000000000e+01 4.000000000000000000e+00
4.064303038691861047e-01 1.508642672990624600e+00 1.000000000000000000e+01 8.200000000000000000e+01 4.000000000000000000e+00
9.139932125548398678e-02 1.498345152070548858e+00 9.000000000000000000e+00 3.000000000000000000e+01 4.000000000000000000e+00
9.290759260685358401e-01 1.899994413973961349e-01 4.000000000000000000e+00 3.000000000000000000e+00 4.000000000000000000e+00
1.888345678636731417e-01 5.695380565731583689e-01 8.000000000000000000e+00 7.000000000000000000e+01 4.000000000000000000e+00
5.740217789472445292e-02 2.019007173515295683e+00 1.200000000000000000e+01 1.730000000000000000e+02 4.000000000000000000e+00
2.872542366079974263e-01 2.086301949695944291e+00 1.500000000000000000e+01 1.160000000000000000e+02 4.000000000000000000e+00
7.444671786405564484e-01 1.156354763734555036e+00 1.400000000000000000e+01 1.940000000000000000e+02 4.000000000000000000e+00
8.110705678154459530e-01 5.233388331300080631e-01 1.100000000000000000e+01 1.330000000000000000e+02 4.000000000000000000e+00
4.156405837216846644e-01 1.663889942838756797e+00 2.000000000000000000e+01 9.500000000000000000e+01 4.000000000000000000e+00
3.305263833122326078e-01 1.177742613001962368e+00 9.000000000000000000e+00 1.270000000000000000e+02 4.000000000000000000e+00
5.736051418076213437e-01 1.447288938598267016e+00 7.000000000000000000e+00 1.400000000000000000e+02 4.000000000000000000e+00
5.611995481502549676e-01 1.646261825541244228e+00 1.100000000000000000e+01 3.000000000000000000e+01 4.000000000000000000e+00
6.175292235638021321e-01 8.967452710238154046e-01 1.900000000000000000e+01 1.180000000000000000e+02 4.000000000000000000e+00
6.723513393330581012e-02 1.785918641907868532e+00 1.700000000000000000e+01 1.990000000000000000e+02 4.000000000000000000e+00
