2.125335561203433032e-01 1.086745709500420931e+00 1.700000000000000000e+01 6.900000000000000000e+01 0.000000000000000000e+00
7.417585222460730543e-02 7.515761307666087854e-01 5.000000000000000000e+00 6.700000000000000000e+01 0.000000000000000000e+00
3.607268251187946140e-01 5.343650526089868125e-01 1.800000000000000000e+01 2.600000000000000000e+01 0.000000000000000000e+00
1.011723650223122911e-01 6.805099775991892974e-01 1.400000000000000000e+01 5.600000000000000000e+01 0.000000000000000000e+00
2.580948792493324984e-01 2.061462376124695073e+00 1.000000000000000000e+00 9.900000000000000000e+01 0.000000000000000000e+00
5.756273152166216933e-01 3.637270510810320934e-01 1.700000000000000000e+01 5.000000000000000000e+01 0.000000000000000000e+00
4.300151761532929884e-01 1.166486881235633932e+00 1.700000000000000000e+01 4.800000000000000000e+01 0.000000000000000000e+00
3.808138034786441306e-01 6.321051188095282436e-01 5.000000000000000000e+00 1.970000000000000000e+02 0.000000000000000000e+00
6.608409125058316569e-01 3.953472072769371737e-01 1.200000000000000000e+01 1.150000000000000000e+02 0.000000000000000000e+00
9.613393524435214221e-01 2.020549665927540595e+00 4.000000000000000000e+00 1.680000000000000000e+02 0.000000000000000000e+00
8.865518445030913242e-01 1.532246477560487818e+00 1.700000000000000000e+01 5.300000000000000000e+01 0.000000000000000000e+00
8.027714614020781125e-01 1.567230031437431448e+00 1.000000000000000000e+01 1.880000000000000000e+02 0.000000000000000000e+00
6.638177377356656583e-01 1.629144404121304568e+00 2.000000000000000000e+00 1.870000000000000000e+02 0.000000000000000000e+00
4.946824468906054761e-01 1.417406538837427066e+00 1.800000000000000000e+01 1.950000000000000000e+02 0.000000000000000000e+00
2.683391955502401061e-01 1.973433882816346463e+00 1.000000000000000000e+01 1.760000000000000000e+02 0.000000000000000000e+00
4.294194878175066066e-01 7.701103403486707633e-01 1.800000000000000000e+01 5.100000000000000000e+01 0.000000000000000000e+00
3.893607041848039518e-01 1.631587455295950007e-01 2.000000000000000000e+01 8.100000000000000000e+01 0.000000000000000000e+00
5.889580601548939365e-01 4.553672288494882148e-01 8.000000000000000000e+00 1.260000000000000000e+02 0.000000000000000000e+00
4.299413578668523916e-01 3.226454169355302826e-01 4.000000000000000000e+00 1.740000000000000000e+02 0.000000000000000000e+00
8.852113241758654549e-01 1.042836206608595218e+00 1.300000000000000000e+01 1.040000000000000000e+02 0.000000000000000000e+00
6.126965438087321747e-01 1.607030883194700888e+00 1.100000000000000000e+01 7.600000000000000000e+01 0.000000000000000000e+00
3.140118058362103559e-01 2.098337044886563252e+00 2.000000000000000000e+01 1.260000000000000000e+02 0.000000000000000000e+00
3.024199894042592929e-01 1.731537659767174164e-01 2.000000000000000000e+00 1.230000000000000000e+02 0.000000000000000000e+00
4.674333934251067024e-01 1.757539604954833357e-01 1.200000000000000000e+01 1.740000000000000000e+02 0.000000000000000000e+00
5.740094582336898732e-01 9.583820970070894285e-01 8.000000000000000000e+00 1.040000000000000000e+02 0.000000000000000000e+00
2.037298375143299367e-01 9.870406235545433615e-01 1.900000000000000000e+01 8.600000000000000000e+01 0.000000000000000000e+00
5.956334203745132783e-01 7.671900737321731834e-01 1.300000000000000000e+01 5.600000000000000000e+01 0.000000000000000000e+00
9.147940277426231948e-01 1.709915346351785104e+00 1.000000000000000000e+00 1.870000000000000000e+02 0.000000000000000000e+00
2.558237839476297237e-01 1.833246193628161214e+00 7.000000000000000000e+00 1.600000000000000000e+01 0.000000000000000000e+00
7.324401836920488851e-01 1.458039597038375046e+00 8.000000000000000000e+00 1.470000000000000000e+02 0.000000000000000000e+00
5.007331983252010232e-01 1.136008987658713831e+00 4.000000000000000000e+00 6.300000000000000000e+01 0.000000000000000000e+00
9.008394619763279154e-01 5.628365269326699449e-01 1.700000000000000000e+01 1.920000000000000000e+02 0.000000000000000000e+00
6.103135575128026957e-01 8.784988313641050039e-01 1.200000000000000000e+01 1.450000000000000000e+02 0.000000000000000000e+00
8.151001218422451178e-01 1.389486256756814475e+00 1.300000000000000000e+01 1.900000000000000000e+01 0.000000000000000000e+00
2.370437921765121692e-01 7.867243057687919316e-01 8.000000000000000000e+00 1.810000000000000000e+02 0.000000000000000000e+00
5.754493530472519769e-01 7.442973923415246995e-01 1.400000000000000000e+01 7.200000000000000000e+01 0.000000000000000000e+00
2.966485490537130731e-01 1.130611308798288084e+00 9.000000000000000000e+00 4.300000000000000000e+01 0.000000000000000000e+00
2.865227753584578263e-01 1.721220078151453947e+00 1.600000000000000000e+01 1.970000000000000000e+02 0.000000000000000000e+00
1.552664193406086968e-01 1.640335171674755177e+00 1.500000000000000000e+01 1.500000000000000000e+02 0.000000000000000000e+00
3.869519770476201881e-01 1.370596409510865810e+00 1.900000000000000000e+01 3.900000000000000000e+01 0.000000000000000000e+00
1.449667579902303993e-01 1.587521980021006529e+00 1.200000000000000000e+01 1.000000000000000000e+01 0.000000000000000000e+00
8.083925208649700433e-01 1.013399640512091082e+00 2.000000000000000000e+00 3.100000000000000000e+01 0.000000000000000000e+00
9.014986750040253627e-01 1.134174214409392756e-01 1.500000000000000000e+01 6.600000000000000000e+01 0.000000000000000000e+00
7.507451392807913404e-01 1.801489272049247470e+00 1.000000000000000000e+01 1.240000000000000000e+02 0.000000000000000000e+00
8.902249489764099133e-01 1.102608130287813015e+00 1.300000000000000000e+01 1.020000000000000000e+02 0.000000000000000000e+00
2.484367344908117170e-01 1.389327309934696109e+00 1.600000000000000000e+01 1.750000000000000000e+02 0.000000000000000000e+00
6.851209919227546630e-01 1.349946648104332070e+00 2.000000000000000000e+01 5.700000000000000000e+01 0.000000000000000000e+00
5.177377816982141612e-01 1.503201962329539843e+00 1.400000000000000000e+01 3.300000000000000000e+01 0.000000000000000000e+00
8.748448110453020954e-01 2.086571272628943152e+00 2.000000000000000000e+01 2.300000000000000000e+01 0.000000000000000000e+00
8.250264045380580891e-01 5.539221459653230761e-01 1.000000000000000000e+00 1.370000000000000000e+02 0.000000000000000000e+00
9.658569838782252726e-01 1.441251092483054608e+00 9.000000000000000000e+00 1.660000000000000000e+02 1.000000000000000000e+00
8.572310370895879217e-01 1.811187134241080576e+00 6.000000000000000000e+00 1.700000000000000000e+02 1.000000000000000000e+00
5.023973171343812938e-01 1.654360136017184901e+00 9.000000000000000000e+00 1.530000000000000000e+02 1.000000000000000000e+00
5.984171830374529488e-01 1.570777915927238644e-01 9.000000000000000000e+00 1.840000000000000000e+02 1.000000000000000000e+00
2.963218598315544572e-01 1.947658152324948766e+00 1.400000000000000000e+01 1.390000000000000000e+02 1.000000000000000000e+00
4.442239536384871013e-01 5.575773617441922569e-01 5.000000000000000000e+00 5.900000000000000000e+01 1.000000000000000000e+00
1.870229814330514051e-01 1.305798731075266783e+00 1.000000000000000000e+00 4.600000000000000000e+01 1.000000000000000000e+00
8.981256903297842875e-01 1.097972710681755171e+00 6.000000000000000000e+00 1.040000000000000000e+02 1.000000000000000000e+00
3.521421100159226603e-01 1.453698349188900396e+00 8.000000000000000000e+00 4.800000000000000000e+01 1.000000000000000000e+00
6.450010485496479040e-01 5.347110306993828610e-01 2.000000000000000000e+00 6.100000000000000000e+01 1.000000000000000000e+00
2.933538266462160093e-01 1.000124686494164861e+00 1.800000000000000000e+01 1.620000000000000000e+02 1.000000000000000000e+00
1.286011862949222317e-01 1.309685107130466930e+00 1.600000000000000000e+01 1.140000000000000000e+02 1.000000000000000000e+00
6.453735090351616632e-01 6.445738649967268641e-01 4.000000000000000000e+00 9.200000000000000000e+01 1.000000000000000000e+00
6.249278670299933669e-01 9.669829148406613450e-01 1.900000000000000000e+01 1.210000000000000000e+02 1.000000000000000000e+00
5.075080854050083579e-01 2.012344731016625643e-01 1.200000000000000000e+01 1.890000000000000000e+02 1.000000000000000000e+00
4.515657191503253953e-01 1.881887015893244364e+00 1.100000000000000000e+01 1.550000000000000000e+02 1.000000000000000000e+00
9.364542180036759811e-02 3.878074533644954025e-01 1.100000000000000000e+01 5.000000000000000000e+00 1.000000000000000000e+00
2.206678235587751225e-01 1.001472985520928338e+00 2.000000000000000000e+00 2.000000000000000000e+01 1.000000000000000000e+00
4.109758932174133461e-01 1.329535910602874793e+00 7.000000000000000000e+00 4.100000000000000000e+01 1.000000000000000000e+00
5.058185967537642824e-01 1.866369307213636919e+00 1.000000000000000000e+01 3.000000000000000000e+00 1.000000000000000000e+00
3.881632664223726437e-01 5.720606534098876539e-01 5.000000000000000000e+00 1.900000000000000000e+01 1.000000000000000000e+00
6.751484549319500816e-01 2.004127239076375633e-01 1.100000000000000000e+01 1.500000000000000000e+01 1.000000000000000000e+00
3.159300424681639186e-01 1.017284781017902429e+00 1.700000000000000000e+01 6.500000000000000000e+01 1.000000000000000000e+00
9.184176373361272461e-01 1.868042656106849053e+00 1.900000000000000000e+01 1.700000000000000000e+01 1.000000000000000000e+00
8.424092940314943379e-01 9.873404566858047238e-01 5.000000000000000000e+00 7.500000000000000000e+01 1.000000000000000000e+00
8.971151090823095142e-01 7.348993350184950257e-01 4.000000000000000000e+00 3.500000000000000000e+01 1.000000000000000000e+00
7.575188040388449728e-01 1.103806056738135810e+00 5.000000000000000000e+00 1.870000000000000000e+02 1.000000000000000000e+00
5.531254015607860453e-01 5.204143901157202157e-01 1.000000000000000000e+00 1.820000000000000000e+02 1.000000000000000000e+00
1.064499759293884157e-01 1.634769210605417245e+00 1.000000000000000000e+00 8.000000000000000000e+01 1.000000000000000000e+00
9.721900199486726013e-01 1.646467916553280064e+00 1.000000000000000000e+01 1.870000000000000000e+02 1.000000000000000000e+00
5.605807492076004817e-01 9.461354821741491117e-01 1.300000000000000000e+01 1.190000000000000000e+02 1.000000000000000000e+00
3.456019901015398021e-01 2.604337885976061306e-01 1.200000000000000000e+01 1.250000000000000000e+02 1.000000000000000000e+00
8.570827205832227680e-01 1.079515605392779298e-01 1.400000000000000000e+01 1.120000000000000000e+02 1.000000000000000000e+00
1.984879520605199454e-01 1.658716477995959337e+00 1.500000000000000000e+01 1.840000000000000000e+02 1.000000000000000000e+00
7.746833970064762598e-01 1.788168760237951904e+00 1.200000000000000000e+01 1.340000000000000000e+02 1.000000000000000000e+00
6.509904494830094368e-01 1.733717076469252660e+00 1.000000000000000000e+00 4.000000000000000000e+00 1.000000000000000000e+00
7.267285900107867125e-01 3.394931067779035638e-01 1.800000000000000000e+01 9.000000000000000000e+01 1.000000000000000000e+00
1.366873315107356435e-01 1.674794142921310902e+00 1.800000000000000000e+01 1.900000000000000000e+02 1.000000000000000000e+00
1.714861732143999618e-01 1.500849523170601219e-01 1.200000000000000000e+01 5.300000000000000000e+01 1.000000000000000000e+00
8.690470689357169265e-01 7.601259833942307642e-01 8.000000000000000000e+00 1.320000000000000000e+02 1.000000000000000000e+00
9.573947188950371334e-01 1.431217936193356355e+00 4.000000000000000000e+00 1.970000000000000000e+02 1.000000000000000000e+00
8.117132202354629955e-01 1.249162348721239102e+00 1.300000000000000000e+01 1.300000000000000000e+01 1.000000000000000000e+00
9.016856473313915321e-02 1.232609615479349108e+00 1.100000000000000000e+01 1.400000000000000000e+01 1.000000000000000000e+00
5.255586537942321668e-01 1.376729411841654260e-01 1.900000000000000000e+01 6.700000000000000000e+01 1.000000000000000000e+00
5.521513992963499318e-01 1.697667998690003621e+00 1.300000000000000000e+01 1.550000000000000000e+02 1.000000000000000000e+00
4.662732649074166069e-01 1.683377689419149004e+00 5.000000000000000000e+00 3.100000000000000000e+01 1.000000000000000000e+00
8.777605360180849858e-02 2.257588036008270349e-01 1.000000000000000000e+01 3.900000000000000000e+01 1.000000000000000000e+00
8.640459916404185092e-01 2.006820152809677626e+00 5.000000000000000000e+00 3.800000000000000000e+01 1.000000000000000000e+00
5.312787480405970486e-01 1.057660376354247200e-01 4.000000000000000000e+00 1.930000000000000000e+02 1.000000000000000000e+00
6.015903040003026669e-01 1.390292312373165196e+00 1.400000000000000000e+01 1.090000000000000000e+02 1.000000000000000000e+00
4.580488139875739106e-01 7.073813831107070849e-01 1.900000000000000000e+01 1.300000000000000000e+01 2.000000000000000000e+00
1.041118593869479886e-01 2.077740417455291144e+00 1.700000000000000000e+01 1.180000000000000000e+02 2.000000000000000000e+00
5.123083066177723799e-01 1.704646298315121378e+00 1.800000000000000000e+01 1.970000000000000000e+02 2.000000000000000000e+00
5.131960177699752546e-01 1.518829182992264881e+00 4.000000000000000000e+00 1.700000000000000000e+01 2.000000000000000000e+00
6.373566573167390725e-01 4.530351740682537764e-01 1.500000000000000000e+01 6.700000000000000000e+01 2.000000000000000000e+00
9.196100686668764457e-01 4.563570157475155264e-01 1.700000000000000000e+01 1.930000000000000000e+02 2.000000000000000000e+00
4.292274701819801530e-01 1.809639236100978321e+00 1.300000000000000000e+01 2.600000000000000000e+01 2.000000000000000000e+00
3.891518310638850675e-01 8.798085454013050422e-01 1.000000000000000000e+00 1.790000000000000000e+02 2.000000000000000000e+00
2.032694595748451433e-02 1.967083023995459756e+00 1.300000000000000000e+01 6.700000000000000000e+01 2.000000000000000000e+00
8.903006923318922128e-02 1.127466850014899880e+00 2.000000000000000000e+00 1.230000000000000000e+02 2.000000000000000000e+00
1.409271831013567677e-01 1.493721503008020035e-01 4.000000000000000000e+00 6.500000000000000000e+01 2.000000000000000000e+00
3.949784074670503048e-02 7.168539352590942437e-01 7.000000000000000000e+00 2.300000000000000000e+01 2.000000000000000000e+00
8.917790558918107235e-01 1.972706064786077462e+00 1.700000000000000000e+01 1.290000000000000000e+02 2.000000000000000000e+00
6.025054120491269982e-01 3.683765420805659163e-01 6.000000000000000000e+00 8.300000000000000000e+01 2.000000000000000000e+00
5.777968886516520186e-01 1.653212284267286503e+00 9.000000000000000000e+00 1.020000000000000000e+02 2.000000000000000000e+00
7.924106117508302738e-01 4.109392739946634565e-01 1.100000000000000000e+01 4.000000000000000000e+01 2.000000000000000000e+00
1.263033643817766949e-01 5.266108394540333082e-01 1.500000000000000000e+01 1.120000000000000000e+02 2.000000000000000000e+00
8.140089365633135232e-01 2.065192815230213752e-01 1.800000000000000000e+01 1.090000000000000000e+02 2.000000000000000000e+00
4.614879690728871386e-01 6.233816522692728901e-01 3.000000000000000000e+00 1.990000000000000000e+02 2.000000000000000000e+00
6.345524998864831012e-01 7.715520414982740549e-01 2.000000000000000000e+01 1.760000000000000000e+02 2.000000000000000000e+00
6.607905017755979493e-01 1.075858024177001937e+00 7.000000000000000000e+00 1.380000000000000000e+02 2.000000000000000000e+00
4.257058844192369573e-01 1.677917332336505529e+00 3.000000000000000000e+00 1.070000000000000000e+02 2.000000000000000000e+00
3.424332697604840492e-01 1.424557558319625938e+00 9.000000000000000000e+00 1.050000000000000000e+02 2.000000000000000000e+00
4.972431117805448109e-01 1.412799614724216557e+00 1.300000000000000000e+01 6.900000000000000000e+01 2.000000000000000000e+00
9.057678320068521804e-01 2.670106931507091330e-01 6.000000000000000000e+00 1.670000000000000000e+02 2.000000000000000000e+00
6.517809370105476230e-01 6.640048990672432483e-01 1.600000000000000000e+01 1.670000000000000000e+02 2.000000000000000000e+00
7.983578043098869814e-02 2.474725993155534598e-01 1.000000000000000000e+01 9.600000000000000000e+01 2.000000000000000000e+00
6.116524966474181646e-01 3.949641287539210621e-01 1.000000000000000000e+00 4.900000000000000000e+01 2.000000000000000000e+00
1.400517858605867527e-01 2.179963055170445474e-01 2.000000000000000000e+00 1.440000000000000000e+02 2.000000000000000000e+00
7.981088446160787830e-01 1.118019287346242674e+00 8.000000000000000000e+00 8.400000000000000000e+01 2.000000000000000000e+00
2.893793046782429101e-01 1.682441452029147300e+00 2.000000000000000000e+00 9.000000000000000000e+01 2.000000000000000000e+00
1.117035074178961661e-02 6.299225369998896484e-01 1.900000000000000000e+01 4.200000000000000000e+01 2.000000000000000000e+00
2.620405229861444418e-01 1.919680289411092255e+00 3.000000000000000000e+00 1.150000000000000000e+02 2.000000000000000000e+00
9.723058473663006573e-01 1.965821577142996546e+00 1.500000000000000000e+01 1.350000000000000000e+02 2.000000000000000000e+00
6.231795429466592262e-01 1.378915375084113215e+00 1.200000000000000000e+01 5.900000000000000000e+01 2.000000000000000000e+00
3.764291426399957174e-01 2.007428122326251785e+00 1.000000000000000000e+01 1.360000000000000000e+02 2.000000000000000000e+00
3.846088294170885158e-01 1.586295069820294668e+00 2.000000000000000000e+00 1.000000000000000000e+02 2.000000000000000000e+00
6.392552047943242943e-01 6.219313448630329200e-01 2.000000000000000000e+00 4.500000000000000000e+01 2.000000000000000000e+00
8.339935775194456946e-01 1.592303883859600866e+00 1.900000000000000000e+01 1.790000000000000000e+02 2.000000000000000000e+00
9.274231545934291665e-01 1.896331384644290630e+00 1.000000000000000000e+00 7.100000000000000000e+01 2.000000000000000000e+00
4.554707830875567298e-01 1.769910062848739862e+00 1.700000000000000000e+01 5.200000000000000000e+01 2.000000000000000000e+00
6.486401693121311707e-02 1.445941783252234325e+00 1.300000000000000000e+01 1.100000000000000000e+01 2.000000000000000000e+00
3.604027327285433957e-01 1.924659183910697013e+00 4.000000000000000000e+00 1.900000000000000000e+02 2.000000000000000000e+00
1.026569641427947793e-01 1.523610291184029464e+00 6.000000000000000000e+00 7.000000000000000000e+00 2.000000000000000000e+00
6.935776100482938800e-01 1.527226124560865816e+00 1.600000000000000000e+01 1.000000000000000000e+01 2.000000000000000000e+00
2.292415806572574155e-01 5.413452093713840840e-01 1.400000000000000000e+01 2.000000000000000000e+00 2.000000000000000000e+00
1.232444723569802413e-02 1.505901362641771213e+00 3.000000000000000000e+00 9.000000000000000000e+00 2.000000000000000000e+00
4.772015848200859001e-01 8.248653713673993471e-01 8.000000000000000000e+00 9.000000000000000000e+00 2.000000000000000000e+00
4.686076718692174792e-01 2.765924071574007437e-01 1.400000000000000000e+01 1.840000000000000000e+02 2.000000000000000000e+00
7.754885283308140531e-01 1.594446779271653514e-01 1.400000000000000000e+01 1.160000000000000000e+02 2.000000000000000000e+00
8.053295011186841768e-01 1.782402701236893261e+00 4.000000000000000000e+00 7.200000000000000000e+01 3.000000000000000000e+00
6.343536824058648715e-01 4.955736309065349454e-01 2.000000000000000000e+00 1.140000000000000000e+02 3.000000000000000000e+00
8.454190831705175879e-02 1.065837250421396709e-01 1.700000000000000000e+01 1.400000000000000000e+02 3.000000000000000000e+00
3.426433789350494807e-01 1.774062942801389875e+00 7.000000000000000000e+00 5.600000000000000000e+01 3.000000000000000000e+00
4.084941567375063309e-01 1.574404911902026916e+00 4.000000000000000000e+00 8.800000000000000000e+01 3.000000000000000000e+00
1.346201268777138527e-01 1.657863379750317501e+00 6.000000000000000000e+00 1.870000000000000000e+02 3.000000000000000000e+00
5.959284444228557520e-01 1.893970201173450496e+00 1.900000000000000000e+01 6.000000000000000000e+00 3.000000000000000000e+00
4.838304050900833486e-01 1.689016137155627373e+00 1.500000000000000000e+01 1.100000000000000000e+02 3.000000000000000000e+00
8.282937871901852045e-01 1.992904878841922134e+00 1.400000000000000000e+01 1.490000000000000000e+02 3.000000000000000000e+00
9.274492839035889391e-01 2.567401699358567990e-01 6.000000000000000000e+00 7.000000000000000000e+01 3.000000000000000000e+00
6.191302740898476653e-01 1.896317430633888357e+00 1.000000000000000000e+01 1.600000000000000000e+02 3.000000000000000000e+00
3.056221078876146802e-01 3.937290323148853188e-01 1.100000000000000000e+01 1.390000000000000000e+02 3.000000000000000000e+00
6.677002881454471295e-01 5.995808599474680145e-01 1.900000000000000000e+01 7.900000000000000000e+01 3.000000000000000000e+00
9.270091278681912295e-01 1.641102030964932235e+00 1.500000000000000000e+01 1.980000000000000000e+02 3.000000000000000000e+00
9.708779630922002857e-02 1.874836071452626873e+00 7.000000000000000000e+00 1.210000000000000000e+02 3.000000000000000000e+00
6.560355924851537512e-01 1.688304305112659220e-01 1.200000000000000000e+01 6.000000000000000000e+01 3.000000000000000000e+00
4.573480201455163430e-01 1.898938098816332909e+00 1.300000000000000000e+01 7.600000000000000000e+01 3.000000000000000000e+00
7.297423827587273815e-01 1.339191131821520386e+00 1.400000000000000000e+01 1.580000000000000000e+02 3.000000000000000000e+00
9.307758036553142045e-01 3.449968710352914192e-01 1.700000000000000000e+01 1.940000000000000000e+02 3.000000000000000000e+00
3.108441998182699395e-01 6.766242620573111877e-01 1.900000000000000000e+01 9.200000000000000000e+01 3.000000000000000000e+00
5.155591237302469265e-01 8.569365610152349655e-01 1.200000000000000000e+01 1.080000000000000000e+02 3.000000000000000000e+00
2.128429302236239939e-01 7.011199439062810734e-01 1.700000000000000000e+01 4.400000000000000000e+01 3.000000000000000000e+00
7.169748108850105828e-01 1.202251116880735049e+00 5.000000000000000000e+00 1.050000000000000000e+02 3.000000000000000000e+00
4.145735625286448567e-01 1.832435868462465534e+00 8.000000000000000000e+00 1.830000000000000000e+02 3.000000000000000000e+00
3.583451186810382438e-01 1.576683724128192354e+00 1.200000000000000000e+01 4.700000000000000000e+01 3.000000000000000000e+00
5.902473872280181721e-01 7.744632987789902279e-01 6.000000000000000000e+00 1.600000000000000000e+01 3.000000000000000000e+00
4.711271962137418834e-01 5.156959727797295612e-01 1.000000000000000000e+01 2.000000000000000000e+01 3.000000000000000000e+00
6.747857084756686552e-01 3.604963424894741530e-01 7.000000000000000000e+00 1.720000000000000000e+02 3.000000000000000000e+00
5.914245371610012958e-01 1.946486302071158969e-01 1.100000000000000000e+01 1.270000000000000000e+02 3.000000000000000000e+00
6.486020184176923831e-01 1.452761129096650006e+00 9.000000000000000000e+00 6.000000000000000000e+00 3.000000000000000000e+00
6.832334968360112004e-01 1.443040216195850878e+00 3.000000000000000000e+00 3.100000000000000000e+01 3.000000000000000000e+00
6.435434306178114960e-01 1.825801015936277638e+00 1.600000000000000000e+01 1.240000000000000000e+02 3.000000000000000000e+00
3.058940590252345187e-02 3.768326541866403590e-01 1.900000000000000000e+01 1.490000000000000000e+02 3.000000000000000000e+00
5.352523004385379979e-01 1.566445533278663982e+00 7.000000000000000000e+00 4.700000000000000000e+01 3.000000000000000000e+00
4.677675595301222095e-02 1.488505020356333697e+00 1.900000000000000000e+01 1.700000000000000000e+02 3.000000000000000000e+00
6.767917337794969457e-02 2.086764921967794173e+00 8.000000000000000000e+00 1.140000000000000000e+02 3.000000000000000000e+00
6.590456860337545741e-01 1.757331564944580204e+00 1.800000000000000000e+01 9.400000000000000000e+01 3.000000000000000000e+00
6.087062586636351469e-01 1.417987669394527916e+00 5.000000000000000000e+00 1.020000000000000000e+02 3.000000000000000000e+00
3.545925207263161960e-01 1.253208375681598596e+00 1.100000000000000000e+01 3.000000000000000000e+00 3.000000000000000000e+00
7.643131945603897082e-01 8.772807986899046062e-01 1.300000000000000000e+01 2.700000000000000000e+01 3.000000000000000000e+00
5.216462636198648806e-01 7.326231638914432187e-01 1.000000000000000000e+00 1.300000000000000000e+02 3.000000000000000000e+00
4.858014859741793812e-01 1.885643289296002001e+00 1.800000000000000000e+01 6.100000000000000000e+01 3.000000000000000000e+00
7.315590719321141133e-01 1.164366715760462301e-01 9.000000000000000000e+00 2.800000000000000000e+01 3.000000000000000000e+00
5.723447163523167625e-01 4.562880245034607318e-01 4.000000000000000000e+00 3.100000000000000000e+01 3.000000000000000000e+00
9.290711460968680002e-02 1.108503679390114627e+00 1.900000000000000000e+01 7.600000000000000000e+01 3.000000000000000000e+00
1.340233987220782463e-01 8.349158497655172484e-01 1.300000000000000000e+01 1.750000000000000000e+02 3.000000000000000000e+00
3.622913861541015024e-01 5.755746616771754143e-01 9.000000000000000000e+00 1.260000000000000000e+02 3.000000000000000000e+00
9.657329618975971641e-01 7.217609307196172219e-01 1.800000000000000000e+01 1.670000000000000000e+02 3.000000000000000000e+00
4.710389266579617651e-01 1.537471637456710338e+00 1.300000000000000000e+01 1.110000000000000000e+02 3.000000000000000000e+00
6.497406321204631796e-01 5.809921222982871170e-01 1.900000000000000000e+01 3.200000000000000000e+01 3.000000000000000000e+00
7.795250092431686983e-01 4.143295346688989911e-01 1.200000000000000000e+01 9.000000000000000000e+00 4.000000000000000000e+00
6.486163671787668061e-01 3.334200261000513921e-01 1.200000000000000000e+01 4.000000000000000000e+00 4.000000000000000000e+00
3.772296932021545340e-02 6.754109674550944353e-01 1.800000000000000000e+01 2.300000000000000000e+01 4.000000000000000000e+00
8.511964799769169421e-01 2.086624491252798475e+00 1.500000000000000000e+01 1.410000000000000000e+02 4.000000000000000000e+00
4.644644158704022141e-01 2.222075769663530986e-01 1.200000000000000000e+01 1.710000000000000000e+02 4.000000000000000000e+00
7.672254875870663238e-01 2.560289368732128201e-01 9.000000000000000000e+00 1.500000000000000000e+02 4.000000000000000000e+00
9.057522619318419954e-01 2.502686171290139372e-01 1.000000000000000000e+01 4.300000000000000000e+01 4.000000000000000000e+00
6.397412726600212318e-01 1.520612189921128066e-01 1.000000000000000000e+00 1.570000000000000000e+02 4.000000000000000000e+00
6.571390439653929105e-01 1.356138904240293375e+00 7.000000000000000000e+00 1.810000000000000000e+02 4.000000000000000000e+00
7.043999649617536107e-01 1.645767631231131567e+00 4.000000000000000000e+00 3.400000000000000000e+01 4.000000000000000000e+00
5.569899571509593361e-01 1.904785648602045800e+00 1.600000000000000000e+01 9.800000000000000000e+01 4.000000000000000000e+00
9.794910046078133536e-01 8.907307377313903318e-01 1.000000000000000000e+01 5.000000000000000000e+01 4.000000000000000000e+00
1.648442907918765687e-01 1.475457820008160503e+00 3.000000000000000000e+00 1.950000000000000000e+02 4.000000000000000000e+00
6.235080987093034599e-01 4.296365267909046937e-01 6.000000000000000000e+00 1.100000000000000000e+02 4.000000000000000000e+00
6.798711452921023524e-01 1.756067400800852329e+00 1.500000000000000000e+01 7.400000000000000000e+01 4.000000000000000000e+00
9.717706657324602926e-01 8.657378853557594622e-01 8.000000000000000000e+00 4.600000000000000000e+01 4.000000000000000000e+00
1.355603636956441704e-01 1.803090741383310602e+00 1.500000000000000000e+01 1.560000000000000000e+02 4.000000000000000000e+00
7.403350622909050660e-01 1.866174368186467092e+00 1.800000000000000000e+01 1.430000000000000000e+02 4.000000000000000000e+00
8.366565989912076728e-02 1.860073662019564367e+00 3.000000000000000000e+00 9.700000000000000000e+01 4.000000000000000000e+00
8.048547804243143255e-02 5.400818630831721867e-01 9.000000000000000000e+00 1.920000000000000000e+02 4.000000000000000000e+00
2.397521240461490954e-01 3.293321686447955310e-01 5.000000000000000000e+00 1.180000000000000000e+02 4.000000000000000000e+00
4.959646066321941049e-01 6.154963816975241864e-01 1.100000000000000000e+01 6.100000000000000000e+01 4.000000000000000000e+00
2.540645471110638542e-01 1.926416111641340745e+00 1.400000000000000000e+01 1.290000000000000000e+02 4.000000000000000000e+00
2.945821352619341083e-01 8.086311289992899054e-01 9.000000000000000000e+00 9.400000000000000000e+01 4.000000000000000000e+00
4.402499025100196084e-01 1.374156926560167191e+00 1.500000000000000000e+01 4.700000000000000000e+01 4.000000000000000000e+00
5.714170739244520680e-01 3.924408747818709520e-01 2.000000000000000000e+00 2.200000000000000000e+01 4.000000000000000000e+00
1.005139142472235569e+00 1.950535761925420442e+00 3.000000000000000000e+00 1.820000000000000000e+02 4.000000000000000000e+00
9.993837131720652023e-01 1.075092972044480177e+00 1.300000000000000000e+01 4.300000000000000000e+01 4.000000000000000000e+00
4.948433155680092010e-01 1.742804275067121988e+00 1.600000000000000000e+01 1.370000000000000000e+02 4.000000000000000000e+00
3.828775281021148391e-01 1.954137682693766642e+00 1.100000000000000000e+01 1.060000000000000000e+02 4.000000000000000000e+00
8.016842519282518786e-01 9.495539927890840337e-01 1.300000000000000000e+01 6.100000000000000000e+01 4.000000000000000000e+00
9.999597175321319753e-01 1.143590698599757483e+00 1.100000000000000000e+01 5.600000000000000000e+01 4.000000000000000000e+00
9.941832682795826992e-01 1.566335243747442041e+00 1.000000000000000000e+00 1.000000000000000000e+00 4.000000000000000000e+00
2.736283045135818881e-01 1.293810384502761091e+00 1.000000000000000000e+01 4.800000000000000000e+01 4.000000000000000000e+00
1.286890547368656490e-01 2.973370728050818146e-01 1.900000000000000000e+01 8.000000000000000000e+01 4.000000000000000000e+00
6.006860340050120817e-01 1.085867720968663575e+00 4.000000000000000000e+00 7.500000000000000000e+01 4.000000000000000000e+00
4.390710131021833273e-01 1.944752436456713474e+00 2.000000000000000000e+00 5.600000000000000000e+01 4.000000000000000000e+00
5.445365087034261808e-01 1.359322548880511905e-01 9.000000000000000000e+00 1.140000000000000000e+02 4.000000000000000000e+00
3.541800269931397738e-01 1.630253076495387754e+00 1.400000000000000000e+01 1.160000000000000000e+02 4.000000000000000000e+00
7.017821857363702731e-02 2.036911014476927573e+00 1.400000000000000000e+01 2.600000000000000000e+01 4.000000000000000000e+00
2.338973249757404504e-01 8.483024269767526215e-01 1.400000000000000000e+01 1.990000000000000000e+02 4.000000000000000000e+00
5.671219424329446701e-01 1.679847931874025369e+00 1.200000000000000000e+01 1.510000000000000000e+02 4.000000000000000000e+00
8.007414135681383272e-01 8.396220238343748976e-01 3.000000000000000000e+00 4.100000000000000000e+01 4.000000000000000000e+00
8.507672359644551374e-01 1.278612348987026248e+00 1.100000000000000000e+01 1.730000000000000000e+02 4.000000000000000000e+00
6.774096014001570465e-01 1.526674795254381989e+00 1.000000000000000000e+00 6.100000000000000000e+01 4.000000000000000000e+00
7.910375239343260256e-01 9.220480158093266043e-01 1.300000000000000000e+01 1.290000000000000000e+02 4.000000000000000000e+00
4.435874673309954108e-01 6.704308415595942039e-01 3.000000000000000000e+00 9.800000000000000000e+01 4.000000000000000000e+00
5.527412645414969683e-01 1.068295311898809885e+00 4.000000000000000000e+00 1.920000000000000000e+02 4.000000000000000000e+00
8.418966003981041002e-01 3.251771454306872089e-01 1.600000000000000000e+01 1.850000000000000000e+02 4.000000000000000000e+00
3.468121245252436813e-01 1.751986095786609576e+00 9.000000000000000000e+00 5.100000000000000000e+01 4.000000000000000000e+00
