3.486684861283630976e-01 2.629948380478451808e-01 8.000000000000000000e+00 1.530000000000000000e+02 0.000000000000000000e+00
3.161458297706265519e-01 1.502567922036527115e+00 1.100000000000000000e+01 1.810000000000000000e+02 0.000000000000000000e+00
2.142595709528093417e-01 8.452507461485502249e-01 9.000000000000000000e+00 4.500000000000000000e+01 0.000000000000000000e+00
3.358511324133290898e-01 1.159700932186660260e+00 7.000000000000000000e+00 1.200000000000000000e+02 0.000000000000000000e+00
8.733994115314880347e-01 1.733333287545947510e+00 9.000000000000000000e+00 9.200000000000000000e+01 0.000000000000000000e+00
2.203197062378923210e-01 7.420871974599029253e-01 1.300000000000000000e+01 1.160000000000000000e+02 0.000000000000000000e+00
9.323140577676625185e-01 8.701609167581790816e-01 3.000000000000000000e+00 1.210000000000000000e+02 0.000000000000000000e+00
8.749764216409746664e-01 1.677939218906223662e+00 1.100000000000000000e+01 1.750000000000000000e+02 0.000000000000000000e+00
9.748581731589047727e-01 1.263964921462620961e+00 1.800000000000000000e+01 1.000000000000000000e+01 0.000000000000000000e+00
2.013906501627829027e-01 1.784586229870909646e+00 1.500000000000000000e+01 1.760000000000000000e+02 0.000000000000000000e+00
6.300113162973099978e-01 8.470149511241943374e-01 6.000000000000000000e+00 7.100000000000000000e+01 0.000000000000000000e+00
2.159690413433068557e-01 1.228171362121337706e+00 1.700000000000000000e+01 8.700000000000000000e+01 0.000000000000000000e+00
2.767649676115366830e-01 7.716303925993853730e-01 1.500000000000000000e+01 1.790000000000000000e+02 0.000000000000000000e+00
9.743170449155175161e-01 1.270292605663139618e+00 8.000000000000000000e+00 7.500000000000000000e+01 0.000000000000000000e+00
7.094179055845420967e-01 1.429455579010959099e+00 1.600000000000000000e+01 7.000000000000000000e+01 0.000000000000000000e+00
5.241650066069583058e-01 1.803195119690369053e+00 4.000000000000000000e+00 1.150000000000000000e+02 0.000000000000000000e+00
1.914072558875414831e-01 1.505360577645265208e+00 8.000000000000000000e+00 8.900000000000000000e+01 0.000000000000000000e+00
4.791036886832032993e-01 1.233045047643297254e+00 7.000000000000000000e+00 6.000000000000000000e+00 0.000000000000000000e+00
6.053952694340890561e-01 1.601771293313723143e+00 1.600000000000000000e+01 1.980000000000000000e+02 0.000000000000000000e+00
3.660613270976788014e-01 1.207092962838667294e+00 1.000000000000000000e+01 1.020000000000000000e+02 0.000000000000000000e+00
9.609271437197651478e-02 2.222590921929078756e-01 3.000000000000000000e+00 1.250000000000000000e+02 0.000000000000000000e+00
5.645456834798122658e-01 5.954293730277785412e-01 3.000000000000000000e+00 1.510000000000000000e+02 0.000000000000000000e+00
5.015178329852387762e-01 1.322671798878026550e+00 1.200000000000000000e+01 1.670000000000000000e+02 0.000000000000000000e+00
5.761870101445430992e-01 1.883495088087460356e+00 1.700000000000000000e+01 1.960000000000000000e+02 0.000000000000000000e+00
2.974958398578133600e-01 7.130466110987628836e-01 9.000000000000000000e+00 1.000000000000000000e+00 0.000000000000000000e+00
4.320920174007416570e-01 7.585483946098235952e-01 2.000000000000000000e+00 1.510000000000000000e+02 0.000000000000000000e+00
4.095100901211020661e-01 9.124094086301038908e-01 9.000000000000000000e+00 1.350000000000000000e+02 0.000000000000000000e+00
6.050428712003623755e-01 1.233123538151360110e+00 1.300000000000000000e+01 2.500000000000000000e+01 0.000000000000000000e+00
9.739984619779377129e-01 1.649298568647519003e+00 1.300000000000000000e+01 4.000000000000000000e+01 0.000000000000000000e+00
9.722744665124585239e-01 1.405451035089275047e+00 1.700000000000000000e+01 9.300000000000000000e+01 0.000000000000000000e+00
8.874891217235194585e-01 2.096624238425094655e-01 3.000000000000000000e+00 1.410000000000000000e+02 0.000000000000000000e+00
1.431712872136349235e-01 7.514916646198434025e-01 4.000000000000000000e+00 7.500000000000000000e+01 0.000000000000000000e+00
3.428968922082068493e-01 2.026257608681357958e+00 9.000000000000000000e+00 1.970000000000000000e+02 0.000000000000000000e+00
5.475469893739800531e-01 9.916495502919860927e-01 4.000000000000000000e+00 2.700000000000000000e+01 0.000000000000000000e+00
8.571206994436229021e-01 6.621915243586170563e-01 1.800000000000000000e+01 2.900000000000000000e+01 0.000000000000000000e+00
6.216518559729237170e-01 7.164144169763834169e-01 1.000000000000000000e+01 7.900000000000000000e+01 0.000000000000000000e+00
3.132364500144948494e-01 2.542126053858192458e-01 3.000000000000000000e+00 1.690000000000000000e+02 0.000000000000000000e+00
3.034650532887671615e-01 9.246404002201363825e-01 8.000000000000000000e+00 8.300000000000000000e+01 0.000000000000000000e+00
2.221087782646297137e-01 1.738700485207517465e-01 9.000000000000000000e+00 2.000000000000000000e+02 0.000000000000000000e+00
9.591598609286923205e-01 2.443551057678971239e-01 1.900000000000000000e+01 1.790000000000000000e+02 0.000000000000000000e+00
2.942380269306803520e-01 5.581303415474031526e-01 1.500000000000000000e+01 9.000000000000000000e+00 0.000000000000000000e+00
7.861872499707873718e-01 1.587479229313753182e+00 2.000000000000000000e+01 8.500000000000000000e+01 0.000000000000000000e+00
9.076726050774396315e-01 1.034062636157932813e+00 1.200000000000000000e+01 8.400000000000000000e+01 0.000000000000000000e+00
7.825261564011412041e-01 1.031291564857862886e+00 2.000000000000000000e+00 1.090000000000000000e+02 0.000000000000000000e+00
1.425653150109766898e-01 1.566241880418689281e+00 1.200000000000000000e+01 1.340000000000000000e+02 0.000000000000000000e+00
5.031423811046092931e-01 7.216893132175784542e-01 5.000000000000000000e+00 1.460000000000000000e+02 0.000000000000000000e+00
1.463260413569610584e-02 1.917384527062153010e+00 6.000000000000000000e+00 9.400000000000000000e+01 0.000000000000000000e+00
7.170337588117355887e-01 1.406798070159518632e+00 1.500000000000000000e+01 5.000000000000000000e+00 0.000000000000000000e+00
1.677133177853324941e-01 1.352860738335252222e+00 2.000000000000000000e+01 1.650000000000000000e+02 0.000000000000000000e+00
5.608483101047943009e-01 2.017971426436008020e+00 9.000000000000000000e+00 5.700000000000000000e+01 0.000000000000000000e+00
7.870083356928382345e-01 7.373145581399714876e-01 8.000000000000000000e+00 4.000000000000000000e+00 1.000000000000000000e+00
6.549904026249832034e-01 8.350351959683995906e-01 2.000000000000000000e+01 1.000000000000000000e+00 1.000000000000000000e+00
3.515492311710981532e-01 6.886280620267509756e-01 5.000000000000000000e+00 1.560000000000000000e+02 1.000000000000000000e+00
7.492296181200071015e-01 5.925768760580837347e-01 5.000000000000000000e+00 1.470000000000000000e+02 1.000000000000000000e+00
7.797812951626906797e-01 1.583881880525382480e+00 1.500000000000000000e+01 1.410000000000000000e+02 1.000000000000000000e+00
7.212850799123881052e-01 5.830754101582268367e-01 6.000000000000000000e+00 9.500000000000000000e+01 1.000000000000000000e+00
7.299009219622361044e-01 9.559266589203053721e-01 3.000000000000000000e+00 9.800000000000000000e+01 1.000000000000000000e+00
2.723778655461110976e-01 1.942497166000119790e+00 1.400000000000000000e+01 9.500000000000000000e+01 1.000000000000000000e+00
2.682779295846789980e-01 6.154263748329592554e-01 1.200000000000000000e+01 8.300000000000000000e+01 1.000000000000000000e+00
5.227733683428618106e-01 3.177839872724349535e-01 1.000000000000000000e+01 8.900000000000000000e+01 1.000000000000000000e+00
6.428332582164659748e-01 1.358343903316462653e-01 1.200000000000000000e+01 9.200000000000000000e+01 1.000000000000000000e+00
5.478405630644724855e-01 1.072674735818522018e+00 1.200000000000000000e+01 7.900000000000000000e+01 1.000000000000000000e+00
7.901051947458512803e-01 1.232901026213694351e+00 1.400000000000000000e+01 1.030000000000000000e+02 1.000000000000000000e+00
1.637422544834324922e-01 1.443948122059663053e+00 1.600000000000000000e+01 9.700000000000000000e+01 1.000000000000000000e+00
7.877650587601217058e-01 1.342938763580425299e+00 9.000000000000000000e+00 2.500000000000000000e+01 1.000000000000000000e+00
8.676308890962490528e-02 1.319224408723621567e+00 1.300000000000000000e+01 1.760000000000000000e+02 1.000000000000000000e+00
8.462580940991565326e-01 2.362892331823204517e-01 6.000000000000000000e+00 1.400000000000000000e+01 1.000000000000000000e+00
1.959591581477381633e-02 7.934488345862479308e-01 1.000000000000000000e+00 1.050000000000000000e+02 1.000000000000000000e+00
8.804915436678804053e-01 4.164815597985139783e-01 2.000000000000000000e+00 1.220000000000000000e+02 1.000000000000000000e+00
3.892183307251978475e-01 9.756091439311384006e-01 1.500000000000000000e+01 1.660000000000000000e+02 1.000000000000000000e+00
4.269576995885795423e-01 7.960290971218429990e-01 1.800000000000000000e+01 1.030000000000000000e+02 1.000000000000000000e+00
6.283309896246455084e-01 1.364440133460737226e+00 3.000000000000000000e+00 7.800000000000000000e+01 1.000000000000000000e+00
8.085647047677160248e-01 1.096535856567917078e+00 1.300000000000000000e+01 7.900000000000000000e+01 1.000000000000000000e+00
7.209190721073522878e-01 4.239428755386734915e-01 1.500000000000000000e+01 3.800000000000000000e+01 1.000000000000000000e+00
4.785153414573507513e-01 1.023219966316166296e+00 7.000000000000000000e+00 1.760000000000000000e+02 1.000000000000000000e+00
5.874342925731307341e-01 6.080355527518589431e-01 1.400000000000000000e+01 1.620000000000000000e+02 1.000000000000000000e+00
8.321124870727156786e-01 5.591081019428495447e-01 3.000000000000000000e+00 1.920000000000000000e+02 1.000000000000000000e+00
2.003817678777874284e-02 6.300238247264177138e-01 1.000000000000000000e+00 2.300000000000000000e+01 1.000000000000000000e+00
9.226984113349152583e-01 1.499014035828875324e-01 3.000000000000000000e+00 5.000000000000000000e+00 1.000000000000000000e+00
4.523361953208073771e-01 1.268846023083612051e+00 1.200000000000000000e+01 1.600000000000000000e+01 1.000000000000000000e+00
1.567729011733643985e-01 1.514835275159362338e+00 1.800000000000000000e+01 1.230000000000000000e+02 1.000000000000000000e+00
4.953113139290753891e-02 2.029327131575797694e+00 1.000000000000000000e+00 6.200000000000000000e+01 1.000000000000000000e+00
2.967236290335439897e-01 5.815822117708179251e-01 7.000000000000000000e+00 9.100000000000000000e+01 1.000000000000000000e+00
8.203460248696652357e-01 4.987679877105283266e-01 1.600000000000000000e+01 1.200000000000000000e+02 1.000000000000000000e+00
6.385967069959955777e-01 1.728918872135518647e+00 1.800000000000000000e+01 1.470000000000000000e+02 1.000000000000000000e+00
1.355470830492015999e-01 1.609258008768245762e+00 4.000000000000000000e+00 8.800000000000000000e+01 1.000000000000000000e+00
8.651128422333441703e-01 2.954576110399623756e-01 1.600000000000000000e+01 8.100000000000000000e+01 1.000000000000000000e+00
1.762799697409412891e-01 1.843357182242269632e+00 1.000000000000000000e+00 1.320000000000000000e+02 1.000000000000000000e+00
2.091663600096498321e-01 3.663832280791173845e-01 1.400000000000000000e+01 1.210000000000000000e+02 1.000000000000000000e+00
5.731094452613810786e-01 1.160589786743620122e+00 1.100000000000000000e+01 8.700000000000000000e+01 1.000000000000000000e+00
2.640142583968011492e-01 1.728618792478338051e+00 6.000000000000000000e+00 3.100000000000000000e+01 1.000000000000000000e+00
9.267188399592436454e-01 3.968659820629628632e-01 1.600000000000000000e+01 1.870000000000000000e+02 1.000000000000000000e+00
8.603269497900009055e-01 1.766302291542538594e+00 2.000000000000000000e+01 1.180000000000000000e+02 1.000000000000000000e+00
9.534264027106705841e-01 1.294588035136371718e-01 4.000000000000000000e+00 1.270000000000000000e+02 1.000000000000000000e+00
2.914791548057856785e-01 1.722251252027076518e+00 1.300000000000000000e+01 9.800000000000000000e+01 1.000000000000000000e+00
3.091831268967274449e-01 2.078512996646241895e+00 1.400000000000000000e+01 6.000000000000000000e+00 1.000000000000000000e+00
1.557830764854546413e-01 1.383182480057479902e+00 1.200000000000000000e+01 8.000000000000000000e+01 1.000000000000000000e+00
7.398262700636325240e-02 1.542008177220860476e+00 1.700000000000000000e+01 1.030000000000000000e+02 1.000000000000000000e+00
9.457986046006806591e-01 1.382852237969333375e-01 8.000000000000000000e+00 5.200000000000000000e+01 1.000000000000000000e+00
7.915918790323799303e-01 1.469133706976581744e+00 1.000000000000000000e+01 1.380000000000000000e+02 1.000000000000000000e+00
7.107461794659849508e-01 1.820131618956320141e+00 1.200000000000000000e+01 1.820000000000000000e+02 2.000000000000000000e+00
4.944409544547867519e-01 1.541674627697167121e+00 4.000000000000000000e+00 7.400000000000000000e+01 2.000000000000000000e+00
6.208904083873121316e-01 2.068719609451666663e+00 1.200000000000000000e+01 7.500000000000000000e+01 2.000000000000000000e+00
4.667227817372894272e-01 1.518126258315145860e-01 8.000000000000000000e+00 1.300000000000000000e+01 2.000000000000000000e+00
4.968989814686263634e-02 1.691270695314560202e+00 1.600000000000000000e+01 1.210000000000000000e+02 2.000000000000000000e+00
4.990030558811638928e-01 8.873923340874382282e-01 2.000000000000000000e+01 8.000000000000000000e+00 2.000000000000000000e+00
1.093509477989106221e-01 4.927817447189298816e-01 1.300000000000000000e+01 7.400000000000000000e+01 2.000000000000000000e+00
9.030600437084560506e-01 1.495815846895816481e+00 1.200000000000000000e+01 1.850000000000000000e+02 2.000000000000000000e+00
1.487169662060038311e-01 1.138483947519374484e-01 1.000000000000000000e+00 4.000000000000000000e+01 2.000000000000000000e+00
4.959534943978755051e-01 4.902632589842440547e-01 3.000000000000000000e+00 1.900000000000000000e+02 2.000000000000000000e+00
3.663773450299333961e-02 4.506612449621799632e-01 1.900000000000000000e+01 8.300000000000000000e+01 2.000000000000000000e+00
6.232316491213416576e-01 1.695483146545421482e-01 5.000000000000000000e+00 1.790000000000000000e+02 2.000000000000000000e+00
2.584641151262074832e-01 1.787457608539622322e+00 1.000000000000000000e+00 8.900000000000000000e+01 2.000000000000000000e+00
7.344521045238956436e-01 1.223152310890229577e+00 8.000000000000000000e+00 6.500000000000000000e+01 2.000000000000000000e+00
2.363564221898988293e-01 3.774954352815186320e-01 3.000000000000000000e+00 5.500000000000000000e+01 2.000000000000000000e+00
2.063839163797790421e-01 1.290403538715932497e+00 7.000000000000000000e+00 1.840000000000000000e+02 2.000000000000000000e+00
5.858143967673019592e-01 1.171025391016021766e+00 1.600000000000000000e+01 1.020000000000000000e+02 2.000000000000000000e+00
1.994877177585229200e-01 1.905064900392881899e+00 1.200000000000000000e+01 1.580000000000000000e+02 2.000000000000000000e+00
9.570998096793444931e-01 1.600746728004969865e+00 6.000000000000000000e+00 1.240000000000000000e+02 2.000000000000000000e+00
7.669810112108231825e-01 1.203867138476959475e+00 6.000000000000000000e+00 7.000000000000000000e+00 2.000000000000000000e+00
1.555523114677576091e-01 2.683674972486297383e-01 1.000000000000000000e+00 1.950000000000000000e+02 2.000000000000000000e+00
1.567311184374075017e-01 1.612337813239442585e+00 3.000000000000000000e+00 2.100000000000000000e+01 2.000000000000000000e+00
1.711909528857687990e-01 4.337328735250706169e-01 9.000000000000000000e+00 1.820000000000000000e+02 2.000000000000000000e+00
2.374177412651309327e-01 9.573903561172590893e-01 4.000000000000000000e+00 3.200000000000000000e+01 2.000000000000000000e+00
7.462798573042558337e-01 2.094253959940351351e+00 3.000000000000000000e+00 1.300000000000000000e+01 2.000000000000000000e+00
9.205862836453014564e-02 9.987664954074783052e-01 4.000000000000000000e+00 1.870000000000000000e+02 2.000000000000000000e+00
8.795986694426338737e-01 1.066688759792259411e+00 4.000000000000000000e+00 7.800000000000000000e+01 2.000000000000000000e+00
6.804860289762491021e-01 1.021562302615445672e+00 1.000000000000000000e+00 1.140000000000000000e+02 2.000000000000000000e+00
7.078966732625946445e-01 1.869878130857842935e+00 1.300000000000000000e+01 1.340000000000000000e+02 2.000000000000000000e+00
8.592392417605613231e-01 7.591768313115937472e-01 4.000000000000000000e+00 9.500000000000000000e+01 2.000000000000000000e+00
7.819465546236571418e-01 1.317166097092232979e+00 1.500000000000000000e+01 1.840000000000000000e+02 2.000000000000000000e+00
2.704422409074740408e-01 4.728878106100727896e-01 3.000000000000000000e+00 7.500000000000000000e+01 2.000000000000000000e+00
5.447438633953667342e-01 9.104197292934829155e-01 9.000000000000000000e+00 4.000000000000000000e+01 2.000000000000000000e+00
8.633319679348981646e-02 1.429542769435427907e+00 1.800000000000000000e+01 1.640000000000000000e+02 2.000000000000000000e+00
2.960682547670303588e-01 1.426265398299670695e+00 1.200000000000000000e+01 1.540000000000000000e+02 2.000000000000000000e+00
8.253207217740750057e-01 1.304108787001738268e+00 7.000000000000000000e+00 1.900000000000000000e+01 2.000000000000000000e+00
9.445240092716580271e-01 5.328357525794321647e-01 1.000000000000000000e+01 1.550000000000000000e+02 2.000000000000000000e+00
3.029972085297099049e-01 1.480242565960852907e+00 4.000000000000000000e+00 1.150000000000000000e+02 2.000000000000000000e+00
7.422387081978116807e-01 1.762487682481289397e+00 1.900000000000000000e+01 5.400000000000000000e+01 2.000000000000000000e+00
3.205838534113568672e-01 1.702668546901312807e-01 1.000000000000000000e+00 1.640000000000000000e+02 2.000000000000000000e+00
7.256133165285404141e-02 1.180351550048360787e+00 1.000000000000000000e+00 1.350000000000000000e+02 2.000000000000000000e+00
1.436108962120865584e-01 9.973736457787792942e-01 1.600000000000000000e+01 1.840000000000000000e+02 2.000000000000000000e+00
7.379021045783011878e-01 4.591555203032146038e-01 1.400000000000000000e+01 4.600000000000000000e+01 2.000000000000000000e+00
3.212518529022024838e-01 6.876258733959513814e-01 2.000000000000000000e+00 1.080000000000000000e+02 2.000000000000000000e+00
7.516618473966868441e-01 1.582210592814043970e+00 3.000000000000000000e+00 3.600000000000000000e+01 2.000000000000000000e+00
5.409144741714395632e-01 7.005431438307218039e-01 7.000000000000000000e+00 1.490000000000000000e+02 2.000000000000000000e+00
7.432415564478762615e-01 1.319178082802847651e+00 1.400000000000000000e+01 1.140000000000000000e+02 2.000000000000000000e+00
5.599855406308610339e-01 1.511669246044727855e+00 1.300000000000000000e+01 3.300000000000000000e+01 2.000000000000000000e+00
4.529072189127575365e-01 1.848831444177300443e-01 1.500000000000000000e+01 2.000000000000000000e+02 2.000000000000000000e+00
1.332281500703681454e-01 1.247948454165521692e+00 1.000000000000000000e+01 1.870000000000000000e+02 2.000000000000000000e+00
7.744054413259918723e-01 1.159247286706875713e+00 6.000000000000000000e+00 2.100000000000000000e+01 3.000000000000000000e+00
9.088893998098067362e-02 2.245891692519076666e-01 7.000000000000000000e+00 4.000000000000000000e+01 3.000000000000000000e+00
4.101878147117081763e-01 1.981373261856377577e-01 3.000000000000000000e+00 7.900000000000000000e+01 3.000000000000000000e+00
5.237841920109522764e-01 1.459244861581753261e+00 5.000000000000000000e+00 9.000000000000000000e+00 3.000000000000000000e+00
8.058003671952110869e-01 8.562199369147897032e-01 1.400000000000000000e+01 7.700000000000000000e+01 3.000000000000000000e+00
8.925658346724989478e-01 4.912544590278483669e-01 1.600000000000000000e+01 2.000000000000000000e+00 3.000000000000000000e+00
4.980974485316194134e-01 3.864164054747781796e-01 2.000000000000000000e+01 4.100000000000000000e+01 3.000000000000000000e+00
2.311524308395358496e-01 1.291518174501630201e+00 1.700000000000000000e+01 9.900000000000000000e+01 3.000000000000000000e+00
3.465175642860002236e-01 6.568327907028467250e-01 1.200000000000000000e+01 6.000000000000000000e+01 3.000000000000000000e+00
8.626414116707800117e-01 3.576977983318693211e-01 1.200000000000000000e+01 1.820000000000000000e+02 3.000000000000000000e+00
8.898626175635440116e-01 1.888971656336201621e-01 1.800000000000000000e+01 8.100000000000000000e+01 3.000000000000000000e+00
2.008192138175102226e-01 8.053122996008562628e-01 1.100000000000000000e+01 8.200000000000000000e+01 3.000000000000000000e+00
9.585566689328749168e-02 9.622227132045625408e-01 1.100000000000000000e+01 4.400000000000000000e+01 3.000000000000000000e+00
4.412249426842391742e-01 4.993177607892308467e-01 9.000000000000000000e+00 1.800000000000000000e+01 3.000000000000000000e+00
5.677739270792466764e-01 5.329856371090703204e-01 1.200000000000000000e+01 8.200000000000000000e+01 3.000000000000000000e+00
7.049992471256466553e-01 3.716420412141415719e-01 7.000000000000000000e+00 1.370000000000000000e+02 3.000000000000000000e+00
9.581859586923117122e-01 1.201741454960531252e-01 1.700000000000000000e+01 1.000000000000000000e+01 3.000000000000000000e+00
4.448082464903234667e-01 1.050170221411320437e+00 1.200000000000000000e+01 2.500000000000000000e+01 3.000000000000000000e+00
3.491401394162108041e-01 1.405425061324513836e+00 2.000000000000000000e+00 1.000000000000000000e+00 3.000000000000000000e+00
7.972094184313806009e-01 5.489604106851623255e-01 1.400000000000000000e+01 9.200000000000000000e+01 3.000000000000000000e+00
4.459014105428946717e-01 8.343012715468717255e-01 5.000000000000000000e+00 1.270000000000000000e+02 3.000000000000000000e+00
1.216419453514871879e-01 1.647752236559114625e+00 1.100000000000000000e+01 1.370000000000000000e+02 3.000000000000000000e+00
8.254011167437494967e-01 1.391302649539996272e+00 4.000000000000000000e+00 1.120000000000000000e+02 3.000000000000000000e+00
7.940526523288382599e-01 1.746189977594021725e+00 1.300000000000000000e+01 1.940000000000000000e+02 3.000000000000000000e+00
2.440685697600442072e-01 1.802358360173562879e+00 7.000000000000000000e+00 6.500000000000000000e+01 3.000000000000000000e+00
5.669708641847470698e-01 1.392369481742759874e+00 2.000000000000000000e+00 9.000000000000000000e+01 3.000000000000000000e+00
2.635278626466305285e-01 1.483477368166717714e+00 1.000000000000000000e+00 1.370000000000000000e+02 3.000000000000000000e+00
2.166366557229963963e-01 2.039979977616148243e+00 1.300000000000000000e+01 1.060000000000000000e+02 3.000000000000000000e+00
3.254826605743065260e-01 1.047570294865380225e+00 1.200000000000000000e+01 1.170000000000000000e+02 3.000000000000000000e+00
4.388491646289218728e-01 1.212680896987925694e+00 1.600000000000000000e+01 1.620000000000000000e+02 3.000000000000000000e+00
8.920596388853905268e-01 2.074944107647474389e+00 1.100000000000000000e+01 1.850000000000000000e+02 3.000000000000000000e+00
7.032687704436068055e-01 1.003468042001800509e+00 1.200000000000000000e+01 1.620000000000000000e+02 3.000000000000000000e+00
1.988571357267229223e-01 4.806474451698031780e-01 1.400000000000000000e+01 1.630000000000000000e+02 3.000000000000000000e+00
9.685216427580864984e-01 7.030590566119802043e-01 1.400000000000000000e+01 3.000000000000000000e+01 3.000000000000000000e+00
8.758969228682788044e-01 1.401616157707694210e+00 2.000000000000000000e+00 1.800000000000000000e+01 3.000000000000000000e+00
7.908113907842262424e-01 5.499984456643233210e-01 1.900000000000000000e+01 4.700000000000000000e+01 3.000000000000000000e+00
3.985517314840066883e-01 9.321841967700069675e-01 1.000000000000000000e+00 3.900000000000000000e+01 3.000000000000000000e+00
8.587218935202808323e-01 2.001763952236075728e+00 2.000000000000000000e+01 5.700000000000000000e+01 3.000000000000000000e+00
8.910223811624455870e-01 1.585097005639946488e+00 1.500000000000000000e+01 4.700000000000000000e+01 3.000000000000000000e+00
7.287381171931015533e-01 3.932113392557688991e-01 2.000000000000000000e+01 7.800000000000000000e+01 3.000000000000000000e+00
8.799000362123375885e-01 9.308665222574928899e-01 6.000000000000000000e+00 1.620000000000000000e+02 3.000000000000000000e+00
2.461245846720774288e-01 8.399529936127040353e-01 1.200000000000000000e+01 6.700000000000000000e+01 3.000000000000000000e+00
9.699822768661912065e-01 1.055905821495583652e+00 2.000000000000000000e+01 1.400000000000000000e+02 3.000000000000000000e+00
4.124435633853695826e-01 8.109641509519317504e-01 3.000000000000000000e+00 1.500000000000000000e+01 3.000000000000000000e+00
9.206378626099446238e-01 5.258001892958689139e-01 9.000000000000000000e+00 1.980000000000000000e+02 3.000000000000000000e+00
7.334876984973276448e-01 1.096847412847894443e+00 1.700000000000000000e+01 1.110000000000000000e+02 3.000000000000000000e+00
6.227447001039057017e-01 1.447429668398235503e+00 1.700000000000000000e+01 1.600000000000000000e+01 3.000000000000000000e+00
7.951524485923519014e-01 1.956476688274309650e+00 1.700000000000000000e+01 1.110000000000000000e+02 3.000000000000000000e+00
1.751448704554373625e-01 4.822728771625625077e-01 8.000000000000000000e+00 4.300000000000000000e+01 3.000000000000000000e+00
8.315152466955578747e-01 1.169128066932056065e+00 1.000000000000000000e+01 1.180000000000000000e+02 3.000000000000000000e+00
4.277728958361914913e-01 1.705392780903976835e+00 6.000000000000000000e+00 8.400000000000000000e+01 4.000000000000000000e+00
2.260094016760426650e-01 8.069898219640155856e-01 1.500000000000000000e+01 1.290000000000000000e+02 4.000000000000000000e+00
3.766243755872829002e-01 4.909784413694490146e-01 1.000000000000000000e+00 1.300000000000000000e+02 4.000000000000000000e+00
2.926028948166772281e-01 1.187353670508990433e+00 2.000000000000000000e+00 9.100000000000000000e+01 4.000000000000000000e+00
8.531230279390908944e-01 8.504373216501096566e-01 3.000000000000000000e+00 1.940000000000000000e+02 4.000000000000000000e+00
1.136408662628375227e-01 1.421424648030262361e+00 4.000000000000000000e+00 1.220000000000000000e+02 4.000000000000000000e+00
5.179931099036209075e-01 6.502504871474507064e-01 3.000000000000000000e+00 1.200000000000000000e+01 4.000000000000000000e+00
7.195123801869944824e-01 1.012423255141897460e+00 2.000000000000000000e+00 6.000000000000000000e+00 4.000000000000000000e+00
6.315119915502339643e-01 1.894164673736410676e-01 7.000000000000000000e+00 8.100000000000000000e+01 4.000000000000000000e+00
5.454985218731346341e-01 1.752587451191171208e+00 1.000000000000000000e+00 1.450000000000000000e+02 4.000000000000000000e+00
1.469463261869061732e-01 1.051266533446647999e+00 1.000000000000000000e+00 1.170000000000000000e+02 4.000000000000000000e+00
7.482449948240541548e-01 1.351227238347178172e+00 8.000000000000000000e+00 4.700000000000000000e+01 4.000000000000000000e+00
5.230958442695115007e-01 8.383851715008917571e-01 2.000000000000000000e+01 6.200000000000000000e+01 4.000000000000000000e+00
6.868153441545440385e-01 1.909721870245772557e+00 7.000000000000000000e+00 7.000000000000000000e+00 4.000000000000000000e+00
9.394405189075724083e-01 6.496194607439839119e-01 4.000000000000000000e+00 1.600000000000000000e+01 4.000000000000000000e+00
4.548320075828887754e-01 1.133368508780981943e+00 1.700000000000000000e+01 1.570000000000000000e+02 4.000000000000000000e+00
3.452193526461067030e-01 1.832309544968475201e+00 1.300000000000000000e+01 1.300000000000000000e+02 4.000000000000000000e+00
1.887840125044288886e-01 1.907735717433882927e+00 5.000000000000000000e+00 1.490000000000000000e+02 4.000000000000000000e+00
8.550955627732982345e-01 1.844836047675652457e+00 4.000000000000000000e+00 1.500000000000000000e+01 4.000000000000000000e+00
6.167137397953181832e-01 7.032681135533599415e-01 4.000000000000000000e+00 1.540000000000000000e+02 4.000000000000000000e+00
4.071638006119282505e-01 9.508048177252831357e-01 1.000000000000000000e+00 1.880000000000000000e+02 4.000000000000000000e+00
2.053359125466219792e-01 8.857928246610874412e-01 1.300000000000000000e+01 1.010000000000000000e+02 4.000000000000000000e+00
5.916726048114747671e-01 4.001584812107056299e-01 1.200000000000000000e+01 8.900000000000000000e+01 4.000000000000000000e+00
3.170406962658965933e-01 7.032869477232271960e-01 1.600000000000000000e+01 9.700000000000000000e+01 4.000000000000000000e+00
1.064562451649108364e-02 1.575594981922408655e+00 8.000000000000000000e+00 4.600000000000000000e+01 4.000000000000000000e+00
4.514050913437239743e-01 1.417927087850623158e+00 1.200000000000000000e+01 2.800000000000000000e+01 4.000000000000000000e+00
5.197810130019628883e-01 1.477985693591210792e+00 1.100000000000000000e+01 7.600000000000000000e+01 4.000000000000000000e+00
1.786384919415530126e-01 1.865312431273886684e+00 2.000000000000000000e+00 1.420000000000000000e+02 4.000000000000000000e+00
1.633697690043879325e-01 1.361594977814593710e+00 1.100000000000000000e+01 1.530000000000000000e+02 4.000000000000000000e+00
9.049068519841141356e-01 8.461627093034932434e-01 6.000000000000000000e+00 1.450000000000000000e+02 4.000000000000000000e+00
6.489842226588130591e-01 1.996089241078217391e+00 8.000000000000000000e+00 1.410000000000000000e+02 4.000000000000000000e+00
1.613721329587539666e-01 8.695551951652359390e-01 1.800000000000000000e+01 1.590000000000000000e+02 4.000000000000000000e+00
5.757387635907205148e-01 1.357316951861406551e+00 1.200000000000000000e+01 3.000000000000000000e+01 4.000000000000000000e+00
8.941155416584100069e-01 1.252131833998589849e+00 4.000000000000000000e+00 1.200000000000000000e+02 4.000000000000000000e+00
7.548483798731462358e-01 2.021800393602219081e+00 1.300000000000000000e+01 1.890000000000000000e+02 4.000000000000000000e+00
4.347253462654800948e-01 1.228090316682326266e+00 1.100000000000000000e+01 1.040000000000000000e+02 4.000000000000000000e+00
1.504060593713855143e-01 2.044885560225441434e+00 2.000000000000000000e+00 1.980000000000000000e+02 4.000000000000000000e+00
6.199902316463922619e-02 1.802326784995576858e+00 1.300000000000000000e+01 7.500000000000000000e+01 4.000000000000000000e+00
2.809075002312944047e-01 1.318923940216389479e+00 5.000000000000000000e+00 4.300000000000000000e+01 4.000000000000000000e+00
6.109767211354240057e-01 6.247733092743300576e-01 1.400000000000000000e+01 3.600000000000000000e+01 4.000000000000000000e+00
8.994504286456149744e-01 1.440055181988074917e+00 1.000000000000000000e+01 7.000000000000000000e+01 4.000000000000000000e+00
9.639556602591405898e-01 2.186690897581881343e-01 2.000000000000000000e+00 4.700000000000000000e+01 4.000000000000000000e+00
7.496720835581049958e-01 1.669680483296299922e+00 1.300000000000000000e+01 7.200000000000000000e+01 4.000000000000000000e+00
6.974680229271414955e-01 5.180517437032926553e-01 1.800000000000000000e+01 1.260000000000000000e+02 4.000000000000000000e+00
2.029912990145114060e-01 1.205115944941933970e+00 1.900000000000000000e+01 1.940000000000000000e+02 4.000000000000000000e+00
3.048608324642173573e-01 1.411158412876612589e+00 8.000000000000000000e+00 2.500000000000000000e+01 4.000000000000000000e+00
2.519153251664440346e-02 1.153704119328919919e+00 8.000000000000000000e+00 1.420000000000000000e+02 4.000000000000000000e+00
5.963687882098784865e-01 1.091968075833911866e+00 1.100000000000000000e+01 3.200000000000000000e+01 4.000000000000000000e+00
3.466578355634386543e-01 4.505793213061036750e-01 3.000000000000000000e+00 6.200000000000000000e+01 4.000000000000000000e+00
4.733197883100940251e-01 8.748939591631444967e-01 2.000000000000000000e+01 9.500000000000000000e+01 4.000000000000000000e+00
