8.467373705733541867e-01 5.100906890947237704e-01 1.000000000000000000e+00 3.300000000000000000e+01 0.000000000000000000e+00
5.888362161236747605e-01 9.898390197229344212e-01 1.000000000000000000e+00 1.950000000000000000e+02 0.000000000000000000e+00
5.712690049680686499e-01 6.029112899763010569e-01 1.100000000000000000e+01 9.500000000000000000e+01 0.000000000000000000e+00
3.772059683747287506e-01 8.013181533728620520e-01 1.700000000000000000e+01 9.900000000000000000e+01 0.000000000000000000e+00
7.070784212399835456e-01 1.909595246373961386e+00 2.000000000000000000e+00 7.500000000000000000e+01 0.000000000000000000e+00
9.274657972053510502e-01 2.453659216477869498e-01 1.900000000000000000e+01 1.730000000000000000e+02 0.000000000000000000e+00
6.914193812356822511e-01 5.357638841591753076e-01 4.000000000000000000e+00 1.600000000000000000e+01 0.000000000000000000e+00
7.600971975692124571e-01 1.483407897296930900e+00 1.900000000000000000e+01 8.400000000000000000e+01 0.000000000000000000e+00
3.755443312316486537e-01 1.746489563436450343e+00 2.000000000000000000e+01 1.940000000000000000e+02 0.000000000000000000e+00
5.189952295268890348e-01 5.994783454790536537e-01 7.000000000000000000e+00 8.000000000000000000e+00 0.000000000000000000e+00
2.486312671831284460e-01 1.738494888162237517e+00 2.000000000000000000e+00 5.500000000000000000e+01 0.000000000000000000e+00
9.986169927638375299e-01 4.681766567932664769e-01 1.300000000000000000e+01 5.000000000000000000e+01 0.000000000000000000e+00
9.251480122096948921e-01 3.624113793329953870e-01 3.000000000000000000e+00 9.700000000000000000e+01 0.000000000000000000e+00
8.090416904032342593e-01 4.454859116528230301e-01 5.000000000000000000e+00 1.530000000000000000e+02 0.000000000000000000e+00
6.099638900602438740e-01 8.662228117342131162e-01 7.000000000000000000e+00 9.800000000000000000e+01 0.000000000000000000e+00
2.546443448891740902e-01 1.352002543212131869e+00 1.400000000000000000e+01 1.800000000000000000e+01 0.000000000000000000e+00
2.104419958656444933e-01 1.236805744844529986e+00 3.000000000000000000e+00 5.400000000000000000e+01 0.000000000000000000e+00
8.039598007972745819e-01 1.041096190683346911e+00 1.700000000000000000e+01 1.450000000000000000e+02 0.000000000000000000e+00
3.327011598881670640e-01 2.661196482370206118e-01 4.000000000000000000e+00 1.060000000000000000e+02 0.000000000000000000e+00
9.497175102570137861e-01 1.439173987320250703e+00 3.000000000000000000e+00 6.800000000000000000e+01 0.000000000000000000e+00
3.787971131613550035e-01 1.706664773757072817e+00 6.000000000000000000e+00 1.760000000000000000e+02 0.000000000000000000e+00
1.667243921645011895e-01 2.079691520493433199e+00 1.900000000000000000e+01 1.570000000000000000e+02 0.000000000000000000e+00
8.254287795018668827e-01 5.366358421204621143e-01 1.000000000000000000e+01 1.170000000000000000e+02 0.000000000000000000e+00
7.172860330881634938e-02 1.588591940471168806e+00 1.300000000000000000e+01 2.100000000000000000e+01 0.000000000000000000e+00
8.722444104255451247e-01 1.241160095234939531e+00 2.000000000000000000e+01 1.900000000000000000e+01 0.000000000000000000e+00
4.851307601032666117e-01 1.909729075936383857e+00 8.000000000000000000e+00 1.760000000000000000e+02 0.000000000000000000e+00
6.925937893333529161e-01 1.721443943775857077e+00 9.000000000000000000e+00 1.920000000000000000e+02 0.000000000000000000e+00
6.632038985218623450e-01 1.418556137393180316e+00 1.200000000000000000e+01 5.300000000000000000e+01 0.000000000000000000e+00
9.101839656595697159e-01 1.379856100254247098e+00 8.000000000000000000e+00 1.090000000000000000e+02 0.000000000000000000e+00
3.979085356420485331e-01 1.368009070889460554e+00 3.000000000000000000e+00 4.100000000000000000e+01 0.000000000000000000e+00
1.327944406071783767e-01 1.678400955636150105e+00 2.000000000000000000e+01 1.330000000000000000e+02 0.000000000000000000e+00
2.679642279746313749e-01 2.096403843768296582e+00 1.100000000000000000e+01 1.010000000000000000e+02 0.000000000000000000e+00
2.389315483991930611e-01 1.999873374501915713e+00 9.000000000000000000e+00 1.960000000000000000e+02 0.000000000000000000e+00
5.108083379397302393e-01 7.446167157793784908e-01 1.600000000000000000e+01 9.500000000000000000e+01 0.000000000000000000e+00
4.530438087404268233e-01 6.090839728459559455e-01 7.000000000000000000e+00 1.910000000000000000e+02 0.000000000000000000e+00
2.413672921156979623e-01 1.467920801828588084e+00 1.400000000000000000e+01 7.100000000000000000e+01 0.000000000000000000e+00
7.700872348308848148e-01 2.021450614898282261e+00 9.000000000000000000e+00 1.300000000000000000e+02 0.000000000000000000e+00
5.348549778332035709e-01 1.306054631039514691e+00 8.000000000000000000e+00 1.530000000000000000e+02 0.000000000000000000e+00
7.957908787450884702e-01 1.750574885417127691e+00 1.000000000000000000e+00 6.600000000000000000e+01 0.000000000000000000e+00
1.877526120543449029e-01 2.089663691925948807e+00 8.000000000000000000e+00 1.130000000000000000e+02 0.000000000000000000e+00
7.969395012877134032e-01 1.394686467410556630e-01 4.000000000000000000e+00 1.590000000000000000e+02 0.000000000000000000e+00
1.691387050341714993e-01 1.906871742961636862e+00 1.100000000000000000e+01 1.190000000000000000e+02 0.000000000000000000e+00
8.726221724791001222e-01 4.289204782270200633e-01 1.000000000000000000e+01 6.400000000000000000e+01 0.000000000000000000e+00
8.981292857835286858e-01 1.311024804841245395e+00 9.000000000000000000e+00 5.500000000000000000e+01 0.000000000000000000e+00
6.739814379358085583e-01 1.882452751519740675e+00 1.400000000000000000e+01 4.900000000000000000e+01 0.000000000000000000e+00
7.010042245545165807e-02 2.340266053028005333e-01 5.000000000000000000e+00 1.550000000000000000e+02 0.000000000000000000e+00
4.097770382108778531e-01 5.297836336637341548e-01 8.000000000000000000e+00 1.500000000000000000e+01 0.000000000000000000e+00
9.022964178821825110e-01 3.660799062411735916e-01 1.000000000000000000e+00 1.010000000000000000e+02 0.000000000000000000e+00
9.535923845507647822e-01 1.166803735907594730e-01 1.800000000000000000e+01 1.720000000000000000e+02 0.000000000000000000e+00
1.022886222572659681e-01 1.423404612973747874e+00 1.000000000000000000e+01 3.800000000000000000e+01 0.000000000000000000e+00
5.023438891432736586e-01 4.967347970063172857e-01 5.000000000000000000e+00 1.330000000000000000e+02 1.000000000000000000e+00
2.167136256240711489e-01 1.164574018607007488e+00 4.000000000000000000e+00 8.000000000000000000e+00 1.000000000000000000e+00
8.401045679195745519e-01 1.702935856258503300e+00 1.200000000000000000e+01 7.200000000000000000e+01 1.000000000000000000e+00
7.050832182214293864e-01 6.933701588445700947e-01 1.800000000000000000e+01 1.870000000000000000e+02 1.000000000000000000e+00
6.484711709621776565e-01 7.600409942408404840e-01 7.000000000000000000e+00 1.970000000000000000e+02 1.000000000000000000e+00
9.115699427952296263e-01 1.096271738549896790e+00 1.900000000000000000e+01 9.800000000000000000e+01 1.000000000000000000e+00
1.356878915372526917e-01 1.392700545283550806e+00 8.000000000000000000e+00 2.000000000000000000e+01 1.000000000000000000e+00
2.753014612462240107e-01 3.243003007258754566e-01 3.000000000000000000e+00 1.230000000000000000e+02 1.000000000000000000e+00
5.982137416705514132e-01 1.614026339881800221e+00 1.500000000000000000e+01 5.700000000000000000e+01 1.000000000000000000e+00
5.816181744931152586e-01 1.064358399575193959e+00 1.800000000000000000e+01 1.520000000000000000e+02 1.000000000000000000e+00
3.575635876808151981e-01 2.000899533369457473e+00 4.000000000000000000e+00 1.610000000000000000e+02 1.000000000000000000e+00
5.544438611641977488e-01 1.420106697519480043e+00 1.700000000000000000e+01 1.700000000000000000e+01 1.000000000000000000e+00
6.365862180986174845e-01 1.690160882168844747e+00 1.300000000000000000e+01 9.900000000000000000e+01 1.000000000000000000e+00
4.260670872797538422e-01 1.439531397598915241e+00 1.100000000000000000e+01 9.000000000000000000e+00 1.000000000000000000e+00
4.655285667065320876e-01 1.663535147936222147e+00 1.300000000000000000e+01 1.590000000000000000e+02 1.000000000000000000e+00
7.069788625720033748e-01 1.331625487026835808e+00 1.800000000000000000e+01 6.200000000000000000e+01 1.000000000000000000e+00
1.994479923736175442e-01 4.466601808194982093e-01 1.000000000000000000e+01 1.290000000000000000e+02 1.000000000000000000e+00
7.145769404768002042e-01 1.789911249745512745e+00 1.700000000000000000e+01 7.000000000000000000e+00 1.000000000000000000e+00
3.201967313439254559e-01 1.786289466819804161e+00 1.000000000000000000e+01 1.530000000000000000e+02 1.000000000000000000e+00
3.522373265960800914e-01 1.346067889107135651e-01 6.000000000000000000e+00 1.310000000000000000e+02 1.000000000000000000e+00
1.099908320017177615e-01 1.022295203862110036e+00 7.000000000000000000e+00 3.200000000000000000e+01 1.000000000000000000e+00
9.580582524471122907e-01 5.482354431411321505e-01 1.700000000000000000e+01 6.700000000000000000e+01 1.000000000000000000e+00
1.002807727086490353e+00 1.673342900919338794e+00 3.000000000000000000e+00 1.950000000000000000e+02 1.000000000000000000e+00
5.894397313002098793e-01 2.061610357801725968e+00 6.000000000000000000e+00 1.010000000000000000e+02 1.000000000000000000e+00
7.723538957835657248e-01 6.956139487693761003e-01 1.200000000000000000e+01 1.450000000000000000e+02 1.000000000000000000e+00
4.304601700732521019e-01 1.490838137462443980e+00 1.400000000000000000e+01 1.000000000000000000e+00 1.000000000000000000e+00
8.411622410640816339e-02 1.340298641730238993e-01 1.200000000000000000e+01 1.960000000000000000e+02 1.000000000000000000e+00
7.275986259230070585e-01 1.472817414741794506e+00 6.000000000000000000e+00 5.500000000000000000e+01 1.000000000000000000e+00
5.037088371290160405e-01 8.993523581032215608e-01 1.100000000000000000e+01 1.070000000000000000e+02 1.000000000000000000e+00
6.727135241883880346e-01 1.209932728254253798e+00 8.000000000000000000e+00 4.000000000000000000e+00 1.000000000000000000e+00
1.997809247991880754e-01 1.538493358787323073e+00 7.000000000000000000e+00 1.880000000000000000e+02 1.000000000000000000e+00
7.251031182366101113e-01 1.406733298501188445e+00 1.600000000000000000e+01 1.900000000000000000e+01 1.000000000000000000e+00
9.867835507075092272e-01 9.333978814304743077e-01 1.700000000000000000e+01 3.500000000000000000e+01 1.000000000000000000e+00
8.863007020503795852e-01 1.849750422805422234e+00 1.900000000000000000e+01 2.000000000000000000e+00 1.000000000000000000e+00
5.033620058694920213e-02 7.196772823482374681e-01 5.000000000000000000e+00 2.700000000000000000e+01 1.000000000000000000e+00
4.590507994973419548e-01 6.570693015969352180e-01 1.700000000000000000e+01 2.900000000000000000e+01 1.000000000000000000e+00
2.363420072197287558e-01 1.821051945294275942e+00 7.000000000000000000e+00 1.000000000000000000e+00 1.000000000000000000e+00
7.742245931859305097e-01 8.317917784705758377e-01 1.400000000000000000e+01 8.600000000000000000e+01 1.000000000000000000e+00
7.706229843005830693e-01 1.529962809005055435e+00 4.000000000000000000e+00 1.570000000000000000e+02 1.000000000000000000e+00
7.953449251037120193e-01 1.071136553817232606e+00 2.000000000000000000e+00 4.100000000000000000e+01 1.000000000000000000e+00
4.272556854576927687e-01 1.409775511251891045e+00 6.000000000000000000e+00 3.600000000000000000e+01 1.000000000000000000e+00
7.460003022582475385e-01 4.925914235583760403e-01 1.200000000000000000e+01 4.800000000000000000e+01 1.000000000000000000e+00
7.180669002194153272e-01 1.537754513345403196e-01 1.000000000000000000e+01 1.850000000000000000e+02 1.000000000000000000e+00
7.369290347004494590e-01 1.588733717183942185e+00 1.400000000000000000e+01 1.860000000000000000e+02 1.000000000000000000e+00
8.809346147836655261e-01 9.405131545283192951e-01 5.000000000000000000e+00 1.760000000000000000e+02 1.000000000000000000e+00
4.283239152669038319e-01 1.781404181264920394e+00 9.000000000000000000e+00 1.980000000000000000e+02 1.000000000000000000e+00
1.254305560663371288e-01 2.764260282854956730e-01 4.000000000000000000e+00 1.390000000000000000e+02 1.000000000000000000e+00
8.344961660443013240e-01 2.046346586067694595e+00 1.700000000000000000e+01 4.100000000000000000e+01 1.000000000000000000e+00
7.547098018977395073e-01 1.855117272969818876e+00 1.600000000000000000e+01 1.550000000000000000e+02 1.000000000000000000e+00
7.059139940617313869e-01 7.977535624291017813e-01 1.000000000000000000e+00 1.600000000000000000e+02 1.000000000000000000e+00
8.463341552586917116e-01 6.435840401082911777e-01 5.000000000000000000e+00 1.480000000000000000e+02 2.000000000000000000e+00
2.717265084754730831e-01 1.239556008264254050e+00 5.000000000000000000e+00 5.400000000000000000e+01 2.000000000000000000e+00
3.546301739941742914e-01 1.821152089369011406e+00 1.700000000000000000e+01 1.170000000000000000e+02 2.000000000000000000e+00
2.874342850119533388e-01 1.187667570718919041e+00 8.000000000000000000e+00 3.500000000000000000e+01 2.000000000000000000e+00
6.484615107177742477e-01 7.555158590921139394e-01 2.000000000000000000e+01 1.590000000000000000e+02 2.000000000000000000e+00
5.059564173895794159e-01 1.493720068108950194e+00 2.000000000000000000e+01 1.160000000000000000e+02 2.000000000000000000e+00
3.147857148720991649e-01 1.733457485731475289e+00 1.300000000000000000e+01 1.220000000000000000e+02 2.000000000000000000e+00
9.549263377817750476e-01 2.086657084597100642e+00 2.000000000000000000e+00 5.000000000000000000e+00 2.000000000000000000e+00
5.025546478540167117e-01 2.742060975912031795e-01 1.000000000000000000e+00 1.290000000000000000e+02 2.000000000000000000e+00
4.542571883792262399e-01 6.592807911472212679e-01 1.000000000000000000e+00 1.480000000000000000e+02 2.000000000000000000e+00
7.410008610677566443e-01 1.453246607934500556e+00 1.000000000000000000e+00 1.200000000000000000e+02 2.000000000000000000e+00
4.104690322191294483e-01 1.963159892546795460e+00 8.000000000000000000e+00 6.300000000000000000e+01 2.000000000000000000e+00
5.078727068684204538e-01 9.651577018036482380e-01 1.100000000000000000e+01 9.000000000000000000e+01 2.000000000000000000e+00
8.024732056648491429e-01 1.419031265702165534e+00 1.000000000000000000e+00 1.400000000000000000e+01 2.000000000000000000e+00
5.986696463432782389e-01 1.691047776461868379e-01 7.000000000000000000e+00 9.900000000000000000e+01 2.000000000000000000e+00
4.894607807318404058e-01 6.627299885731313678e-01 5.000000000000000000e+00 1.100000000000000000e+01 2.000000000000000000e+00
6.349892385428095309e-01 2.045680869899392018e+00 1.500000000000000000e+01 7.600000000000000000e+01 2.000000000000000000e+00
4.839795842688476152e-02 9.611491538982074312e-01 1.200000000000000000e+01 1.460000000000000000e+02 2.000000000000000000e+00
8.768086917507503797e-01 4.202420931060116827e-01 2.000000000000000000e+01 1.200000000000000000e+02 2.000000000000000000e+00
5.296775447786906676e-01 3.991464926024678173e-01 8.000000000000000000e+00 1.140000000000000000e+02 2.000000000000000000e+00
6.829414398864235292e-01 1.479721994706345134e+00 3.000000000000000000e+00 1.220000000000000000e+02 2.000000000000000000e+00
7.487812696775488774e-01 1.623575350793092342e+00 1.700000000000000000e+01 1.640000000000000000e+02 2.000000000000000000e+00
6.993864134708620561e-01 4.523360801217434224e-01 6.000000000000000000e+00 1.000000000000000000e+00 2.000000000000000000e+00
5.514096442310276736e-01 2.781400907750702922e-01 1.900000000000000000e+01 8.400000000000000000e+01 2.000000000000000000e+00
5.040582233998015527e-01 1.960208082633627891e+00 1.800000000000000000e+01 1.560000000000000000e+02 2.000000000000000000e+00
8.013166407316530959e-01 1.098476520433696813e+00 2.000000000000000000e+01 1.210000000000000000e+02 2.000000000000000000e+00
1.591708894691044041e-01 4.570329061825374461e-01 1.400000000000000000e+01 6.000000000000000000e+01 2.000000000000000000e+00
5.955096282274080499e-01 1.461634896810722006e+00 5.000000000000000000e+00 8.500000000000000000e+01 2.000000000000000000e+00
1.257876956926834433e-01 8.232625076054472801e-01 8.000000000000000000e+00 1.440000000000000000e+02 2.000000000000000000e+00
7.920302806402957918e-01 1.603187811873955315e+00 7.000000000000000000e+00 5.900000000000000000e+01 2.000000000000000000e+00
4.104035919496759055e-01 3.734668167095039903e-01 1.000000000000000000e+01 4.900000000000000000e+01 2.000000000000000000e+00
2.718377864914125475e-01 9.147288570405954777e-01 1.100000000000000000e+01 1.760000000000000000e+02 2.000000000000000000e+00
7.267682474923878866e-01 1.068249692139764395e+00 6.000000000000000000e+00 1.940000000000000000e+02 2.000000000000000000e+00
5.704650376688439328e-01 1.185620214205543643e+00 7.000000000000000000e+00 8.800000000000000000e+01 2.000000000000000000e+00
4.072869147801105177e-02 1.518790125124866108e+00 1.600000000000000000e+01 1.100000000000000000e+01 2.000000000000000000e+00
2.805687817607293022e-01 5.381176912208088803e-01 1.200000000000000000e+01 9.100000000000000000e+01 2.000000000000000000e+00
4.169848487111278423e-01 9.637824803102611471e-01 7.000000000000000000e+00 9.900000000000000000e+01 2.000000000000000000e+00
1.502780180463247038e-02 5.551839237550327821e-01 9.000000000000000000e+00 8.100000000000000000e+01 2.000000000000000000e+00
6.057842209407572343e-01 1.282275763492008114e+00 7.000000000000000000e+00 1.790000000000000000e+02 2.000000000000000000e+00
5.502090033482106568e-01 1.364760264124563971e+00 9.000000000000000000e+00 1.240000000000000000e+02 2.000000000000000000e+00
3.798664375458865594e-01 9.649752874387403923e-01 1.700000000000000000e+01 2.700000000000000000e+01 2.000000000000000000e+00
9.543170751183158718e-01 1.393072284605989086e+00 1.400000000000000000e+01 7.700000000000000000e+01 2.000000000000000000e+00
9.726038742055578279e-01 3.463648066028660599e-01 1.000000000000000000e+00 5.400000000000000000e+01 2.000000000000000000e+00
7.212892662386490850e-01 2.317943524763867169e-01 1.000000000000000000e+00 1.210000000000000000e+02 2.000000000000000000e+00
2.675147943937186135e-01 4.702866201969394533e-01 2.000000000000000000e+00 1.620000000000000000e+02 2.000000000000000000e+00
9.369578616597205867e-02 4.403254708292637654e-01 1.300000000000000000e+01 1.090000000000000000e+02 2.000000000000000000e+00
7.793941175614939043e-01 1.888662800549503418e+00 1.500000000000000000e+01 1.860000000000000000e+02 2.000000000000000000e+00
4.478005151391759586e-01 1.689222682183741275e+00 9.000000000000000000e+00 2.000000000000000000e+01 2.000000000000000000e+00
5.497016830574129598e-01 4.956958944195898331e-01 1.700000000000000000e+01 2.200000000000000000e+01 2.000000000000000000e+00
5.258716244688910191e-01 1.987935950520504091e+00 1.100000000000000000e+01 3.900000000000000000e+01 2.000000000000000000e+00
9.647904957967241568e-01 6.182609805677260484e-01 4.000000000000000000e+00 2.600000000000000000e+01 3.000000000000000000e+00
7.103241531888883076e-01 4.864619376480091573e-01 7.000000000000000000e+00 6.500000000000000000e+01 3.000000000000000000e+00
4.715371293114632989e-01 2.097833335942244304e+00 1.400000000000000000e+01 4.700000000000000000e+01 3.000000000000000000e+00
5.417730712093217216e-01 3.661106215173625111e-01 7.000000000000000000e+00 1.040000000000000000e+02 3.000000000000000000e+00
3.070828184275106176e-01 4.530950017719655998e-01 1.600000000000000000e+01 1.640000000000000000e+02 3.000000000000000000e+00
9.135710512917454285e-01 6.174287936823513734e-01 1.800000000000000000e+01 1.290000000000000000e+02 3.000000000000000000e+00
4.507470312171891758e-01 1.597759104532322783e-01 4.000000000000000000e+00 1.430000000000000000e+02 3.000000000000000000e+00
7.599399818145792240e-01 1.119557378481705445e+00 1.100000000000000000e+01 2.400000000000000000e+01 3.000000000000000000e+00
3.664342469357186882e-01 3.710103472327169749e-01 1.700000000000000000e+01 1.230000000000000000e+02 3.000000000000000000e+00
2.206026719002662784e-01 1.620258594240050032e+00 1.700000000000000000e+01 8.600000000000000000e+01 3.000000000000000000e+00
4.088230598811143368e-01 1.845182743007287796e+00 1.700000000000000000e+01 1.780000000000000000e+02 3.000000000000000000e+00
5.617790664794145572e-01 2.061904924624896385e+00 1.600000000000000000e+01 1.360000000000000000e+02 3.000000000000000000e+00
6.684177254982635041e-01 1.312091357569201977e-01 2.000000000000000000e+00 1.000000000000000000e+02 3.000000000000000000e+00
7.504017779709791502e-02 1.701360236875305132e+00 4.000000000000000000e+00 2.600000000000000000e+01 3.000000000000000000e+00
4.330645680703771871e-01 1.237915269909411364e+00 1.800000000000000000e+01 5.900000000000000000e+01 3.000000000000000000e+00
8.927848788916608047e-01 8.942207949717514426e-01 1.600000000000000000e+01 1.240000000000000000e+02 3.000000000000000000e+00
5.767135215353268451e-01 1.315941272622004554e+00 2.000000000000000000e+01 2.500000000000000000e+01 3.000000000000000000e+00
8.478514746789030943e-01 1.759848078061678534e+00 1.000000000000000000e+01 3.600000000000000000e+01 3.000000000000000000e+00
7.312141772838220977e-01 9.178166663755434884e-01 9.000000000000000000e+00 5.200000000000000000e+01 3.000000000000000000e+00
9.842968381449223036e-01 1.715722010894951355e+00 1.000000000000000000e+00 1.820000000000000000e+02 3.000000000000000000e+00
9.146722601089848359e-01 8.458499019893152004e-01 1.200000000000000000e+01 9.900000000000000000e+01 3.000000000000000000e+00
1.354159591309833655e-01 8.662588089737707220e-01 9.000000000000000000e+00 4.900000000000000000e+01 3.000000000000000000e+00
6.940789566779703712e-01 1.713729987153767453e+00 1.700000000000000000e+01 1.900000000000000000e+02 3.000000000000000000e+00
6.588182853506148184e-01 1.991379016335730556e+00 1.900000000000000000e+01 3.400000000000000000e+01 3.000000000000000000e+00
8.474386666377109467e-01 1.948150427527359563e+00 1.100000000000000000e+01 4.700000000000000000e+01 3.000000000000000000e+00
4.883966246138645717e-01 1.368373667301744590e+00 1.600000000000000000e+01 1.930000000000000000e+02 3.000000000000000000e+00
6.995266321136669463e-01 1.839957148250214392e+00 1.000000000000000000e+00 1.680000000000000000e+02 3.000000000000000000e+00
8.639624416905122839e-01 1.083191324479287454e+00 2.000000000000000000e+01 1.750000000000000000e+02 3.000000000000000000e+00
5.442707213875302985e-01 1.884464329044229558e+00 1.100000000000000000e+01 3.600000000000000000e+01 3.000000000000000000e+00
4.835071226749552142e-01 4.012367134350186548e-01 4.000000000000000000e+00 1.650000000000000000e+02 3.000000000000000000e+00
8.577530977170808590e-01 7.647547642881266095e-01 1.000000000000000000e+01 4.500000000000000000e+01 3.000000000000000000e+00
2.476963914888377083e-01 1.556742984324509749e+00 1.300000000000000000e+01 3.500000000000000000e+01 3.000000000000000000e+00
7.261435597168669487e-01 1.163065539358762113e+00 3.000000000000000000e+00 1.950000000000000000e+02 3.000000000000000000e+00
3.611392795737201622e-01 1.346894908096142096e+00 1.300000000000000000e+01 3.800000000000000000e+01 3.000000000000000000e+00
3.212463246031207476e-01 8.187221038493862624e-01 1.200000000000000000e+01 9.900000000000000000e+01 3.000000000000000000e+00
7.438703471774117393e-01 1.536616477818923077e+00 5.000000000000000000e+00 9.100000000000000000e+01 3.000000000000000000e+00
7.026009496074968608e-01 1.490717776104883152e-01 1.200000000000000000e+01 1.790000000000000000e+02 3.000000000000000000e+00
4.230534227273541337e-01 1.572492402851396909e+00 2.000000000000000000e+01 5.900000000000000000e+01 3.000000000000000000e+00
3.753221194494666957e-01 6.559422287583093203e-01 6.000000000000000000e+00 2.800000000000000000e+01 3.000000000000000000e+00
1.916522779423459610e-01 3.984833710342400304e-01 2.000000000000000000e+00 3.900000000000000000e+01 3.000000000000000000e+00
9.473637413648157146e-01 2.457692610583791792e-01 5.000000000000000000e+00 9.900000000000000000e+01 3.000000000000000000e+00
6.254773663489366919e-01 1.591183578198606785e+00 1.600000000000000000e+01 1.140000000000000000e+02 3.000000000000000000e+00
4.725446998254571040e-01 1.693195747020964648e+00 1.100000000000000000e+01 1.940000000000000000e+02 3.000000000000000000e+00
2.412504200238055896e-01 1.031200862847520272e-01 5.000000000000000000e+00 1.550000000000000000e+02 3.000000000000000000e+00
3.819165407721657468e-01 5.290402819572178617e-01 6.000000000000000000e+00 6.000000000000000000e+00 3.000000000000000000e+00
7.726524408223329754e-01 1.678127433288302550e-01 1.200000000000000000e+01 1.680000000000000000e+02 3.000000000000000000e+00
7.594426407407409707e-01 6.530135790447976207e-01 1.600000000000000000e+01 3.800000000000000000e+01 3.000000000000000000e+00
7.646157137105494828e-01 1.672069240458416317e+00 1.800000000000000000e+01 1.620000000000000000e+02 3.000000000000000000e+00
6.275791118950323211e-02 1.954927651137531974e+00 1.900000000000000000e+01 1.400000000000000000e+01 3.000000000000000000e+00
8.303643439934856874e-01 1.674566051512762055e+00 1.700000000000000000e+01 1.580000000000000000e+02 3.000000000000000000e+00
5.577504377375864797e-01 1.341996279128414571e+00 9.000000000000000000e+00 7.800000000000000000e+01 4.000000000000000000e+00
2.217370026672095262e-01 1.078854419207012194e+00 1.000000000000000000e+00 8.600000000000000000e+01 4.000000000000000000e+00
6.294105822064831601e-01 1.044780100390319877e+00 1.500000000000000000e+01 1.700000000000000000e+01 4.000000000000000000e+00
7.653700136166263768e-01 1.533557483386593479e+00 1.100000000000000000e+01 9.700000000000000000e+01 4.000000000000000000e+00
2.028208508531148535e-01 8.739358498237211892e-01 3.000000000000000000e+00 1.900000000000000000e+01 4.000000000000000000e+00
6.294677684437203213e-01 1.202076546013669811e-01 1.000000000000000000e+01 1.950000000000000000e+02 4.000000000000000000e+00
9.552984150350477544e-01 7.329313786298877753e-01 2.000000000000000000e+00 3.600000000000000000e+01 4.000000000000000000e+00
4.598499240167376323e-01 6.775805855877133910e-01 1.700000000000000000e+01 4.900000000000000000e+01 4.000000000000000000e+00
2.932926130723095826e-01 3.827111364587539866e-01 1.600000000000000000e+01 1.840000000000000000e+02 4.000000000000000000e+00
8.439443311177480256e-01 1.596893616171778385e+00 1.700000000000000000e+01 7.200000000000000000e+01 4.000000000000000000e+00
2.745384988214404770e-02 6.883240073848858609e-01 1.600000000000000000e+01 1.470000000000000000e+02 4.000000000000000000e+00
5.100809850589832495e-01 1.036584745938035290e+00 1.000000000000000000e+01 1.050000000000000000e+02 4.000000000000000000e+00
9.002736423702948354e-01 1.413751208761450329e+00 1.700000000000000000e+01 1.260000000000000000e+02 4.000000000000000000e+00
7.968675051967620548e-02 2.632946191462336438e-01 1.300000000000000000e+01 1.670000000000000000e+02 4.000000000000000000e+00
4.835386417459371922e-01 2.899249392538044701e-01 5.000000000000000000e+00 1.940000000000000000e+02 4.000000000000000000e+00
7.772200591847976126e-02 6.926081240264393424e-01 2.000000000000000000e+00 8.000000000000000000e+01 4.000000000000000000e+00
3.636502062172652233e-02 2.661531566725864328e-01 1.000000000000000000e+01 8.200000000000000000e+01 4.000000000000000000e+00
9.437843733632205190e-01 1.851677548994698386e+00 1.300000000000000000e+01 1.640000000000000000e+02 4.000000000000000000e+00
6.288112420143064651e-02 7.347168305364525365e-01 1.700000000000000000e+01 7.100000000000000000e+01 4.000000000000000000e+00
9.101416171734278970e-01 1.816195398015145956e+00 1.300000000000000000e+01 1.100000000000000000e+01 4.000000000000000000e+00
5.015120064300414987e-02 1.683726649637041772e+00 1.000000000000000000e+01 1.510000000000000000e+02 4.000000000000000000e+00
3.189990749228678313e-01 3.575269994473032620e-01 1.400000000000000000e+01 1.620000000000000000e+02 4.000000000000000000e+00
9.765299132970060858e-02 1.545699001915811666e+00 5.000000000000000000e+00 1.990000000000000000e+02 4.000000000000000000e+00
7.389135834102587841e-02 7.431197796503056230e-01 7.000000000000000000e+00 1.470000000000000000e+02 4.000000000000000000e+00
7.961608348393047763e-01 1.247457643732825083e+00 1.900000000000000000e+01 1.370000000000000000e+02 4.000000000000000000e+00
7.963034129771497938e-01 9.085878212228467588e-01 1.200000000000000000e+01 1.820000000000000000e+02 4.000000000000000000e+00
3.232677529984284009e-02 1.502006225210109625e+00 1.000000000000000000e+01 1.400000000000000000e+01 4.000000000000000000e+00
2.139561969188932267e-01 5.840247430829429431e-01 1.500000000000000000e+01 1.950000000000000000e+02 4.000000000000000000e+00
9.778947654646723553e-01 1.361986623677448327e-01 1.100000000000000000e+01 1.020000000000000000e+02 4.000000000000000000e+00
6.958193972191751842e-01 1.595596055885815767e+00 1.300000000000000000e+01 1.210000000000000000e+02 4.000000000000000000e+00
4.412907118194253631e-01 1.217620722105471787e+00 1.200000000000000000e+01 1.230000000000000000e+02 4.000000000000000000e+00
5.726171141382263574e-01 1.621535275447788305e+00 1.000000000000000000e+01 1.500000000000000000e+02 4.000000000000000000e+00
8.396076695006942092e-01 1.058767089721662780e+00 1.100000000000000000e+01 1.000000000000000000e+02 4.000000000000000000e+00
2.781858150562921406e-01 1.108086382834222228e+00 1.300000000000000000e+01 8.200000000000000000e+01 4.000000000000000000e+00
7.581110753620482479e-01 1.397243868890189811e+00 1.100000000000000000e+01 7.700000000000000000e+01 4.000000000000000000e+00
3.138775578164567648e-01 3.101654924051170381e-01 1.600000000000000000e+01 1.610000000000000000e+02 4.000000000000000000e+00
9.029810424414802528e-01 1.845405853077054292e+00 2.000000000000000000e+00 1.730000000000000000e+02 4.000000000000000000e+00
7.697579680449447848e-01 1.834401394732815049e+00 1.600000000000000000e+01 4.400000000000000000e+01 4.000000000000000000e+00
1.007415654091472046e+00 2.193835935054543607e-01 5.000000000000000000e+00 3.500000000000000000e+01 4.000000000000000000e+00
6.252845275975308370e-01 3.572211906359853417e-01 1.300000000000000000e+01 1.600000000000000000e+02 4.000000000000000000e+00
6.532382832007003204e-01 7.402736023338768456e-01 1.200000000000000000e+01 5.000000000000000000e+01 4.000000000000000000e+00
5.991100509927378415e-01 4.533698517544145767e-01 6.000000000000000000e+00 1.220000000000000000e+02 4.000000000000000000e+00
4.128770046157620444e-01 2.945015351768537348e-01 1.400000000000000000e+01 2.400000000000000000e+01 4.000000000000000000e+00
2.973506665083683886e-01 1.067489393838647826e+00 2.000000000000000000e+01 1.660000000000000000e+02 4.000000000000000000e+00
8.627025563021156751e-01 1.502851924214533508e+00 7.000000000000000000e+00 9.700000000000000000e+01 4.000000000000000000e+00
2.418327465163586654e-01 1.226159509118773805e+00 1.500000000000000000e+01 1.680000000000000000e+02 4.000000000000000000e+00
6.930728187090894055e-02 5.231073641060709489e-01 2.000000000000000000e+00 1.590000000000000000e+02 4.000000000000000000e+00
1.140126800956013792e-01 1.593199077305490929e+00 7.000000000000000000e+00 1.970000000000000000e+02 4.000000000000000000e+00
1.963700399097233901e-02 1.438311178383058220e+00 4.000000000000000000e+00 3.800000000000000000e+01 4.000000000000000000e+00
1.759045893771585822e-01 1.200719354890679602e+00 6.000000000000000000e+00 1.600000000000000000e+02 4.000000000000000000e+00
