8.619854927300881764e-01 2.478071976845198920e-01 5.000000000000000000e+00 1.570000000000000000e+02 0.000000000000000000e+00
8.619854927300881764e-01 2.478071976845198920e-01 5.000000000000000000e+00 1.570000000000000000e+02 1.000000000000000000e+00
8.619854927300881764e-01 2.478071976845198920e-01 5.000000000000000000e+00 1.570000000000000000e+02 2.000000000000000000e+00
8.619854927300881764e-01 2.478071976845198920e-01 5.000000000000000000e+00 1.570000000000000000e+02 3.000000000000000000e+00
8.619854927300881764e-01 2.478071976845198920e-01 5.000000000000000000e+00 1.570000000000000000e+02 4.000000000000000000e+00
9.049317626986235208e-01 9.729870951572164861e-01 4.000000000000000000e+00 1.680000000000000000e+02 0.000000000000000000e+00
9.049317626986235208e-01 9.729870951572164861e-01 4.000000000000000000e+00 1.680000000000000000e+02 1.000000000000000000e+00
9.049317626986235208e-01 9.729870951572164861e-01 4.000000000000000000e+00 1.680000000000000000e+02 2.000000000000000000e+00
9.049317626986235208e-01 9.729870951572164861e-01 4.000000000000000000e+00 1.680000000000000000e+02 3.000000000000000000e+00
9.049317626986235208e-01 9.729870951572164861e-01 4.000000000000000000e+00 1.680000000000000000e+02 4.000000000000000000e+00
1.376777342335119281e-01 1.251715748849866250e+00 1.300000000000000000e+01 1.170000000000000000e+02 0.000000000000000000e+00
1.376777342335119281e-01 1.251715748849866250e+00 1.300000000000000000e+01 1.170000000000000000e+02 1.000000000000000000e+00
1.376777342335119281e-01 1.251715748849866250e+00 1.300000000000000000e+01 1.170000000000000000e+02 2.000000000000000000e+00
1.376777342335119281e-01 1.251715748849866250e+00 1.300000000000000000e+01 1.170000000000000000e+02 3.000000000000000000e+00
1.376777342335119281e-01 1.251715748849866250e+00 1.300000000000000000e+01 1.170000000000000000e+02 4.000000000000000000e+00
8.504709197295722278e-01 9.702411023102640586e-01 4.000000000000000000e+00 8.700000000000000000e+01 0.000000000000000000e+00
8.504709197295722278e-01 9.702411023102640586e-01 4.000000000000000000e+00 8.700000000000000000e+01 1.000000000000000000e+00
8.504709197295722278e-01 9.702411023102640586e-01 4.000000000000000000e+00 8.700000000000000000e+01 2.000000000000000000e+00
8.504709197295722278e-01 9.702411023102640586e-01 4.000000000000000000e+00 8.700000000000000000e+01 3.000000000000000000e+00
8.504709197295722278e-01 9.702411023102640586e-01 4.000000000000000000e+00 8.700000000000000000e+01 4.000000000000000000e+00
7.059105603799180617e-01 1.469276193854923918e+00 1.200000000000000000e+01 3.900000000000000000e+01 0.000000000000000000e+00
7.059105603799180617e-01 1.469276193854923918e+00 1.200000000000000000e+01 3.900000000000000000e+01 1.000000000000000000e+00
7.059105603799180617e-01 1.469276193854923918e+00 1.200000000000000000e+01 3.900000000000000000e+01 2.000000000000000000e+00
7.059105603799180617e-01 1.469276193854923918e+00 1.200000000000000000e+01 3.900000000000000000e+01 3.000000000000000000e+00
7.059105603799180617e-01 1.469276193854923918e+00 1.200000000000000000e+01 3.900000000000000000e+01 4.000000000000000000e+00
7.106483655237899599e-01 1.659388525646298129e+00 6.000000000000000000e+00 1.380000000000000000e+02 0.000000000000000000e+00
7.106483655237899599e-01 1.659388525646298129e+00 6.000000000000000000e+00 1.380000000000000000e+02 1.000000000000000000e+00
7.106483655237899599e-01 1.659388525646298129e+00 6.000000000000000000e+00 1.380000000000000000e+02 2.000000000000000000e+00
7.106483655237899599e-01 1.659388525646298129e+00 6.000000000000000000e+00 1.380000000000000000e+02 3.000000000000000000e+00
7.106483655237899599e-01 1.659388525646298129e+00 6.000000000000000000e+00 1.380000000000000000e+02 4.000000000000000000e+00
6.527493682648400908e-01 2.022052335987738925e+00 1.700000000000000000e+01 1.950000000000000000e+02 0.000000000000000000e+00
6.527493682648400908e-01 2.022052335987738925e+00 1.700000000000000000e+01 1.950000000000000000e+02 1.000000000000000000e+00
6.527493682648400908e-01 2.022052335987738925e+00 1.700000000000000000e+01 1.950000000000000000e+02 2.000000000000000000e+00
6.527493682648400908e-01 2.022052335987738925e+00 1.700000000000000000e+01 1.950000000000000000e+02 3.000000000000000000e+00
6.527493682648400908e-01 2.022052335987738925e+00 1.700000000000000000e+01 1.950000000000000000e+02 4.000000000000000000e+00
1.184648852591883988e-01 1.692212678159893624e+00 7.000000000000000000e+00 7.400000000000000000e+01 0.000000000000000000e+00
1.184648852591883988e-01 1.692212678159893624e+00 7.000000000000000000e+00 7.400000000000000000e+01 1.000000000000000000e+00
1.184648852591883988e-01 1.692212678159893624e+00 7.000000000000000000e+00 7.400000000000000000e+01 2.000000000000000000e+00
1.184648852591883988e-01 1.692212678159893624e+00 7.000000000000000000e+00 7.400000000000000000e+01 3.000000000000000000e+00
1.184648852591883988e-01 1.692212678159893624e+00 7.000000000000000000e+00 7.400000000000000000e+01 4.000000000000000000e+00
8.425800828453440250e-01 6.320167257460546084e-01 1.100000000000000000e+01 1.970000000000000000e+02 0.000000000000000000e+00
8.425800828453440250e-01 6.320167257460546084e-01 1.100000000000000000e+01 1.970000000000000000e+02 1.000000000000000000e+00
8.425800828453440250e-01 6.320167257460546084e-01 1.100000000000000000e+01 1.970000000000000000e+02 2.000000000000000000e+00
8.425800828453440250e-01 6.320167257460546084e-01 1.100000000000000000e+01 1.970000000000000000e+02 3.000000000000000000e+00
8.425800828453440250e-01 6.320167257460546084e-01 1.100000000000000000e+01 1.970000000000000000e+02 4.000000000000000000e+00
8.466853890134311555e-01 1.164253813109027202e+00 1.000000000000000000e+01 1.800000000000000000e+01 0.000000000000000000e+00
8.466853890134311555e-01 1.164253813109027202e+00 1.000000000000000000e+01 1.800000000000000000e+01 1.000000000000000000e+00
8.466853890134311555e-01 1.164253813109027202e+00 1.000000000000000000e+01 1.800000000000000000e+01 2.000000000000000000e+00
8.466853890134311555e-01 1.164253813109027202e+00 1.000000000000000000e+01 1.800000000000000000e+01 3.000000000000000000e+00
8.466853890134311555e-01 1.164253813109027202e+00 1.000000000000000000e+01 1.800000000000000000e+01 4.000000000000000000e+00
5.269075641158466050e-01 2.971754250757013827e-01 1.100000000000000000e+01 1.830000000000000000e+02 0.000000000000000000e+00
5.269075641158466050e-01 2.971754250757013827e-01 1.100000000000000000e+01 1.830000000000000000e+02 1.000000000000000000e+00
5.269075641158466050e-01 2.971754250757013827e-01 1.100000000000000000e+01 1.830000000000000000e+02 2.000000000000000000e+00
5.269075641158466050e-01 2.971754250757013827e-01 1.100000000000000000e+01 1.830000000000000000e+02 3.000000000000000000e+00
5.269075641158466050e-01 2.971754250757013827e-01 1.100000000000000000e+01 1.830000000000000000e+02 4.000000000000000000e+00
9.288689945271011439e-01 1.433316983526684130e+00 2.000000000000000000e+01 1.890000000000000000e+02 0.000000000000000000e+00
9.288689945271011439e-01 1.433316983526684130e+00 2.000000000000000000e+01 1.890000000000000000e+02 1.000000000000000000e+00
9.288689945271011439e-01 1.433316983526684130e+00 2.000000000000000000e+01 1.890000000000000000e+02 2.000000000000000000e+00
9.288689945271011439e-01 1.433316983526684130e+00 2.000000000000000000e+01 1.890000000000000000e+02 3.000000000000000000e+00
9.288689945271011439e-01 1.433316983526684130e+00 2.000000000000000000e+01 1.890000000000000000e+02 4.000000000000000000e+00
1.847794784587299954e-01 5.353830249119001516e-01 1.400000000000000000e+01 6.900000000000000000e+01 0.000000000000000000e+00
1.847794784587299954e-01 5.353830249119001516e-01 1.400000000000000000e+01 6.900000000000000000e+01 1.000000000000000000e+00
1.847794784587299954e-01 5.353830249119001516e-01 1.400000000000000000e+01 6.900000000000000000e+01 2.000000000000000000e+00
1.847794784587299954e-01 5.353830249119001516e-01 1.400000000000000000e+01 6.900000000000000000e+01 3.000000000000000000e+00
1.847794784587299954e-01 5.353830249119001516e-01 1.400000000000000000e+01 6.900000000000000000e+01 4.000000000000000000e+00
4.778752805910262413e-01 9.717824844110433125e-01 8.000000000000000000e+00 1.070000000000000000e+02 0.000000000000000000e+00
4.778752805910262413e-01 9.717824844110433125e-01 8.000000000000000000e+00 1.070000000000000000e+02 1.000000000000000000e+00
4.778752805910262413e-01 9.717824844110433125e-01 8.000000000000000000e+00 1.070000000000000000e+02 2.000000000000000000e+00
4.778752805910262413e-01 9.717824844110433125e-01 8.000000000000000000e+00 1.070000000000000000e+02 3.000000000000000000e+00
4.778752805910262413e-01 9.717824844110433125e-01 8.000000000000000000e+00 1.070000000000000000e+02 4.000000000000000000e+00
8.993544809365442427e-01 5.451985423748103576e-01 1.500000000000000000e+01 8.000000000000000000e+00 0.000000000000000000e+00
8.993544809365442427e-01 5.451985423748103576e-01 1.500000000000000000e+01 8.000000000000000000e+00 1.000000000000000000e+00
8.993544809365442427e-01 5.451985423748103576e-01 1.500000000000000000e+01 8.000000000000000000e+00 2.000000000000000000e+00
8.993544809365442427e-01 5.451985423748103576e-01 1.500000000000000000e+01 8.000000000000000000e+00 3.000000000000000000e+00
8.993544809365442427e-01 5.451985423748103576e-01 1.500000000000000000e+01 8.000000000000000000e+00 4.000000000000000000e+00
5.990193660996809832e-01 6.544031412737335573e-01 1.400000000000000000e+01 1.050000000000000000e+02 0.000000000000000000e+00
5.990193660996809832e-01 6.544031412737335573e-01 1.400000000000000000e+01 1.050000000000000000e+02 1.000000000000000000e+00
5.990193660996809832e-01 6.544031412737335573e-01 1.400000000000000000e+01 1.050000000000000000e+02 2.000000000000000000e+00
5.990193660996809832e-01 6.544031412737335573e-01 1.400000000000000000e+01 1.050000000000000000e+02 3.000000000000000000e+00
5.990193660996809832e-01 6.544031412737335573e-01 1.400000000000000000e+01 1.050000000000000000e+02 4.000000000000000000e+00
5.357221836101538903e-01 6.187142215710036419e-01 1.300000000000000000e+01 1.080000000000000000e+02 0.000000000000000000e+00
5.357221836101538903e-01 6.187142215710036419e-01 1.300000000000000000e+01 1.080000000000000000e+02 1.000000000000000000e+00
5.357221836101538903e-01 6.187142215710036419e-01 1.300000000000000000e+01 1.080000000000000000e+02 2.000000000000000000e+00
5.357221836101538903e-01 6.187142215710036419e-01 1.300000000000000000e+01 1.080000000000000000e+02 3.000000000000000000e+00
5.357221836101538903e-01 6.187142215710036419e-01 1.300000000000000000e+01 1.080000000000000000e+02 4.000000000000000000e+00
5.389486304143815687e-01 7.242814902619486572e-01 9.000000000000000000e+00 1.040000000000000000e+02 0.000000000000000000e+00
5.389486304143815687e-01 7.242814902619486572e-01 9.000000000000000000e+00 1.040000000000000000e+02 1.000000000000000000e+00
5.389486304143815687e-01 7.242814902619486572e-01 9.000000000000000000e+00 1.040000000000000000e+02 2.000000000000000000e+00
5.389486304143815687e-01 7.242814902619486572e-01 9.000000000000000000e+00 1.040000000000000000e+02 3.000000000000000000e+00
5.389486304143815687e-01 7.242814902619486572e-01 9.000000000000000000e+00 1.040000000000000000e+02 4.000000000000000000e+00
5.541622480013327356e-01 5.841130085215423540e-01 8.000000000000000000e+00 7.600000000000000000e+01 0.000000000000000000e+00
5.541622480013327356e-01 5.841130085215423540e-01 8.000000000000000000e+00 7.600000000000000000e+01 1.000000000000000000e+00
5.541622480013327356e-01 5.841130085215423540e-01 8.000000000000000000e+00 7.600000000000000000e+01 2.000000000000000000e+00
5.541622480013327356e-01 5.841130085215423540e-01 8.000000000000000000e+00 7.600000000000000000e+01 3.000000000000000000e+00
5.541622480013327356e-01 5.841130085215423540e-01 8.000000000000000000e+00 7.600000000000000000e+01 4.000000000000000000e+00
1.042380241090187093e-01 4.789327586609529730e-01 1.900000000000000000e+01 6.000000000000000000e+00 0.000000000000000000e+00
1.042380241090187093e-01 4.789327586609529730e-01 1.900000000000000000e+01 6.000000000000000000e+00 1.000000000000000000e+00
1.042380241090187093e-01 4.789327586609529730e-01 1.900000000000000000e+01 6.000000000000000000e+00 2.000000000000000000e+00
1.042380241090187093e-01 4.789327586609529730e-01 1.900000000000000000e+01 6.000000000000000000e+00 3.000000000000000000e+00
1.042380241090187093e-01 4.789327586609529730e-01 1.900000000000000000e+01 6.000000000000000000e+00 4.000000000000000000e+00
1.602853281225261606e-01 1.888893673195936485e+00 4.000000000000000000e+00 1.270000000000000000e+02 0.000000000000000000e+00
1.602853281225261606e-01 1.888893673195936485e+00 4.000000000000000000e+00 1.270000000000000000e+02 1.000000000000000000e+00
1.602853281225261606e-01 1.888893673195936485e+00 4.000000000000000000e+00 1.270000000000000000e+02 2.000000000000000000e+00
1.602853281225261606e-01 1.888893673195936485e+00 4.000000000000000000e+00 1.270000000000000000e+02 3.000000000000000000e+00
1.602853281225261606e-01 1.888893673195936485e+00 4.000000000000000000e+00 1.270000000000000000e+02 4.000000000000000000e+00
3.107520981110708513e-01 6.457289388571115785e-01 2.000000000000000000e+00 9.000000000000000000e+01 0.000000000000000000e+00
3.107520981110708513e-01 6.457289388571115785e-01 2.000000000000000000e+00 9.000000000000000000e+01 1.000000000000000000e+00
3.107520981110708513e-01 6.457289388571115785e-01 2.000000000000000000e+00 9.000000000000000000e+01 2.000000000000000000e+00
3.107520981110708513e-01 6.457289388571115785e-01 2.000000000000000000e+00 9.000000000000000000e+01 3.000000000000000000e+00
3.107520981110708513e-01 6.457289388571115785e-01 2.000000000000000000e+00 9.000000000000000000e+01 4.000000000000000000e+00
1.647974504049442429e-02 1.296026908980580705e+00 1.800000000000000000e+01 9.800000000000000000e+01 0.000000000000000000e+00
1.647974504049442429e-02 1.296026908980580705e+00 1.800000000000000000e+01 9.800000000000000000e+01 1.000000000000000000e+00
1.647974504049442429e-02 1.296026908980580705e+00 1.800000000000000000e+01 9.800000000000000000e+01 2.000000000000000000e+00
1.647974504049442429e-02 1.296026908980580705e+00 1.800000000000000000e+01 9.800000000000000000e+01 3.000000000000000000e+00
1.647974504049442429e-02 1.296026908980580705e+00 1.800000000000000000e+01 9.800000000000000000e+01 4.000000000000000000e+00
8.043508814071703705e-01 1.297242135665851670e+00 3.000000000000000000e+00 8.300000000000000000e+01 0.000000000000000000e+00
8.043508814071703705e-01 1.297242135665851670e+00 3.000000000000000000e+00 8.300000000000000000e+01 1.000000000000000000e+00
8.043508814071703705e-01 1.297242135665851670e+00 3.000000000000000000e+00 8.300000000000000000e+01 2.000000000000000000e+00
8.043508814071703705e-01 1.297242135665851670e+00 3.000000000000000000e+00 8.300000000000000000e+01 3.000000000000000000e+00
8.043508814071703705e-01 1.297242135665851670e+00 3.000000000000000000e+00 8.300000000000000000e+01 4.000000000000000000e+00
6.249866926654814581e-01 1.840211539921110973e+00 1.000000000000000000e+00 1.560000000000000000e+02 0.000000000000000000e+00
6.249866926654814581e-01 1.840211539921110973e+00 1.000000000000000000e+00 1.560000000000000000e+02 1.000000000000000000e+00
6.249866926654814581e-01 1.840211539921110973e+00 1.000000000000000000e+00 1.560000000000000000e+02 2.000000000000000000e+00
6.249866926654814581e-01 1.840211539921110973e+00 1.000000000000000000e+00 1.560000000000000000e+02 3.000000000000000000e+00
6.249866926654814581e-01 1.840211539921110973e+00 1.000000000000000000e+00 1.560000000000000000e+02 4.000000000000000000e+00
7.394866886689320795e-01 1.630323563503689455e+00 1.200000000000000000e+01 9.400000000000000000e+01 0.000000000000000000e+00
7.394866886689320795e-01 1.630323563503689455e+00 1.200000000000000000e+01 9.400000000000000000e+01 1.000000000000000000e+00
7.394866886689320795e-01 1.630323563503689455e+00 1.200000000000000000e+01 9.400000000000000000e+01 2.000000000000000000e+00
7.394866886689320795e-01 1.630323563503689455e+00 1.200000000000000000e+01 9.400000000000000000e+01 3.000000000000000000e+00
7.394866886689320795e-01 1.630323563503689455e+00 1.200000000000000000e+01 9.400000000000000000e+01 4.000000000000000000e+00
9.911759780716754564e-01 1.142716765106309706e+00 9.000000000000000000e+00 1.730000000000000000e+02 0.000000000000000000e+00
9.911759780716754564e-01 1.142716765106309706e+00 9.000000000000000000e+00 1.730000000000000000e+02 1.000000000000000000e+00
9.911759780716754564e-01 1.142716765106309706e+00 9.000000000000000000e+00 1.730000000000000000e+02 2.000000000000000000e+00
9.911759780716754564e-01 1.142716765106309706e+00 9.000000000000000000e+00 1.730000000000000000e+02 3.000000000000000000e+00
9.911759780716754564e-01 1.142716765106309706e+00 9.000000000000000000e+00 1.730000000000000000e+02 4.000000000000000000e+00
5.448260809417124761e-01 2.659690511617883724e-01 3.000000000000000000e+00 3.900000000000000000e+01 0.000000000000000000e+00
5.448260809417124761e-01 2.659690511617883724e-01 3.000000000000000000e+00 3.900000000000000000e+01 1.000000000000000000e+00
5.448260809417124761e-01 2.659690511617883724e-01 3.000000000000000000e+00 3.900000000000000000e+01 2.000000000000000000e+00
5.448260809417124761e-01 2.659690511617883724e-01 3.000000000000000000e+00 3.900000000000000000e+01 3.000000000000000000e+00
5.448260809417124761e-01 2.659690511617883724e-01 3.000000000000000000e+00 3.900000000000000000e+01 4.000000000000000000e+00
2.905822779049992838e-02 6.283578162236890252e-01 3.000000000000000000e+00 1.790000000000000000e+02 0.000000000000000000e+00
2.905822779049992838e-02 6.283578162236890252e-01 3.000000000000000000e+00 1.790000000000000000e+02 1.000000000000000000e+00
2.905822779049992838e-02 6.283578162236890252e-01 3.000000000000000000e+00 1.790000000000000000e+02 2.000000000000000000e+00
2.905822779049992838e-02 6.283578162236890252e-01 3.000000000000000000e+00 1.790000000000000000e+02 3.000000000000000000e+00
2.905822779049992838e-02 6.283578162236890252e-01 3.000000000000000000e+00 1.790000000000000000e+02 4.000000000000000000e+00
7.807222641510697114e-01 2.039280018246193205e+00 1.900000000000000000e+01 6.800000000000000000e+01 0.000000000000000000e+00
7.807222641510697114e-01 2.039280018246193205e+00 1.900000000000000000e+01 6.800000000000000000e+01 1.000000000000000000e+00
7.807222641510697114e-01 2.039280018246193205e+00 1.900000000000000000e+01 6.800000000000000000e+01 2.000000000000000000e+00
7.807222641510697114e-01 2.039280018246193205e+00 1.900000000000000000e+01 6.800000000000000000e+01 3.000000000000000000e+00
7.807222641510697114e-01 2.039280018246193205e+00 1.900000000000000000e+01 6.800000000000000000e+01 4.000000000000000000e+00
3.247297001171912667e-01 1.096946907533582261e+00 1.400000000000000000e+01 1.990000000000000000e+02 0.000000000000000000e+00
3.247297001171912667e-01 1.096946907533582261e+00 1.400000000000000000e+01 1.990000000000000000e+02 1.000000000000000000e+00
3.247297001171912667e-01 1.096946907533582261e+00 1.400000000000000000e+01 1.990000000000000000e+02 2.000000000000000000e+00
3.247297001171912667e-01 1.096946907533582261e+00 1.400000000000000000e+01 1.990000000000000000e+02 3.000000000000000000e+00
3.247297001171912667e-01 1.096946907533582261e+00 1.400000000000000000e+01 1.990000000000000000e+02 4.000000000000000000e+00
2.132428047100639601e-01 1.468452819844484836e+00 1.000000000000000000e+00 1.710000000000000000e+02 0.000000000000000000e+00
2.132428047100639601e-01 1.468452819844484836e+00 1.000000000000000000e+00 1.710000000000000000e+02 1.000000000000000000e+00
2.132428047100639601e-01 1.468452819844484836e+00 1.000000000000000000e+00 1.710000000000000000e+02 2.000000000000000000e+00
2.132428047100639601e-01 1.468452819844484836e+00 1.000000000000000000e+00 1.710000000000000000e+02 3.000000000000000000e+00
2.132428047100639601e-01 1.468452819844484836e+00 1.000000000000000000e+00 1.710000000000000000e+02 4.000000000000000000e+00
8.470478016901114016e-01 1.647241430590457911e+00 1.800000000000000000e+01 1.290000000000000000e+02 0.000000000000000000e+00
8.470478016901114016e-01 1.647241430590457911e+00 1.800000000000000000e+01 1.290000000000000000e+02 1.000000000000000000e+00
8.470478016901114016e-01 1.647241430590457911e+00 1.800000000000000000e+01 1.290000000000000000e+02 2.000000000000000000e+00
8.470478016901114016e-01 1.647241430590457911e+00 1.800000000000000000e+01 1.290000000000000000e+02 3.000000000000000000e+00
8.470478016901114016e-01 1.647241430590457911e+00 1.800000000000000000e+01 1.290000000000000000e+02 4.000000000000000000e+00
3.421910313485283517e-01 3.795811082321313146e-01 5.000000000000000000e+00 9.200000000000000000e+01 0.000000000000000000e+00
3.421910313485283517e-01 3.795811082321313146e-01 5.000000000000000000e+00 9.200000000000000000e+01 1.000000000000000000e+00
3.421910313485283517e-01 3.795811082321313146e-01 5.000000000000000000e+00 9.200000000000000000e+01 2.000000000000000000e+00
3.421910313485283517e-01 3.795811082321313146e-01 5.000000000000000000e+00 9.200000000000000000e+01 3.000000000000000000e+00
3.421910313485283517e-01 3.795811082321313146e-01 5.000000000000000000e+00 9.200000000000000000e+01 4.000000000000000000e+00
1.914819309012779636e-01 1.644302728514538847e+00 1.500000000000000000e+01 6.500000000000000000e+01 0.000000000000000000e+00
1.914819309012779636e-01 1.644302728514538847e+00 1.500000000000000000e+01 6.500000000000000000e+01 1.000000000000000000e+00
1.914819309012779636e-01 1.644302728514538847e+00 1.500000000000000000e+01 6.500000000000000000e+01 2.000000000000000000e+00
1.914819309012779636e-01 1.644302728514538847e+00 1.500000000000000000e+01 6.500000000000000000e+01 3.000000000000000000e+00
1.914819309012779636e-01 1.644302728514538847e+00 1.500000000000000000e+01 6.500000000000000000e+01 4.000000000000000000e+00
1.351063862881178856e-01 1.722781818596172965e+00 1.500000000000000000e+01 1.770000000000000000e+02 0.000000000000000000e+00
1.351063862881178856e-01 1.722781818596172965e+00 1.500000000000000000e+01 1.770000000000000000e+02 1.000000000000000000e+00
1.351063862881178856e-01 1.722781818596172965e+00 1.500000000000000000e+01 1.770000000000000000e+02 2.000000000000000000e+00
1.351063862881178856e-01 1.722781818596172965e+00 1.500000000000000000e+01 1.770000000000000000e+02 3.000000000000000000e+00
1.351063862881178856e-01 1.722781818596172965e+00 1.500000000000000000e+01 1.770000000000000000e+02 4.000000000000000000e+00
7.094687709547449206e-01 1.485874427433954592e+00 1.400000000000000000e+01 1.490000000000000000e+02 0.000000000000000000e+00
7.094687709547449206e-01 1.485874427433954592e+00 1.400000000000000000e+01 1.490000000000000000e+02 1.000000000000000000e+00
7.094687709547449206e-01 1.485874427433954592e+00 1.400000000000000000e+01 1.490000000000000000e+02 2.000000000000000000e+00
7.094687709547449206e-01 1.485874427433954592e+00 1.400000000000000000e+01 1.490000000000000000e+02 3.000000000000000000e+00
7.094687709547449206e-01 1.485874427433954592e+00 1.400000000000000000e+01 1.490000000000000000e+02 4.000000000000000000e+00
6.698379988190500400e-01 1.977074574802444973e+00 1.200000000000000000e+01 1.800000000000000000e+01 0.000000000000000000e+00
6.698379988190500400e-01 1.977074574802444973e+00 1.200000000000000000e+01 1.800000000000000000e+01 1.000000000000000000e+00
6.698379988190500400e-01 1.977074574802444973e+00 1.200000000000000000e+01 1.800000000000000000e+01 2.000000000000000000e+00
6.698379988190500400e-01 1.977074574802444973e+00 1.200000000000000000e+01 1.800000000000000000e+01 3.000000000000000000e+00
6.698379988190500400e-01 1.977074574802444973e+00 1.200000000000000000e+01 1.800000000000000000e+01 4.000000000000000000e+00
8.555418064286834934e-01 6.735759668260820066e-01 1.700000000000000000e+01 7.000000000000000000e+01 0.000000000000000000e+00
8.555418064286834934e-01 6.735759668260820066e-01 1.700000000000000000e+01 7.000000000000000000e+01 1.000000000000000000e+00
8.555418064286834934e-01 6.735759668260820066e-01 1.700000000000000000e+01 7.000000000000000000e+01 2.000000000000000000e+00
8.555418064286834934e-01 6.735759668260820066e-01 1.700000000000000000e+01 7.000000000000000000e+01 3.000000000000000000e+00
8.555418064286834934e-01 6.735759668260820066e-01 1.700000000000000000e+01 7.000000000000000000e+01 4.000000000000000000e+00
7.394557645269823620e-01 9.165168878108612693e-01 1.000000000000000000e+00 8.800000000000000000e+01 0.000000000000000000e+00
7.394557645269823620e-01 9.165168878108612693e-01 1.000000000000000000e+00 8.800000000000000000e+01 1.000000000000000000e+00
7.394557645269823620e-01 9.165168878108612693e-01 1.000000000000000000e+00 8.800000000000000000e+01 2.000000000000000000e+00
7.394557645269823620e-01 9.165168878108612693e-01 1.000000000000000000e+00 8.800000000000000000e+01 3.000000000000000000e+00
7.394557645269823620e-01 9.165168878108612693e-01 1.000000000000000000e+00 8.800000000000000000e+01 4.000000000000000000e+00
7.125987696185195341e-01 6.852994081735818144e-01 1.100000000000000000e+01 7.600000000000000000e+01 0.000000000000000000e+00
7.125987696185195341e-01 6.852994081735818144e-01 1.100000000000000000e+01 7.600000000000000000e+01 1.000000000000000000e+00
7.125987696185195341e-01 6.852994081735818144e-01 1.100000000000000000e+01 7.600000000000000000e+01 2.000000000000000000e+00
7.125987696185195341e-01 6.852994081735818144e-01 1.100000000000000000e+01 7.600000000000000000e+01 3.000000000000000000e+00
7.125987696185195341e-01 6.852994081735818144e-01 1.100000000000000000e+01 7.600000000000000000e+01 4.000000000000000000e+00
7.108921149545478491e-01 2.825565369058248288e-01 4.000000000000000000e+00 1.790000000000000000e+02 0.000000000000000000e+00
7.108921149545478491e-01 2.825565369058248288e-01 4.000000000000000000e+00 1.790000000000000000e+02 1.000000000000000000e+00
7.108921149545478491e-01 2.825565369058248288e-01 4.000000000000000000e+00 1.790000000000000000e+02 2.000000000000000000e+00
7.108921149545478491e-01 2.825565369058248288e-01 4.000000000000000000e+00 1.790000000000000000e+02 3.000000000000000000e+00
7.108921149545478491e-01 2.825565369058248288e-01 4.000000000000000000e+00 1.790000000000000000e+02 4.000000000000000000e+00
3.700080366427392908e-01 2.717008625842037839e-01 1.500000000000000000e+01 1.550000000000000000e+02 0.000000000000000000e+00
3.700080366427392908e-01 2.717008625842037839e-01 1.500000000000000000e+01 1.550000000000000000e+02 1.000000000000000000e+00
3.700080366427392908e-01 2.717008625842037839e-01 1.500000000000000000e+01 1.550000000000000000e+02 2.000000000000000000e+00
3.700080366427392908e-01 2.717008625842037839e-01 1.500000000000000000e+01 1.550000000000000000e+02 3.000000000000000000e+00
3.700080366427392908e-01 2.717008625842037839e-01 1.500000000000000000e+01 1.550000000000000000e+02 4.000000000000000000e+00
4.954825565832130518e-01 5.925424297283349295e-01 9.000000000000000000e+00 1.200000000000000000e+01 0.000000000000000000e+00
4.954825565832130518e-01 5.925424297283349295e-01 9.000000000000000000e+00 1.200000000000000000e+01 1.000000000000000000e+00
4.954825565832130518e-01 5.925424297283349295e-01 9.000000000000000000e+00 1.200000000000000000e+01 2.000000000000000000e+00
4.954825565832130518e-01 5.925424297283349295e-01 9.000000000000000000e+00 1.200000000000000000e+01 3.000000000000000000e+00
4.954825565832130518e-01 5.925424297283349295e-01 9.000000000000000000e+00 1.200000000000000000e+01 4.000000000000000000e+00
6.863357634234418247e-01 1.748610862735109128e+00 1.300000000000000000e+01 9.100000000000000000e+01 0.000000000000000000e+00
6.863357634234418247e-01 1.748610862735109128e+00 1.300000000000000000e+01 9.100000000000000000e+01 1.000000000000000000e+00
6.863357634234418247e-01 1.748610862735109128e+00 1.300000000000000000e+01 9.100000000000000000e+01 2.000000000000000000e+00
6.863357634234418247e-01 1.748610862735109128e+00 1.300000000000000000e+01 9.100000000000000000e+01 3.000000000000000000e+00
6.863357634234418247e-01 1.748610862735109128e+00 1.300000000000000000e+01 9.100000000000000000e+01 4.000000000000000000e+00
1.885414183849382086e-01 1.399955966433869270e-01 1.100000000000000000e+01 1.890000000000000000e+02 0.000000000000000000e+00
1.885414183849382086e-01 1.399955966433869270e-01 1.100000000000000000e+01 1.890000000000000000e+02 1.000000000000000000e+00
1.885414183849382086e-01 1.399955966433869270e-01 1.100000000000000000e+01 1.890000000000000000e+02 2.000000000000000000e+00
1.885414183849382086e-01 1.399955966433869270e-01 1.100000000000000000e+01 1.890000000000000000e+02 3.000000000000000000e+00
1.885414183849382086e-01 1.399955966433869270e-01 1.100000000000000000e+01 1.890000000000000000e+02 4.000000000000000000e+00
7.432304166799351686e-01 1.463157190139932506e+00 1.200000000000000000e+01 1.700000000000000000e+02 0.000000000000000000e+00
7.432304166799351686e-01 1.463157190139932506e+00 1.200000000000000000e+01 1.700000000000000000e+02 1.000000000000000000e+00
7.432304166799351686e-01 1.463157190139932506e+00 1.200000000000000000e+01 1.700000000000000000e+02 2.000000000000000000e+00
7.432304166799351686e-01 1.463157190139932506e+00 1.200000000000000000e+01 1.700000000000000000e+02 3.000000000000000000e+00
7.432304166799351686e-01 1.463157190139932506e+00 1.200000000000000000e+01 1.700000000000000000e+02 4.000000000000000000e+00
8.090751642848945657e-01 5.227975318451224540e-01 6.000000000000000000e+00 3.100000000000000000e+01 0.000000000000000000e+00
8.090751642848945657e-01 5.227975318451224540e-01 6.000000000000000000e+00 3.100000000000000000e+01 1.000000000000000000e+00
8.090751642848945657e-01 5.227975318451224540e-01 6.000000000000000000e+00 3.100000000000000000e+01 2.000000000000000000e+00
8.090751642848945657e-01 5.227975318451224540e-01 6.000000000000000000e+00 3.100000000000000000e+01 3.000000000000000000e+00
8.090751642848945657e-01 5.227975318451224540e-01 6.000000000000000000e+00 3.100000000000000000e+01 4.000000000000000000e+00
9.925879990025212596e-01 1.006277533907969923e+00 1.200000000000000000e+01 6.500000000000000000e+01 0.000000000000000000e+00
9.925879990025212596e-01 1.006277533907969923e+00 1.200000000000000000e+01 6.500000000000000000e+01 1.000000000000000000e+00
9.925879990025212596e-01 1.006277533907969923e+00 1.200000000000000000e+01 6.500000000000000000e+01 2.000000000000000000e+00
9.925879990025212596e-01 1.006277533907969923e+00 1.200000000000000000e+01 6.500000000000000000e+01 3.000000000000000000e+00
9.925879990025212596e-01 1.006277533907969923e+00 1.200000000000000000e+01 6.500000000000000000e+01 4.000000000000000000e+00
6.518286192048091676e-01 7.795028722675262367e-01 1.200000000000000000e+01 1.800000000000000000e+01 0.000000000000000000e+00
6.518286192048091676e-01 7.795028722675262367e-01 1.200000000000000000e+01 1.800000000000000000e+01 1.000000000000000000e+00
6.518286192048091676e-01 7.795028722675262367e-01 1.200000000000000000e+01 1.800000000000000000e+01 2.000000000000000000e+00
6.518286192048091676e-01 7.795028722675262367e-01 1.200000000000000000e+01 1.800000000000000000e+01 3.000000000000000000e+00
6.518286192048091676e-01 7.795028722675262367e-01 1.200000000000000000e+01 1.800000000000000000e+01 4.000000000000000000e+00
