8.004745233993401099e-01 6.192254119464267736e-01 1.900000000000000000e+01 3.700000000000000000e+01 0.000000000000000000e+00
9.835858394682482908e-01 8.553644926159428286e-01 1.700000000000000000e+01 8.100000000000000000e+01 0.000000000000000000e+00
7.321529821555682049e-02 1.827326272947582542e+00 1.800000000000000000e+01 5.500000000000000000e+01 0.000000000000000000e+00
2.737276837353478376e-01 3.307374630125153869e-01 1.200000000000000000e+01 1.360000000000000000e+02 0.000000000000000000e+00
8.467094581270852016e-01 1.623084128365054779e+00 1.600000000000000000e+01 1.200000000000000000e+02 0.000000000000000000e+00
7.055750856990492537e-01 1.227302183077288333e+00 4.000000000000000000e+00 1.390000000000000000e+02 0.000000000000000000e+00
6.356934629034652895e-01 1.870380991734962584e-01 1.700000000000000000e+01 6.000000000000000000e+00 0.000000000000000000e+00
3.703811619643541109e-01 1.234288714200396930e-01 1.300000000000000000e+01 2.700000000000000000e+01 0.000000000000000000e+00
7.391534465927152020e-01 9.233159037599655283e-01 1.100000000000000000e+01 1.460000000000000000e+02 0.000000000000000000e+00
1.102382049590713148e-01 1.203093879267701949e+00 1.300000000000000000e+01 5.500000000000000000e+01 0.000000000000000000e+00
9.682721730418807071e-02 2.092276288947202190e+00 1.600000000000000000e+01 1.420000000000000000e+02 0.000000000000000000e+00
7.036521751799444946e-01 1.144430613955002674e+00 2.000000000000000000e+01 1.280000000000000000e+02 0.000000000000000000e+00
9.965273865683645926e-01 1.665411793860227752e+00 1.500000000000000000e+01 1.000000000000000000e+01 0.000000000000000000e+00
9.683863226827855719e-01 1.940370618089182209e+00 1.700000000000000000e+01 1.650000000000000000e+02 0.000000000000000000e+00
3.841500015413158442e-01 6.003302436535916664e-01 4.000000000000000000e+00 1.500000000000000000e+01 0.000000000000000000e+00
2.421146137302194745e-01 4.983677814747743406e-01 3.000000000000000000e+00 1.680000000000000000e+02 0.000000000000000000e+00
6.094253955743218487e-01 1.311956193862648112e-01 1.200000000000000000e+01 2.800000000000000000e+01 0.000000000000000000e+00
8.822053873152825298e-01 2.031468364557261985e+00 5.000000000000000000e+00 1.460000000000000000e+02 0.000000000000000000e+00
9.162089584655986885e-01 9.798465390422562704e-01 1.700000000000000000e+01 1.980000000000000000e+02 0.000000000000000000e+00
3.117850311628473925e-01 9.320601380643397382e-01 2.000000000000000000e+01 1.680000000000000000e+02 0.000000000000000000e+00
6.380818489458750520e-01 1.926114188618210044e+00 1.400000000000000000e+01 1.070000000000000000e+02 0.000000000000000000e+00
8.742274179012591295e-01 2.026862479600911870e-01 2.000000000000000000e+00 1.310000000000000000e+02 0.000000000000000000e+00
3.184468549299336315e-01 1.159190102376181919e+00 1.300000000000000000e+01 1.190000000000000000e+02 0.000000000000000000e+00
9.264355044834847730e-01 4.333262285518687529e-01 9.000000000000000000e+00 1.480000000000000000e+02 0.000000000000000000e+00
3.090382856572796433e-01 1.453922184726745392e+00 9.000000000000000000e+00 1.590000000000000000e+02 0.000000000000000000e+00
1.356472184253120460e-02 1.767978911569829670e+00 1.000000000000000000e+00 8.600000000000000000e+01 0.000000000000000000e+00
2.802700998844819685e-02 1.919164585236115217e+00 8.000000000000000000e+00 1.830000000000000000e+02 0.000000000000000000e+00
9.906559060382348347e-01 1.191216868276425256e+00 1.200000000000000000e+01 8.600000000000000000e+01 0.000000000000000000e+00
3.288065691175665606e-01 1.796865979965741877e-01 2.000000000000000000e+00 2.100000000000000000e+01 0.000000000000000000e+00
1.437669748392175206e-01 1.662389676717399567e+00 1.700000000000000000e+01 1.070000000000000000e+02 0.000000000000000000e+00
3.094838100752107524e-01 1.582205512577621986e+00 9.000000000000000000e+00 1.210000000000000000e+02 0.000000000000000000e+00
6.345743832176067301e-01 1.860005176446458908e+00 1.200000000000000000e+01 1.910000000000000000e+02 0.000000000000000000e+00
3.937063589526447194e-01 7.710195739126434189e-01 7.000000000000000000e+00 4.600000000000000000e+01 0.000000000000000000e+00
6.264447789931690824e-01 1.516826093497661176e+00 1.100000000000000000e+01 2.500000000000000000e+01 0.000000000000000000e+00
4.028145819610260414e-01 1.223003331156755857e+00 1.700000000000000000e+01 1.230000000000000000e+02 0.000000000000000000e+00
2.010332694138988741e-01 6.510187554722398628e-01 2.000000000000000000e+01 1.700000000000000000e+01 0.000000000000000000e+00
9.608348431083457708e-01 1.304779865243113957e+00 2.000000000000000000e+01 5.300000000000000000e+01 0.000000000000000000e+00
7.183769669822519521e-01 6.611382257135071105e-01 4.000000000000000000e+00 6.800000000000000000e+01 0.000000000000000000e+00
8.085233528302646633e-01 5.802230798618116525e-01 4.000000000000000000e+00 1.200000000000000000e+01 0.000000000000000000e+00
5.065114189538927336e-01 7.971112039116668990e-01 3.000000000000000000e+00 1.990000000000000000e+02 0.000000000000000000e+00
4.506216129682092397e-01 1.991329752270210030e+00 1.900000000000000000e+01 1.250000000000000000e+02 0.000000000000000000e+00
4.692118560233545788e-01 1.935634579550150614e+00 1.400000000000000000e+01 8.200000000000000000e+01 0.000000000000000000e+00
3.657760564135904557e-01 1.476310354255855994e+00 1.300000000000000000e+01 2.900000000000000000e+01 0.000000000000000000e+00
6.489357062910710017e-01 8.095150914620031779e-01 1.500000000000000000e+01 1.450000000000000000e+02 0.000000000000000000e+00
4.896960732867697841e-01 1.421910122064926174e+00 1.300000000000000000e+01 6.600000000000000000e+01 0.000000000000000000e+00
1.895187977830873338e-01 1.078508893762113008e+00 1.800000000000000000e+01 1.700000000000000000e+02 0.000000000000000000e+00
4.001565443632633112e-01 4.612989806997026543e-01 1.400000000000000000e+01 9.000000000000000000e+00 0.000000000000000000e+00
6.484502891427484927e-01 5.416599128600131374e-01 8.000000000000000000e+00 8.000000000000000000e+00 0.000000000000000000e+00
3.886988351785291423e-02 6.951812901179122983e-01 1.600000000000000000e+01 8.300000000000000000e+01 0.000000000000000000e+00
5.453867388065520849e-01 1.444749230049699185e-01 1.000000000000000000e+01 2.900000000000000000e+01 0.000000000000000000e+00
2.528642973998419530e-01 4.927446988782772097e-01 2.000000000000000000e+01 1.510000000000000000e+02 1.000000000000000000e+00
5.943892359582899632e-01 2.305394068697278753e-01 9.000000000000000000e+00 1.700000000000000000e+01 1.000000000000000000e+00
3.045470491299603344e-01 1.029747509377631820e+00 9.000000000000000000e+00 1.070000000000000000e+02 1.000000000000000000e+00
2.592362602097340041e-01 8.339954651747872871e-01 2.000000000000000000e+00 1.120000000000000000e+02 1.000000000000000000e+00
3.502688009494588917e-01 1.378520565315814794e+00 6.000000000000000000e+00 1.730000000000000000e+02 1.000000000000000000e+00
7.794313111924923154e-01 1.257136455363597305e+00 9.000000000000000000e+00 4.300000000000000000e+01 1.000000000000000000e+00
4.780343144869160232e-01 1.438685021516537210e+00 1.800000000000000000e+01 1.980000000000000000e+02 1.000000000000000000e+00
9.780734466861980003e-01 9.038382712415612419e-01 6.000000000000000000e+00 1.580000000000000000e+02 1.000000000000000000e+00
2.676640590470978909e-01 9.170048554074227143e-01 1.100000000000000000e+01 9.400000000000000000e+01 1.000000000000000000e+00
5.484007501735698592e-02 1.262012361336052546e+00 6.000000000000000000e+00 1.810000000000000000e+02 1.000000000000000000e+00
9.444534020238755101e-01 8.493598505112994745e-01 7.000000000000000000e+00 9.500000000000000000e+01 1.000000000000000000e+00
5.406503514031876234e-01 1.085732938258144431e+00 2.000000000000000000e+01 8.500000000000000000e+01 1.000000000000000000e+00
6.642292886438083688e-01 6.541248471402313358e-01 1.700000000000000000e+01 3.800000000000000000e+01 1.000000000000000000e+00
1.049869530719916705e-01 1.467281638028155921e+00 7.000000000000000000e+00 1.540000000000000000e+02 1.000000000000000000e+00
3.154263846870962729e-01 1.804317807173793309e+00 1.200000000000000000e+01 1.350000000000000000e+02 1.000000000000000000e+00
1.124156268031448608e-01 4.563167628059739966e-01 1.100000000000000000e+01 1.580000000000000000e+02 1.000000000000000000e+00
9.476996343552855917e-01 8.289937135940700363e-01 1.700000000000000000e+01 3.500000000000000000e+01 1.000000000000000000e+00
9.209345609883078376e-01 1.960136809940404845e+00 1.000000000000000000e+01 1.120000000000000000e+02 1.000000000000000000e+00
3.187825505953537641e-01 1.327148915047845268e+00 2.000000000000000000e+00 8.300000000000000000e+01 1.000000000000000000e+00
6.280845175165084004e-01 1.199646805989237341e+00 7.000000000000000000e+00 1.680000000000000000e+02 1.000000000000000000e+00
5.711560672527360438e-01 1.870387603893405304e+00 8.000000000000000000e+00 2.500000000000000000e+01 1.000000000000000000e+00
2.318987639197722661e-01 1.860835000920887161e+00 1.000000000000000000e+01 4.100000000000000000e+01 1.000000000000000000e+00
1.676417566488034305e-01 1.973346088002611687e+00 3.000000000000000000e+00 4.000000000000000000e+01 1.000000000000000000e+00
5.794660798639006405e-01 2.501637436836868789e-01 1.500000000000000000e+01 8.600000000000000000e+01 1.000000000000000000e+00
8.505330082042861228e-01 8.913046331273953848e-01 1.000000000000000000e+01 1.030000000000000000e+02 1.000000000000000000e+00
2.029093810631571460e-01 1.367695088751585519e+00 1.800000000000000000e+01 6.400000000000000000e+01 1.000000000000000000e+00
6.893395369083908930e-01 7.596994742937238643e-01 6.000000000000000000e+00 1.790000000000000000e+02 1.000000000000000000e+00
4.503833985879379664e-01 1.730855192689037203e+00 8.000000000000000000e+00 1.470000000000000000e+02 1.000000000000000000e+00
5.465699468520102133e-01 2.685709938758541471e-01 1.000000000000000000e+00 1.380000000000000000e+02 1.000000000000000000e+00
2.960351319460697850e-01 3.929304082604158088e-01 6.000000000000000000e+00 1.610000000000000000e+02 1.000000000000000000e+00
8.484920499921686510e-01 1.980910707726636633e-01 1.200000000000000000e+01 3.900000000000000000e+01 1.000000000000000000e+00
1.390479678974977373e-01 1.933459352438006373e+00 1.000000000000000000e+00 2.500000000000000000e+01 1.000000000000000000e+00
2.027523689669219475e-01 4.332435378040208063e-01 1.200000000000000000e+01 1.990000000000000000e+02 1.000000000000000000e+00
7.238603345833969360e-01 6.535609892069532689e-01 1.600000000000000000e+01 1.530000000000000000e+02 1.000000000000000000e+00
5.810279227098146260e-01 1.162777504553633490e+00 7.000000000000000000e+00 1.670000000000000000e+02 1.000000000000000000e+00
2.898008996075444044e-01 1.455021670683506185e+00 1.400000000000000000e+01 1.500000000000000000e+01 1.000000000000000000e+00
2.566480750160335944e-01 1.818315821984741287e+00 1.200000000000000000e+01 6.700000000000000000e+01 1.000000000000000000e+00
1.297430969404509415e-01 1.787713198453149577e+00 4.000000000000000000e+00 1.400000000000000000e+01 1.000000000000000000e+00
6.108155628908760182e-01 8.519442567254643661e-01 1.900000000000000000e+01 5.100000000000000000e+01 1.000000000000000000e+00
8.219412611370401356e-01 1.096301799796885801e+00 1.400000000000000000e+01 1.330000000000000000e+02 1.000000000000000000e+00
8.413434808827336964e-01 2.043665832217171074e-01 3.000000000000000000e+00 1.620000000000000000e+02 1.000000000000000000e+00
8.396265856851488074e-01 1.473511688731738989e+00 1.100000000000000000e+01 1.540000000000000000e+02 1.000000000000000000e+00
7.343748337034107232e-01 1.260269631295140302e-01 1.100000000000000000e+01 6.500000000000000000e+01 1.000000000000000000e+00
3.590515024624346685e-01 9.022751092626059011e-01 6.000000000000000000e+00 1.250000000000000000e+02 1.000000000000000000e+00
4.173542838393838883e-01 1.252916616045090192e+00 1.300000000000000000e+01 8.200000000000000000e+01 1.000000000000000000e+00
3.777685212255247338e-01 1.715171958311265454e+00 1.100000000000000000e+01 6.300000000000000000e+01 1.000000000000000000e+00
9.192966646244667972e-01 4.505597036536336253e-01 8.000000000000000000e+00 1.430000000000000000e+02 1.000000000000000000e+00
3.990808595468098297e-01 1.822222447517797494e+00 5.000000000000000000e+00 1.540000000000000000e+02 1.000000000000000000e+00
6.800624079451832449e-01 1.780620593405095153e+00 1.500000000000000000e+01 2.700000000000000000e+01 1.000000000000000000e+00
9.533260864245112209e-01 5.475423333429988437e-01 1.500000000000000000e+01 1.220000000000000000e+02 1.000000000000000000e+00
4.078273157619141109e-01 1.611266556678363493e+00 8.000000000000000000e+00 5.700000000000000000e+01 2.000000000000000000e+00
9.882016654352195895e-01 2.054306088780963047e-01 1.100000000000000000e+01 8.400000000000000000e+01 2.000000000000000000e+00
6.064238567020232562e-01 1.888224739983251466e+00 7.000000000000000000e+00 9.500000000000000000e+01 2.000000000000000000e+00
6.359907756084158814e-01 1.737567868303057372e-01 1.600000000000000000e+01 1.510000000000000000e+02 2.000000000000000000e+00
4.061020304107105794e-01 7.772308696076414281e-01 1.800000000000000000e+01 3.100000000000000000e+01 2.000000000000000000e+00
6.896375760285154977e-01 4.738876006298428090e-01 9.000000000000000000e+00 1.640000000000000000e+02 2.000000000000000000e+00
2.295269974049516382e-01 1.280893316096613388e+00 2.000000000000000000e+01 8.600000000000000000e+01 2.000000000000000000e+00
4.395439026027209151e-01 8.527359503695556286e-01 3.000000000000000000e+00 9.000000000000000000e+01 2.000000000000000000e+00
5.237160894408355860e-01 5.279361214167109795e-01 5.000000000000000000e+00 6.200000000000000000e+01 2.000000000000000000e+00
3.329607381781992670e-01 1.003497213546873157e+00 2.000000000000000000e+01 1.280000000000000000e+02 2.000000000000000000e+00
9.595052052526819031e-01 6.713439997327627085e-01 1.100000000000000000e+01 4.900000000000000000e+01 2.000000000000000000e+00
4.563371077790568942e-01 1.926564611096651225e+00 1.500000000000000000e+01 1.360000000000000000e+02 2.000000000000000000e+00
1.958496522481191215e-01 1.630319541282876594e+00 1.100000000000000000e+01 6.400000000000000000e+01 2.000000000000000000e+00
4.199765279417649877e-01 1.559257181923880298e+00 6.000000000000000000e+00 1.100000000000000000e+01 2.000000000000000000e+00
5.311231128658055328e-02 8.665582400434878041e-01 1.600000000000000000e+01 1.630000000000000000e+02 2.000000000000000000e+00
7.674347965420741380e-01 7.144169123461615589e-01 1.400000000000000000e+01 9.900000000000000000e+01 2.000000000000000000e+00
1.603890118999689030e-01 1.444354725712123200e+00 9.000000000000000000e+00 1.740000000000000000e+02 2.000000000000000000e+00
8.152927640424227906e-01 4.922395093991108750e-01 1.400000000000000000e+01 6.700000000000000000e+01 2.000000000000000000e+00
6.297070919608697137e-01 1.327989421750544130e+00 2.000000000000000000e+00 1.450000000000000000e+02 2.000000000000000000e+00
5.850305470846139250e-02 1.377220393999653902e+00 7.000000000000000000e+00 6.300000000000000000e+01 2.000000000000000000e+00
7.963291701982052606e-01 2.203016074063041396e-01 6.000000000000000000e+00 7.200000000000000000e+01 2.000000000000000000e+00
4.054167712110142707e-01 3.120425416310527167e-01 1.400000000000000000e+01 1.580000000000000000e+02 2.000000000000000000e+00
2.408082376388519519e-01 1.671316948772869404e+00 1.800000000000000000e+01 6.600000000000000000e+01 2.000000000000000000e+00
1.412378934111011564e-01 1.915173621336007104e+00 1.000000000000000000e+00 1.190000000000000000e+02 2.000000000000000000e+00
8.708446712240389687e-01 4.074638901395245538e-01 8.000000000000000000e+00 1.200000000000000000e+01 2.000000000000000000e+00
7.204523674736937888e-01 3.779110988262549542e-01 1.100000000000000000e+01 1.000000000000000000e+02 2.000000000000000000e+00
1.356663801732476138e-01 6.366672056956238501e-01 1.100000000000000000e+01 3.800000000000000000e+01 2.000000000000000000e+00
9.191376832840622013e-01 1.951166955322924279e+00 1.800000000000000000e+01 7.100000000000000000e+01 2.000000000000000000e+00
5.592556285836313146e-01 5.714070892537209678e-01 5.000000000000000000e+00 1.320000000000000000e+02 2.000000000000000000e+00
6.110755602492533994e-02 6.589221125212546548e-01 1.600000000000000000e+01 9.700000000000000000e+01 2.000000000000000000e+00
3.319957984866172412e-02 1.864779787629929686e+00 1.900000000000000000e+01 1.320000000000000000e+02 2.000000000000000000e+00
6.438708344996346700e-01 1.504682083306173590e+00 1.700000000000000000e+01 3.500000000000000000e+01 2.000000000000000000e+00
9.951851188672132809e-01 1.199437331721304956e+00 1.500000000000000000e+01 5.800000000000000000e+01 2.000000000000000000e+00
7.218292328498941979e-01 9.518075707380336814e-01 1.000000000000000000e+01 1.030000000000000000e+02 2.000000000000000000e+00
4.520753144935257817e-01 1.465376397210822246e+00 1.100000000000000000e+01 4.000000000000000000e+00 2.000000000000000000e+00
8.358626301994713792e-01 2.714252696013043087e-01 1.800000000000000000e+01 1.800000000000000000e+02 2.000000000000000000e+00
7.463302055128033796e-01 2.210413324779455790e-01 1.100000000000000000e+01 1.580000000000000000e+02 2.000000000000000000e+00
5.543625218722134651e-01 1.416300661592544863e+00 1.100000000000000000e+01 6.000000000000000000e+00 2.000000000000000000e+00
9.942203419391036634e-02 1.725910972001966082e+00 2.000000000000000000e+00 1.070000000000000000e+02 2.000000000000000000e+00
9.412007628375528290e-01 1.760400684883636213e+00 1.200000000000000000e+01 1.100000000000000000e+02 2.000000000000000000e+00
7.186547785723872150e-02 4.099138783041577083e-01 3.000000000000000000e+00 5.000000000000000000e+00 2.000000000000000000e+00
6.177867740929587903e-01 1.836152999269902386e+00 8.000000000000000000e+00 1.020000000000000000e+02 2.000000000000000000e+00
4.540583147529094754e-01 1.202057218561576768e+00 3.000000000000000000e+00 1.640000000000000000e+02 2.000000000000000000e+00
2.582737923870035424e-01 1.991492594683222261e+00 1.900000000000000000e+01 1.590000000000000000e+02 2.000000000000000000e+00
6.078491308029115858e-01 5.203297266200582749e-01 1.600000000000000000e+01 3.300000000000000000e+01 2.000000000000000000e+00
8.985094889590193590e-02 3.803086965060867852e-01 6.000000000000000000e+00 1.140000000000000000e+02 2.000000000000000000e+00
3.115702656701566653e-01 6.138287243080692290e-01 1.400000000000000000e+01 8.400000000000000000e+01 2.000000000000000000e+00
1.010385397462557483e-01 1.417232913018987572e+00 1.300000000000000000e+01 1.590000000000000000e+02 2.000000000000000000e+00
9.196733658575749759e-01 2.019889597780243629e-01 1.200000000000000000e+01 9.800000000000000000e+01 2.000000000000000000e+00
6.090443656897517322e-01 1.058850410482382820e+00 4.000000000000000000e+00 1.750000000000000000e+02 2.000000000000000000e+00
8.171944664148214077e-01 8.674097586985635155e-01 1.000000000000000000e+00 1.570000000000000000e+02 3.000000000000000000e+00
9.416880798863107582e-01 1.064121231021848635e+00 1.000000000000000000e+00 8.600000000000000000e+01 3.000000000000000000e+00
1.658052126216994493e-01 1.014679959784266838e+00 1.700000000000000000e+01 7.600000000000000000e+01 3.000000000000000000e+00
4.498075461528963093e-01 1.136710865967182349e-01 6.000000000000000000e+00 1.290000000000000000e+02 3.000000000000000000e+00
3.373097226392491876e-01 8.400816431839727150e-01 1.200000000000000000e+01 1.080000000000000000e+02 3.000000000000000000e+00
5.779998180074196190e-01 8.077832055185462101e-01 6.000000000000000000e+00 1.520000000000000000e+02 3.000000000000000000e+00
4.032058398465985238e-01 7.089301775271302786e-01 1.700000000000000000e+01 1.540000000000000000e+02 3.000000000000000000e+00
1.280892714109920227e-01 1.440455032965789028e+00 1.400000000000000000e+01 8.800000000000000000e+01 3.000000000000000000e+00
4.931598370969009215e-01 7.724829653535790763e-01 1.000000000000000000e+01 1.130000000000000000e+02 3.000000000000000000e+00
4.166205150380136724e-01 8.948666229250462623e-01 1.400000000000000000e+01 1.080000000000000000e+02 3.000000000000000000e+00
8.730119417595884057e-01 8.138165311244441869e-01 9.000000000000000000e+00 7.900000000000000000e+01 3.000000000000000000e+00
1.585953284147890718e-01 8.197958434371453995e-01 1.200000000000000000e+01 1.390000000000000000e+02 3.000000000000000000e+00
5.729576911135706441e-01 1.452037278939079246e-01 3.000000000000000000e+00 1.260000000000000000e+02 3.000000000000000000e+00
6.027571442625916376e-01 1.529695989718452831e-01 1.700000000000000000e+01 1.850000000000000000e+02 3.000000000000000000e+00
6.466974063657281169e-02 1.650342048552147389e+00 5.000000000000000000e+00 1.300000000000000000e+01 3.000000000000000000e+00
2.729863031181604116e-01 1.506471027250513295e+00 1.000000000000000000e+00 1.530000000000000000e+02 3.000000000000000000e+00
3.043153213803064805e-01 3.514535314120624809e-01 1.000000000000000000e+00 1.410000000000000000e+02 3.000000000000000000e+00
9.464406311808486461e-01 2.045838898350846868e+00 4.000000000000000000e+00 1.570000000000000000e+02 3.000000000000000000e+00
1.496312319370989297e-01 1.573184663358505153e+00 6.000000000000000000e+00 9.300000000000000000e+01 3.000000000000000000e+00
4.811337331297635966e-01 1.209182452035860056e+00 7.000000000000000000e+00 1.440000000000000000e+02 3.000000000000000000e+00
7.342162638636454686e-01 1.948307444317879389e+00 2.000000000000000000e+00 1.370000000000000000e+02 3.000000000000000000e+00
1.451830479814217867e-01 5.447373238764009473e-01 1.300000000000000000e+01 1.610000000000000000e+02 3.000000000000000000e+00
2.935482988383898428e-01 1.490442851727538764e+00 9.000000000000000000e+00 1.900000000000000000e+01 3.000000000000000000e+00
5.537872850770568789e-01 7.106796247025223279e-01 1.500000000000000000e+01 4.900000000000000000e+01 3.000000000000000000e+00
6.442011882640092946e-01 1.388742150752415361e+00 9.000000000000000000e+00 1.610000000000000000e+02 3.000000000000000000e+00
1.139768984744986419e-01 1.511442920916301391e+00 2.000000000000000000e+01 2.200000000000000000e+01 3.000000000000000000e+00
3.037560869082683856e-01 1.034813004122494551e+00 1.300000000000000000e+01 9.800000000000000000e+01 3.000000000000000000e+00
9.024732759446816299e-01 7.707300840266587683e-01 9.000000000000000000e+00 1.490000000000000000e+02 3.000000000000000000e+00
7.725402511281924678e-01 1.109859157901493587e+00 1.600000000000000000e+01 8.100000000000000000e+01 3.000000000000000000e+00
8.089909663894719882e-01 1.636309988212280464e+00 1.600000000000000000e+01 1.820000000000000000e+02 3.000000000000000000e+00
7.622589594992430495e-01 1.311671740293843813e+00 5.000000000000000000e+00 8.400000000000000000e+01 3.000000000000000000e+00
5.691593989378032070e-01 1.347481913546711541e+00 1.200000000000000000e+01 1.390000000000000000e+02 3.000000000000000000e+00
4.947916328082671011e-01 1.413584455895613212e+00 8.000000000000000000e+00 1.000000000000000000e+01 3.000000000000000000e+00
1.333258201908912310e-01 3.629229756763324710e-01 1.800000000000000000e+01 1.710000000000000000e+02 3.000000000000000000e+00
1.650187022214471000e-01 5.045230057679751523e-01 1.400000000000000000e+01 7.000000000000000000e+01 3.000000000000000000e+00
1.003147992046797832e+00 1.065943463585600659e+00 1.000000000000000000e+00 9.900000000000000000e+01 3.000000000000000000e+00
8.625606305038589772e-02 2.098586166773847239e+00 6.000000000000000000e+00 1.950000000000000000e+02 3.000000000000000000e+00
8.229811245723848978e-02 3.714073128319975714e-01 1.600000000000000000e+01 1.980000000000000000e+02 3.000000000000000000e+00
5.072707236237549155e-01 1.340000850586450465e+00 7.000000000000000000e+00 9.000000000000000000e+00 3.000000000000000000e+00
7.835543191319438439e-01 1.446085125995894227e+00 1.000000000000000000e+00 1.200000000000000000e+02 3.000000000000000000e+00
8.753994011895049887e-01 1.145527453935418549e+00 1.700000000000000000e+01 4.000000000000000000e+01 3.000000000000000000e+00
6.238714372882312453e-01 6.560721385816551399e-01 1.900000000000000000e+01 1.880000000000000000e+02 3.000000000000000000e+00
7.496167819189731851e-01 1.973779428070926212e+00 3.000000000000000000e+00 1.350000000000000000e+02 3.000000000000000000e+00
6.074193845124076230e-01 1.895141793064423874e+00 2.000000000000000000e+00 1.000000000000000000e+01 3.000000000000000000e+00
8.397422709938898722e-01 1.481276653503629914e+00 1.800000000000000000e+01 1.800000000000000000e+02 3.000000000000000000e+00
8.790350897456510049e-02 5.779312389757281787e-01 2.000000000000000000e+01 1.370000000000000000e+02 3.000000000000000000e+00
1.003013678535352504e+00 5.678370102713575784e-01 1.100000000000000000e+01 7.000000000000000000e+01 3.000000000000000000e+00
9.786548541014374880e-01 1.654325642986093081e+00 1.700000000000000000e+01 1.900000000000000000e+01 3.000000000000000000e+00
9.556428525171249966e-01 1.419749080684171494e+00 2.000000000000000000e+01 8.200000000000000000e+01 3.000000000000000000e+00
1.670773105761418353e-01 1.728827594562708514e+00 1.900000000000000000e+01 1.610000000000000000e+02 3.000000000000000000e+00
7.492980787983283264e-01 1.948908527078981434e+00 6.000000000000000000e+00 5.200000000000000000e+01 4.000000000000000000e+00
3.925796075186715334e-02 2.574506786295159833e-01 9.000000000000000000e+00 1.960000000000000000e+02 4.000000000000000000e+00
2.025222803752558809e-01 6.012365868537746794e-01 1.600000000000000000e+01 1.180000000000000000e+02 4.000000000000000000e+00
1.195427502150079174e-01 1.992747529378533722e+00 1.300000000000000000e+01 7.700000000000000000e+01 4.000000000000000000e+00
7.704180786823654481e-01 1.209014864535531419e+00 1.500000000000000000e+01 1.940000000000000000e+02 4.000000000000000000e+00
6.855123965401501707e-01 7.778371934686515443e-01 1.400000000000000000e+01 1.820000000000000000e+02 4.000000000000000000e+00
6.070131779588971987e-01 1.911089037618206365e+00 1.900000000000000000e+01 6.000000000000000000e+01 4.000000000000000000e+00
9.481210994948574555e-01 1.369207886859203471e+00 1.100000000000000000e+01 1.640000000000000000e+02 4.000000000000000000e+00
9.093638302891167147e-01 1.244516183336629611e+00 4.000000000000000000e+00 1.160000000000000000e+02 4.000000000000000000e+00
6.360283987671149220e-01 6.156430366394197717e-01 6.000000000000000000e+00 9.500000000000000000e+01 4.000000000000000000e+00
9.367567491323446072e-02 9.269965055653587305e-01 9.000000000000000000e+00 1.050000000000000000e+02 4.000000000000000000e+00
9.172517304351982537e-01 1.617972136227961544e+00 9.000000000000000000e+00 1.660000000000000000e+02 4.000000000000000000e+00
5.954417591823630840e-01 1.701742482050941696e+00 9.000000000000000000e+00 9.600000000000000000e+01 4.000000000000000000e+00
9.711072186110779325e-02 5.950028843383506905e-01 1.300000000000000000e+01 5.700000000000000000e+01 4.000000000000000000e+00
1.822885067703743367e-01 2.453291111366183996e-01 1.300000000000000000e+01 8.200000000000000000e+01 4.000000000000000000e+00
8.517575199840743405e-01 5.697939878246486289e-01 1.300000000000000000e+01 1.850000000000000000e+02 4.000000000000000000e+00
6.106829839458569609e-01 5.277296025379093480e-01 1.400000000000000000e+01 1.590000000000000000e+02 4.000000000000000000e+00
9.917606819403250729e-01 1.633762590448946117e+00 1.500000000000000000e+01 1.900000000000000000e+02 4.000000000000000000e+00
4.198876875885292764e-02 1.995940849151059071e+00 1.200000000000000000e+01 1.440000000000000000e+02 4.000000000000000000e+00
5.250221565219636427e-02 8.064011269866268039e-01 8.000000000000000000e+00 1.950000000000000000e+02 4.000000000000000000e+00
9.753401007830840574e-02 1.116747741909851266e+00 1.400000000000000000e+01 1.110000000000000000e+02 4.000000000000000000e+00
7.224236069480040046e-01 1.528401300452322253e+00 3.000000000000000000e+00 7.000000000000000000e+00 4.000000000000000000e+00
9.734187081102768646e-01 6.510686677413978218e-01 2.000000000000000000e+01 1.860000000000000000e+02 4.000000000000000000e+00
5.209507710010899961e-01 3.654913578720236922e-01 1.900000000000000000e+01 5.900000000000000000e+01 4.000000000000000000e+00
5.507537763115262219e-01 1.439828455058360435e+00 1.800000000000000000e+01 1.420000000000000000e+02 4.000000000000000000e+00
2.416040636104521688e-01 1.931827059500192734e+00 1.400000000000000000e+01 6.100000000000000000e+01 4.000000000000000000e+00
2.690946486728571507e-01 1.881024128926285233e+00 6.000000000000000000e+00 1.960000000000000000e+02 4.000000000000000000e+00
9.621945275065236780e-01 3.011394249895028574e-01 1.600000000000000000e+01 1.340000000000000000e+02 4.000000000000000000e+00
2.953315735229468109e-01 2.506815287900078237e-01 1.600000000000000000e+01 1.120000000000000000e+02 4.000000000000000000e+00
2.173833329055431252e-01 2.834677436972764530e-01 1.000000000000000000e+00 4.700000000000000000e+01 4.000000000000000000e+00
5.610985036897225831e-01 1.561082364374368758e+00 7.000000000000000000e+00 8.700000000000000000e+01 4.000000000000000000e+00
9.797135987314724570e-01 1.811487419037663305e+00 1.000000000000000000e+00 1.740000000000000000e+02 4.000000000000000000e+00
9.540066320995311822e-01 1.510195423436621331e-01 1.400000000000000000e+01 1.240000000000000000e+02 4.000000000000000000e+00
2.875591116877902476e-01 3.360854331067911760e-01 1.400000000000000000e+01 1.490000000000000000e+02 4.000000000000000000e+00
9.204035420253203759e-01 1.364288210285365066e+00 1.700000000000000000e+01 8.700000000000000000e+01 4.000000000000000000e+00
8.766420435915804887e-01 1.147435808620700159e+00 9.000000000000000000e+00 1.940000000000000000e+02 4.000000000000000000e+00
2.243258384914823544e-01 2.141167994896990001e-01 7.000000000000000000e+00 1.750000000000000000e+02 4.000000000000000000e+00
5.883206513799279502e-01 1.163421793126505177e+00 1.500000000000000000e+01 4.500000000000000000e+01 4.000000000000000000e+00
5.341231193923807741e-01 5.651681482513833954e-01 1.700000000000000000e+01 3.000000000000000000e+01 4.000000000000000000e+00
6.651653570481255162e-01 1.734759888777851700e+00 6.000000000000000000e+00 4.200000000000000000e+01 4.000000000000000000e+00
4.585018955020144782e-01 1.287294885620373197e+00 1.000000000000000000e+00 1.030000000000000000e+02 4.000000000000000000e+00
1.005941917938124375e+00 1.587852019127706571e+00 1.400000000000000000e+01 1.530000000000000000e+02 4.000000000000000000e+00
7.381761492132242475e-02 1.562254804229857852e+00 1.700000000000000000e+01 1.380000000000000000e+02 4.000000000000000000e+00
1.395021374414084046e-02 6.621277879505728103e-01 8.000000000000000000e+00 7.900000000000000000e+01 4.000000000000000000e+00
1.114315908030206609e-01 4.060460815562482173e-01 1.400000000000000000e+01 3.300000000000000000e+01 4.000000000000000000e+00
6.950174353879678968e-01 2.575840549525699741e-01 2.000000000000000000e+00 1.200000000000000000e+02 4.000000000000000000e+00
7.448879927816230984e-01 2.345718667236244281e-01 8.000000000000000000e+00 1.670000000000000000e+02 4.000000000000000000e+00
7.328941796651768925e-01 7.133385562833028937e-01 1.600000000000000000e+01 1.610000000000000000e+02 4.000000000000000000e+00
6.099952434195241580e-01 1.961411692543512997e+00 8.000000000000000000e+00 1.790000000000000000e+02 4.000000000000000000e+00
3.381323620993234025e-01 8.161589495653048809e-01 7.000000000000000000e+00 4.900000000000000000e+01 4.000000000000000000e+00
