-1.062088460536814551e+02
-1.184255483729249647e+02
-1.330941889437716839e+02
-9.182642418054388145e+01
-1.330891718515408684e+02
-1.309423854276865313e+02
-9.812055388257117272e+01
-9.054236767680792752e+01
-1.213025565666714130e+02
-1.329582187602620706e+02
-1.330964651593006352e+02
-1.291601659136224782e+02
-1.330952290194965428e+02
-1.330968037357252456e+02
-1.135409375272567303e+02
-1.001105937483571751e+02
-9.293744257437472811e+01
-1.330968136740808347e+02
-1.236158876803182380e+02
-1.212602324114485839e+02
-1.330967802261953352e+02
-9.424575403014469543e+01
-1.298627685753833703e+02
-9.675782115322682841e+01
-1.330591954575738214e+02
-1.330936110042820246e+02
-1.330963635470404256e+02
-1.304044482956148840e+02
-9.412460219772117398e+01
-1.330957122848141694e+02
-1.330956296003767534e+02
-1.330967961304378946e+02
-1.152809149376194000e+02
-1.330951261066090865e+02
-1.310536585078003498e+02
-1.184845836362645741e+02
-1.325564078545902191e+02
-1.080371749364692278e+02
-1.101945160446861962e+02
-1.146104593603851356e+02
-1.330968261047966621e+02
-1.330969572360238828e+02
-1.330918573497306738e+02
-1.155676633651476806e+02
-1.330879005754955529e+02
-1.272049554284186570e+02
-1.109914599066566581e+02
-1.116976960997294128e+02
-1.213629920055188620e+02
-9.115372420947647925e+01
-9.680769316561381288e+01
-8.906086271837834545e+01
-1.208166520124820806e+02
-1.139967571706213221e+02
-1.274418329640093503e+02
-1.273006545446700954e+02
-1.274710465054403841e+02
-1.167188651036020701e+02
-1.169442874462786932e+02
-1.277938083127100128e+02
-1.144633189592086637e+02
-1.225444514632559816e+02
-1.051818503719095474e+02
-1.278356416853303443e+02
-1.278398341690622431e+02
-9.608209110184601798e+01
-1.144839060432616691e+02
-1.278400985565041310e+02
-1.278108393883172056e+02
-1.251934188138233139e+02
-1.278400294454246477e+02
-1.278395609422753125e+02
-1.278399122598643771e+02
-8.848716636900397248e+01
-1.163321156097449887e+02
-1.278016730441986084e+02
-1.099434272027343553e+02
-1.278398829155021872e+02
-1.016659298544655599e+02
-9.273460725442178898e+01
-8.865530175613160679e+01
-1.278398514125634620e+02
-9.425191526816276166e+01
-1.046891971564418498e+02
-1.244709034198807132e+02
-1.278317817655643296e+02
-1.278401423297001287e+02
-1.278363808966046520e+02
-1.148828720441460689e+02
-1.228743624846443367e+02
-8.899420996114952231e+01
-1.276164275899256779e+02
-9.262580477884586116e+01
-1.163049157088194931e+02
-1.269289065086725827e+02
-1.278395581622832253e+02
-9.589574543402174811e+01
-1.278399312275741551e+02
-1.278397807278303731e+02
-1.001008716010964861e+02
-1.235608192792082605e+02
-8.724832142331905516e+01
-1.235614979504808844e+02
-8.840106925909712743e+01
-1.092212619740356274e+02
-9.404199785026347058e+01
-1.232355643428799681e+02
-1.111497983270063088e+02
-9.703939183116344225e+01
-1.158850035403474124e+02
-1.030305964173299458e+02
-1.235615252495811234e+02
-1.235607685807990919e+02
-1.235575307654603847e+02
-1.130520734257026874e+02
-1.048016059405674838e+02
-1.235485306526451694e+02
-9.510032890541467054e+01
-1.225077795935721241e+02
-1.235428925185458269e+02
-8.662733726764437847e+01
-8.737364699708552962e+01
-1.235605232869855428e+02
-1.235614723079474686e+02
-9.386821972751052101e+01
-9.002007060656498538e+01
-1.076090900819724112e+02
-1.235614331866864859e+02
-9.831268539835699016e+01
-1.073886793325872873e+02
-1.235595798667807657e+02
-1.235548009599187509e+02
-1.210673829658653631e+02
-1.145218589062433381e+02
-1.235219786603320387e+02
-8.741388613979790989e+01
-8.686685557721031614e+01
-1.235407157588965390e+02
-1.235615266953580260e+02
-1.235608250384878204e+02
-1.231765167021676461e+02
-1.235615058835500832e+02
-1.208386605945134420e+02
-1.235615562153718656e+02
-9.672919979179681604e+01
-9.150576137491584916e+01
-1.002651021253937245e+02
-1.235519814260612748e+02
-8.717644928897847478e+01
-1.176133411357151601e+02
-1.123947861736252349e+02
-1.185286924532641564e+02
-1.181839234524360478e+02
-8.768554604110178730e+01
-1.109398352043193654e+02
-1.091187052046665116e+02
-1.043882465834152526e+02
-1.239316456808966507e+02
-1.073967907768880252e+02
-1.128786342589840785e+02
-1.097704845350376672e+02
-1.104193411511989353e+02
-8.503433126384763341e+01
-8.992955046681494480e+01
-1.239060061697525299e+02
-1.239417942269681987e+02
-9.988418537680684040e+01
-1.239422842566579419e+02
-1.239410455557553803e+02
-1.214683924068965553e+02
-1.239422892108705554e+02
-9.709195873327786330e+01
-1.239364486776939174e+02
-1.050199000934467222e+02
-1.232414294423699346e+02
-1.239035509534878372e+02
-1.174323792354371676e+02
-1.077529623729284367e+02
-1.195919508015937254e+02
-1.239137292007641804e+02
-1.229325777650125673e+02
-1.230330497635491582e+02
-1.239327258358723327e+02
-8.871534968038645275e+01
-9.617953246977801030e+01
-1.185373629730432441e+02
-1.239422114402909330e+02
-8.924863478831530017e+01
-1.239233971978265032e+02
-1.236859321725431187e+02
-1.206441728528148332e+02
-1.021385692344219649e+02
-1.239422794787071922e+02
-1.239421667319513745e+02
-1.235972504692679763e+02
-9.946828826598155615e+01
-9.851628671816328620e+01
-1.239415987056624147e+02
-1.235265632387108496e+02
-1.239418135006557407e+02
-1.251433997211376834e+02
-8.895355730719703047e+01
-1.012101080801671316e+02
-1.251434257377011221e+02
-1.228743147946987051e+02
-1.096235237022788169e+02
-1.251434146151772353e+02
-1.244135668849181116e+02
-1.233872343906936635e+02
-1.019865410306835400e+02
-1.172574199571635631e+02
-1.251260642485904526e+02
-1.251427401306059295e+02
-1.071310573609766834e+02
-8.668110759525279718e+01
-9.996519620231057957e+01
-9.755327977177505261e+01
-1.251118299589692811e+02
-1.251432717262500631e+02
-1.124655483119988162e+02
-1.238739252647660010e+02
-1.251425149445205705e+02
-1.039651042719138303e+02
-9.050797993576287581e+01
-1.247824382348250936e+02
-1.251436447543440806e+02
-1.251435081812149832e+02
-8.897104948243661227e+01
-8.730644161098274481e+01
-1.008696442951872996e+02
-1.251422427507680908e+02
-1.251434297564496347e+02
-9.090148046177058916e+01
-8.905500241876453060e+01
-1.244760091928126968e+02
-1.218143220708069094e+02
-8.723022696747899829e+01
-1.226998913052943294e+02
-1.003573031264482154e+02
-1.251434394667892462e+02
-1.248434423834261082e+02
-1.251056924667648786e+02
-1.251420225860352389e+02
-1.235751452588253159e+02
-1.034384316646412856e+02
-9.036948461933465637e+01
-8.786334034925343417e+01
-1.066007374221563708e+02
-1.251434285313820993e+02
-1.122975099246070982e+02
