3.310000825092548338e-01 1.611510361965254878e+00 5.000000000000000000e+00 6.600000000000000000e+01 0.000000000000000000e+00
8.880201283416805369e-01 1.486488931067756925e+00 1.800000000000000000e+01 1.080000000000000000e+02 0.000000000000000000e+00
7.947156938561271700e-01 1.917872924888386343e+00 1.600000000000000000e+01 1.700000000000000000e+02 0.000000000000000000e+00
7.388605559502314790e-01 6.918829784202339406e-01 1.800000000000000000e+01 1.080000000000000000e+02 0.000000000000000000e+00
2.850704087517225149e-01 1.524448675219294058e+00 4.000000000000000000e+00 1.260000000000000000e+02 0.000000000000000000e+00
5.514146500190949540e-01 2.098102759323159372e+00 6.000000000000000000e+00 1.610000000000000000e+02 0.000000000000000000e+00
9.825077434285910405e-01 1.809711911248704341e+00 2.000000000000000000e+01 1.000000000000000000e+01 0.000000000000000000e+00
3.247516300227893948e-01 1.456244917712410603e+00 1.900000000000000000e+01 7.000000000000000000e+01 0.000000000000000000e+00
6.753555155903899487e-02 1.143746442494858906e+00 1.000000000000000000e+01 1.680000000000000000e+02 0.000000000000000000e+00
1.992095617228818449e-01 1.959289565972988756e+00 7.000000000000000000e+00 2.100000000000000000e+01 0.000000000000000000e+00
1.005365371664009855e+00 3.078866374434855446e-01 1.500000000000000000e+01 1.770000000000000000e+02 0.000000000000000000e+00
3.855690958338444663e-01 1.835919709647437559e+00 1.400000000000000000e+01 6.500000000000000000e+01 0.000000000000000000e+00
8.984929226352492693e-01 3.624876216087647984e-01 1.100000000000000000e+01 1.920000000000000000e+02 0.000000000000000000e+00
5.957513019228185547e-01 1.187118253713643323e+00 1.600000000000000000e+01 7.400000000000000000e+01 0.000000000000000000e+00
9.288830001746820608e-01 1.129361468289141524e+00 3.000000000000000000e+00 3.000000000000000000e+01 0.000000000000000000e+00
2.463641735070921657e-01 1.247416198175991475e+00 9.000000000000000000e+00 2.000000000000000000e+02 0.000000000000000000e+00
6.928586232807657508e-01 1.003303274349639729e+00 1.000000000000000000e+00 7.100000000000000000e+01 0.000000000000000000e+00
2.502749488722516569e-01 1.301976775611649373e+00 1.000000000000000000e+00 1.000000000000000000e+02 0.000000000000000000e+00
5.053643649424320872e-01 9.722916865310932133e-01 5.000000000000000000e+00 2.000000000000000000e+01 0.000000000000000000e+00
3.815024461850979876e-01 8.230439666412548982e-01 2.000000000000000000e+00 7.400000000000000000e+01 0.000000000000000000e+00
4.294081257384781969e-01 1.228935973187940567e+00 1.900000000000000000e+01 7.000000000000000000e+01 0.000000000000000000e+00
8.901555856177609805e-01 1.472613819280038205e+00 1.300000000000000000e+01 1.160000000000000000e+02 0.000000000000000000e+00
3.249465800176615238e-01 3.729383775296345460e-01 3.000000000000000000e+00 1.270000000000000000e+02 0.000000000000000000e+00
2.283696109528506879e-01 1.691426262643529466e+00 1.900000000000000000e+01 1.400000000000000000e+02 0.000000000000000000e+00
6.461965548901376089e-01 1.676899742289316431e-01 1.500000000000000000e+01 1.660000000000000000e+02 0.000000000000000000e+00
4.557774505254851699e-02 4.560941911476604771e-01 1.200000000000000000e+01 7.000000000000000000e+01 0.000000000000000000e+00
5.545869655316776337e-01 1.484091287488174649e+00 5.000000000000000000e+00 1.010000000000000000e+02 0.000000000000000000e+00
5.135965686177572653e-01 7.321524471797410394e-01 1.400000000000000000e+01 1.890000000000000000e+02 0.000000000000000000e+00
3.163450039817454762e-01 8.655221605427355636e-01 1.100000000000000000e+01 1.740000000000000000e+02 0.000000000000000000e+00
3.557518936669741283e-01 4.211517146660618272e-01 8.000000000000000000e+00 4.200000000000000000e+01 0.000000000000000000e+00
4.064014487950314836e-01 1.353484081591044275e+00 1.800000000000000000e+01 1.330000000000000000e+02 0.000000000000000000e+00
3.392251936680027447e-01 2.008772329000343415e+00 1.400000000000000000e+01 9.700000000000000000e+01 0.000000000000000000e+00
5.546103566321208822e-01 1.723042495526270645e+00 1.900000000000000000e+01 1.500000000000000000e+01 0.000000000000000000e+00
5.931030673497056371e-01 9.874337039884902856e-01 1.200000000000000000e+01 9.900000000000000000e+01 0.000000000000000000e+00
6.763991682352674673e-01 8.762445382710101205e-01 8.000000000000000000e+00 1.770000000000000000e+02 0.000000000000000000e+00
9.923597307674467682e-01 1.318697178636444090e+00 1.500000000000000000e+01 8.000000000000000000e+00 0.000000000000000000e+00
3.445261038642312146e-01 7.460121545179555502e-01 1.000000000000000000e+01 1.190000000000000000e+02 0.000000000000000000e+00
4.829882548549159216e-01 2.032002896402836711e+00 2.000000000000000000e+00 3.100000000000000000e+01 0.000000000000000000e+00
5.247870825818753415e-01 1.739506950980033384e+00 1.000000000000000000e+01 5.800000000000000000e+01 0.000000000000000000e+00
5.156179143978579793e-01 8.184585863815446727e-01 1.300000000000000000e+01 1.620000000000000000e+02 0.000000000000000000e+00
8.785794026689853764e-01 5.211887935955533679e-01 4.000000000000000000e+00 2.000000000000000000e+01 0.000000000000000000e+00
7.070321070199261371e-01 1.243986676402491831e+00 2.000000000000000000e+00 8.000000000000000000e+00 0.000000000000000000e+00
9.386924316274425362e-01 1.917421685156892153e+00 8.000000000000000000e+00 1.940000000000000000e+02 0.000000000000000000e+00
9.778978665639828094e-01 4.208468626894185105e-01 1.300000000000000000e+01 1.360000000000000000e+02 0.000000000000000000e+00
6.554174884716120753e-01 1.683471807851993463e+00 1.000000000000000000e+01 7.400000000000000000e+01 0.000000000000000000e+00
8.674503307858957291e-01 1.948205291040797205e+00 1.700000000000000000e+01 2.700000000000000000e+01 0.000000000000000000e+00
5.038704530852449182e-01 1.213343266842411838e-01 9.000000000000000000e+00 1.010000000000000000e+02 0.000000000000000000e+00
3.542946676882393620e-01 1.411485492375423201e+00 1.500000000000000000e+01 1.120000000000000000e+02 0.000000000000000000e+00
9.264538422093007153e-01 7.796330151560290078e-01 9.000000000000000000e+00 5.000000000000000000e+00 0.000000000000000000e+00
2.017173571039853480e-02 5.040551912246752364e-01 1.300000000000000000e+01 1.300000000000000000e+01 0.000000000000000000e+00
2.705405643013290007e-01 5.055983228246133665e-01 6.000000000000000000e+00 5.100000000000000000e+01 1.000000000000000000e+00
4.732569003427120613e-01 1.182920582497761552e+00 7.000000000000000000e+00 1.570000000000000000e+02 1.000000000000000000e+00
9.109641143554210174e-01 2.080856722699457872e+00 9.000000000000000000e+00 3.700000000000000000e+01 1.000000000000000000e+00
7.387717542084961675e-01 2.873902905258068907e-01 4.000000000000000000e+00 1.860000000000000000e+02 1.000000000000000000e+00
8.367914681627327544e-01 1.301304816749722315e+00 2.000000000000000000e+01 2.200000000000000000e+01 1.000000000000000000e+00
1.139573385497239938e-01 1.441976103664232456e+00 1.600000000000000000e+01 1.370000000000000000e+02 1.000000000000000000e+00
8.103721243133666929e-01 8.494158950396669683e-01 2.000000000000000000e+01 3.000000000000000000e+00 1.000000000000000000e+00
6.431653034959018411e-01 2.567192494531890246e-01 2.000000000000000000e+00 1.290000000000000000e+02 1.000000000000000000e+00
9.997643343611480882e-01 1.465773058948107943e+00 1.100000000000000000e+01 1.210000000000000000e+02 1.000000000000000000e+00
3.949169032905887056e-01 7.294455274878038908e-01 1.500000000000000000e+01 1.330000000000000000e+02 1.000000000000000000e+00
8.770130387340006051e-01 1.068861006869017860e+00 9.000000000000000000e+00 1.770000000000000000e+02 1.000000000000000000e+00
8.210468627745610704e-01 6.049432990643112129e-01 1.900000000000000000e+01 1.850000000000000000e+02 1.000000000000000000e+00
8.038398636958342669e-01 1.363712298253121791e+00 8.000000000000000000e+00 1.830000000000000000e+02 1.000000000000000000e+00
8.043862120907784019e-02 3.568766168914919712e-01 2.000000000000000000e+01 3.700000000000000000e+01 1.000000000000000000e+00
5.542510788986830805e-01 2.010172099913866806e+00 9.000000000000000000e+00 9.300000000000000000e+01 1.000000000000000000e+00
1.252150883028534389e-01 1.674370918740902159e+00 4.000000000000000000e+00 6.800000000000000000e+01 1.000000000000000000e+00
9.904993831772517243e-01 2.091420886034001114e+00 5.000000000000000000e+00 1.040000000000000000e+02 1.000000000000000000e+00
7.860745002589197838e-01 1.787608207918962355e+00 1.400000000000000000e+01 1.600000000000000000e+01 1.000000000000000000e+00
2.942762087794137393e-01 1.696874254131880200e+00 6.000000000000000000e+00 9.500000000000000000e+01 1.000000000000000000e+00
1.525471703813233715e-01 1.876226752758372696e+00 1.600000000000000000e+01 1.110000000000000000e+02 1.000000000000000000e+00
2.675748879008252867e-01 1.423600877203140103e+00 1.900000000000000000e+01 6.300000000000000000e+01 1.000000000000000000e+00
5.020677381691129870e-01 2.075983678730226600e+00 6.000000000000000000e+00 1.860000000000000000e+02 1.000000000000000000e+00
2.399491519015124474e-01 2.979597501496832335e-01 8.000000000000000000e+00 1.550000000000000000e+02 1.000000000000000000e+00
2.561070856928023831e-01 2.004598211815918685e+00 8.000000000000000000e+00 6.200000000000000000e+01 1.000000000000000000e+00
9.630847642696910293e-01 4.589913315285000239e-01 1.800000000000000000e+01 1.750000000000000000e+02 1.000000000000000000e+00
4.195857352480469177e-02 1.669149675334502536e+00 1.000000000000000000e+00 5.700000000000000000e+01 1.000000000000000000e+00
8.638977387625780269e-01 1.208152991142602328e+00 1.200000000000000000e+01 1.920000000000000000e+02 1.000000000000000000e+00
2.534966854128334335e-01 3.004542179080146314e-01 1.000000000000000000e+01 1.970000000000000000e+02 1.000000000000000000e+00
6.681749273355152008e-01 8.016819739073769435e-01 8.000000000000000000e+00 9.700000000000000000e+01 1.000000000000000000e+00
9.697550472337697069e-01 2.021564294139122975e+00 6.000000000000000000e+00 1.900000000000000000e+01 1.000000000000000000e+00
6.672612666212472676e-02 1.198168303049161221e+00 4.000000000000000000e+00 7.300000000000000000e+01 1.000000000000000000e+00
9.944774891336326528e-01 6.654401178896734992e-01 1.400000000000000000e+01 1.200000000000000000e+01 1.000000000000000000e+00
2.681000678190944564e-01 5.872581733336289522e-01 2.000000000000000000e+01 6.800000000000000000e+01 1.000000000000000000e+00
9.341147650213952325e-01 1.312419698014930525e+00 1.300000000000000000e+01 2.100000000000000000e+01 1.000000000000000000e+00
1.923453307898057574e-01 9.546570073178411997e-01 4.000000000000000000e+00 1.910000000000000000e+02 1.000000000000000000e+00
1.977093722930618469e-01 1.343133065298000250e+00 1.300000000000000000e+01 1.880000000000000000e+02 1.000000000000000000e+00
6.300390942575975206e-01 1.204122714662927640e+00 1.700000000000000000e+01 5.100000000000000000e+01 1.000000000000000000e+00
9.477797418517837080e-01 1.489553297932409315e+00 1.000000000000000000e+01 1.440000000000000000e+02 1.000000000000000000e+00
9.604504848991797239e-01 2.349666672063702999e-01 1.100000000000000000e+01 6.400000000000000000e+01 1.000000000000000000e+00
9.565753385115171037e-01 8.069649257359302608e-01 4.000000000000000000e+00 1.270000000000000000e+02 1.000000000000000000e+00
3.891318794869234043e-01 1.078409260487726451e+00 8.000000000000000000e+00 7.700000000000000000e+01 1.000000000000000000e+00
3.179173815943634462e-01 1.173765240066460658e+00 4.000000000000000000e+00 6.900000000000000000e+01 1.000000000000000000e+00
4.114137899056734965e-02 3.288416431724906497e-01 1.100000000000000000e+01 1.590000000000000000e+02 1.000000000000000000e+00
3.994533633987887855e-01 1.974692010073964221e+00 5.000000000000000000e+00 1.000000000000000000e+02 1.000000000000000000e+00
8.150341637514633142e-01 3.328909457831764618e-01 3.000000000000000000e+00 1.820000000000000000e+02 1.000000000000000000e+00
5.109724376101818510e-01 4.399951977046369089e-01 4.000000000000000000e+00 1.280000000000000000e+02 1.000000000000000000e+00
3.332726507169924551e-02 1.897924110416717047e+00 1.900000000000000000e+01 1.580000000000000000e+02 1.000000000000000000e+00
8.498961137032500224e-01 1.197272962040413891e+00 9.000000000000000000e+00 1.510000000000000000e+02 1.000000000000000000e+00
8.684173587546327733e-01 2.076728297028489489e+00 1.400000000000000000e+01 4.800000000000000000e+01 1.000000000000000000e+00
7.490585721847075051e-01 1.199357068968643247e+00 4.000000000000000000e+00 2.300000000000000000e+01 1.000000000000000000e+00
1.160908598636596206e-01 8.186261843438177310e-01 1.100000000000000000e+01 4.300000000000000000e+01 2.000000000000000000e+00
3.135909246673738160e-01 9.844721908800192489e-01 1.100000000000000000e+01 1.990000000000000000e+02 2.000000000000000000e+00
9.862304368368343122e-01 6.202261029867662812e-01 1.000000000000000000e+01 4.200000000000000000e+01 2.000000000000000000e+00
3.852328452653950297e-01 1.466750407411038015e+00 1.200000000000000000e+01 1.000000000000000000e+01 2.000000000000000000e+00
1.456193572998155661e-01 1.661984827202336312e+00 7.000000000000000000e+00 4.900000000000000000e+01 2.000000000000000000e+00
3.582503496709337210e-01 4.890220720543095867e-01 1.000000000000000000e+01 2.500000000000000000e+01 2.000000000000000000e+00
7.412262607656774360e-01 6.175951157868949659e-01 1.400000000000000000e+01 5.100000000000000000e+01 2.000000000000000000e+00
2.519260459078289660e-01 1.298126205125524457e+00 8.000000000000000000e+00 8.600000000000000000e+01 2.000000000000000000e+00
3.175401953689093171e-01 1.464909641424620101e+00 4.000000000000000000e+00 7.000000000000000000e+01 2.000000000000000000e+00
8.531781316280576677e-01 6.312356581112837928e-01 2.000000000000000000e+01 6.000000000000000000e+01 2.000000000000000000e+00
4.066709075422053621e-01 1.329438929705881067e+00 1.700000000000000000e+01 4.800000000000000000e+01 2.000000000000000000e+00
7.077110249630942373e-01 1.788950698412438367e+00 5.000000000000000000e+00 1.290000000000000000e+02 2.000000000000000000e+00
6.265770082819865916e-01 1.796092085636876057e+00 6.000000000000000000e+00 6.600000000000000000e+01 2.000000000000000000e+00
6.084518536893623181e-02 1.994367918743464863e+00 2.000000000000000000e+01 1.130000000000000000e+02 2.000000000000000000e+00
1.985554931196119588e-01 1.535008518763781415e+00 3.000000000000000000e+00 1.300000000000000000e+02 2.000000000000000000e+00
8.913199712038650802e-01 1.054760996615557167e-01 1.900000000000000000e+01 5.100000000000000000e+01 2.000000000000000000e+00
4.027004250473749103e-01 5.030243135880677618e-01 1.200000000000000000e+01 4.100000000000000000e+01 2.000000000000000000e+00
7.607983117163411579e-01 1.635213104429995123e+00 1.400000000000000000e+01 4.800000000000000000e+01 2.000000000000000000e+00
9.204184226561785698e-01 3.859408597129160290e-01 9.000000000000000000e+00 1.210000000000000000e+02 2.000000000000000000e+00
3.220114951395665059e-01 1.372726377712166546e+00 1.000000000000000000e+00 1.730000000000000000e+02 2.000000000000000000e+00
3.952574885494674062e-01 1.873195113508120180e+00 7.000000000000000000e+00 9.400000000000000000e+01 2.000000000000000000e+00
5.959592001406659456e-01 1.558900683236848161e+00 6.000000000000000000e+00 2.500000000000000000e+01 2.000000000000000000e+00
3.842838440380282883e-01 1.293041084982828659e+00 1.500000000000000000e+01 8.600000000000000000e+01 2.000000000000000000e+00
7.475745005445727509e-01 7.660666066993669920e-01 8.000000000000000000e+00 1.600000000000000000e+01 2.000000000000000000e+00
1.002866092830979383e+00 1.116444803348100256e+00 1.100000000000000000e+01 6.700000000000000000e+01 2.000000000000000000e+00
4.383190317447092088e-01 1.828882418044418534e+00 1.200000000000000000e+01 9.800000000000000000e+01 2.000000000000000000e+00
7.518355541732483216e-01 1.064513654996823711e+00 1.900000000000000000e+01 1.420000000000000000e+02 2.000000000000000000e+00
2.809039850661946280e-01 1.048775635327487299e+00 1.600000000000000000e+01 5.100000000000000000e+01 2.000000000000000000e+00
8.350833486024420438e-01 1.891321127164276028e+00 2.000000000000000000e+01 5.000000000000000000e+01 2.000000000000000000e+00
5.754985204490126183e-01 1.706374620372446138e+00 1.600000000000000000e+01 1.370000000000000000e+02 2.000000000000000000e+00
7.527131323309120825e-01 1.236696810405819358e+00 6.000000000000000000e+00 1.730000000000000000e+02 2.000000000000000000e+00
5.801268211196102254e-01 2.550698108479795279e-01 9.000000000000000000e+00 1.390000000000000000e+02 2.000000000000000000e+00
5.777640237974676074e-01 2.501690527541898801e-01 2.000000000000000000e+01 4.200000000000000000e+01 2.000000000000000000e+00
6.990603582213891221e-01 1.507832400634967485e+00 3.000000000000000000e+00 1.280000000000000000e+02 2.000000000000000000e+00
9.385521217920523851e-01 1.221489491672922423e+00 1.300000000000000000e+01 1.740000000000000000e+02 2.000000000000000000e+00
8.124678966927255386e-02 3.084108452560622160e-01 1.700000000000000000e+01 1.310000000000000000e+02 2.000000000000000000e+00
4.103176675868998036e-01 2.089636428287116487e+00 1.200000000000000000e+01 1.660000000000000000e+02 2.000000000000000000e+00
6.669194324198389756e-01 1.652756165365365737e+00 1.900000000000000000e+01 1.460000000000000000e+02 2.000000000000000000e+00
6.568519092788189795e-01 1.020462345632169088e+00 9.000000000000000000e+00 5.500000000000000000e+01 2.000000000000000000e+00
2.449733182453766034e-01 6.649319686791111961e-01 5.000000000000000000e+00 3.400000000000000000e+01 2.000000000000000000e+00
4.946438893051683383e-01 1.459265255345354895e+00 1.500000000000000000e+01 1.840000000000000000e+02 2.000000000000000000e+00
3.748522138588971514e-02 2.024647494608835085e+00 1.300000000000000000e+01 3.600000000000000000e+01 2.000000000000000000e+00
1.670672925759235650e-01 1.065766754785965276e+00 1.800000000000000000e+01 1.600000000000000000e+01 2.000000000000000000e+00
9.769863481652658610e-01 1.299647253725638274e+00 8.000000000000000000e+00 1.400000000000000000e+01 2.000000000000000000e+00
7.291311394764672382e-01 1.021336072399414707e+00 1.000000000000000000e+00 1.910000000000000000e+02 2.000000000000000000e+00
8.311278232563588941e-02 9.783060163050470992e-01 1.800000000000000000e+01 1.360000000000000000e+02 2.000000000000000000e+00
3.132491126006575755e-01 2.069335475790384127e+00 5.000000000000000000e+00 1.260000000000000000e+02 2.000000000000000000e+00
9.075697885239465412e-01 5.785774349566211727e-01 1.600000000000000000e+01 1.640000000000000000e+02 2.000000000000000000e+00
3.383034946577438973e-01 1.056921615919922619e+00 1.400000000000000000e+01 9.700000000000000000e+01 2.000000000000000000e+00
7.232036428291602759e-01 4.654683876403912235e-01 9.000000000000000000e+00 1.880000000000000000e+02 2.000000000000000000e+00
3.392518192283748846e-01 1.669240848216944295e+00 2.000000000000000000e+01 1.710000000000000000e+02 3.000000000000000000e+00
2.867577395400136009e-01 1.974726172574406746e+00 1.800000000000000000e+01 4.600000000000000000e+01 3.000000000000000000e+00
8.769460019034533982e-01 6.717041411552043817e-01 1.000000000000000000e+01 1.420000000000000000e+02 3.000000000000000000e+00
7.663296600376597878e-01 2.061150853467500710e+00 1.600000000000000000e+01 5.000000000000000000e+00 3.000000000000000000e+00
6.272035015732245478e-02 2.011653604827391639e+00 1.300000000000000000e+01 1.300000000000000000e+01 3.000000000000000000e+00
5.072161989920508374e-01 1.359344943724025034e+00 2.000000000000000000e+01 6.000000000000000000e+00 3.000000000000000000e+00
6.541697922036358026e-01 6.440376814318314880e-01 6.000000000000000000e+00 1.300000000000000000e+02 3.000000000000000000e+00
7.656655466623594197e-01 1.965279459859107680e+00 1.500000000000000000e+01 5.300000000000000000e+01 3.000000000000000000e+00
5.915707639818492680e-01 9.599944472828881858e-01 5.000000000000000000e+00 7.600000000000000000e+01 3.000000000000000000e+00
7.302750197892204920e-01 1.158507618589784682e+00 7.000000000000000000e+00 5.000000000000000000e+01 3.000000000000000000e+00
7.092438974422958786e-01 6.924823675286798652e-01 4.000000000000000000e+00 7.200000000000000000e+01 3.000000000000000000e+00
9.009812165435048259e-01 6.999857984871143968e-01 1.000000000000000000e+00 1.390000000000000000e+02 3.000000000000000000e+00
2.672859198552345744e-02 1.081998051405439920e+00 1.900000000000000000e+01 1.050000000000000000e+02 3.000000000000000000e+00
1.895391307384124424e-01 1.711771623644255724e+00 1.800000000000000000e+01 2.000000000000000000e+02 3.000000000000000000e+00
9.318216254550125421e-02 1.423843327246388846e+00 7.000000000000000000e+00 1.110000000000000000e+02 3.000000000000000000e+00
1.995225815543348880e-01 1.932109487538567594e+00 3.000000000000000000e+00 5.000000000000000000e+00 3.000000000000000000e+00
8.273449686748511611e-02 1.224280713797146314e+00 1.000000000000000000e+00 1.330000000000000000e+02 3.000000000000000000e+00
9.840903468036792390e-01 1.188463110977786119e+00 1.400000000000000000e+01 8.200000000000000000e+01 3.000000000000000000e+00
2.373770083802833053e-01 1.269390822910230421e+00 8.000000000000000000e+00 9.900000000000000000e+01 3.000000000000000000e+00
7.813973235196380873e-01 1.774884328745270023e+00 7.000000000000000000e+00 1.800000000000000000e+02 3.000000000000000000e+00
6.861896102933878749e-01 5.759365204653624781e-01 1.100000000000000000e+01 1.930000000000000000e+02 3.000000000000000000e+00
3.694978314194098390e-01 1.018868480570703561e+00 1.700000000000000000e+01 5.900000000000000000e+01 3.000000000000000000e+00
9.247849372853291783e-01 2.025435609376099677e+00 1.300000000000000000e+01 7.300000000000000000e+01 3.000000000000000000e+00
2.701343912547191639e-01 1.176372771674168982e+00 9.000000000000000000e+00 1.480000000000000000e+02 3.000000000000000000e+00
1.916213165889989883e-02 6.509505564257674903e-01 1.200000000000000000e+01 1.770000000000000000e+02 3.000000000000000000e+00
7.323924646738562139e-01 2.023676677652112676e+00 2.000000000000000000e+00 3.400000000000000000e+01 3.000000000000000000e+00
3.958887614482823336e-01 1.774480091606648602e-01 6.000000000000000000e+00 1.100000000000000000e+02 3.000000000000000000e+00
7.226186565946248752e-01 5.310256622228847201e-01 1.100000000000000000e+01 1.030000000000000000e+02 3.000000000000000000e+00
6.083548852834745890e-01 1.396959349143901408e+00 1.200000000000000000e+01 1.960000000000000000e+02 3.000000000000000000e+00
2.892091119168719304e-01 8.992096904287855130e-01 1.200000000000000000e+01 1.870000000000000000e+02 3.000000000000000000e+00
6.773637086494648241e-01 6.274633805527011221e-01 1.900000000000000000e+01 7.700000000000000000e+01 3.000000000000000000e+00
1.513272865591432925e-01 1.306935278516294208e+00 9.000000000000000000e+00 1.590000000000000000e+02 3.000000000000000000e+00
4.874436334772094259e-01 1.354410499530613043e-01 5.000000000000000000e+00 6.500000000000000000e+01 3.000000000000000000e+00
3.775833545815344694e-01 2.341822591923576058e-01 3.000000000000000000e+00 1.030000000000000000e+02 3.000000000000000000e+00
5.903003046286686706e-01 5.428782681170730706e-01 5.000000000000000000e+00 3.000000000000000000e+01 3.000000000000000000e+00
3.387965815971165640e-01 1.999174980191066098e+00 1.300000000000000000e+01 1.720000000000000000e+02 3.000000000000000000e+00
5.762996437348465867e-02 1.852265067511615682e+00 1.300000000000000000e+01 1.270000000000000000e+02 3.000000000000000000e+00
1.610357819958442294e-01 1.641625106864435635e+00 3.000000000000000000e+00 5.100000000000000000e+01 3.000000000000000000e+00
3.631242647531324197e-01 1.492401563148623156e+00 7.000000000000000000e+00 3.600000000000000000e+01 3.000000000000000000e+00
8.734273937903180851e-01 1.568212542223020867e+00 2.000000000000000000e+01 1.420000000000000000e+02 3.000000000000000000e+00
6.606818511223087054e-01 1.595595505491380184e+00 1.000000000000000000e+01 3.200000000000000000e+01 3.000000000000000000e+00
1.899855441704433323e-01 5.764774851595501071e-01 6.000000000000000000e+00 1.170000000000000000e+02 3.000000000000000000e+00
8.017797877913088733e-01 1.276847718616978655e+00 1.200000000000000000e+01 1.500000000000000000e+02 3.000000000000000000e+00
5.147303574505174284e-01 1.641896731676536714e+00 2.000000000000000000e+00 4.000000000000000000e+00 3.000000000000000000e+00
7.935576717404315694e-01 1.986004937740373455e+00 2.000000000000000000e+01 1.970000000000000000e+02 3.000000000000000000e+00
3.639251189882973803e-01 1.669887373794482821e+00 1.000000000000000000e+00 9.700000000000000000e+01 3.000000000000000000e+00
2.127831606310938151e-01 1.061782654474589249e-01 1.500000000000000000e+01 7.900000000000000000e+01 3.000000000000000000e+00
3.698843077666913448e-01 9.198537520525172928e-01 6.000000000000000000e+00 1.780000000000000000e+02 3.000000000000000000e+00
7.594915194042429762e-01 9.885884353722921292e-01 2.000000000000000000e+01 7.200000000000000000e+01 3.000000000000000000e+00
2.455273026124449309e-01 1.655805986145555408e+00 1.500000000000000000e+01 5.200000000000000000e+01 3.000000000000000000e+00
9.304576306061135282e-01 9.478088524933528936e-01 1.500000000000000000e+01 1.530000000000000000e+02 4.000000000000000000e+00
6.701248029389059724e-01 1.982900581324841260e+00 2.000000000000000000e+00 1.730000000000000000e+02 4.000000000000000000e+00
3.543126860100221931e-01 4.644342821983923342e-01 7.000000000000000000e+00 1.520000000000000000e+02 4.000000000000000000e+00
6.106219858465538053e-01 6.330840164543595217e-01 4.000000000000000000e+00 9.400000000000000000e+01 4.000000000000000000e+00
9.467722599610549628e-01 1.700381781352436450e+00 3.000000000000000000e+00 6.300000000000000000e+01 4.000000000000000000e+00
1.522099122266505900e-01 1.792199658866570067e+00 3.000000000000000000e+00 7.400000000000000000e+01 4.000000000000000000e+00
9.487675048919141929e-01 1.869463419695701845e+00 9.000000000000000000e+00 1.790000000000000000e+02 4.000000000000000000e+00
9.293058820299578970e-01 1.284080005111246647e+00 5.000000000000000000e+00 1.200000000000000000e+02 4.000000000000000000e+00
5.170766906211487351e-02 6.604801970429893254e-01 2.000000000000000000e+01 1.020000000000000000e+02 4.000000000000000000e+00
1.027445555452874831e-01 1.010682080771494240e+00 6.000000000000000000e+00 1.980000000000000000e+02 4.000000000000000000e+00
2.508096911814815949e-02 9.928107633276842536e-01 9.000000000000000000e+00 1.500000000000000000e+02 4.000000000000000000e+00
2.332269283731862597e-01 1.630569835282735580e+00 1.000000000000000000e+01 1.480000000000000000e+02 4.000000000000000000e+00
9.120308985006878588e-01 2.785150351209385589e-01 2.000000000000000000e+01 1.230000000000000000e+02 4.000000000000000000e+00
6.897104293640505812e-01 1.852606176232925561e+00 1.100000000000000000e+01 1.000000000000000000e+00 4.000000000000000000e+00
8.863665968594971467e-01 2.219608495130073467e-01 3.000000000000000000e+00 7.400000000000000000e+01 4.000000000000000000e+00
8.757956919927126771e-01 4.615101056431208937e-01 1.900000000000000000e+01 1.700000000000000000e+02 4.000000000000000000e+00
5.037006846530452941e-01 1.172499129908632254e+00 8.000000000000000000e+00 2.200000000000000000e+01 4.000000000000000000e+00
8.692757497074015127e-01 1.526907229531876686e-01 1.000000000000000000e+01 1.200000000000000000e+01 4.000000000000000000e+00
9.586944117231187557e-01 1.511975235246894922e+00 1.100000000000000000e+01 1.960000000000000000e+02 4.000000000000000000e+00
2.219491801283301341e-02 1.673150159155162742e+00 2.000000000000000000e+00 6.000000000000000000e+00 4.000000000000000000e+00
7.951954996978717327e-01 1.490202605897835708e+00 8.000000000000000000e+00 1.490000000000000000e+02 4.000000000000000000e+00
2.282528537047273653e-01 4.290647282892693370e-01 1.300000000000000000e+01 1.320000000000000000e+02 4.000000000000000000e+00
7.305117286836465551e-01 3.943506041612913071e-01 1.400000000000000000e+01 3.800000000000000000e+01 4.000000000000000000e+00
8.842338723228314323e-02 1.807069341642747018e+00 3.000000000000000000e+00 7.500000000000000000e+01 4.000000000000000000e+00
1.758841747823355339e-01 1.341036658352622979e+00 5.000000000000000000e+00 1.700000000000000000e+02 4.000000000000000000e+00
4.250060285921073433e-01 2.847618608565508636e-01 1.600000000000000000e+01 9.900000000000000000e+01 4.000000000000000000e+00
8.778886546053628059e-01 7.673423269980320649e-01 8.000000000000000000e+00 1.190000000000000000e+02 4.000000000000000000e+00
4.555540903006415343e-01 1.132723874395951569e+00 3.000000000000000000e+00 6.000000000000000000e+01 4.000000000000000000e+00
7.563667524055951441e-01 1.587193745814883483e+00 4.000000000000000000e+00 7.800000000000000000e+01 4.000000000000000000e+00
7.647751003361323852e-01 1.789700268784797599e+00 1.000000000000000000e+01 4.000000000000000000e+00 4.000000000000000000e+00
1.181899555455322680e-02 1.707994789425920645e+00 1.500000000000000000e+01 2.700000000000000000e+01 4.000000000000000000e+00
1.231834151648457526e-01 1.747754936333272946e+00 1.700000000000000000e+01 7.000000000000000000e+01 4.000000000000000000e+00
9.543596619369043577e-01 1.680498170057073803e+00 7.000000000000000000e+00 9.400000000000000000e+01 4.000000000000000000e+00
3.810335897665823035e-01 1.651728763644361386e+00 1.000000000000000000e+00 8.100000000000000000e+01 4.000000000000000000e+00
7.365565184634337292e-01 9.024493335068534128e-01 1.300000000000000000e+01 1.660000000000000000e+02 4.000000000000000000e+00
9.065246606278497543e-01 3.528308812433348374e-01 1.400000000000000000e+01 1.750000000000000000e+02 4.000000000000000000e+00
1.007563575903409614e+00 1.166491985789712249e+00 9.000000000000000000e+00 2.500000000000000000e+01 4.000000000000000000e+00
7.288145616090330181e-01 1.261953390608075321e+00 2.000000000000000000e+01 2.000000000000000000e+02 4.000000000000000000e+00
5.217645340396787068e-01 1.985218934535673219e+00 1.500000000000000000e+01 1.130000000000000000e+02 4.000000000000000000e+00
8.930719336322708868e-01 1.562952530673891172e+00 1.300000000000000000e+01 8.300000000000000000e+01 4.000000000000000000e+00
7.097047147202748540e-01 1.039776775530228070e+00 3.000000000000000000e+00 1.270000000000000000e+02 4.000000000000000000e+00
5.438500557667457630e-02 1.960350443501054640e-01 1.900000000000000000e+01 6.700000000000000000e+01 4.000000000000000000e+00
6.449377328459281189e-02 1.835807925315599665e+00 1.700000000000000000e+01 3.100000000000000000e+01 4.000000000000000000e+00
5.774952023384769539e-01 1.705055923653556738e+00 1.000000000000000000e+00 1.850000000000000000e+02 4.000000000000000000e+00
1.452538119250822678e-02 1.547890518028522955e+00 6.000000000000000000e+00 1.810000000000000000e+02 4.000000000000000000e+00
9.652592429806303720e-01 1.840326376862068569e+00 1.800000000000000000e+01 1.610000000000000000e+02 4.000000000000000000e+00
7.882787241792698074e-01 1.155335173149476535e+00 9.000000000000000000e+00 2.300000000000000000e+01 4.000000000000000000e+00
2.815468064457770092e-01 7.335962812190496285e-01 9.000000000000000000e+00 5.300000000000000000e+01 4.000000000000000000e+00
3.075481555065191497e-01 2.031211218737593693e+00 6.000000000000000000e+00 1.330000000000000000e+02 4.000000000000000000e+00
3.710957345827451404e-01 1.043396235781133941e+00 1.700000000000000000e+01 2.500000000000000000e+01 4.000000000000000000e+00
