3.304081443491174719e-01 1.793196184682714023e+00 8.000000000000000000e+00 4.400000000000000000e+01 0.000000000000000000e+00
1.901037389485167317e-01 1.055684588624387521e+00 8.000000000000000000e+00 5.900000000000000000e+01 0.000000000000000000e+00
5.195013089770529335e-01 1.128858272089155568e+00 8.000000000000000000e+00 1.460000000000000000e+02 0.000000000000000000e+00
3.114690286415410236e-01 1.345172805507502511e+00 1.500000000000000000e+01 1.590000000000000000e+02 0.000000000000000000e+00
3.640576517469769069e-01 1.238738095563752584e+00 9.000000000000000000e+00 1.300000000000000000e+02 0.000000000000000000e+00
2.947375571607168537e-02 1.814671494041598665e+00 1.700000000000000000e+01 1.000000000000000000e+01 0.000000000000000000e+00
4.692306938541219719e-01 6.863532144960050596e-01 4.000000000000000000e+00 7.800000000000000000e+01 0.000000000000000000e+00
5.690064701157099281e-01 7.050260976092633802e-01 1.100000000000000000e+01 5.500000000000000000e+01 0.000000000000000000e+00
9.721855126749039400e-01 7.634549258855330978e-01 1.900000000000000000e+01 9.000000000000000000e+00 0.000000000000000000e+00
9.568757111312430341e-01 1.178440749540836663e+00 1.400000000000000000e+01 1.740000000000000000e+02 0.000000000000000000e+00
2.913725637285176084e-01 1.727012472684073874e+00 2.000000000000000000e+01 1.780000000000000000e+02 0.000000000000000000e+00
8.796227794231237240e-01 4.330310560142039966e-01 1.900000000000000000e+01 1.830000000000000000e+02 0.000000000000000000e+00
9.535940228422781217e-01 1.178933485768927536e+00 4.000000000000000000e+00 2.700000000000000000e+01 0.000000000000000000e+00
4.781610810014013113e-01 1.579353575108297658e+00 5.000000000000000000e+00 1.140000000000000000e+02 0.000000000000000000e+00
7.182030971923470952e-01 1.204726077172786347e+00 1.000000000000000000e+01 1.370000000000000000e+02 0.000000000000000000e+00
4.611357144659799373e-02 1.397133404444760085e+00 2.000000000000000000e+01 1.390000000000000000e+02 0.000000000000000000e+00
2.379303530685830115e-01 1.924561383357861422e+00 9.000000000000000000e+00 4.500000000000000000e+01 0.000000000000000000e+00
7.230494588651000809e-01 1.502797838487633930e+00 3.000000000000000000e+00 1.950000000000000000e+02 0.000000000000000000e+00
6.516917079850371719e-01 2.516351078011572762e-01 3.000000000000000000e+00 1.900000000000000000e+01 0.000000000000000000e+00
7.403946983196778575e-01 3.496943201112766575e-01 5.000000000000000000e+00 7.000000000000000000e+01 0.000000000000000000e+00
5.833034693899413758e-01 1.421371440719149559e+00 4.000000000000000000e+00 9.800000000000000000e+01 0.000000000000000000e+00
6.282073298103938441e-01 1.436285317834502751e+00 3.000000000000000000e+00 8.800000000000000000e+01 0.000000000000000000e+00
2.662693382698980704e-01 8.864211200480206498e-01 9.000000000000000000e+00 4.000000000000000000e+00 0.000000000000000000e+00
9.916542720493360941e-01 1.707337358948612049e+00 6.000000000000000000e+00 1.060000000000000000e+02 0.000000000000000000e+00
9.128706151541430280e-01 1.917965457447465383e+00 1.800000000000000000e+01 1.210000000000000000e+02 0.000000000000000000e+00
1.513210094759754876e-01 8.605647634718059935e-01 2.000000000000000000e+01 1.400000000000000000e+01 0.000000000000000000e+00
7.345230594671737778e-01 2.748304101114952269e-01 1.600000000000000000e+01 1.430000000000000000e+02 0.000000000000000000e+00
2.242140614077431371e-01 1.767392505372788192e-01 3.000000000000000000e+00 1.140000000000000000e+02 0.000000000000000000e+00
5.992084850548534680e-01 1.471388908485120606e+00 6.000000000000000000e+00 1.930000000000000000e+02 0.000000000000000000e+00
8.512125860565780133e-01 1.457156319132814737e+00 9.000000000000000000e+00 1.760000000000000000e+02 0.000000000000000000e+00
7.548161432544431282e-01 6.164475392687743804e-01 1.500000000000000000e+01 5.800000000000000000e+01 0.000000000000000000e+00
6.920839795518692883e-01 1.807218993126431306e+00 1.900000000000000000e+01 1.420000000000000000e+02 0.000000000000000000e+00
4.815928087212867359e-01 4.672987980860369150e-01 1.000000000000000000e+00 1.650000000000000000e+02 0.000000000000000000e+00
8.174846961507091780e-01 1.637016775538132907e-01 1.600000000000000000e+01 1.270000000000000000e+02 0.000000000000000000e+00
9.496445040377726743e-01 1.698385922624612521e+00 1.700000000000000000e+01 9.400000000000000000e+01 0.000000000000000000e+00
1.117183753076663594e-01 9.420737638239499168e-01 1.000000000000000000e+00 1.360000000000000000e+02 0.000000000000000000e+00
2.366375199154593378e-01 4.510338892770674457e-01 1.000000000000000000e+00 6.200000000000000000e+01 0.000000000000000000e+00
2.668418274483148611e-01 1.688055610276066210e+00 1.700000000000000000e+01 1.900000000000000000e+02 0.000000000000000000e+00
7.268329893643671324e-01 1.325063845198141355e+00 3.000000000000000000e+00 1.450000000000000000e+02 0.000000000000000000e+00
8.400126945869474948e-01 5.100559272449202153e-01 1.100000000000000000e+01 3.400000000000000000e+01 0.000000000000000000e+00
4.335376670986923475e-01 1.635364299636319130e+00 1.700000000000000000e+01 1.770000000000000000e+02 0.000000000000000000e+00
5.096079776359305757e-01 4.349480715156103239e-01 1.600000000000000000e+01 1.720000000000000000e+02 0.000000000000000000e+00
1.548197669997285718e-02 1.642656713385191702e+00 6.000000000000000000e+00 1.550000000000000000e+02 0.000000000000000000e+00
8.165840702185529487e-01 7.275229452836905475e-01 1.600000000000000000e+01 8.200000000000000000e+01 0.000000000000000000e+00
4.148250194047505834e-01 1.735950254502341084e+00 1.700000000000000000e+01 3.400000000000000000e+01 0.000000000000000000e+00
8.067650493280233981e-01 1.800893590141358303e+00 1.900000000000000000e+01 4.800000000000000000e+01 0.000000000000000000e+00
2.542009036473412698e-01 1.357576071149981134e+00 1.700000000000000000e+01 7.300000000000000000e+01 0.000000000000000000e+00
7.147283652009931432e-01 2.547963769757602970e-01 5.000000000000000000e+00 3.100000000000000000e+01 0.000000000000000000e+00
4.174421199311117991e-01 1.547545546283730866e+00 1.400000000000000000e+01 3.800000000000000000e+01 0.000000000000000000e+00
1.001192382001315329e+00 1.789718570219611449e+00 8.000000000000000000e+00 2.100000000000000000e+01 0.000000000000000000e+00
6.671275465598095478e-01 1.691329911736487501e+00 1.800000000000000000e+01 1.960000000000000000e+02 1.000000000000000000e+00
2.933670957463263562e-01 2.003489369009515464e+00 1.000000000000000000e+01 5.600000000000000000e+01 1.000000000000000000e+00
4.897374858350987958e-01 1.211832142706859017e+00 6.000000000000000000e+00 9.500000000000000000e+01 1.000000000000000000e+00
7.730632289296657245e-01 1.656500379856938432e+00 5.000000000000000000e+00 1.120000000000000000e+02 1.000000000000000000e+00
6.655231668423027269e-01 8.588594645915837988e-01 1.300000000000000000e+01 1.460000000000000000e+02 1.000000000000000000e+00
3.653779424816109289e-01 1.272931266427176633e-01 8.000000000000000000e+00 2.400000000000000000e+01 1.000000000000000000e+00
3.788986443155843986e-01 1.624973406843957857e+00 1.800000000000000000e+01 9.700000000000000000e+01 1.000000000000000000e+00
2.083474448759268238e-01 1.095326581026538459e+00 2.000000000000000000e+00 1.450000000000000000e+02 1.000000000000000000e+00
9.888431685671301707e-01 6.561000281729260086e-01 1.000000000000000000e+00 1.070000000000000000e+02 1.000000000000000000e+00
4.733149673847392158e-01 9.711202058140641080e-01 1.800000000000000000e+01 1.520000000000000000e+02 1.000000000000000000e+00
7.720377136452513112e-01 2.023792584508374015e-01 1.500000000000000000e+01 4.900000000000000000e+01 1.000000000000000000e+00
2.385758963020458978e-01 1.308487676311105963e+00 3.000000000000000000e+00 2.000000000000000000e+01 1.000000000000000000e+00
3.805582454713302143e-01 1.247683900556899372e+00 8.000000000000000000e+00 3.100000000000000000e+01 1.000000000000000000e+00
1.178723709787939805e-01 1.912939610786622113e+00 2.000000000000000000e+00 2.600000000000000000e+01 1.000000000000000000e+00
8.808678032389863910e-01 9.465817180338244041e-01 5.000000000000000000e+00 6.600000000000000000e+01 1.000000000000000000e+00
1.000418725129520015e+00 4.133850125553580890e-01 1.700000000000000000e+01 1.290000000000000000e+02 1.000000000000000000e+00
6.129411978123527893e-01 1.683854830763092059e+00 1.900000000000000000e+01 4.500000000000000000e+01 1.000000000000000000e+00
4.182608770217963734e-01 1.119891187571235014e-01 1.700000000000000000e+01 4.000000000000000000e+01 1.000000000000000000e+00
5.147047794912532614e-01 1.193420125072305327e+00 1.400000000000000000e+01 8.300000000000000000e+01 1.000000000000000000e+00
6.697521253387329621e-01 1.511081886660953499e-01 5.000000000000000000e+00 8.700000000000000000e+01 1.000000000000000000e+00
7.989230436443655048e-01 3.295331127257602466e-01 7.000000000000000000e+00 1.730000000000000000e+02 1.000000000000000000e+00
8.434429654387868291e-01 5.954614040972833200e-01 1.500000000000000000e+01 1.090000000000000000e+02 1.000000000000000000e+00
5.945364430842040582e-01 8.947538283263171133e-01 1.600000000000000000e+01 2.500000000000000000e+01 1.000000000000000000e+00
5.591695682981348003e-01 4.040165371427447694e-01 1.100000000000000000e+01 6.200000000000000000e+01 1.000000000000000000e+00
7.722298084222479764e-01 8.133758141912031947e-01 1.900000000000000000e+01 1.950000000000000000e+02 1.000000000000000000e+00
7.533353262294776309e-01 1.502862930051027446e+00 1.900000000000000000e+01 1.700000000000000000e+01 1.000000000000000000e+00
2.697760805782248861e-01 1.636893734681396317e+00 1.400000000000000000e+01 9.800000000000000000e+01 1.000000000000000000e+00
8.682790928133463648e-01 4.885331322278111399e-01 5.000000000000000000e+00 5.000000000000000000e+01 1.000000000000000000e+00
4.369194679990114905e-01 1.324362751413800110e+00 9.000000000000000000e+00 1.310000000000000000e+02 1.000000000000000000e+00
9.498005642080462607e-01 2.001174565359676638e+00 1.000000000000000000e+01 8.600000000000000000e+01 1.000000000000000000e+00
4.057885624711364825e-01 1.836942140056125050e-01 4.000000000000000000e+00 1.000000000000000000e+00 1.000000000000000000e+00
5.510517194058152102e-01 1.825948753934656388e+00 6.000000000000000000e+00 1.900000000000000000e+02 1.000000000000000000e+00
2.016273820724872046e-01 5.805721587124198502e-01 9.000000000000000000e+00 1.430000000000000000e+02 1.000000000000000000e+00
1.567557592145003564e-01 1.677578547206241000e+00 1.000000000000000000e+00 1.350000000000000000e+02 1.000000000000000000e+00
1.505295730784993700e-02 5.575172192969289897e-01 5.000000000000000000e+00 9.000000000000000000e+01 1.000000000000000000e+00
3.729854247086110686e-01 1.409201568924867365e+00 6.000000000000000000e+00 1.450000000000000000e+02 1.000000000000000000e+00
4.409636319115854963e-01 1.583704261947121106e+00 1.700000000000000000e+01 1.620000000000000000e+02 1.000000000000000000e+00
8.351920575035759464e-01 1.389012343938426097e+00 1.000000000000000000e+01 1.360000000000000000e+02 1.000000000000000000e+00
6.347528831040256669e-01 2.588065603709758244e-01 1.000000000000000000e+01 3.200000000000000000e+01 1.000000000000000000e+00
2.718034826342788923e-01 1.108020521095760325e+00 2.000000000000000000e+00 2.300000000000000000e+01 1.000000000000000000e+00
1.582375653100769330e-01 6.720316352518066472e-01 1.200000000000000000e+01 1.910000000000000000e+02 1.000000000000000000e+00
1.598676416134620082e-01 1.077907135959760954e+00 1.800000000000000000e+01 3.900000000000000000e+01 1.000000000000000000e+00
6.001103291805224282e-01 1.537584472168303407e+00 2.000000000000000000e+00 1.610000000000000000e+02 1.000000000000000000e+00
8.294808119300193239e-01 1.767694172148478682e+00 1.200000000000000000e+01 1.670000000000000000e+02 1.000000000000000000e+00
6.175083325152609381e-01 1.919878990946221498e+00 1.500000000000000000e+01 1.240000000000000000e+02 1.000000000000000000e+00
7.445980936556769736e-01 9.385815235537066092e-01 1.500000000000000000e+01 1.640000000000000000e+02 1.000000000000000000e+00
1.432376361221181504e-01 6.506618594678025280e-01 2.000000000000000000e+01 2.400000000000000000e+01 1.000000000000000000e+00
3.831104799934783589e-01 9.974013466910599535e-01 3.000000000000000000e+00 8.100000000000000000e+01 1.000000000000000000e+00
4.855299402526515040e-01 1.448751334205096164e+00 1.600000000000000000e+01 1.880000000000000000e+02 1.000000000000000000e+00
9.326978144312008112e-01 1.454947510758567208e+00 6.000000000000000000e+00 1.600000000000000000e+02 1.000000000000000000e+00
6.497594298963499382e-01 2.194919160665941560e-01 3.000000000000000000e+00 3.300000000000000000e+01 2.000000000000000000e+00
6.635894608792368421e-02 1.223469058405061149e+00 1.200000000000000000e+01 5.500000000000000000e+01 2.000000000000000000e+00
9.321714572949240107e-01 1.964233202949151158e+00 1.000000000000000000e+00 9.000000000000000000e+00 2.000000000000000000e+00
9.614578336785086776e-01 7.258376317263753874e-01 1.200000000000000000e+01 1.610000000000000000e+02 2.000000000000000000e+00
6.027748873192478873e-01 1.211136117448517346e+00 1.300000000000000000e+01 1.050000000000000000e+02 2.000000000000000000e+00
2.180573684558930747e-01 2.077849468772952513e+00 1.200000000000000000e+01 1.690000000000000000e+02 2.000000000000000000e+00
3.149717354995493768e-01 1.928682966155545186e-01 9.000000000000000000e+00 1.490000000000000000e+02 2.000000000000000000e+00
1.227940748539728538e-01 1.548482926841238561e+00 1.600000000000000000e+01 7.800000000000000000e+01 2.000000000000000000e+00
7.859542290893046790e-01 1.725542148871976433e+00 1.200000000000000000e+01 1.120000000000000000e+02 2.000000000000000000e+00
3.622475551448955944e-01 1.607611144733044783e+00 1.500000000000000000e+01 4.800000000000000000e+01 2.000000000000000000e+00
3.559312141951861408e-01 1.982761100387100406e+00 1.100000000000000000e+01 5.000000000000000000e+00 2.000000000000000000e+00
2.745213067042826527e-01 1.432161147058445216e+00 5.000000000000000000e+00 3.000000000000000000e+01 2.000000000000000000e+00
2.389157543219022628e-01 8.408001633340661529e-01 6.000000000000000000e+00 1.090000000000000000e+02 2.000000000000000000e+00
7.763283590106947463e-01 2.815365737459184503e-01 1.600000000000000000e+01 7.200000000000000000e+01 2.000000000000000000e+00
9.276157340149250308e-01 1.307720423699396006e+00 7.000000000000000000e+00 4.500000000000000000e+01 2.000000000000000000e+00
4.412431771793093871e-01 1.287411271765642296e+00 1.900000000000000000e+01 8.100000000000000000e+01 2.000000000000000000e+00
4.106041748761160015e-01 6.288483442430413684e-01 1.800000000000000000e+01 9.000000000000000000e+00 2.000000000000000000e+00
4.919781391196107467e-01 1.179573357026427738e+00 1.300000000000000000e+01 3.100000000000000000e+01 2.000000000000000000e+00
2.536042749906536331e-01 1.517101407264991098e+00 6.000000000000000000e+00 1.190000000000000000e+02 2.000000000000000000e+00
8.487421189897880192e-01 6.649850067632608885e-01 4.000000000000000000e+00 1.440000000000000000e+02 2.000000000000000000e+00
8.387325335066964094e-01 1.456477003679088167e+00 4.000000000000000000e+00 1.620000000000000000e+02 2.000000000000000000e+00
9.010162995970445454e-01 1.790789291115972848e+00 2.000000000000000000e+00 1.060000000000000000e+02 2.000000000000000000e+00
5.568698516528322040e-01 1.026543866224919610e-01 2.000000000000000000e+00 9.600000000000000000e+01 2.000000000000000000e+00
7.765456608623992896e-01 1.921306958371432172e+00 2.000000000000000000e+01 1.750000000000000000e+02 2.000000000000000000e+00
2.225915750348549799e-02 1.059084521719623639e+00 7.000000000000000000e+00 4.700000000000000000e+01 2.000000000000000000e+00
3.902417056263042250e-01 7.544706659878367416e-01 1.000000000000000000e+00 1.600000000000000000e+01 2.000000000000000000e+00
7.222301337001157950e-01 1.345921458893948541e+00 1.500000000000000000e+01 5.600000000000000000e+01 2.000000000000000000e+00
9.055589225946663046e-01 1.416355349430221233e+00 9.000000000000000000e+00 7.600000000000000000e+01 2.000000000000000000e+00
3.925862894597315078e-01 1.765844279855560250e+00 1.900000000000000000e+01 1.570000000000000000e+02 2.000000000000000000e+00
4.326583986589500608e-01 1.041966619162022933e+00 5.000000000000000000e+00 7.300000000000000000e+01 2.000000000000000000e+00
2.431647610139845428e-01 2.904803947604700509e-01 3.000000000000000000e+00 1.120000000000000000e+02 2.000000000000000000e+00
2.472114412910696446e-01 2.707359799645779885e-01 2.000000000000000000e+01 4.800000000000000000e+01 2.000000000000000000e+00
8.724262350740817906e-01 1.701305042378777221e+00 1.400000000000000000e+01 3.700000000000000000e+01 2.000000000000000000e+00
9.226493899808346777e-01 2.007711972430720859e+00 1.900000000000000000e+01 1.300000000000000000e+02 2.000000000000000000e+00
3.490283904620204991e-01 1.806240567600777336e+00 2.000000000000000000e+01 1.930000000000000000e+02 2.000000000000000000e+00
4.835938439585408810e-01 1.032448312162649984e+00 1.300000000000000000e+01 1.880000000000000000e+02 2.000000000000000000e+00
4.942170325575427903e-01 1.277411741257730604e+00 7.000000000000000000e+00 1.320000000000000000e+02 2.000000000000000000e+00
8.643890911071249183e-01 3.863343770360828655e-01 1.400000000000000000e+01 1.020000000000000000e+02 2.000000000000000000e+00
5.350554223920315211e-01 1.818953504630526519e+00 9.000000000000000000e+00 1.120000000000000000e+02 2.000000000000000000e+00
7.138296165927774384e-01 1.192009088418594986e+00 1.600000000000000000e+01 3.100000000000000000e+01 2.000000000000000000e+00
3.544790728252797951e-01 1.834008217483266812e+00 1.500000000000000000e+01 1.930000000000000000e+02 2.000000000000000000e+00
3.459478314848462022e-01 1.105240922165279027e+00 1.700000000000000000e+01 1.190000000000000000e+02 2.000000000000000000e+00
6.730741145391196945e-01 1.104859688319724143e+00 2.000000000000000000e+01 6.200000000000000000e+01 2.000000000000000000e+00
6.334389989564747081e-01 9.769097758034591683e-01 7.000000000000000000e+00 1.500000000000000000e+02 2.000000000000000000e+00
3.508969444054532011e-02 1.455788919416229676e+00 5.000000000000000000e+00 5.500000000000000000e+01 2.000000000000000000e+00
2.799430891128392718e-01 8.301024035229563891e-01 5.000000000000000000e+00 1.600000000000000000e+02 2.000000000000000000e+00
9.698819572460753990e-01 8.905196732860564124e-01 1.400000000000000000e+01 1.200000000000000000e+01 2.000000000000000000e+00
6.562768042344732100e-01 2.020491056354762449e+00 7.000000000000000000e+00 1.110000000000000000e+02 2.000000000000000000e+00
1.911746531926438175e-01 1.154802460995401958e+00 9.000000000000000000e+00 1.100000000000000000e+02 2.000000000000000000e+00
8.548057451752740787e-01 1.950600866603226624e+00 1.600000000000000000e+01 1.910000000000000000e+02 2.000000000000000000e+00
8.973608779423579429e-02 3.548475843718602585e-01 1.400000000000000000e+01 7.600000000000000000e+01 3.000000000000000000e+00
7.921978512303144981e-01 7.464936777677259050e-01 1.400000000000000000e+01 1.940000000000000000e+02 3.000000000000000000e+00
5.602122743421097395e-01 1.926618211283268822e+00 1.400000000000000000e+01 7.600000000000000000e+01 3.000000000000000000e+00
3.930302879743406974e-01 5.224860589870697902e-01 1.000000000000000000e+00 1.610000000000000000e+02 3.000000000000000000e+00
6.198856816486041366e-01 3.043729358101893157e-01 1.300000000000000000e+01 1.450000000000000000e+02 3.000000000000000000e+00
4.592800658023786786e-01 2.035483070639076519e+00 1.800000000000000000e+01 1.420000000000000000e+02 3.000000000000000000e+00
8.773112101484091818e-01 6.187064669684870788e-01 1.000000000000000000e+00 1.800000000000000000e+01 3.000000000000000000e+00
8.245305436675962607e-01 3.052478047670542649e-01 1.000000000000000000e+00 5.000000000000000000e+00 3.000000000000000000e+00
5.684689210808130388e-01 1.982476489817941223e+00 1.000000000000000000e+00 1.560000000000000000e+02 3.000000000000000000e+00
4.922960382967307424e-01 8.487885204689554763e-01 2.000000000000000000e+01 3.300000000000000000e+01 3.000000000000000000e+00
2.163510461516625627e-01 4.785958515200213759e-01 1.000000000000000000e+01 6.500000000000000000e+01 3.000000000000000000e+00
9.958782985682970157e-01 1.124278074443011421e+00 1.400000000000000000e+01 1.110000000000000000e+02 3.000000000000000000e+00
1.008719698337930820e-01 4.599492093589042652e-01 1.600000000000000000e+01 1.330000000000000000e+02 3.000000000000000000e+00
3.551869892867312029e-01 1.826851241911954693e+00 3.000000000000000000e+00 3.900000000000000000e+01 3.000000000000000000e+00
4.353089151257982792e-01 7.904312655762667505e-01 9.000000000000000000e+00 1.450000000000000000e+02 3.000000000000000000e+00
9.013547857975013899e-01 1.559652473099631953e+00 1.500000000000000000e+01 6.700000000000000000e+01 3.000000000000000000e+00
7.722440387742415258e-01 1.971333512074237237e+00 1.400000000000000000e+01 1.430000000000000000e+02 3.000000000000000000e+00
4.381772114645620109e-01 4.000723132465365817e-01 1.500000000000000000e+01 1.450000000000000000e+02 3.000000000000000000e+00
8.260872696152428141e-01 1.152853382769962076e+00 1.300000000000000000e+01 1.420000000000000000e+02 3.000000000000000000e+00
1.579646454869272354e-01 1.748750015325939433e+00 2.000000000000000000e+00 6.000000000000000000e+01 3.000000000000000000e+00
2.141589418048361892e-01 6.414073608851672548e-01 1.900000000000000000e+01 9.700000000000000000e+01 3.000000000000000000e+00
8.940756781026442113e-01 6.668648198872842991e-01 1.100000000000000000e+01 6.700000000000000000e+01 3.000000000000000000e+00
8.035262130045811579e-01 1.989472007266585296e-01 1.400000000000000000e+01 1.730000000000000000e+02 3.000000000000000000e+00
3.829340301062239549e-01 1.635629645289284007e+00 1.700000000000000000e+01 1.660000000000000000e+02 3.000000000000000000e+00
5.735707653589710020e-01 1.591886067054540943e+00 1.000000000000000000e+00 7.800000000000000000e+01 3.000000000000000000e+00
6.838798900734709418e-01 2.090640180675475523e+00 6.000000000000000000e+00 4.200000000000000000e+01 3.000000000000000000e+00
2.746906397623781748e-01 1.285970286730927781e-01 1.400000000000000000e+01 3.700000000000000000e+01 3.000000000000000000e+00
5.922849384399061501e-01 2.435632653702039241e-01 5.000000000000000000e+00 9.200000000000000000e+01 3.000000000000000000e+00
5.444783618628329380e-01 1.569848387086848929e+00 1.200000000000000000e+01 5.600000000000000000e+01 3.000000000000000000e+00
2.060498219295242572e-01 7.807568307242042094e-01 1.600000000000000000e+01 1.530000000000000000e+02 3.000000000000000000e+00
2.799452888060355304e-01 1.121717564557690894e+00 7.000000000000000000e+00 4.100000000000000000e+01 3.000000000000000000e+00
4.153726704753391008e-01 7.236117670964504756e-01 1.000000000000000000e+01 5.600000000000000000e+01 3.000000000000000000e+00
2.522931367642502476e-01 2.017139626561934573e+00 7.000000000000000000e+00 1.300000000000000000e+01 3.000000000000000000e+00
4.277943753290484041e-01 6.023234312898565479e-01 1.900000000000000000e+01 6.500000000000000000e+01 3.000000000000000000e+00
2.236272404907812400e-02 1.351128476596455075e+00 1.900000000000000000e+01 2.800000000000000000e+01 3.000000000000000000e+00
4.936000820489854224e-01 6.775149768325515742e-01 1.600000000000000000e+01 3.900000000000000000e+01 3.000000000000000000e+00
7.491669961771945108e-01 1.944189761183622522e+00 4.000000000000000000e+00 8.000000000000000000e+00 3.000000000000000000e+00
4.939974269675921903e-01 1.285928372212602699e+00 2.000000000000000000e+01 1.850000000000000000e+02 3.000000000000000000e+00
7.083463971015959704e-01 1.228361812814866560e+00 7.000000000000000000e+00 5.700000000000000000e+01 3.000000000000000000e+00
6.471636343897209098e-01 5.985485934667359453e-01 2.000000000000000000e+01 1.740000000000000000e+02 3.000000000000000000e+00
4.530796168647203137e-01 1.625762880304452596e+00 1.400000000000000000e+01 1.250000000000000000e+02 3.000000000000000000e+00
1.003350381469817920e+00 1.779346848541615733e+00 1.300000000000000000e+01 9.900000000000000000e+01 3.000000000000000000e+00
4.121024419631741376e-01 9.944677264929996374e-01 1.000000000000000000e+01 1.300000000000000000e+02 3.000000000000000000e+00
6.772681296498245240e-01 6.064108947362943924e-01 8.000000000000000000e+00 1.850000000000000000e+02 3.000000000000000000e+00
2.072462516254535148e-01 6.780922235065790504e-01 1.600000000000000000e+01 1.580000000000000000e+02 3.000000000000000000e+00
4.847138231132744890e-01 1.882020195737248436e+00 9.000000000000000000e+00 4.800000000000000000e+01 3.000000000000000000e+00
9.640889434196344698e-01 4.016665839863143850e-01 3.000000000000000000e+00 1.590000000000000000e+02 3.000000000000000000e+00
5.383532288983426950e-01 6.218733499034204693e-01 2.000000000000000000e+00 3.300000000000000000e+01 3.000000000000000000e+00
2.758650356303309348e-01 1.232569028010436496e-01 6.000000000000000000e+00 5.400000000000000000e+01 3.000000000000000000e+00
8.955652403790649307e-01 1.403183055506103338e+00 1.900000000000000000e+01 7.000000000000000000e+00 3.000000000000000000e+00
9.491423907473681698e-01 1.744116492696285325e+00 1.100000000000000000e+01 2.300000000000000000e+01 4.000000000000000000e+00
2.733888932554812135e-01 9.123174066322966569e-01 1.000000000000000000e+00 8.000000000000000000e+01 4.000000000000000000e+00
5.658824348262548876e-01 1.905507986576000068e+00 1.400000000000000000e+01 9.900000000000000000e+01 4.000000000000000000e+00
3.989965149856505855e-01 4.919986413580789142e-01 1.400000000000000000e+01 1.120000000000000000e+02 4.000000000000000000e+00
1.804036597704805622e-01 2.045342341639019568e-01 9.000000000000000000e+00 1.150000000000000000e+02 4.000000000000000000e+00
3.449517999145467195e-01 1.785254005253185561e+00 2.000000000000000000e+00 7.900000000000000000e+01 4.000000000000000000e+00
3.718301354467606901e-01 9.992755391803241904e-01 7.000000000000000000e+00 1.860000000000000000e+02 4.000000000000000000e+00
2.308242177813618623e-01 1.075440090258737325e+00 1.000000000000000000e+01 2.200000000000000000e+01 4.000000000000000000e+00
2.615684442622173700e-01 1.473000554900104841e+00 1.500000000000000000e+01 1.140000000000000000e+02 4.000000000000000000e+00
6.207749200831611525e-01 1.665837614378689047e+00 1.400000000000000000e+01 1.700000000000000000e+01 4.000000000000000000e+00
1.004622543751712449e+00 1.550958599983482067e+00 1.700000000000000000e+01 9.300000000000000000e+01 4.000000000000000000e+00
4.962986481529686467e-01 1.062198871539244305e+00 1.700000000000000000e+01 9.300000000000000000e+01 4.000000000000000000e+00
7.778337688931112603e-02 1.227629379192769932e+00 1.900000000000000000e+01 5.000000000000000000e+00 4.000000000000000000e+00
7.440520514256752094e-01 1.040891869084016319e+00 1.200000000000000000e+01 1.600000000000000000e+01 4.000000000000000000e+00
4.466817769607256405e-01 7.173166038138213407e-01 3.000000000000000000e+00 1.460000000000000000e+02 4.000000000000000000e+00
1.708311316524160350e-01 1.607246065893714881e+00 1.300000000000000000e+01 3.000000000000000000e+00 4.000000000000000000e+00
1.987489281043763878e-01 1.301286321668921053e-01 1.400000000000000000e+01 1.710000000000000000e+02 4.000000000000000000e+00
9.160204308042031451e-01 1.658050645423879699e+00 1.200000000000000000e+01 5.000000000000000000e+00 4.000000000000000000e+00
1.471300826820038932e-01 1.275157127349001718e-01 4.000000000000000000e+00 4.400000000000000000e+01 4.000000000000000000e+00
4.035924918388776872e-01 1.538357707963713628e+00 1.900000000000000000e+01 1.430000000000000000e+02 4.000000000000000000e+00
4.362819553350012480e-01 2.055829421935117196e+00 3.000000000000000000e+00 6.000000000000000000e+00 4.000000000000000000e+00
8.395703675830112900e-01 1.185242999809879905e+00 1.000000000000000000e+01 1.710000000000000000e+02 4.000000000000000000e+00
9.511516247149240932e-01 7.958827193139762501e-01 1.600000000000000000e+01 8.600000000000000000e+01 4.000000000000000000e+00
4.341137687469825979e-01 1.176289955478021787e-01 1.300000000000000000e+01 1.690000000000000000e+02 4.000000000000000000e+00
2.882160325446819771e-01 1.185331695102548100e+00 1.900000000000000000e+01 1.080000000000000000e+02 4.000000000000000000e+00
4.137155050224401442e-01 1.032688671187531160e+00 2.000000000000000000e+00 6.000000000000000000e+00 4.000000000000000000e+00
8.683871619844516498e-01 7.530978458018185995e-01 2.000000000000000000e+01 8.500000000000000000e+01 4.000000000000000000e+00
6.217468293903471999e-01 1.497938813785084422e+00 1.100000000000000000e+01 1.730000000000000000e+02 4.000000000000000000e+00
9.212864674548956190e-01 7.476863170816957505e-01 5.000000000000000000e+00 1.000000000000000000e+01 4.000000000000000000e+00
3.406574724727644554e-01 4.508436423874032650e-01 1.000000000000000000e+01 3.400000000000000000e+01 4.000000000000000000e+00
8.756228797591960600e-01 6.486687462452321862e-01 9.000000000000000000e+00 1.400000000000000000e+02 4.000000000000000000e+00
5.645106934308958824e-01 2.992717384049133900e-01 2.000000000000000000e+00 1.260000000000000000e+02 4.000000000000000000e+00
7.052186372210433873e-01 6.134511966636032598e-01 1.800000000000000000e+01 4.700000000000000000e+01 4.000000000000000000e+00
8.894100064755646740e-01 5.344671501772694233e-01 8.000000000000000000e+00 1.270000000000000000e+02 4.000000000000000000e+00
3.960311025157025461e-02 1.176479821520800328e+00 4.000000000000000000e+00 9.300000000000000000e+01 4.000000000000000000e+00
9.518883153425476973e-01 9.097503275359745123e-01 1.900000000000000000e+01 2.000000000000000000e+01 4.000000000000000000e+00
1.849155599981954640e-02 4.684642389459222622e-01 1.100000000000000000e+01 4.600000000000000000e+01 4.000000000000000000e+00
8.585804030918199325e-01 1.350795914747675797e+00 8.000000000000000000e+00 9.600000000000000000e+01 4.000000000000000000e+00
4.240854078818200729e-02 1.427540695199593923e+00 1.700000000000000000e+01 1.880000000000000000e+02 4.000000000000000000e+00
1.060476993807523000e-01 1.424195531497692846e+00 6.000000000000000000e+00 7.100000000000000000e+01 4.000000000000000000e+00
1.977167540220843289e-01 1.939608594648306816e+00 1.100000000000000000e+01 1.500000000000000000e+01 4.000000000000000000e+00
7.239041796713716614e-01 1.529513366777186301e+00 1.200000000000000000e+01 1.530000000000000000e+02 4.000000000000000000e+00
6.397064967109317157e-01 1.840869458381579893e+00 1.400000000000000000e+01 9.100000000000000000e+01 4.000000000000000000e+00
2.025914959642384217e-01 1.541930984779583957e-01 1.700000000000000000e+01 7.900000000000000000e+01 4.000000000000000000e+00
3.366843260618623823e-01 7.253019494614240115e-01 1.600000000000000000e+01 3.300000000000000000e+01 4.000000000000000000e+00
5.025935055390667872e-01 1.729929558895495934e+00 1.900000000000000000e+01 1.180000000000000000e+02 4.000000000000000000e+00
9.312381068532725736e-01 3.584206618331925442e-01 1.800000000000000000e+01 9.600000000000000000e+01 4.000000000000000000e+00
2.441074898644148838e-01 1.921755063946281039e+00 1.000000000000000000e+01 2.800000000000000000e+01 4.000000000000000000e+00
9.133928418557965001e-01 3.115990457931924196e-01 4.000000000000000000e+00 1.350000000000000000e+02 4.000000000000000000e+00
6.625166538712011499e-02 3.111310688450904527e-01 7.000000000000000000e+00 1.390000000000000000e+02 4.000000000000000000e+00
