5.625823545636335909e-01 1.354381605605904648e-01 2.000000000000000000e+01 8.100000000000000000e+01 0.000000000000000000e+00
1.765069682743479751e-01 1.596646005166565407e+00 3.000000000000000000e+00 1.070000000000000000e+02 0.000000000000000000e+00
2.434623557503756003e-02 1.135399448451444915e+00 5.000000000000000000e+00 6.900000000000000000e+01 0.000000000000000000e+00
8.695603547796614263e-01 1.140213756597160177e+00 1.100000000000000000e+01 1.140000000000000000e+02 0.000000000000000000e+00
5.880493857480860731e-01 2.033665780915069554e+00 4.000000000000000000e+00 1.500000000000000000e+01 0.000000000000000000e+00
5.569382781019476258e-01 3.635941823909133452e-01 2.000000000000000000e+00 1.670000000000000000e+02 0.000000000000000000e+00
8.984556840723709747e-01 1.057714574180350642e+00 1.000000000000000000e+00 1.600000000000000000e+02 0.000000000000000000e+00
5.960690075656946973e-01 9.677974839680713037e-01 6.000000000000000000e+00 9.000000000000000000e+01 0.000000000000000000e+00
3.808183658651725922e-01 1.237437693792365012e+00 1.900000000000000000e+01 1.850000000000000000e+02 0.000000000000000000e+00
6.701021033490562884e-01 6.171331590001533085e-01 1.900000000000000000e+01 1.420000000000000000e+02 0.000000000000000000e+00
8.856400703876818881e-01 1.749300473723387261e+00 1.000000000000000000e+01 9.000000000000000000e+00 0.000000000000000000e+00
2.715075765085270820e-01 1.196097947463788280e+00 1.100000000000000000e+01 4.600000000000000000e+01 0.000000000000000000e+00
1.576895002432433524e-01 6.229606463454308019e-01 1.900000000000000000e+01 2.100000000000000000e+01 0.000000000000000000e+00
4.599789434003972444e-01 2.052622813796702417e+00 1.000000000000000000e+00 1.000000000000000000e+00 0.000000000000000000e+00
9.005866586611557256e-01 1.386708549377787314e+00 1.000000000000000000e+00 1.070000000000000000e+02 0.000000000000000000e+00
5.185337826181286580e-01 2.314247575698019921e-01 1.800000000000000000e+01 1.780000000000000000e+02 0.000000000000000000e+00
6.801367207759263511e-01 1.278341380704544727e+00 1.400000000000000000e+01 3.100000000000000000e+01 0.000000000000000000e+00
4.517994924919591648e-01 5.157642800336693645e-01 3.000000000000000000e+00 1.640000000000000000e+02 0.000000000000000000e+00
6.327642090873309977e-01 1.683045907014888654e+00 7.000000000000000000e+00 1.000000000000000000e+01 0.000000000000000000e+00
5.440923383358561294e-01 1.994359493693163676e+00 5.000000000000000000e+00 8.800000000000000000e+01 0.000000000000000000e+00
6.809676694307831291e-01 1.669428575724830610e+00 1.000000000000000000e+00 1.250000000000000000e+02 0.000000000000000000e+00
9.851729522835774855e-01 1.418911358918441890e+00 5.000000000000000000e+00 5.500000000000000000e+01 0.000000000000000000e+00
6.907861560788450817e-01 9.007487165723521150e-01 3.000000000000000000e+00 1.100000000000000000e+01 0.000000000000000000e+00
3.958756211577876272e-01 4.239769933384526235e-01 5.000000000000000000e+00 3.800000000000000000e+01 0.000000000000000000e+00
1.008262528355454574e-01 1.593699786092364068e+00 1.200000000000000000e+01 1.810000000000000000e+02 0.000000000000000000e+00
1.319788488631761236e-01 1.541770954591923148e+00 5.000000000000000000e+00 6.600000000000000000e+01 0.000000000000000000e+00
5.444725495861880704e-01 1.947203923868313868e+00 1.900000000000000000e+01 3.700000000000000000e+01 0.000000000000000000e+00
7.812894958451293004e-01 1.534960491119809589e+00 6.000000000000000000e+00 9.200000000000000000e+01 0.000000000000000000e+00
2.374539455394477638e-01 5.285169348921859855e-01 1.400000000000000000e+01 1.520000000000000000e+02 0.000000000000000000e+00
7.046838897623631803e-01 1.047915171226083020e+00 1.500000000000000000e+01 3.600000000000000000e+01 0.000000000000000000e+00
9.016323151109906231e-01 5.700266877112575292e-01 1.200000000000000000e+01 8.400000000000000000e+01 0.000000000000000000e+00
4.661434056107564006e-01 2.093429458016329292e+00 6.000000000000000000e+00 1.390000000000000000e+02 0.000000000000000000e+00
9.777366531879494449e-01 1.289642740113555508e+00 1.500000000000000000e+01 1.370000000000000000e+02 0.000000000000000000e+00
8.377335023544207893e-01 3.563549946694598569e-01 6.000000000000000000e+00 1.610000000000000000e+02 0.000000000000000000e+00
8.838483048698556610e-01 1.308595562398778167e+00 1.000000000000000000e+00 3.700000000000000000e+01 0.000000000000000000e+00
8.634115043006472812e-01 4.877773994063051566e-01 8.000000000000000000e+00 1.110000000000000000e+02 0.000000000000000000e+00
9.327385294669437998e-01 1.249407070397557273e+00 1.100000000000000000e+01 6.000000000000000000e+00 0.000000000000000000e+00
5.293316289433028787e-01 7.493528170377853348e-01 8.000000000000000000e+00 1.040000000000000000e+02 0.000000000000000000e+00
2.178453017269809527e-02 1.743687102452407656e+00 5.000000000000000000e+00 8.800000000000000000e+01 0.000000000000000000e+00
5.399977555729181811e-01 1.409260220947319953e+00 1.700000000000000000e+01 1.600000000000000000e+01 0.000000000000000000e+00
7.139562444964994148e-01 6.937573854300630449e-01 1.200000000000000000e+01 1.320000000000000000e+02 0.000000000000000000e+00
8.640705313407158472e-02 2.072707138469073840e+00 2.000000000000000000e+01 5.800000000000000000e+01 0.000000000000000000e+00
9.950143496533011556e-01 2.088998678465089631e-01 2.000000000000000000e+00 1.860000000000000000e+02 0.000000000000000000e+00
1.671809624307273728e-02 1.956554345492244051e+00 1.300000000000000000e+01 5.000000000000000000e+00 0.000000000000000000e+00
3.291474190826843005e-01 4.825489260858694118e-01 7.000000000000000000e+00 1.600000000000000000e+02 0.000000000000000000e+00
7.730801129201847477e-01 1.546947712699873856e+00 4.000000000000000000e+00 2.800000000000000000e+01 0.000000000000000000e+00
9.078425389092914521e-01 1.806845525124654683e+00 2.000000000000000000e+00 1.280000000000000000e+02 0.000000000000000000e+00
1.183508314760390728e-01 1.318123015000334464e+00 5.000000000000000000e+00 1.400000000000000000e+01 0.000000000000000000e+00
1.954641133832796251e-01 1.293066670282657427e+00 7.000000000000000000e+00 1.160000000000000000e+02 0.000000000000000000e+00
3.046174952171361028e-01 6.223146092546111285e-01 1.000000000000000000e+01 5.200000000000000000e+01 0.000000000000000000e+00
1.491687059880025812e-01 8.493471180485335781e-01 2.000000000000000000e+00 1.710000000000000000e+02 1.000000000000000000e+00
3.240006335984635388e-01 2.098654898229169952e+00 9.000000000000000000e+00 1.200000000000000000e+01 1.000000000000000000e+00
8.427089094735317198e-01 6.381124782504173920e-01 1.100000000000000000e+01 1.370000000000000000e+02 1.000000000000000000e+00
5.149159491338562988e-01 1.069445280147981903e+00 6.000000000000000000e+00 1.170000000000000000e+02 1.000000000000000000e+00
5.532289298958146251e-01 1.757245741548771056e-01 1.000000000000000000e+01 1.730000000000000000e+02 1.000000000000000000e+00
8.105509267825703468e-01 1.686357159153603735e+00 5.000000000000000000e+00 1.540000000000000000e+02 1.000000000000000000e+00
9.077981265619184947e-01 1.161892434488595027e+00 1.600000000000000000e+01 1.870000000000000000e+02 1.000000000000000000e+00
2.285760744114606613e-01 4.797768400218148654e-01 1.400000000000000000e+01 7.500000000000000000e+01 1.000000000000000000e+00
4.799603436664521272e-01 1.311066125954627015e+00 1.400000000000000000e+01 1.000000000000000000e+00 1.000000000000000000e+00
3.862019725774689521e-02 1.739447335670099237e+00 1.900000000000000000e+01 1.240000000000000000e+02 1.000000000000000000e+00
4.824705258197115043e-01 4.759103434670189925e-01 1.100000000000000000e+01 4.700000000000000000e+01 1.000000000000000000e+00
1.406480134285983397e-01 1.661885258289464318e+00 1.800000000000000000e+01 3.700000000000000000e+01 1.000000000000000000e+00
8.420518632403475312e-01 1.824425641378442098e+00 1.400000000000000000e+01 1.300000000000000000e+02 1.000000000000000000e+00
6.535140270055715961e-01 1.686237206712311254e+00 1.300000000000000000e+01 2.300000000000000000e+01 1.000000000000000000e+00
2.949124158847803434e-01 2.025669759027283412e+00 1.800000000000000000e+01 7.700000000000000000e+01 1.000000000000000000e+00
6.091959287320118932e-01 6.399325697980849936e-01 1.400000000000000000e+01 1.040000000000000000e+02 1.000000000000000000e+00
7.760247048480098941e-01 1.374477878426060506e+00 1.100000000000000000e+01 3.900000000000000000e+01 1.000000000000000000e+00
9.963681182682491977e-02 1.913844408833508537e-01 1.100000000000000000e+01 1.990000000000000000e+02 1.000000000000000000e+00
7.710218329276138371e-01 7.085135621092938374e-01 2.000000000000000000e+00 6.600000000000000000e+01 1.000000000000000000e+00
4.741541109990254216e-02 5.429993102999161048e-01 1.600000000000000000e+01 1.270000000000000000e+02 1.000000000000000000e+00
6.857964860951955011e-01 9.600419076170400023e-01 1.100000000000000000e+01 4.800000000000000000e+01 1.000000000000000000e+00
9.003442474957162878e-01 1.765082111972211099e+00 8.000000000000000000e+00 3.900000000000000000e+01 1.000000000000000000e+00
1.050750968194135021e-01 1.406350225082765082e+00 1.000000000000000000e+01 7.500000000000000000e+01 1.000000000000000000e+00
4.222889981676055671e-01 1.581906366468798231e+00 8.000000000000000000e+00 1.170000000000000000e+02 1.000000000000000000e+00
9.958169468289109760e-01 4.447302973198062892e-01 1.700000000000000000e+01 1.060000000000000000e+02 1.000000000000000000e+00
5.017390637311180263e-02 1.907605217368564920e+00 1.100000000000000000e+01 1.160000000000000000e+02 1.000000000000000000e+00
3.949153302586315695e-01 1.920621302243261441e+00 6.000000000000000000e+00 1.050000000000000000e+02 1.000000000000000000e+00
4.747345797286097735e-01 5.332054752920857288e-01 1.500000000000000000e+01 1.240000000000000000e+02 1.000000000000000000e+00
5.359515877997088618e-01 8.836178090669059015e-01 5.000000000000000000e+00 1.760000000000000000e+02 1.000000000000000000e+00
5.805516365484302277e-01 1.090424104726041232e+00 1.300000000000000000e+01 1.550000000000000000e+02 1.000000000000000000e+00
2.069718407704860264e-01 5.315410803112835536e-01 9.000000000000000000e+00 1.100000000000000000e+02 1.000000000000000000e+00
8.247431140667610405e-01 5.453100949308445911e-01 1.100000000000000000e+01 1.770000000000000000e+02 1.000000000000000000e+00
8.796073633004769521e-01 1.694981288942036146e+00 1.200000000000000000e+01 1.340000000000000000e+02 1.000000000000000000e+00
2.746388010684815972e-01 1.477440302517344151e+00 3.000000000000000000e+00 6.100000000000000000e+01 1.000000000000000000e+00
6.405112574453362961e-02 2.397139997860132932e-01 1.800000000000000000e+01 1.900000000000000000e+01 1.000000000000000000e+00
8.695412318866616586e-01 1.944518957931867353e+00 7.000000000000000000e+00 1.260000000000000000e+02 1.000000000000000000e+00
9.100071171532649883e-01 2.063322406843932644e+00 2.000000000000000000e+01 1.690000000000000000e+02 1.000000000000000000e+00
5.677942407008914616e-01 2.691078094528372988e-01 2.000000000000000000e+01 3.000000000000000000e+01 1.000000000000000000e+00
5.412733076271659671e-01 3.707188916086391339e-01 1.500000000000000000e+01 1.270000000000000000e+02 1.000000000000000000e+00
8.239101521705808340e-01 1.706141517123155316e+00 1.300000000000000000e+01 4.400000000000000000e+01 1.000000000000000000e+00
3.295631581167468571e-01 6.043714687654516693e-01 6.000000000000000000e+00 8.500000000000000000e+01 1.000000000000000000e+00
9.325098011969666922e-01 2.019020687434237848e-01 1.900000000000000000e+01 1.450000000000000000e+02 1.000000000000000000e+00
9.526153251638008745e-01 9.237160511385414940e-01 5.000000000000000000e+00 5.400000000000000000e+01 1.000000000000000000e+00
5.053604704002643278e-01 8.218115547849723646e-01 7.000000000000000000e+00 1.470000000000000000e+02 1.000000000000000000e+00
8.460230131480149796e-01 5.737562030483344122e-01 1.200000000000000000e+01 1.450000000000000000e+02 1.000000000000000000e+00
3.742619161638013336e-01 1.009469242685058665e+00 1.200000000000000000e+01 1.900000000000000000e+02 1.000000000000000000e+00
5.560933411433764961e-01 6.163914907512014763e-01 1.600000000000000000e+01 4.700000000000000000e+01 1.000000000000000000e+00
8.294873951952387303e-01 6.719016816055084496e-01 1.000000000000000000e+00 1.690000000000000000e+02 1.000000000000000000e+00
8.371656311930225636e-01 1.619350582592572030e+00 1.000000000000000000e+00 1.700000000000000000e+02 1.000000000000000000e+00
5.850136718023878774e-02 4.573422957956748691e-01 3.000000000000000000e+00 1.000000000000000000e+00 1.000000000000000000e+00
9.072815743107534026e-01 9.683961800656942787e-01 5.000000000000000000e+00 1.490000000000000000e+02 2.000000000000000000e+00
8.357612254005618579e-01 1.000885134966136514e+00 5.000000000000000000e+00 2.600000000000000000e+01 2.000000000000000000e+00
3.191306058555731795e-01 1.116385600628017338e-01 9.000000000000000000e+00 4.200000000000000000e+01 2.000000000000000000e+00
1.709666012660753243e-01 1.179202550363455559e+00 7.000000000000000000e+00 2.400000000000000000e+01 2.000000000000000000e+00
1.361964896814024106e-01 1.034276091412313692e+00 1.600000000000000000e+01 9.000000000000000000e+01 2.000000000000000000e+00
2.152835064911903240e-01 1.612786509363262066e+00 2.000000000000000000e+01 1.800000000000000000e+01 2.000000000000000000e+00
9.810265838251033266e-01 1.351356017709056889e+00 5.000000000000000000e+00 6.500000000000000000e+01 2.000000000000000000e+00
8.368461399879535412e-01 1.668942493549628203e+00 1.900000000000000000e+01 1.640000000000000000e+02 2.000000000000000000e+00
7.919183953474784321e-01 5.335550861721919391e-01 1.500000000000000000e+01 1.290000000000000000e+02 2.000000000000000000e+00
8.811365320247250832e-01 2.429893648896840619e-01 1.900000000000000000e+01 1.880000000000000000e+02 2.000000000000000000e+00
4.116587289315003506e-01 1.203309115198704982e+00 2.000000000000000000e+00 1.710000000000000000e+02 2.000000000000000000e+00
6.606129928531405682e-01 1.455269648283366024e+00 1.700000000000000000e+01 1.800000000000000000e+02 2.000000000000000000e+00
8.409590748407178573e-01 1.328700984451966383e+00 2.000000000000000000e+00 1.120000000000000000e+02 2.000000000000000000e+00
4.600655474311988735e-01 5.465775659707367007e-01 1.300000000000000000e+01 7.800000000000000000e+01 2.000000000000000000e+00
8.999330990071938707e-01 2.002052534602051903e+00 1.100000000000000000e+01 2.000000000000000000e+00 2.000000000000000000e+00
3.492443704656952308e-01 3.840182698198820743e-01 1.000000000000000000e+01 1.500000000000000000e+02 2.000000000000000000e+00
2.622535915616993618e-01 1.884823315779274422e+00 5.000000000000000000e+00 2.000000000000000000e+02 2.000000000000000000e+00
6.259248389009004487e-01 1.560992509030325381e+00 4.000000000000000000e+00 1.070000000000000000e+02 2.000000000000000000e+00
6.160074043675209943e-01 1.275273201462204353e+00 5.000000000000000000e+00 1.260000000000000000e+02 2.000000000000000000e+00
7.156708784978148274e-02 6.089179563783219118e-01 1.000000000000000000e+00 1.010000000000000000e+02 2.000000000000000000e+00
7.129578636382885026e-01 1.511082046980703364e+00 6.000000000000000000e+00 7.000000000000000000e+00 2.000000000000000000e+00
2.959373860041870641e-01 2.506267681260511138e-01 1.000000000000000000e+01 5.300000000000000000e+01 2.000000000000000000e+00
2.494010965286564963e-01 1.311285867643653180e+00 1.000000000000000000e+00 7.100000000000000000e+01 2.000000000000000000e+00
5.467377288157667659e-01 6.595363047365377929e-01 2.000000000000000000e+00 4.200000000000000000e+01 2.000000000000000000e+00
7.624634186579052342e-01 2.249298324815977301e-01 5.000000000000000000e+00 1.510000000000000000e+02 2.000000000000000000e+00
4.913716480113684559e-01 1.110270198451237311e+00 9.000000000000000000e+00 3.300000000000000000e+01 2.000000000000000000e+00
9.200766709417106115e-02 1.055243366821533746e+00 6.000000000000000000e+00 6.400000000000000000e+01 2.000000000000000000e+00
9.123290461123422235e-01 1.870819954432765275e+00 4.000000000000000000e+00 5.000000000000000000e+00 2.000000000000000000e+00
7.389931824056118481e-01 1.306303514200161331e+00 1.100000000000000000e+01 1.570000000000000000e+02 2.000000000000000000e+00
5.874669989927973068e-01 1.507554804182190678e+00 1.400000000000000000e+01 3.500000000000000000e+01 2.000000000000000000e+00
7.843868197076628856e-01 8.395210525961492865e-01 1.100000000000000000e+01 1.250000000000000000e+02 2.000000000000000000e+00
1.047571454281392110e-02 4.371700209248211566e-01 3.000000000000000000e+00 1.060000000000000000e+02 2.000000000000000000e+00
1.580696424930060351e-01 6.760940175518012074e-01 1.400000000000000000e+01 5.600000000000000000e+01 2.000000000000000000e+00
3.864114734884991353e-01 1.313576800596065297e+00 1.400000000000000000e+01 4.300000000000000000e+01 2.000000000000000000e+00
1.233445214780128779e-01 1.347433178713340673e+00 1.200000000000000000e+01 7.000000000000000000e+01 2.000000000000000000e+00
3.739917576485733974e-01 1.753001775389334549e+00 1.500000000000000000e+01 1.650000000000000000e+02 2.000000000000000000e+00
5.545332272427726528e-01 1.847113588827833608e+00 9.000000000000000000e+00 1.030000000000000000e+02 2.000000000000000000e+00
3.109443936423020860e-01 1.835324518004212146e+00 2.000000000000000000e+01 1.410000000000000000e+02 2.000000000000000000e+00
9.607471835781696834e-01 1.895875515220940832e-01 7.000000000000000000e+00 1.800000000000000000e+01 2.000000000000000000e+00
5.004291256360271500e-01 1.025868905792123753e+00 7.000000000000000000e+00 7.400000000000000000e+01 2.000000000000000000e+00
7.266956224676065501e-01 2.441697878929739718e-01 3.000000000000000000e+00 1.570000000000000000e+02 2.000000000000000000e+00
2.230683467387294394e-01 5.345693990385244065e-01 1.000000000000000000e+01 4.800000000000000000e+01 2.000000000000000000e+00
7.207271776281987119e-01 1.705569256704906111e+00 1.100000000000000000e+01 5.700000000000000000e+01 2.000000000000000000e+00
5.188554502503512911e-01 1.829691530252451237e+00 1.000000000000000000e+01 7.000000000000000000e+01 2.000000000000000000e+00
5.675204295284548284e-01 1.664399561383866910e+00 2.000000000000000000e+00 1.030000000000000000e+02 2.000000000000000000e+00
5.542524621958014874e-01 2.010282890650366472e+00 1.300000000000000000e+01 1.820000000000000000e+02 2.000000000000000000e+00
6.490904885837194271e-01 1.049725616002630479e+00 8.000000000000000000e+00 4.200000000000000000e+01 2.000000000000000000e+00
8.609708738112896720e-01 1.110044100523583099e-01 1.900000000000000000e+01 1.520000000000000000e+02 2.000000000000000000e+00
3.053890585727928597e-01 1.115061111225951418e+00 1.200000000000000000e+01 1.310000000000000000e+02 2.000000000000000000e+00
3.878969943565372391e-01 1.386690841712436006e-01 3.000000000000000000e+00 1.630000000000000000e+02 2.000000000000000000e+00
2.350811001664342842e-02 3.628994128486416892e-01 1.100000000000000000e+01 7.300000000000000000e+01 3.000000000000000000e+00
4.352368139000760694e-01 1.834103588902865900e-01 7.000000000000000000e+00 1.450000000000000000e+02 3.000000000000000000e+00
1.409252653855816995e-01 8.134207335263011762e-01 8.000000000000000000e+00 1.240000000000000000e+02 3.000000000000000000e+00
7.499618962341771944e-01 4.747743305672081915e-01 1.800000000000000000e+01 3.200000000000000000e+01 3.000000000000000000e+00
8.492346678666349291e-01 1.732703263357779244e+00 1.400000000000000000e+01 1.370000000000000000e+02 3.000000000000000000e+00
1.206456191758968760e-01 3.901788097948420964e-01 1.200000000000000000e+01 1.440000000000000000e+02 3.000000000000000000e+00
2.263373594684946477e-01 1.079777224018229509e+00 1.300000000000000000e+01 1.770000000000000000e+02 3.000000000000000000e+00
5.207404471101680921e-01 1.472302215485053356e+00 1.300000000000000000e+01 8.900000000000000000e+01 3.000000000000000000e+00
8.614262550376695637e-01 1.373397196638109774e+00 1.400000000000000000e+01 1.500000000000000000e+01 3.000000000000000000e+00
9.367128554959571751e-01 1.125864481033762576e+00 1.800000000000000000e+01 1.380000000000000000e+02 3.000000000000000000e+00
9.408587883298107357e-01 1.154896581228012975e+00 1.200000000000000000e+01 1.920000000000000000e+02 3.000000000000000000e+00
7.785835045936164711e-01 2.026803822716550130e+00 7.000000000000000000e+00 4.100000000000000000e+01 3.000000000000000000e+00
7.428147538223918156e-01 1.870957324377803044e+00 8.000000000000000000e+00 1.100000000000000000e+02 3.000000000000000000e+00
2.182090838541660416e-01 1.985368077362573980e-01 9.000000000000000000e+00 1.810000000000000000e+02 3.000000000000000000e+00
1.755499795104872307e-01 3.331190880601261339e-01 1.600000000000000000e+01 9.000000000000000000e+01 3.000000000000000000e+00
7.341261727759054168e-01 4.261705514781156667e-01 7.000000000000000000e+00 7.800000000000000000e+01 3.000000000000000000e+00
5.501613238557012675e-01 1.158337808850104400e+00 1.400000000000000000e+01 9.800000000000000000e+01 3.000000000000000000e+00
3.400741419727790760e-01 1.751918782272214037e-01 1.500000000000000000e+01 1.720000000000000000e+02 3.000000000000000000e+00
5.036021540592056089e-01 1.885377546967391960e-01 1.200000000000000000e+01 1.190000000000000000e+02 3.000000000000000000e+00
2.871496315633277341e-01 6.412978074314737986e-01 9.000000000000000000e+00 7.700000000000000000e+01 3.000000000000000000e+00
6.829951658761538313e-01 8.123643301280573104e-01 9.000000000000000000e+00 4.700000000000000000e+01 3.000000000000000000e+00
5.586732221627149775e-01 1.776998458849462947e+00 7.000000000000000000e+00 1.890000000000000000e+02 3.000000000000000000e+00
5.826012113044890528e-01 1.131422213672435895e+00 9.000000000000000000e+00 5.600000000000000000e+01 3.000000000000000000e+00
4.786238929100383732e-01 4.362678008436063903e-01 8.000000000000000000e+00 7.600000000000000000e+01 3.000000000000000000e+00
9.246612735277117689e-01 1.537041544516991598e+00 1.000000000000000000e+01 1.830000000000000000e+02 3.000000000000000000e+00
3.782352988464413590e-01 1.417952242846834521e+00 1.100000000000000000e+01 4.100000000000000000e+01 3.000000000000000000e+00
7.106687120187813456e-01 1.914174715334510779e+00 1.000000000000000000e+00 1.530000000000000000e+02 3.000000000000000000e+00
9.813357627752530288e-01 1.999552944391686238e-01 3.000000000000000000e+00 1.200000000000000000e+01 3.000000000000000000e+00
2.734688148010359088e-01 1.201929274583236840e+00 6.000000000000000000e+00 1.740000000000000000e+02 3.000000000000000000e+00
1.321334779058009889e-01 1.118463863499656041e-01 1.500000000000000000e+01 6.000000000000000000e+01 3.000000000000000000e+00
5.199742903087241075e-01 4.699693772845016104e-01 1.800000000000000000e+01 6.500000000000000000e+01 3.000000000000000000e+00
8.183759923930324920e-01 6.154382438958702073e-01 1.200000000000000000e+01 1.320000000000000000e+02 3.000000000000000000e+00
6.443319020253579499e-01 2.372196671462604434e-01 1.500000000000000000e+01 4.100000000000000000e+01 3.000000000000000000e+00
3.948720351969712272e-01 2.167232720610254015e-01 5.000000000000000000e+00 9.000000000000000000e+01 3.000000000000000000e+00
8.632004896081159062e-01 4.553030663867073669e-01 1.200000000000000000e+01 7.000000000000000000e+00 3.000000000000000000e+00
5.077111327946871588e-01 1.299144499351222226e+00 3.000000000000000000e+00 1.480000000000000000e+02 3.000000000000000000e+00
7.963185858291039754e-01 1.464672040008969445e+00 1.700000000000000000e+01 1.790000000000000000e+02 3.000000000000000000e+00
4.824343784802577195e-01 2.012593288899499733e+00 6.000000000000000000e+00 3.300000000000000000e+01 3.000000000000000000e+00
1.883252442458300813e-01 1.160270713676964549e+00 1.400000000000000000e+01 5.800000000000000000e+01 3.000000000000000000e+00
3.502320907889706625e-01 9.241746535150178188e-01 6.000000000000000000e+00 1.500000000000000000e+02 3.000000000000000000e+00
1.963240697707518967e-01 5.827303300316767354e-01 1.400000000000000000e+01 1.140000000000000000e+02 3.000000000000000000e+00
2.077700895128732350e-01 6.096314035277222709e-01 2.000000000000000000e+01 1.260000000000000000e+02 3.000000000000000000e+00
5.620116763739189114e-01 1.762332051095522323e-01 8.000000000000000000e+00 2.900000000000000000e+01 3.000000000000000000e+00
7.448484522991295487e-01 1.104694524309110415e+00 1.000000000000000000e+00 3.600000000000000000e+01 3.000000000000000000e+00
5.617017043280021493e-01 3.535543406622027041e-01 1.500000000000000000e+01 1.690000000000000000e+02 3.000000000000000000e+00
1.334932309560248331e-01 1.492024112270006475e-01 1.300000000000000000e+01 1.210000000000000000e+02 3.000000000000000000e+00
3.496492153976745731e-01 1.056172597547607062e+00 9.000000000000000000e+00 7.600000000000000000e+01 3.000000000000000000e+00
6.604857284958931540e-01 4.052388368730487356e-01 1.900000000000000000e+01 1.500000000000000000e+01 3.000000000000000000e+00
4.167652568689569348e-01 8.340956583118618317e-01 4.000000000000000000e+00 9.700000000000000000e+01 3.000000000000000000e+00
1.647389366404160976e-02 1.919851705834577926e-01 1.900000000000000000e+01 1.550000000000000000e+02 3.000000000000000000e+00
1.646284455238244959e-01 1.230205089185728795e+00 2.000000000000000000e+00 1.500000000000000000e+02 4.000000000000000000e+00
8.624766487119638336e-01 1.502654247527347720e-01 1.900000000000000000e+01 8.700000000000000000e+01 4.000000000000000000e+00
1.005916526485997720e+00 7.983067390737449420e-01 1.000000000000000000e+00 1.440000000000000000e+02 4.000000000000000000e+00
5.952321733182321939e-01 1.681571218144399138e+00 4.000000000000000000e+00 1.900000000000000000e+01 4.000000000000000000e+00
8.223855942197074720e-01 8.831507355741058385e-01 1.500000000000000000e+01 1.940000000000000000e+02 4.000000000000000000e+00
6.488107158739618574e-02 6.612149949531472837e-01 1.600000000000000000e+01 1.020000000000000000e+02 4.000000000000000000e+00
8.337109435873816254e-01 1.555224861919443979e+00 1.800000000000000000e+01 1.160000000000000000e+02 4.000000000000000000e+00
7.783977787689594363e-01 2.009186845675255295e+00 4.000000000000000000e+00 4.300000000000000000e+01 4.000000000000000000e+00
8.191241109813310883e-01 2.848270260695989764e-01 8.000000000000000000e+00 8.900000000000000000e+01 4.000000000000000000e+00
9.907157451185130137e-01 1.688550769698666576e+00 1.000000000000000000e+01 1.480000000000000000e+02 4.000000000000000000e+00
6.619941634430087651e-01 1.540087878460792536e+00 1.400000000000000000e+01 1.330000000000000000e+02 4.000000000000000000e+00
7.397487166548977200e-01 1.914080875260573578e+00 6.000000000000000000e+00 1.380000000000000000e+02 4.000000000000000000e+00
4.647235449172550936e-01 1.712699523454486172e+00 1.300000000000000000e+01 7.500000000000000000e+01 4.000000000000000000e+00
2.406134086702869102e-01 8.137351449083917165e-01 9.000000000000000000e+00 1.320000000000000000e+02 4.000000000000000000e+00
1.697638584757136249e-01 7.995570011952343181e-01 1.800000000000000000e+01 2.600000000000000000e+01 4.000000000000000000e+00
8.006717740268624040e-01 1.960858709783968035e+00 4.000000000000000000e+00 7.000000000000000000e+01 4.000000000000000000e+00
4.174246743757847183e-02 1.881939449696517386e+00 1.600000000000000000e+01 1.290000000000000000e+02 4.000000000000000000e+00
8.573111759054909964e-01 1.856818832853078138e+00 7.000000000000000000e+00 8.600000000000000000e+01 4.000000000000000000e+00
6.865304467684394396e-01 2.121589666233433535e-01 6.000000000000000000e+00 3.100000000000000000e+01 4.000000000000000000e+00
2.375619859271641543e-01 9.473734014948361759e-01 1.900000000000000000e+01 1.180000000000000000e+02 4.000000000000000000e+00
9.237155082047319998e-02 6.445045364942095789e-01 1.200000000000000000e+01 3.000000000000000000e+01 4.000000000000000000e+00
8.752253895960504515e-01 9.388109472317237580e-01 4.000000000000000000e+00 4.300000000000000000e+01 4.000000000000000000e+00
4.102437575141686388e-01 2.969339811518533212e-01 1.400000000000000000e+01 7.600000000000000000e+01 4.000000000000000000e+00
5.496618884485107159e-01 9.271002042954429312e-01 1.800000000000000000e+01 1.480000000000000000e+02 4.000000000000000000e+00
8.636505404741530167e-01 7.618919778704028589e-01 5.000000000000000000e+00 6.600000000000000000e+01 4.000000000000000000e+00
6.160754929919103340e-01 1.749974526380488893e+00 1.000000000000000000e+01 1.170000000000000000e+02 4.000000000000000000e+00
5.744607890459719757e-01 1.797754224429694681e+00 1.400000000000000000e+01 1.380000000000000000e+02 4.000000000000000000e+00
5.524171405451937938e-02 3.130063985093650691e-01 1.900000000000000000e+01 6.700000000000000000e+01 4.000000000000000000e+00
9.835740622020511248e-01 8.097684508393344638e-01 1.900000000000000000e+01 1.270000000000000000e+02 4.000000000000000000e+00
9.825775212280033477e-01 7.499484803496919705e-01 1.300000000000000000e+01 7.700000000000000000e+01 4.000000000000000000e+00
8.304565267395739303e-01 4.181681366991868432e-01 1.800000000000000000e+01 1.430000000000000000e+02 4.000000000000000000e+00
4.382668916981489193e-01 2.535302715028769915e-01 6.000000000000000000e+00 1.500000000000000000e+02 4.000000000000000000e+00
6.996144331390644622e-01 1.945367278154999546e+00 1.900000000000000000e+01 1.230000000000000000e+02 4.000000000000000000e+00
7.255692248230788399e-01 1.354979829937388081e+00 1.000000000000000000e+00 1.520000000000000000e+02 4.000000000000000000e+00
3.175595841114534634e-01 1.600719634898939647e+00 5.000000000000000000e+00 1.970000000000000000e+02 4.000000000000000000e+00
6.829599698119509510e-01 5.880538941449703350e-01 8.000000000000000000e+00 8.100000000000000000e+01 4.000000000000000000e+00
8.847312293625342328e-01 1.308056617166144520e+00 1.700000000000000000e+01 3.800000000000000000e+01 4.000000000000000000e+00
6.640776004597161997e-01 1.204850395674558650e+00 5.000000000000000000e+00 1.200000000000000000e+01 4.000000000000000000e+00
8.550142889715258709e-01 1.602147354600101492e+00 5.000000000000000000e+00 8.000000000000000000e+00 4.000000000000000000e+00
9.360628978338966233e-01 8.426565751794018455e-01 1.300000000000000000e+01 1.170000000000000000e+02 4.000000000000000000e+00
1.364983615830680508e-01 2.088472541995341825e+00 6.000000000000000000e+00 1.400000000000000000e+02 4.000000000000000000e+00
4.998335446305836038e-01 5.687445233278799472e-01 1.100000000000000000e+01 1.720000000000000000e+02 4.000000000000000000e+00
1.449410159949110488e-01 1.793020344778321506e+00 6.000000000000000000e+00 5.700000000000000000e+01 4.000000000000000000e+00
7.519494541225026918e-01 1.176156063780944505e+00 4.000000000000000000e+00 1.210000000000000000e+02 4.000000000000000000e+00
2.178623230091512042e-01 1.331712620013322690e+00 1.200000000000000000e+01 1.970000000000000000e+02 4.000000000000000000e+00
1.840237359417643548e-01 1.391060786249094905e+00 9.000000000000000000e+00 4.200000000000000000e+01 4.000000000000000000e+00
9.808190809405127331e-01 1.453666625309046889e+00 1.600000000000000000e+01 1.800000000000000000e+02 4.000000000000000000e+00
3.898465564509441261e-01 1.259086298936611170e+00 1.100000000000000000e+01 5.000000000000000000e+00 4.000000000000000000e+00
5.279225054423390961e-01 1.035523491530772056e+00 1.900000000000000000e+01 1.550000000000000000e+02 4.000000000000000000e+00
7.501805425818773854e-01 1.067636291280647409e+00 4.000000000000000000e+00 8.800000000000000000e+01 4.000000000000000000e+00
