5.538419148940953995e-01 9.342138688490729814e-01 3.000000000000000000e+00 5.100000000000000000e+01 0.000000000000000000e+00
4.879991265735046380e-01 8.022672893875145705e-01 9.000000000000000000e+00 1.230000000000000000e+02 0.000000000000000000e+00
1.638009729483378418e-01 7.252337274586105886e-01 1.000000000000000000e+00 6.900000000000000000e+01 0.000000000000000000e+00
8.227728859664780181e-01 4.719847129120345874e-01 1.000000000000000000e+00 1.190000000000000000e+02 0.000000000000000000e+00
5.129681871104562613e-02 1.114327498884283951e+00 2.000000000000000000e+00 1.020000000000000000e+02 0.000000000000000000e+00
7.587099636777282496e-01 9.202608631410177376e-01 1.500000000000000000e+01 1.500000000000000000e+02 0.000000000000000000e+00
3.550133008000010831e-02 1.416011028816765160e-01 1.100000000000000000e+01 1.870000000000000000e+02 0.000000000000000000e+00
4.447721657996432931e-01 4.118688728813139077e-01 1.800000000000000000e+01 1.070000000000000000e+02 0.000000000000000000e+00
4.582705697638184139e-01 5.836719657174950227e-01 1.300000000000000000e+01 9.000000000000000000e+00 0.000000000000000000e+00
8.129264976452661440e-01 1.762027538381210734e+00 1.200000000000000000e+01 3.000000000000000000e+01 0.000000000000000000e+00
2.788102702451240589e-01 1.232976836886223504e+00 3.000000000000000000e+00 1.350000000000000000e+02 0.000000000000000000e+00
5.933983525257607861e-01 1.262404528263000092e+00 1.100000000000000000e+01 3.300000000000000000e+01 0.000000000000000000e+00
8.050377434876566651e-01 2.527542906177949744e-01 9.000000000000000000e+00 3.000000000000000000e+01 0.000000000000000000e+00
6.530553182922432809e-01 4.438006768880996544e-01 1.500000000000000000e+01 9.900000000000000000e+01 0.000000000000000000e+00
5.231717019614882114e-01 2.112026959187977282e-01 8.000000000000000000e+00 1.200000000000000000e+02 0.000000000000000000e+00
5.761380114580393758e-02 3.342861294828455287e-01 1.900000000000000000e+01 7.600000000000000000e+01 0.000000000000000000e+00
4.931273157700977183e-01 2.851872825421167823e-01 1.700000000000000000e+01 1.680000000000000000e+02 0.000000000000000000e+00
2.156225860851775922e-01 2.453990547477899187e-01 1.000000000000000000e+01 7.100000000000000000e+01 0.000000000000000000e+00
8.409916592456698758e-01 1.207827903788011303e+00 9.000000000000000000e+00 3.100000000000000000e+01 0.000000000000000000e+00
3.975604981504170521e-01 1.668239322473212827e+00 1.200000000000000000e+01 5.500000000000000000e+01 0.000000000000000000e+00
6.496638680526354293e-01 3.804567302501388193e-01 4.000000000000000000e+00 1.370000000000000000e+02 0.000000000000000000e+00
4.057396398116325242e-01 8.134058737125023919e-01 1.700000000000000000e+01 1.630000000000000000e+02 0.000000000000000000e+00
3.864141507280852705e-01 9.446282591283018393e-01 1.300000000000000000e+01 1.680000000000000000e+02 0.000000000000000000e+00
4.654001184977018396e-02 8.312236473419923888e-01 6.000000000000000000e+00 1.190000000000000000e+02 0.000000000000000000e+00
6.217272267115726558e-01 5.626866957086115173e-01 1.200000000000000000e+01 2.400000000000000000e+01 0.000000000000000000e+00
6.112854735417982271e-02 1.377961488531629808e+00 8.000000000000000000e+00 1.340000000000000000e+02 0.000000000000000000e+00
8.356811279068829812e-01 3.853005563004751055e-01 1.400000000000000000e+01 4.800000000000000000e+01 0.000000000000000000e+00
9.036668530340810079e-01 2.036452034194285332e+00 6.000000000000000000e+00 5.900000000000000000e+01 0.000000000000000000e+00
4.861314875265181357e-01 2.928504896015257097e-01 2.000000000000000000e+00 3.500000000000000000e+01 0.000000000000000000e+00
8.395459096545566657e-01 1.568178703933049922e+00 3.000000000000000000e+00 6.300000000000000000e+01 0.000000000000000000e+00
2.763658586830201047e-01 9.956000186173611377e-01 1.800000000000000000e+01 1.700000000000000000e+01 0.000000000000000000e+00
3.206729020178907819e-01 1.239206292350674810e+00 6.000000000000000000e+00 1.130000000000000000e+02 0.000000000000000000e+00
7.079440097818383570e-01 3.972634666118125546e-01 1.000000000000000000e+00 1.450000000000000000e+02 0.000000000000000000e+00
8.296385859296659948e-01 1.153465895384176765e+00 2.000000000000000000e+01 6.100000000000000000e+01 0.000000000000000000e+00
8.772963927018641028e-01 3.324777844682610395e-01 2.000000000000000000e+00 5.500000000000000000e+01 0.000000000000000000e+00
8.084420170270124606e-01 7.207594377160063681e-01 8.000000000000000000e+00 1.600000000000000000e+01 0.000000000000000000e+00
9.011524396495907974e-01 5.056364685693061078e-01 1.300000000000000000e+01 1.020000000000000000e+02 0.000000000000000000e+00
3.580859786286886282e-01 3.026661571953753738e-01 2.000000000000000000e+01 6.200000000000000000e+01 0.000000000000000000e+00
4.670137180875318927e-01 1.338160778156962216e+00 2.000000000000000000e+01 1.470000000000000000e+02 0.000000000000000000e+00
1.570487632743672313e-01 9.453997887752271234e-01 4.000000000000000000e+00 8.200000000000000000e+01 0.000000000000000000e+00
4.050236255940575097e-02 1.636280669156104040e+00 2.000000000000000000e+00 1.260000000000000000e+02 0.000000000000000000e+00
7.136208187352436338e-01 1.154956798668458129e+00 1.400000000000000000e+01 4.200000000000000000e+01 0.000000000000000000e+00
9.654489305298088464e-01 1.292120865647437000e+00 2.000000000000000000e+00 1.550000000000000000e+02 0.000000000000000000e+00
4.845930206445807631e-01 3.460901981800158511e-01 2.000000000000000000e+00 1.110000000000000000e+02 0.000000000000000000e+00
2.459971354709660218e-01 1.537084075216193835e+00 1.300000000000000000e+01 1.240000000000000000e+02 0.000000000000000000e+00
7.683907808035568276e-01 2.095103180574980684e+00 6.000000000000000000e+00 1.520000000000000000e+02 0.000000000000000000e+00
8.996244640079161803e-01 7.933795525590315867e-01 9.000000000000000000e+00 1.690000000000000000e+02 0.000000000000000000e+00
9.959942921139447458e-01 3.409247868324286612e-01 4.000000000000000000e+00 1.430000000000000000e+02 0.000000000000000000e+00
5.698034967536961259e-01 1.481362110197482318e+00 4.000000000000000000e+00 8.000000000000000000e+00 0.000000000000000000e+00
4.992384990641195452e-01 1.816407591419898049e+00 1.900000000000000000e+01 1.190000000000000000e+02 0.000000000000000000e+00
9.196358114462106492e-01 9.205261547828532676e-01 6.000000000000000000e+00 1.710000000000000000e+02 1.000000000000000000e+00
9.493583789113257954e-01 2.033237765935969943e+00 8.000000000000000000e+00 8.900000000000000000e+01 1.000000000000000000e+00
8.787312566393430391e-01 2.157896092917836184e-01 4.000000000000000000e+00 1.000000000000000000e+02 1.000000000000000000e+00
4.550553241664250237e-01 1.958012956072870736e+00 1.200000000000000000e+01 2.100000000000000000e+01 1.000000000000000000e+00
9.359195382120554241e-01 8.037751319387974602e-01 1.900000000000000000e+01 1.700000000000000000e+01 1.000000000000000000e+00
1.167176553674341560e-01 1.742883170545242999e+00 7.000000000000000000e+00 1.900000000000000000e+01 1.000000000000000000e+00
4.887565189143660421e-02 3.853388154068823068e-01 1.100000000000000000e+01 1.980000000000000000e+02 1.000000000000000000e+00
6.973350474692595335e-02 2.420844908618459412e-01 1.800000000000000000e+01 1.490000000000000000e+02 1.000000000000000000e+00
6.659922455793605423e-01 1.290834428665748268e+00 1.000000000000000000e+00 1.320000000000000000e+02 1.000000000000000000e+00
8.855448792919780043e-01 1.090784841892417090e+00 1.900000000000000000e+01 1.280000000000000000e+02 1.000000000000000000e+00
2.369245312901455680e-01 1.723298670344924455e+00 2.000000000000000000e+00 1.260000000000000000e+02 1.000000000000000000e+00
6.742503208080348198e-01 1.721273946124806997e+00 1.400000000000000000e+01 1.700000000000000000e+01 1.000000000000000000e+00
2.145841103883327355e-02 2.210732500566391645e-01 3.000000000000000000e+00 6.100000000000000000e+01 1.000000000000000000e+00
3.689724939662291092e-01 6.852883373649535370e-01 1.000000000000000000e+00 2.900000000000000000e+01 1.000000000000000000e+00
1.020519016745321389e-01 3.480724147079244934e-01 1.000000000000000000e+00 1.620000000000000000e+02 1.000000000000000000e+00
5.401043905270698220e-01 5.695239916831374982e-01 1.600000000000000000e+01 9.500000000000000000e+01 1.000000000000000000e+00
7.812146064067628792e-01 1.597640181664736092e+00 2.000000000000000000e+01 1.300000000000000000e+01 1.000000000000000000e+00
5.751225584086799847e-01 6.862306795692122430e-01 1.800000000000000000e+01 1.040000000000000000e+02 1.000000000000000000e+00
5.963491476122879664e-01 1.697512395592874812e+00 7.000000000000000000e+00 3.900000000000000000e+01 1.000000000000000000e+00
2.779058982346436224e-01 1.079161814286464516e+00 8.000000000000000000e+00 5.800000000000000000e+01 1.000000000000000000e+00
8.010026049320959629e-01 1.855909020552101385e+00 2.000000000000000000e+00 1.110000000000000000e+02 1.000000000000000000e+00
5.319625503532214861e-01 1.944812445730341732e+00 1.900000000000000000e+01 1.160000000000000000e+02 1.000000000000000000e+00
4.188856599329003894e-01 7.846705102321503977e-01 1.000000000000000000e+00 1.380000000000000000e+02 1.000000000000000000e+00
4.213256420592528251e-01 1.323179326593902472e+00 2.000000000000000000e+00 8.800000000000000000e+01 1.000000000000000000e+00
9.908318325508855828e-01 9.767430506209370256e-01 1.100000000000000000e+01 2.300000000000000000e+01 1.000000000000000000e+00
2.967934908356000268e-01 4.546189972951678593e-01 1.600000000000000000e+01 1.890000000000000000e+02 1.000000000000000000e+00
3.373417927343907996e-01 2.072587555586089092e+00 1.700000000000000000e+01 1.110000000000000000e+02 1.000000000000000000e+00
9.029886966049872621e-01 1.703367080431947178e+00 2.000000000000000000e+00 7.900000000000000000e+01 1.000000000000000000e+00
5.962597057184226140e-02 1.321903957967600407e+00 1.600000000000000000e+01 7.500000000000000000e+01 1.000000000000000000e+00
7.811748668064531775e-02 5.612377694487408197e-01 9.000000000000000000e+00 1.400000000000000000e+02 1.000000000000000000e+00
4.837374552941627881e-01 1.153233660915507608e+00 1.000000000000000000e+01 1.490000000000000000e+02 1.000000000000000000e+00
2.397635975259159585e-02 7.411143854469471881e-01 1.400000000000000000e+01 4.700000000000000000e+01 1.000000000000000000e+00
2.669037542839202554e-02 1.537572878266732168e+00 1.000000000000000000e+00 1.390000000000000000e+02 1.000000000000000000e+00
5.843261891941164271e-02 8.981372857483488348e-01 1.100000000000000000e+01 7.700000000000000000e+01 1.000000000000000000e+00
4.508506679270659623e-01 6.330440836769229973e-01 6.000000000000000000e+00 1.350000000000000000e+02 1.000000000000000000e+00
9.142346680914287260e-01 6.301996221309734691e-01 2.000000000000000000e+01 1.000000000000000000e+02 1.000000000000000000e+00
1.209390936217995399e-01 1.862656739610726531e+00 6.000000000000000000e+00 1.810000000000000000e+02 1.000000000000000000e+00
5.369232142970558480e-02 1.699831786600799755e-01 2.000000000000000000e+01 8.100000000000000000e+01 1.000000000000000000e+00
4.790190927162527590e-01 1.631976039142802426e+00 1.200000000000000000e+01 2.000000000000000000e+02 1.000000000000000000e+00
5.370759238222234666e-01 1.529401897707701963e+00 2.000000000000000000e+01 1.610000000000000000e+02 1.000000000000000000e+00
6.844317854906112331e-01 5.494894826981152613e-01 8.000000000000000000e+00 8.400000000000000000e+01 1.000000000000000000e+00
3.752197561975035844e-01 1.224925953483862795e+00 1.300000000000000000e+01 1.870000000000000000e+02 1.000000000000000000e+00
1.909492331852089553e-01 2.709375025587502650e-01 1.300000000000000000e+01 7.700000000000000000e+01 1.000000000000000000e+00
5.987708652022595279e-01 1.902334589912197060e+00 1.700000000000000000e+01 5.600000000000000000e+01 1.000000000000000000e+00
4.968811100350909449e-01 2.836386457937954964e-01 2.000000000000000000e+00 1.140000000000000000e+02 1.000000000000000000e+00
9.045241937253636344e-01 1.333063343275047830e+00 1.900000000000000000e+01 1.160000000000000000e+02 1.000000000000000000e+00
5.789025191366102829e-01 6.498408612569085419e-01 1.500000000000000000e+01 3.000000000000000000e+01 1.000000000000000000e+00
9.030237628401704963e-01 4.768861628894932592e-01 1.000000000000000000e+00 1.380000000000000000e+02 1.000000000000000000e+00
5.792887441685458105e-01 1.150940157637027339e-01 1.300000000000000000e+01 2.900000000000000000e+01 1.000000000000000000e+00
8.078979283744791573e-01 1.427813517396184784e+00 2.000000000000000000e+01 9.600000000000000000e+01 1.000000000000000000e+00
2.338717982997827738e-01 5.026829232049111473e-01 2.000000000000000000e+01 1.210000000000000000e+02 2.000000000000000000e+00
7.255827692372506244e-01 1.577954207766111505e+00 3.000000000000000000e+00 1.930000000000000000e+02 2.000000000000000000e+00
2.746153037509758699e-01 9.368258938486230258e-01 1.700000000000000000e+01 4.500000000000000000e+01 2.000000000000000000e+00
9.055379074721243704e-01 3.753645345453701099e-01 6.000000000000000000e+00 1.030000000000000000e+02 2.000000000000000000e+00
2.613618872306899127e-02 1.112303171868659346e+00 1.000000000000000000e+01 6.200000000000000000e+01 2.000000000000000000e+00
8.342086501061700687e-01 1.848107430920161054e+00 8.000000000000000000e+00 1.810000000000000000e+02 2.000000000000000000e+00
7.014569613365320144e-01 1.431624867739397511e-01 7.000000000000000000e+00 1.700000000000000000e+01 2.000000000000000000e+00
1.035799969622851723e-02 3.184649032878176245e-01 1.100000000000000000e+01 6.800000000000000000e+01 2.000000000000000000e+00
9.120830858951767262e-01 4.506634346120711454e-01 1.200000000000000000e+01 1.370000000000000000e+02 2.000000000000000000e+00
6.842861529372847862e-01 1.083842541397460613e+00 1.600000000000000000e+01 1.190000000000000000e+02 2.000000000000000000e+00
7.857024114165859219e-01 1.725733436596301518e+00 2.000000000000000000e+00 3.100000000000000000e+01 2.000000000000000000e+00
6.114921937445004785e-01 1.350472640463858287e+00 9.000000000000000000e+00 7.700000000000000000e+01 2.000000000000000000e+00
7.020303333431707760e-01 1.331823160884651358e+00 1.600000000000000000e+01 6.400000000000000000e+01 2.000000000000000000e+00
5.359519696678878287e-01 1.920008872013642343e+00 1.200000000000000000e+01 2.000000000000000000e+00 2.000000000000000000e+00
6.227177675074011542e-01 3.702884551170936289e-01 2.000000000000000000e+00 1.130000000000000000e+02 2.000000000000000000e+00
4.074418631303173832e-01 9.073103387486533000e-01 1.500000000000000000e+01 8.600000000000000000e+01 2.000000000000000000e+00
3.058772015435798908e-01 1.892772660771170123e+00 1.500000000000000000e+01 9.500000000000000000e+01 2.000000000000000000e+00
5.630387409513951669e-01 1.861378002958133104e-01 1.800000000000000000e+01 1.890000000000000000e+02 2.000000000000000000e+00
7.332616915625798926e-02 1.070038367200167040e-01 2.000000000000000000e+00 1.740000000000000000e+02 2.000000000000000000e+00
6.852921829279011723e-01 2.716561559528450909e-01 8.000000000000000000e+00 1.410000000000000000e+02 2.000000000000000000e+00
7.873909872247353281e-01 1.468931154051250632e+00 4.000000000000000000e+00 1.830000000000000000e+02 2.000000000000000000e+00
1.930745233546269368e-01 1.426402396327769662e+00 1.300000000000000000e+01 1.420000000000000000e+02 2.000000000000000000e+00
8.922259357397445134e-01 1.714716645297874154e+00 6.000000000000000000e+00 7.300000000000000000e+01 2.000000000000000000e+00
2.561181658060430744e-01 2.009984971804299025e+00 4.000000000000000000e+00 1.660000000000000000e+02 2.000000000000000000e+00
8.858760188001955083e-01 2.082289559001898882e-01 2.000000000000000000e+01 5.700000000000000000e+01 2.000000000000000000e+00
5.507694190763564590e-01 1.868740163743770388e+00 7.000000000000000000e+00 8.300000000000000000e+01 2.000000000000000000e+00
6.537954181929375164e-01 1.782585122709290815e+00 1.700000000000000000e+01 5.000000000000000000e+00 2.000000000000000000e+00
3.520089029565758310e-01 2.907860870218105243e-01 1.600000000000000000e+01 1.880000000000000000e+02 2.000000000000000000e+00
4.729050331094666326e-01 8.238680805315722333e-01 1.900000000000000000e+01 1.820000000000000000e+02 2.000000000000000000e+00
3.161898035006975860e-01 1.732616945255604834e+00 1.200000000000000000e+01 2.000000000000000000e+02 2.000000000000000000e+00
6.437412548281424840e-01 1.365905696941870140e+00 1.600000000000000000e+01 1.290000000000000000e+02 2.000000000000000000e+00
8.768318282789857587e-01 9.476508918098244250e-01 7.000000000000000000e+00 1.030000000000000000e+02 2.000000000000000000e+00
4.637399028818680602e-01 7.288945506091123461e-01 1.100000000000000000e+01 1.380000000000000000e+02 2.000000000000000000e+00
4.919923821282469190e-01 4.491481353132039667e-01 3.000000000000000000e+00 7.000000000000000000e+01 2.000000000000000000e+00
6.544139699722156811e-01 6.642080746338657748e-01 7.000000000000000000e+00 2.700000000000000000e+01 2.000000000000000000e+00
8.866290954750271069e-01 1.257360581589820558e+00 1.000000000000000000e+00 4.300000000000000000e+01 2.000000000000000000e+00
4.646964650348478498e-01 1.870819752157974358e+00 1.600000000000000000e+01 6.600000000000000000e+01 2.000000000000000000e+00
1.235610882917596992e-01 1.342669537197426211e+00 1.000000000000000000e+00 4.500000000000000000e+01 2.000000000000000000e+00
6.935109985074286998e-01 1.757004718114869801e+00 1.600000000000000000e+01 8.600000000000000000e+01 2.000000000000000000e+00
8.108889846640018328e-01 5.721318756296894792e-01 4.000000000000000000e+00 1.800000000000000000e+01 2.000000000000000000e+00
6.702100951695855180e-01 1.816452364356979210e+00 8.000000000000000000e+00 3.700000000000000000e+01 2.000000000000000000e+00
5.646546477700676858e-01 1.282782698315083625e+00 9.000000000000000000e+00 1.100000000000000000e+02 2.000000000000000000e+00
5.780752009275611503e-01 3.590284869742396134e-01 1.900000000000000000e+01 1.470000000000000000e+02 2.000000000000000000e+00
3.593115205398426104e-01 7.512464665276271658e-01 3.000000000000000000e+00 3.400000000000000000e+01 2.000000000000000000e+00
9.965262678293381748e-01 7.085884527035916092e-01 4.000000000000000000e+00 5.000000000000000000e+01 2.000000000000000000e+00
8.069783463263485723e-01 8.990177390432286808e-01 1.000000000000000000e+00 2.100000000000000000e+01 2.000000000000000000e+00
8.266758984592992299e-01 5.427434174625603847e-01 1.800000000000000000e+01 1.380000000000000000e+02 2.000000000000000000e+00
7.171300264547840753e-01 5.203325809344520048e-01 1.700000000000000000e+01 1.410000000000000000e+02 2.000000000000000000e+00
7.593079649316291091e-01 2.414963980292549606e-01 4.000000000000000000e+00 7.200000000000000000e+01 2.000000000000000000e+00
6.910681350223975006e-01 7.809526146914947953e-01 1.900000000000000000e+01 1.700000000000000000e+01 2.000000000000000000e+00
3.187666417778966393e-02 8.145115045542786758e-01 1.000000000000000000e+00 1.380000000000000000e+02 3.000000000000000000e+00
9.970976591045866977e-01 2.014158846583978590e+00 5.000000000000000000e+00 1.460000000000000000e+02 3.000000000000000000e+00
2.007958131787795919e-01 7.570516270950723436e-01 1.700000000000000000e+01 1.170000000000000000e+02 3.000000000000000000e+00
5.308483116754069142e-01 1.785921825438655741e+00 4.000000000000000000e+00 1.200000000000000000e+01 3.000000000000000000e+00
7.868707056108457110e-01 2.032231773061538294e-01 1.700000000000000000e+01 7.500000000000000000e+01 3.000000000000000000e+00
3.783802524381232324e-01 1.166275074709872017e+00 1.900000000000000000e+01 3.000000000000000000e+01 3.000000000000000000e+00
8.951092439312732241e-01 1.004902985140023519e+00 5.000000000000000000e+00 4.500000000000000000e+01 3.000000000000000000e+00
5.887357089819424960e-01 3.908555944518391501e-01 1.600000000000000000e+01 1.280000000000000000e+02 3.000000000000000000e+00
2.642072980590292469e-02 4.359497715755261682e-01 2.000000000000000000e+01 1.090000000000000000e+02 3.000000000000000000e+00
8.987094331382181611e-01 1.613035373954247564e+00 1.100000000000000000e+01 8.000000000000000000e+01 3.000000000000000000e+00
9.540575479362907174e-01 8.429948350601640383e-01 1.400000000000000000e+01 1.580000000000000000e+02 3.000000000000000000e+00
1.827612695190022896e-01 9.140446486233885226e-01 1.400000000000000000e+01 4.800000000000000000e+01 3.000000000000000000e+00
9.920411170047116478e-01 1.787322514044386301e-01 2.000000000000000000e+00 1.550000000000000000e+02 3.000000000000000000e+00
7.899068326538751794e-01 3.191564616647882824e-01 8.000000000000000000e+00 7.600000000000000000e+01 3.000000000000000000e+00
4.220145417216053518e-01 2.024525280250373260e+00 1.900000000000000000e+01 5.100000000000000000e+01 3.000000000000000000e+00
5.944382443334738086e-01 1.096163065617041354e+00 1.000000000000000000e+01 3.700000000000000000e+01 3.000000000000000000e+00
7.256274990656830237e-01 6.079548543069043243e-01 5.000000000000000000e+00 4.000000000000000000e+01 3.000000000000000000e+00
3.606265444066325543e-01 1.189365570593850396e+00 1.800000000000000000e+01 1.530000000000000000e+02 3.000000000000000000e+00
1.391318000546187816e-01 1.181635063342825198e+00 7.000000000000000000e+00 1.670000000000000000e+02 3.000000000000000000e+00
3.907240688630256864e-01 9.778066782059885442e-01 8.000000000000000000e+00 4.300000000000000000e+01 3.000000000000000000e+00
6.104070303264125252e-01 1.967952890638391628e+00 5.000000000000000000e+00 9.900000000000000000e+01 3.000000000000000000e+00
4.024565593936139107e-01 5.037015422658833730e-01 2.000000000000000000e+01 7.300000000000000000e+01 3.000000000000000000e+00
2.095009860625164366e-01 8.543404688565646721e-01 1.500000000000000000e+01 3.500000000000000000e+01 3.000000000000000000e+00
3.404003520012036654e-01 3.324005583956547438e-01 1.300000000000000000e+01 7.700000000000000000e+01 3.000000000000000000e+00
1.843799229208819002e-01 9.864727027719984997e-01 1.200000000000000000e+01 1.420000000000000000e+02 3.000000000000000000e+00
2.812332341433920746e-01 1.020028676901820530e+00 4.000000000000000000e+00 1.560000000000000000e+02 3.000000000000000000e+00
1.586110128391342577e-01 8.544921960304107111e-01 2.000000000000000000e+00 6.000000000000000000e+01 3.000000000000000000e+00
6.197260391206397268e-01 4.665452591749178479e-01 1.800000000000000000e+01 1.030000000000000000e+02 3.000000000000000000e+00
5.724538491938612195e-01 1.139644100220041700e+00 2.000000000000000000e+00 2.000000000000000000e+01 3.000000000000000000e+00
8.704114236571814933e-01 3.772385192309862800e-01 1.800000000000000000e+01 1.440000000000000000e+02 3.000000000000000000e+00
6.888222656259026522e-01 2.751164785622776110e-01 1.200000000000000000e+01 1.070000000000000000e+02 3.000000000000000000e+00
7.920542806690654691e-01 1.033864681072928171e+00 1.600000000000000000e+01 3.300000000000000000e+01 3.000000000000000000e+00
9.111316341102557725e-01 8.492002325773858606e-01 1.000000000000000000e+00 7.900000000000000000e+01 3.000000000000000000e+00
8.371366759924102618e-01 7.065316796395763044e-01 1.600000000000000000e+01 1.980000000000000000e+02 3.000000000000000000e+00
7.321577216379758779e-01 7.935872358008583261e-01 1.100000000000000000e+01 6.000000000000000000e+01 3.000000000000000000e+00
1.276359801609160648e-02 1.647387338717515082e+00 1.600000000000000000e+01 4.200000000000000000e+01 3.000000000000000000e+00
3.252981859700079248e-01 1.294445273229693161e+00 1.800000000000000000e+01 1.190000000000000000e+02 3.000000000000000000e+00
1.072325490628011323e-02 4.860286859032972862e-01 9.000000000000000000e+00 1.000000000000000000e+02 3.000000000000000000e+00
7.289100751019272906e-01 9.811683085516110792e-01 9.000000000000000000e+00 4.000000000000000000e+00 3.000000000000000000e+00
2.975124452928326058e-01 6.700711235501274343e-01 1.700000000000000000e+01 1.070000000000000000e+02 3.000000000000000000e+00
9.163385953475953194e-01 1.519275101913760029e+00 1.600000000000000000e+01 1.180000000000000000e+02 3.000000000000000000e+00
9.054588270658614491e-01 3.956195938420804525e-01 1.700000000000000000e+01 1.090000000000000000e+02 3.000000000000000000e+00
2.602434777998196003e-01 4.550195446208328276e-01 1.000000000000000000e+00 1.420000000000000000e+02 3.000000000000000000e+00
5.194955623668081612e-01 7.862909793208491260e-01 1.800000000000000000e+01 1.300000000000000000e+01 3.000000000000000000e+00
8.617463498819968315e-01 1.642127704986883430e+00 1.800000000000000000e+01 1.370000000000000000e+02 3.000000000000000000e+00
2.582495841339387255e-01 8.972267612774841306e-01 1.300000000000000000e+01 1.820000000000000000e+02 3.000000000000000000e+00
8.314951723294927710e-01 1.438420688512333845e+00 9.000000000000000000e+00 6.500000000000000000e+01 3.000000000000000000e+00
3.206489789113400324e-01 1.076572462423774690e+00 1.700000000000000000e+01 1.000000000000000000e+02 3.000000000000000000e+00
4.818349453116683723e-01 8.810088864536523845e-01 1.500000000000000000e+01 7.200000000000000000e+01 3.000000000000000000e+00
2.354484921531583286e-01 1.870863823343499543e+00 7.000000000000000000e+00 5.400000000000000000e+01 3.000000000000000000e+00
6.705230895124401069e-01 9.083774095090039191e-01 5.000000000000000000e+00 1.280000000000000000e+02 4.000000000000000000e+00
8.766642699595951216e-01 1.736055327124150782e+00 3.000000000000000000e+00 6.900000000000000000e+01 4.000000000000000000e+00
6.559277105972121102e-01 4.163643474084911533e-01 1.600000000000000000e+01 8.200000000000000000e+01 4.000000000000000000e+00
4.641794164150047086e-01 1.481902709462667111e+00 8.000000000000000000e+00 5.000000000000000000e+01 4.000000000000000000e+00
7.987142484376987817e-01 4.546633625966872705e-01 9.000000000000000000e+00 1.400000000000000000e+02 4.000000000000000000e+00
5.411023326779828002e-01 1.276246975569551856e-01 1.700000000000000000e+01 6.200000000000000000e+01 4.000000000000000000e+00
8.498269254742035761e-01 1.101077942961194323e+00 5.000000000000000000e+00 7.000000000000000000e+00 4.000000000000000000e+00
2.013666041828017228e-01 1.171214669181899204e+00 1.700000000000000000e+01 2.900000000000000000e+01 4.000000000000000000e+00
6.783023073848954976e-01 8.749136360000410173e-01 1.800000000000000000e+01 1.500000000000000000e+02 4.000000000000000000e+00
6.088529364756997131e-01 5.822241576638317317e-01 1.000000000000000000e+00 1.820000000000000000e+02 4.000000000000000000e+00
1.009024087134131831e+00 1.934687915200617336e+00 5.000000000000000000e+00 1.690000000000000000e+02 4.000000000000000000e+00
4.850193481196157785e-01 1.584398332111012886e+00 4.000000000000000000e+00 2.400000000000000000e+01 4.000000000000000000e+00
1.305064397374097185e-01 1.918870686303193240e+00 9.000000000000000000e+00 1.100000000000000000e+02 4.000000000000000000e+00
6.082250747430809623e-01 3.766195301529525752e-01 1.900000000000000000e+01 9.500000000000000000e+01 4.000000000000000000e+00
6.210037733461728493e-01 5.654320296801208512e-01 1.200000000000000000e+01 2.200000000000000000e+01 4.000000000000000000e+00
3.228602242571396719e-01 1.545862257360867409e-01 9.000000000000000000e+00 2.900000000000000000e+01 4.000000000000000000e+00
5.321171281278350707e-01 6.567671028329015170e-01 9.000000000000000000e+00 6.800000000000000000e+01 4.000000000000000000e+00
5.681506908473851203e-01 2.477606663687252075e-01 6.000000000000000000e+00 1.690000000000000000e+02 4.000000000000000000e+00
5.276853413918572988e-01 1.786033323833126518e+00 9.000000000000000000e+00 1.150000000000000000e+02 4.000000000000000000e+00
3.629827850771578657e-01 1.554941766980435736e+00 1.400000000000000000e+01 1.850000000000000000e+02 4.000000000000000000e+00
8.265412196002160927e-01 6.492148283975808232e-01 9.000000000000000000e+00 1.360000000000000000e+02 4.000000000000000000e+00
1.241351086444940494e-01 1.250475145602029770e+00 1.500000000000000000e+01 7.000000000000000000e+01 4.000000000000000000e+00
9.648682428020756152e-01 1.991447905855626976e-01 2.000000000000000000e+00 1.250000000000000000e+02 4.000000000000000000e+00
4.934141661666673340e-01 9.657479543648049836e-01 1.400000000000000000e+01 7.500000000000000000e+01 4.000000000000000000e+00
7.043803144272160477e-01 1.989353664200452121e+00 3.000000000000000000e+00 2.900000000000000000e+01 4.000000000000000000e+00
2.358454107262709654e-01 5.640868535566406772e-01 1.000000000000000000e+00 6.300000000000000000e+01 4.000000000000000000e+00
4.416068060469381384e-01 4.278577087845653049e-01 1.000000000000000000e+01 2.800000000000000000e+01 4.000000000000000000e+00
3.321573376985260673e-01 1.389737872547923248e+00 1.000000000000000000e+01 1.650000000000000000e+02 4.000000000000000000e+00
4.936195568771772901e-01 6.926124520834572307e-01 1.400000000000000000e+01 1.550000000000000000e+02 4.000000000000000000e+00
9.810424900818510707e-01 1.504398815570775705e+00 6.000000000000000000e+00 1.310000000000000000e+02 4.000000000000000000e+00
8.884577706834854149e-01 9.559437773525739646e-01 4.000000000000000000e+00 1.750000000000000000e+02 4.000000000000000000e+00
3.257028830591819357e-01 1.677767377175310992e+00 1.400000000000000000e+01 3.800000000000000000e+01 4.000000000000000000e+00
6.057400838561485257e-01 4.031003941867919993e-01 1.700000000000000000e+01 4.400000000000000000e+01 4.000000000000000000e+00
8.864073171773810544e-02 1.985106457668810442e+00 8.000000000000000000e+00 1.560000000000000000e+02 4.000000000000000000e+00
1.695850707599907414e-01 1.598628980040327718e+00 1.500000000000000000e+01 2.000000000000000000e+01 4.000000000000000000e+00
5.722600544227086639e-01 4.661449574663515394e-01 7.000000000000000000e+00 8.900000000000000000e+01 4.000000000000000000e+00
8.585069214257364800e-01 6.179940148854369264e-01 1.400000000000000000e+01 1.190000000000000000e+02 4.000000000000000000e+00
4.657164721080259140e-01 1.318463456866417749e+00 1.700000000000000000e+01 1.480000000000000000e+02 4.000000000000000000e+00
1.528455027638189190e-01 1.461944060973643378e+00 7.000000000000000000e+00 1.240000000000000000e+02 4.000000000000000000e+00
7.636416729755234334e-01 8.685357276536583848e-01 8.000000000000000000e+00 5.900000000000000000e+01 4.000000000000000000e+00
2.973763209265296581e-01 9.137680293966700118e-01 1.500000000000000000e+01 1.200000000000000000e+01 4.000000000000000000e+00
4.059835072551688517e-01 1.401091065541730796e+00 1.800000000000000000e+01 7.800000000000000000e+01 4.000000000000000000e+00
9.445644826823226259e-01 8.016104628361834239e-01 6.000000000000000000e+00 1.020000000000000000e+02 4.000000000000000000e+00
7.284509685758310260e-01 5.399359580412551596e-01 9.000000000000000000e+00 2.500000000000000000e+01 4.000000000000000000e+00
5.138033488979358854e-01 1.891140115206639383e+00 7.000000000000000000e+00 4.700000000000000000e+01 4.000000000000000000e+00
4.623005953877904473e-01 6.149032432542399507e-01 1.600000000000000000e+01 1.770000000000000000e+02 4.000000000000000000e+00
3.777077260949650572e-01 1.900827621094889341e+00 8.000000000000000000e+00 1.730000000000000000e+02 4.000000000000000000e+00
9.772671933413232814e-01 1.295646787532756194e+00 1.700000000000000000e+01 1.500000000000000000e+02 4.000000000000000000e+00
6.268952020828285621e-01 1.264997484732599764e+00 1.400000000000000000e+01 6.600000000000000000e+01 4.000000000000000000e+00
7.847509856173636722e-01 7.567546296045083443e-01 1.100000000000000000e+01 2.700000000000000000e+01 4.000000000000000000e+00
