-1.218527240331720378e+02
-1.149253518474211830e+02
-1.148155671350307898e+02
-1.067268199472460424e+02
-1.330057059396816328e+02
-1.211775286124295832e+02
-9.007765799410402963e+01
-9.535000885334203247e+01
-1.147608710933637894e+02
-1.330968237168230814e+02
-1.324361310377842926e+02
-1.329996742622875274e+02
-9.054802179001374896e+01
-9.699172028103369314e+01
-9.073771126009849297e+01
-1.002481293805628439e+02
-9.120261722196541143e+01
-8.933528137164532268e+01
-1.324938826521943724e+02
-1.330955391009540563e+02
-9.444591858981516452e+01
-1.154922578026539810e+02
-1.218729349704573650e+02
-1.254184511737142174e+02
-1.039674887428865730e+02
-1.330886521306589998e+02
-9.467124897489989621e+01
-1.330967979515216371e+02
-9.520267515234681355e+01
-1.330967868630679050e+02
-1.315291664196622889e+02
-1.322897625816254674e+02
-1.051879037181946188e+02
-1.296278056615476260e+02
-9.601666121206730509e+01
-1.143764490032942405e+02
-1.001525242483628517e+02
-9.082629982188186091e+01
-1.323905631958994036e+02
-1.247558904883489248e+02
-1.330966399158747606e+02
-1.307356935313025303e+02
-1.317433783524359683e+02
-9.579980184929570441e+01
-1.330937518680348433e+02
-1.330968180933492704e+02
-1.150714284627344881e+02
-9.361197891428238904e+01
-1.330956361909614429e+02
-1.330965523195717992e+02
-1.174785692912237067e+02
-1.278400710133743985e+02
-8.813116265663225590e+01
-1.278400189586986784e+02
-1.138857668180849316e+02
-1.278337846707474341e+02
-9.435426658830405700e+01
-8.818830585909903164e+01
-1.266008630633029668e+02
-1.229183522146056475e+02
-1.278400878685107500e+02
-1.278390497185958594e+02
-1.176736589328454556e+02
-1.107564654072699142e+02
-1.024718024010182518e+02
-1.007705566151113459e+02
-1.278379325452053621e+02
-1.063601507201080665e+02
-1.278397989227265725e+02
-1.243528953184126067e+02
-1.278400599418103099e+02
-1.278399379928058153e+02
-1.125140805467973877e+02
-1.277592145241655004e+02
-1.198770976849635588e+02
-9.525183505591819255e+01
-1.278400065537439190e+02
-1.278401330078374940e+02
-1.277855592680888748e+02
-1.024413678853723013e+02
-1.243228127756459429e+02
-1.259724635610310628e+02
-1.278393536395604428e+02
-1.238361192801548327e+02
-1.037230237573558895e+02
-1.044645307021481386e+02
-1.278401210421617122e+02
-9.089724125012283196e+01
-1.278389010425115231e+02
-1.277760626357701454e+02
-1.001669257077452784e+02
-1.256365285310944415e+02
-8.842851989495970599e+01
-1.278400264310585897e+02
-9.234781361901474384e+01
-1.269470898644503336e+02
-1.056111929440012744e+02
-1.053066267245331318e+02
-9.115735187742983214e+01
-1.276053826162884945e+02
-9.517207234371241498e+01
-1.234842385283074719e+02
-1.146486695424336659e+02
-9.036272086481230303e+01
-1.233038528698830589e+02
-1.235615121659406839e+02
-8.604413521680871213e+01
-1.196094019194395202e+02
-9.326802167664475007e+01
-1.183123775345604827e+02
-1.235614037045062616e+02
-1.231222318864598577e+02
-1.229563697895801795e+02
-1.235364256453718212e+02
-9.229333041582366093e+01
-1.129810113600412365e+02
-1.235614517816973006e+02
-8.849610337260460824e+01
-8.857905768435394123e+01
-8.666383948323040443e+01
-1.231863607319766913e+02
-1.235352877399060674e+02
-1.235613653666879657e+02
-1.235614937401820583e+02
-8.744159710480660408e+01
-1.235615250745979949e+02
-1.235581258430426885e+02
-8.695583566371233530e+01
-1.093588361964983591e+02
-1.235611463632255749e+02
-1.227271618302878693e+02
-1.145114014044994946e+02
-1.051056202400145594e+02
-9.295080477108096773e+01
-1.034788903519835372e+02
-1.231296581133163528e+02
-1.235616149127680501e+02
-1.235592304173957388e+02
-1.235611481509652094e+02
-1.009592527901876053e+02
-1.235615319096891653e+02
-1.221114435060312502e+02
-8.913971911294360950e+01
-1.088648122387095185e+02
-1.049336129850312744e+02
-1.134830985880952170e+02
-9.717189715277149276e+01
-9.604569996734220183e+01
-8.650754796174612693e+01
-1.098895172077093036e+02
-1.220226567978441636e+02
-1.239422837811525255e+02
-1.072562285971865492e+02
-1.239421125018306924e+02
-8.689797766839734550e+01
-1.232266379802466219e+02
-1.169200627626352400e+02
-9.001833793805306527e+01
-1.044856141961249421e+02
-1.239399435249663526e+02
-1.109493332889964137e+02
-1.154782698755895183e+02
-8.866285418230521032e+01
-8.758814786429287835e+01
-1.239422502738778604e+02
-1.199508926209861528e+02
-1.003425716379146735e+02
-1.211371953436921416e+02
-1.220081821546491057e+02
-1.162319227689980750e+02
-1.239422849864897529e+02
-9.506612008134119662e+01
-1.138056787121950464e+02
-8.769515677394974773e+01
-1.159086461662556218e+02
-1.169156144281740239e+02
-1.140751340118587791e+02
-9.340559683943659763e+01
-1.238031117378898927e+02
-8.990280386923774358e+01
-8.681754752133466013e+01
-1.177422672196056084e+02
-1.119080315919871680e+02
-1.046331727262853377e+02
-1.088781500160093572e+02
-1.237817241669762751e+02
-1.229277066597878019e+02
-1.198061818435444366e+02
-1.234245174120024870e+02
-1.027041175322039379e+02
-1.237586945882638929e+02
-9.036930880633168783e+01
-1.015122120927096034e+02
-1.116826530099074688e+02
-1.239318527082114088e+02
-1.128908798792554364e+02
-1.238420955143778315e+02
-1.186411482271330584e+02
-1.126308452080720741e+02
-1.239424204144836068e+02
-1.151537382181202958e+02
-1.251434035715173394e+02
-9.268564712181806442e+01
-1.251412228046361577e+02
-9.461655296774034696e+01
-9.261872857858615760e+01
-1.249732462767676253e+02
-1.248990869431365809e+02
-1.140806086902445884e+02
-1.060752848392782823e+02
-1.251434431707568109e+02
-1.251433291249714586e+02
-1.251434616022629029e+02
-9.079439346892363005e+01
-1.006165496677719204e+02
-8.596895474320442077e+01
-1.039653008276607835e+02
-8.737292731801747436e+01
-1.251433095210575885e+02
-1.251132127801701301e+02
-1.037090795412396886e+02
-1.250517972288489403e+02
-8.974404102066664279e+01
-1.169484965264722405e+02
-1.251434290594352348e+02
-1.054743676944970758e+02
-9.428914707667952655e+01
-1.247505196810081003e+02
-1.054839633163876300e+02
-1.250020998739425124e+02
-1.169127760962028901e+02
-1.251424103887925412e+02
-9.226534394746070689e+01
-1.251432698523777844e+02
-1.251339420086343068e+02
-9.477889456630916243e+01
-1.023091791696252102e+02
-1.240892471651495015e+02
-1.251389717753525304e+02
-1.139420122849571015e+02
-1.225509753236553365e+02
-1.250735141131912371e+02
-1.109020828138745856e+02
-9.919722776446194246e+01
-1.251434503894461585e+02
-1.018550271106712870e+02
-1.251434058244927883e+02
-1.239243107940438051e+02
-1.238442044390332768e+02
-1.101287881803628466e+02
