9.410130103496896492e-01 8.947721892482239925e-01 8.000000000000000000e+00 1.350000000000000000e+02 0.000000000000000000e+00
1.187986178917693619e-01 1.220495382979524646e+00 3.000000000000000000e+00 1.360000000000000000e+02 0.000000000000000000e+00
2.956108509674233442e-01 1.462781619681271295e+00 3.000000000000000000e+00 6.500000000000000000e+01 0.000000000000000000e+00
9.642329061490645392e-01 1.811021907614997151e+00 1.800000000000000000e+01 3.800000000000000000e+01 0.000000000000000000e+00
3.635832249987074327e-01 1.157948620175950127e+00 1.100000000000000000e+01 6.900000000000000000e+01 0.000000000000000000e+00
4.358897102262443424e-01 2.029651035530375403e+00 1.000000000000000000e+00 1.270000000000000000e+02 0.000000000000000000e+00
3.903559010573579569e-01 4.124210419828034935e-01 1.100000000000000000e+01 1.350000000000000000e+02 0.000000000000000000e+00
5.097499897747763686e-01 1.114441699387351159e+00 1.700000000000000000e+01 8.000000000000000000e+00 0.000000000000000000e+00
1.741273477639618816e-01 1.126740052955736537e+00 2.000000000000000000e+01 1.530000000000000000e+02 0.000000000000000000e+00
1.367975491906953112e-01 1.799892101005830192e+00 9.000000000000000000e+00 1.420000000000000000e+02 0.000000000000000000e+00
8.740199825886472984e-02 5.188808677536448366e-01 1.600000000000000000e+01 8.000000000000000000e+01 0.000000000000000000e+00
5.443311277963059913e-01 1.148812317868411981e+00 1.000000000000000000e+01 7.100000000000000000e+01 0.000000000000000000e+00
8.469193357068545147e-01 1.193699982308872976e+00 1.200000000000000000e+01 7.800000000000000000e+01 0.000000000000000000e+00
9.270370195204113983e-01 4.294860250711997063e-01 1.800000000000000000e+01 1.250000000000000000e+02 0.000000000000000000e+00
2.201262041540504866e-01 5.696671382903523151e-01 1.900000000000000000e+01 1.970000000000000000e+02 0.000000000000000000e+00
3.045672758702283600e-01 1.729619869601407567e+00 9.000000000000000000e+00 4.000000000000000000e+01 0.000000000000000000e+00
8.697217801615986232e-01 8.432581957505117520e-01 1.600000000000000000e+01 1.760000000000000000e+02 0.000000000000000000e+00
5.122313633256535548e-01 8.236026323221613543e-01 1.600000000000000000e+01 1.220000000000000000e+02 0.000000000000000000e+00
3.038289888072468470e-01 2.084625481775063349e+00 2.000000000000000000e+00 1.720000000000000000e+02 0.000000000000000000e+00
2.014401930400594454e-01 1.309723290281282315e+00 2.000000000000000000e+01 6.700000000000000000e+01 0.000000000000000000e+00
1.801333525088528731e-01 2.041123537540423971e+00 1.000000000000000000e+00 8.700000000000000000e+01 0.000000000000000000e+00
1.955561980907460917e-01 1.625171361704430328e+00 2.000000000000000000e+00 7.900000000000000000e+01 0.000000000000000000e+00
7.841465464083869907e-01 2.785392387744608511e-01 1.100000000000000000e+01 1.190000000000000000e+02 0.000000000000000000e+00
6.503519394162606826e-01 1.033099048088166105e+00 8.000000000000000000e+00 1.120000000000000000e+02 0.000000000000000000e+00
2.104295071464007405e-01 1.567664681367165525e+00 1.500000000000000000e+01 1.870000000000000000e+02 0.000000000000000000e+00
9.489484285217963944e-01 1.187772595362005967e+00 1.500000000000000000e+01 1.720000000000000000e+02 0.000000000000000000e+00
1.623628158562779866e-01 1.269227636778254009e+00 1.000000000000000000e+01 1.840000000000000000e+02 0.000000000000000000e+00
9.705513788146483689e-01 6.959795265789575636e-01 7.000000000000000000e+00 1.000000000000000000e+02 0.000000000000000000e+00
1.979440046657046093e-01 1.614179304928400338e+00 1.700000000000000000e+01 8.600000000000000000e+01 0.000000000000000000e+00
7.609191948489587576e-01 1.945211642135068753e-01 1.700000000000000000e+01 7.000000000000000000e+01 0.000000000000000000e+00
5.189539542011071260e-01 1.871551649173505139e+00 1.900000000000000000e+01 7.100000000000000000e+01 0.000000000000000000e+00
6.362549523944079910e-01 7.265297403564588974e-01 2.000000000000000000e+01 3.600000000000000000e+01 0.000000000000000000e+00
1.504496897741749439e-01 5.127777898446851390e-01 3.000000000000000000e+00 1.740000000000000000e+02 0.000000000000000000e+00
8.714217185829674639e-01 1.932216711638571560e+00 2.000000000000000000e+00 3.900000000000000000e+01 0.000000000000000000e+00
4.838266575027099226e-01 8.471171066405370764e-01 5.000000000000000000e+00 7.100000000000000000e+01 0.000000000000000000e+00
2.778200590317624757e-02 1.616026589998672824e-01 1.000000000000000000e+01 7.200000000000000000e+01 0.000000000000000000e+00
4.970364657442902789e-01 7.249402456830583708e-01 1.800000000000000000e+01 1.770000000000000000e+02 0.000000000000000000e+00
5.969793147430882962e-01 1.925346802951010128e+00 2.000000000000000000e+00 8.500000000000000000e+01 0.000000000000000000e+00
9.020500118517303656e-02 1.427555921502948522e+00 8.000000000000000000e+00 5.500000000000000000e+01 0.000000000000000000e+00
8.736768315032352739e-01 1.867138097093002713e+00 8.000000000000000000e+00 1.490000000000000000e+02 0.000000000000000000e+00
1.349206989948560365e-01 4.391893956262978849e-01 1.000000000000000000e+01 9.400000000000000000e+01 0.000000000000000000e+00
2.951117959265284751e-01 6.753990612637869040e-01 1.000000000000000000e+00 1.300000000000000000e+02 0.000000000000000000e+00
6.876974223707138512e-01 7.863641972447191764e-01 2.000000000000000000e+00 1.130000000000000000e+02 0.000000000000000000e+00
6.160284199685314155e-01 1.219543885445148579e+00 1.800000000000000000e+01 1.260000000000000000e+02 0.000000000000000000e+00
6.171687654964359560e-01 1.873109413492048292e+00 8.000000000000000000e+00 8.500000000000000000e+01 0.000000000000000000e+00
2.404917238914897615e-01 1.002475960639295671e+00 5.000000000000000000e+00 1.300000000000000000e+02 0.000000000000000000e+00
8.637479653407561520e-01 1.237801464391323769e+00 4.000000000000000000e+00 1.420000000000000000e+02 0.000000000000000000e+00
1.734122150593552236e-01 2.082860560007452566e+00 9.000000000000000000e+00 1.650000000000000000e+02 0.000000000000000000e+00
8.951057673373873369e-01 4.072451840264860179e-01 2.000000000000000000e+01 1.170000000000000000e+02 0.000000000000000000e+00
1.005172753613175818e+00 7.939859352843569029e-01 1.100000000000000000e+01 4.100000000000000000e+01 0.000000000000000000e+00
2.084696450071884533e-01 6.617270088836894049e-01 7.000000000000000000e+00 7.700000000000000000e+01 1.000000000000000000e+00
5.328728833962895761e-01 5.771190698962919141e-01 1.300000000000000000e+01 7.700000000000000000e+01 1.000000000000000000e+00
9.019855129849042585e-01 2.177751685248233982e-01 2.000000000000000000e+00 1.730000000000000000e+02 1.000000000000000000e+00
6.225970177822653939e-01 2.734272843524866436e-01 8.000000000000000000e+00 1.620000000000000000e+02 1.000000000000000000e+00
4.255624726799993596e-01 5.055148390315119533e-01 9.000000000000000000e+00 1.220000000000000000e+02 1.000000000000000000e+00
1.604668302856189221e-01 5.851369418052269067e-01 1.300000000000000000e+01 6.600000000000000000e+01 1.000000000000000000e+00
7.657052315542568488e-01 1.268244075698717666e+00 1.100000000000000000e+01 8.200000000000000000e+01 1.000000000000000000e+00
8.604304377166630546e-01 1.695851751946803931e+00 1.500000000000000000e+01 5.000000000000000000e+00 1.000000000000000000e+00
6.717422342949000980e-01 1.932428491587714348e+00 1.200000000000000000e+01 1.280000000000000000e+02 1.000000000000000000e+00
2.174832484470015093e-01 1.682886053607671739e+00 1.500000000000000000e+01 1.500000000000000000e+02 1.000000000000000000e+00
1.292896331428983192e-01 1.385276515738731673e+00 1.100000000000000000e+01 6.200000000000000000e+01 1.000000000000000000e+00
4.911516663094600554e-01 7.529523440665876199e-01 1.200000000000000000e+01 1.390000000000000000e+02 1.000000000000000000e+00
2.939102371572340777e-01 2.583754253562576819e-01 3.000000000000000000e+00 1.250000000000000000e+02 1.000000000000000000e+00
2.021247743224103832e-01 6.407176804411461868e-01 1.400000000000000000e+01 9.200000000000000000e+01 1.000000000000000000e+00
9.741994416879639074e-01 4.448236261370460687e-01 1.500000000000000000e+01 3.200000000000000000e+01 1.000000000000000000e+00
1.810084067496006144e-01 1.912513691465102639e+00 9.000000000000000000e+00 6.300000000000000000e+01 1.000000000000000000e+00
3.459713051211626977e-01 1.153514528745240852e+00 7.000000000000000000e+00 2.600000000000000000e+01 1.000000000000000000e+00
9.245600873526911290e-01 2.073230598609194786e+00 1.400000000000000000e+01 1.500000000000000000e+01 1.000000000000000000e+00
5.187216165568220294e-01 2.001002438592474064e+00 1.700000000000000000e+01 1.190000000000000000e+02 1.000000000000000000e+00
1.359226817513783381e-01 4.869302222042423134e-01 4.000000000000000000e+00 5.500000000000000000e+01 1.000000000000000000e+00
5.589354075911662223e-01 2.563865774056147684e-01 5.000000000000000000e+00 1.100000000000000000e+01 1.000000000000000000e+00
7.591795542931062402e-01 1.879728413073261439e+00 1.600000000000000000e+01 7.300000000000000000e+01 1.000000000000000000e+00
4.026395173149640572e-01 5.881446535331268377e-01 5.000000000000000000e+00 6.000000000000000000e+01 1.000000000000000000e+00
3.919847985931086409e-01 5.835950730899442940e-01 1.400000000000000000e+01 5.500000000000000000e+01 1.000000000000000000e+00
6.102765776440122192e-01 8.928093797336077442e-01 5.000000000000000000e+00 1.050000000000000000e+02 1.000000000000000000e+00
2.800851071975958284e-01 4.746060824945209644e-01 1.000000000000000000e+00 6.300000000000000000e+01 1.000000000000000000e+00
5.158112020815007748e-01 1.003723272043195891e+00 1.000000000000000000e+01 1.210000000000000000e+02 1.000000000000000000e+00
4.140890046656421353e-01 6.837009680576232595e-01 9.000000000000000000e+00 3.100000000000000000e+01 1.000000000000000000e+00
8.230873153621391936e-01 1.420817024529173134e+00 1.000000000000000000e+01 1.130000000000000000e+02 1.000000000000000000e+00
6.426517171718271193e-01 4.206032225315733397e-01 2.000000000000000000e+00 2.200000000000000000e+01 1.000000000000000000e+00
2.593967467724742626e-01 6.837045215693638989e-01 4.000000000000000000e+00 7.400000000000000000e+01 1.000000000000000000e+00
7.006349831628930769e-01 1.477837184916006352e+00 9.000000000000000000e+00 1.600000000000000000e+01 1.000000000000000000e+00
3.663985506181812735e-01 1.691097471164377142e+00 9.000000000000000000e+00 5.000000000000000000e+00 1.000000000000000000e+00
1.430302530376929004e-01 1.871445115149320770e+00 7.000000000000000000e+00 1.000000000000000000e+01 1.000000000000000000e+00
9.484004823559359920e-01 1.569284966246355051e+00 1.800000000000000000e+01 1.870000000000000000e+02 1.000000000000000000e+00
8.183228252410590375e-01 1.259233576196712390e+00 2.000000000000000000e+00 4.700000000000000000e+01 1.000000000000000000e+00
8.492109822895905769e-01 1.684609804772972952e+00 3.000000000000000000e+00 1.240000000000000000e+02 1.000000000000000000e+00
7.490625064844680381e-01 1.880873918635485031e+00 1.000000000000000000e+01 9.200000000000000000e+01 1.000000000000000000e+00
3.993264412013374648e-02 1.361022322272659624e+00 1.900000000000000000e+01 2.000000000000000000e+00 1.000000000000000000e+00
4.434063898164082307e-01 4.366120592220544827e-01 4.000000000000000000e+00 3.500000000000000000e+01 1.000000000000000000e+00
6.555043480632820607e-01 9.355464783070001067e-01 1.100000000000000000e+01 1.220000000000000000e+02 1.000000000000000000e+00
3.745301114340329196e-01 2.835478078445937689e-01 9.000000000000000000e+00 9.700000000000000000e+01 1.000000000000000000e+00
3.745887334406562408e-01 1.303639789396865423e+00 4.000000000000000000e+00 7.000000000000000000e+01 1.000000000000000000e+00
1.131175424680047475e-01 9.016797166331779190e-01 2.000000000000000000e+01 1.480000000000000000e+02 1.000000000000000000e+00
6.777979197694868896e-01 1.944368323885570016e+00 1.800000000000000000e+01 5.000000000000000000e+00 1.000000000000000000e+00
9.525290331453479808e-01 8.122622582895465682e-01 7.000000000000000000e+00 1.960000000000000000e+02 1.000000000000000000e+00
4.134382800251856088e-02 1.583590830781205439e+00 8.000000000000000000e+00 1.560000000000000000e+02 1.000000000000000000e+00
3.561997333654050024e-01 1.007801350238005211e+00 1.600000000000000000e+01 1.540000000000000000e+02 1.000000000000000000e+00
1.193902183946219248e-01 1.205390320641242408e+00 1.000000000000000000e+01 1.780000000000000000e+02 1.000000000000000000e+00
1.022899127844880546e-01 1.617462947338757173e+00 9.000000000000000000e+00 1.790000000000000000e+02 1.000000000000000000e+00
5.485431642830477239e-01 9.950559020484851525e-01 8.000000000000000000e+00 7.700000000000000000e+01 2.000000000000000000e+00
8.507521727861465377e-02 2.071580211449352227e+00 1.000000000000000000e+00 1.120000000000000000e+02 2.000000000000000000e+00
5.304378490951037195e-01 1.176063385896058078e+00 6.000000000000000000e+00 1.020000000000000000e+02 2.000000000000000000e+00
4.947706107199227876e-01 6.761817866989706660e-01 2.000000000000000000e+00 8.000000000000000000e+01 2.000000000000000000e+00
9.280131511957980806e-01 7.934969666398309363e-01 1.000000000000000000e+00 1.480000000000000000e+02 2.000000000000000000e+00
7.961526545993001802e-01 1.358773071039715896e+00 2.000000000000000000e+01 1.800000000000000000e+01 2.000000000000000000e+00
6.281021803457433883e-01 4.852502225179157191e-01 8.000000000000000000e+00 1.300000000000000000e+01 2.000000000000000000e+00
6.289596357063471643e-01 1.826120298309958478e+00 6.000000000000000000e+00 1.340000000000000000e+02 2.000000000000000000e+00
1.367887650432850766e-01 1.571685583758148930e+00 5.000000000000000000e+00 1.950000000000000000e+02 2.000000000000000000e+00
7.071815833844844468e-01 1.293906107295862862e+00 1.900000000000000000e+01 1.940000000000000000e+02 2.000000000000000000e+00
4.814340396230102348e-01 1.599320444324690005e+00 1.600000000000000000e+01 1.100000000000000000e+01 2.000000000000000000e+00
6.495163651721787001e-01 2.715254292887515630e-01 2.000000000000000000e+01 4.800000000000000000e+01 2.000000000000000000e+00
4.856659155114159132e-01 1.131614202600761621e+00 1.100000000000000000e+01 1.280000000000000000e+02 2.000000000000000000e+00
1.401328063046677341e-01 1.856654199044216691e+00 1.000000000000000000e+01 1.700000000000000000e+01 2.000000000000000000e+00
6.840706270458731808e-01 1.700760081011244873e+00 9.000000000000000000e+00 1.330000000000000000e+02 2.000000000000000000e+00
2.445454440424406073e-01 1.576158527755457506e+00 1.400000000000000000e+01 2.900000000000000000e+01 2.000000000000000000e+00
9.141395548006091276e-02 1.796310464127508943e+00 1.600000000000000000e+01 5.100000000000000000e+01 2.000000000000000000e+00
1.434033834444815581e-01 1.545311050888925897e-01 1.600000000000000000e+01 1.480000000000000000e+02 2.000000000000000000e+00
9.852765213975139824e-01 1.857565800917380994e+00 1.800000000000000000e+01 1.560000000000000000e+02 2.000000000000000000e+00
3.397465998884567906e-01 9.097985500298267914e-01 1.200000000000000000e+01 1.310000000000000000e+02 2.000000000000000000e+00
8.205761457512137369e-01 3.355766750946670429e-01 5.000000000000000000e+00 7.000000000000000000e+01 2.000000000000000000e+00
6.209835559677059358e-01 8.389115111384773948e-01 1.100000000000000000e+01 3.700000000000000000e+01 2.000000000000000000e+00
2.409764529444982095e-01 1.474047858035900660e+00 1.000000000000000000e+00 1.390000000000000000e+02 2.000000000000000000e+00
6.571500023483491937e-01 8.550308884747889193e-01 1.200000000000000000e+01 2.300000000000000000e+01 2.000000000000000000e+00
8.242860068834897413e-01 1.822581337520472244e+00 1.100000000000000000e+01 1.230000000000000000e+02 2.000000000000000000e+00
4.393269097424330472e-01 7.084011526864505415e-01 9.000000000000000000e+00 1.100000000000000000e+01 2.000000000000000000e+00
3.685871458096900977e-01 2.371777794458770627e-01 1.300000000000000000e+01 1.570000000000000000e+02 2.000000000000000000e+00
8.949972112960343784e-01 1.527505957488532184e-01 1.000000000000000000e+00 1.570000000000000000e+02 2.000000000000000000e+00
6.287591902796874077e-01 1.480237898792115869e+00 7.000000000000000000e+00 5.400000000000000000e+01 2.000000000000000000e+00
2.476418540004651225e-01 1.672924319521072345e+00 5.000000000000000000e+00 1.590000000000000000e+02 2.000000000000000000e+00
2.656541475178252759e-02 1.844626249454479394e+00 2.000000000000000000e+00 1.150000000000000000e+02 2.000000000000000000e+00
7.975881880421746839e-01 1.198321762839921423e+00 6.000000000000000000e+00 1.620000000000000000e+02 2.000000000000000000e+00
4.943107593202040739e-01 2.036761342853645296e+00 1.900000000000000000e+01 2.000000000000000000e+02 2.000000000000000000e+00
3.753663727891033419e-01 7.276275827056791767e-01 9.000000000000000000e+00 1.830000000000000000e+02 2.000000000000000000e+00
4.186290931884679711e-01 1.361472356043812670e+00 1.500000000000000000e+01 1.120000000000000000e+02 2.000000000000000000e+00
8.789390897714420559e-02 1.638822201120926580e+00 1.400000000000000000e+01 1.090000000000000000e+02 2.000000000000000000e+00
8.990689151369815058e-01 1.528133748414796544e+00 2.000000000000000000e+01 1.950000000000000000e+02 2.000000000000000000e+00
8.569422489571272283e-01 1.197254111743020877e+00 5.000000000000000000e+00 4.900000000000000000e+01 2.000000000000000000e+00
2.813958699095637783e-01 6.051445987103140078e-01 7.000000000000000000e+00 1.120000000000000000e+02 2.000000000000000000e+00
5.258660179613622310e-01 1.165300725419747829e+00 1.500000000000000000e+01 8.700000000000000000e+01 2.000000000000000000e+00
7.436524113526622459e-01 1.444914008867095534e+00 3.000000000000000000e+00 1.630000000000000000e+02 2.000000000000000000e+00
2.441117549848427215e-01 1.046721464255757850e+00 1.300000000000000000e+01 1.500000000000000000e+02 2.000000000000000000e+00
2.192547469368202329e-01 2.074865031962367823e+00 7.000000000000000000e+00 1.110000000000000000e+02 2.000000000000000000e+00
9.058584792586006351e-01 1.013580508038171457e+00 7.000000000000000000e+00 1.940000000000000000e+02 2.000000000000000000e+00
5.490430205671995578e-01 1.612317857289320422e+00 1.100000000000000000e+01 1.540000000000000000e+02 2.000000000000000000e+00
6.746007398618496520e-01 1.302778365825992601e+00 9.000000000000000000e+00 6.200000000000000000e+01 2.000000000000000000e+00
7.129918774378025681e-01 1.465246516924908482e+00 4.000000000000000000e+00 4.200000000000000000e+01 2.000000000000000000e+00
3.040339455729330620e-01 1.522294211390047725e+00 1.200000000000000000e+01 1.880000000000000000e+02 2.000000000000000000e+00
8.240735637840422845e-01 1.576646446588755079e+00 1.900000000000000000e+01 2.700000000000000000e+01 2.000000000000000000e+00
9.492522644451758529e-01 1.478227081943087606e+00 5.000000000000000000e+00 1.500000000000000000e+02 2.000000000000000000e+00
7.895434961141376551e-01 1.785330046337471499e+00 9.000000000000000000e+00 1.300000000000000000e+01 3.000000000000000000e+00
4.720707594907049831e-01 2.561500359553622319e-01 5.000000000000000000e+00 9.900000000000000000e+01 3.000000000000000000e+00
2.762291952679666318e-01 1.115206383026630999e+00 6.000000000000000000e+00 8.100000000000000000e+01 3.000000000000000000e+00
1.596951437323707035e-01 1.887749377565762554e+00 1.400000000000000000e+01 4.400000000000000000e+01 3.000000000000000000e+00
2.836872455965710332e-02 1.683947478442044954e+00 1.300000000000000000e+01 1.260000000000000000e+02 3.000000000000000000e+00
5.395687481956247256e-01 6.218526226093613607e-01 9.000000000000000000e+00 9.900000000000000000e+01 3.000000000000000000e+00
8.629056577941537354e-01 1.762215497227327399e+00 1.600000000000000000e+01 3.800000000000000000e+01 3.000000000000000000e+00
3.390483738498464295e-01 1.490103146971814008e+00 1.000000000000000000e+00 8.100000000000000000e+01 3.000000000000000000e+00
8.825153481441108116e-01 1.650847147506345536e+00 1.700000000000000000e+01 2.200000000000000000e+01 3.000000000000000000e+00
5.395958603283245170e-01 6.804170535086341287e-01 1.200000000000000000e+01 6.300000000000000000e+01 3.000000000000000000e+00
3.940315357927522966e-01 8.358994518244123872e-01 6.000000000000000000e+00 1.500000000000000000e+02 3.000000000000000000e+00
8.733659044773469660e-01 1.475944767345734876e+00 1.300000000000000000e+01 1.580000000000000000e+02 3.000000000000000000e+00
8.153007252066191146e-01 2.723218822150862417e-01 9.000000000000000000e+00 1.790000000000000000e+02 3.000000000000000000e+00
1.347280376491865293e-02 9.202167999248583863e-01 6.000000000000000000e+00 1.420000000000000000e+02 3.000000000000000000e+00
7.335147846173549757e-01 1.678726946536654996e+00 3.000000000000000000e+00 1.570000000000000000e+02 3.000000000000000000e+00
5.828252936941879375e-02 5.325755193051874281e-01 6.000000000000000000e+00 7.800000000000000000e+01 3.000000000000000000e+00
7.004072530440802469e-01 2.068664291190195570e+00 6.000000000000000000e+00 9.300000000000000000e+01 3.000000000000000000e+00
6.379195718197891996e-01 1.158213133302175235e+00 1.900000000000000000e+01 1.260000000000000000e+02 3.000000000000000000e+00
6.607996491478308476e-01 8.495150135633261490e-01 1.900000000000000000e+01 1.090000000000000000e+02 3.000000000000000000e+00
4.471432952485725476e-01 1.720894737403599883e+00 1.800000000000000000e+01 1.320000000000000000e+02 3.000000000000000000e+00
8.875202600503335759e-01 1.163839408733997383e+00 2.000000000000000000e+01 1.870000000000000000e+02 3.000000000000000000e+00
2.582532876373658803e-01 2.028356840389649918e+00 1.000000000000000000e+01 2.400000000000000000e+01 3.000000000000000000e+00
7.551897755944790847e-01 1.853728528856464441e+00 1.900000000000000000e+01 1.370000000000000000e+02 3.000000000000000000e+00
9.896340127082581262e-01 6.318250587157842046e-01 1.500000000000000000e+01 9.400000000000000000e+01 3.000000000000000000e+00
6.246822937522488184e-01 2.039407176594891347e+00 1.200000000000000000e+01 1.290000000000000000e+02 3.000000000000000000e+00
5.347721907125995155e-01 6.758033101994090908e-01 9.000000000000000000e+00 3.900000000000000000e+01 3.000000000000000000e+00
9.708673509901768472e-01 6.055678165379249078e-01 1.200000000000000000e+01 1.760000000000000000e+02 3.000000000000000000e+00
7.024639554069711522e-01 2.536884658509314106e-01 1.300000000000000000e+01 1.000000000000000000e+02 3.000000000000000000e+00
2.727592335798644657e-02 9.114688015353745731e-01 4.000000000000000000e+00 1.720000000000000000e+02 3.000000000000000000e+00
3.898953344474253013e-01 1.977869587051402922e+00 6.000000000000000000e+00 1.800000000000000000e+02 3.000000000000000000e+00
1.419146281603352877e-01 2.967706601486571616e-01 3.000000000000000000e+00 1.220000000000000000e+02 3.000000000000000000e+00
4.411993325148767520e-01 2.055120132110591413e+00 1.400000000000000000e+01 1.230000000000000000e+02 3.000000000000000000e+00
4.605610336167483831e-01 4.584831409079711539e-01 7.000000000000000000e+00 6.300000000000000000e+01 3.000000000000000000e+00
9.018702689705063724e-01 1.481035773391459642e+00 7.000000000000000000e+00 1.560000000000000000e+02 3.000000000000000000e+00
3.142658294127794738e-01 1.938523826651379789e+00 2.000000000000000000e+00 4.300000000000000000e+01 3.000000000000000000e+00
2.775109028807966061e-01 1.306817429621499882e-01 1.200000000000000000e+01 3.700000000000000000e+01 3.000000000000000000e+00
2.491907830263592194e-01 4.627762486101471007e-01 1.900000000000000000e+01 7.300000000000000000e+01 3.000000000000000000e+00
2.251703215453101370e-01 7.866651242894394658e-01 1.400000000000000000e+01 1.010000000000000000e+02 3.000000000000000000e+00
4.094930691774347764e-01 8.406419857276171692e-01 1.800000000000000000e+01 3.200000000000000000e+01 3.000000000000000000e+00
6.720120973371173090e-01 2.083276258630628153e+00 1.700000000000000000e+01 2.000000000000000000e+00 3.000000000000000000e+00
9.482786893474353107e-01 1.924012006936282049e+00 1.000000000000000000e+01 1.700000000000000000e+02 3.000000000000000000e+00
7.207069370506180572e-01 1.840980814115312558e+00 1.600000000000000000e+01 8.400000000000000000e+01 3.000000000000000000e+00
7.126473386589061709e-01 1.426921594328562248e+00 1.200000000000000000e+01 1.700000000000000000e+02 3.000000000000000000e+00
9.081125261219272771e-01 1.660174987371193955e+00 1.500000000000000000e+01 7.900000000000000000e+01 3.000000000000000000e+00
8.550628305226359860e-01 1.940090439287601276e+00 2.000000000000000000e+01 9.000000000000000000e+00 3.000000000000000000e+00
7.528124104422502239e-01 6.327748242869858375e-01 8.000000000000000000e+00 4.000000000000000000e+01 3.000000000000000000e+00
2.597715723758659001e-01 1.283522083445278739e+00 5.000000000000000000e+00 5.100000000000000000e+01 3.000000000000000000e+00
6.878252807355541565e-01 3.359696426403592229e-01 4.000000000000000000e+00 2.000000000000000000e+01 3.000000000000000000e+00
1.888346128914860644e-01 1.333013563861654704e+00 1.300000000000000000e+01 1.300000000000000000e+01 3.000000000000000000e+00
4.691530198471859786e-02 4.345187977661367773e-01 1.100000000000000000e+01 1.730000000000000000e+02 3.000000000000000000e+00
6.749815255183313489e-01 1.658675626098852884e+00 1.500000000000000000e+01 3.500000000000000000e+01 4.000000000000000000e+00
1.078739050534858052e-01 2.001516455172037467e+00 1.400000000000000000e+01 6.000000000000000000e+01 4.000000000000000000e+00
8.758616263676430869e-01 1.179493181591758644e+00 1.000000000000000000e+00 8.400000000000000000e+01 4.000000000000000000e+00
1.204076246422747104e-01 2.084292207231453364e+00 1.000000000000000000e+00 7.300000000000000000e+01 4.000000000000000000e+00
6.992064627504108731e-01 1.364457900805961188e+00 9.000000000000000000e+00 1.110000000000000000e+02 4.000000000000000000e+00
5.715594760733017088e-01 6.321979974613124442e-01 1.000000000000000000e+00 1.180000000000000000e+02 4.000000000000000000e+00
2.460983733004952212e-01 1.782844627549572403e+00 1.600000000000000000e+01 1.050000000000000000e+02 4.000000000000000000e+00
6.966560042647385043e-01 9.738869169089626743e-01 9.000000000000000000e+00 2.800000000000000000e+01 4.000000000000000000e+00
5.581683410076911933e-01 2.651420251440551601e-01 1.900000000000000000e+01 5.000000000000000000e+01 4.000000000000000000e+00
4.489923111890571361e-01 6.873879430150565684e-01 4.000000000000000000e+00 1.470000000000000000e+02 4.000000000000000000e+00
8.526321010383085264e-02 1.636405251435797625e+00 1.300000000000000000e+01 1.300000000000000000e+01 4.000000000000000000e+00
1.885358764499796003e-01 4.249684693979046690e-01 3.000000000000000000e+00 1.550000000000000000e+02 4.000000000000000000e+00
9.192600949348417316e-01 1.206398466650552503e+00 1.500000000000000000e+01 1.710000000000000000e+02 4.000000000000000000e+00
2.081873232645726768e-01 8.558989188236579837e-01 1.800000000000000000e+01 3.700000000000000000e+01 4.000000000000000000e+00
5.524124884191723428e-01 1.871678101617885170e+00 7.000000000000000000e+00 1.320000000000000000e+02 4.000000000000000000e+00
9.543445564906806178e-01 1.937533953201433068e+00 1.600000000000000000e+01 1.130000000000000000e+02 4.000000000000000000e+00
4.948342223861403877e-01 1.907831601980950753e-01 1.400000000000000000e+01 6.800000000000000000e+01 4.000000000000000000e+00
3.765550001409877917e-02 9.652194957397072228e-01 1.100000000000000000e+01 1.330000000000000000e+02 4.000000000000000000e+00
4.288032997229495463e-02 6.681316593558545014e-01 7.000000000000000000e+00 7.900000000000000000e+01 4.000000000000000000e+00
2.009588054236102206e-01 3.967940317217032442e-01 9.000000000000000000e+00 2.700000000000000000e+01 4.000000000000000000e+00
4.821097083142866779e-01 2.044703283856595721e+00 1.700000000000000000e+01 1.000000000000000000e+02 4.000000000000000000e+00
1.400063763470152933e-01 1.113576790439429143e+00 4.000000000000000000e+00 9.900000000000000000e+01 4.000000000000000000e+00
3.507774972626966914e-01 7.104421037998603916e-01 1.500000000000000000e+01 1.490000000000000000e+02 4.000000000000000000e+00
2.213439961672757361e-01 1.816488470257984877e+00 1.400000000000000000e+01 1.840000000000000000e+02 4.000000000000000000e+00
6.712318180318070926e-01 3.858219232507610341e-01 1.200000000000000000e+01 1.400000000000000000e+02 4.000000000000000000e+00
9.970376412844814684e-01 3.079554456291048181e-01 1.300000000000000000e+01 1.050000000000000000e+02 4.000000000000000000e+00
6.052797814998607251e-01 1.170061329167431774e+00 4.000000000000000000e+00 5.000000000000000000e+00 4.000000000000000000e+00
8.073603546605383485e-01 1.002496953959742809e+00 1.200000000000000000e+01 7.000000000000000000e+00 4.000000000000000000e+00
9.946539679834038861e-01 1.658176851488349035e+00 1.000000000000000000e+01 4.500000000000000000e+01 4.000000000000000000e+00
1.308737944140082599e-01 1.950532181226577233e+00 6.000000000000000000e+00 6.500000000000000000e+01 4.000000000000000000e+00
2.130318120840104523e-01 1.576332388718517663e+00 4.000000000000000000e+00 1.220000000000000000e+02 4.000000000000000000e+00
3.014872351468383949e-01 2.064279380112772788e+00 1.000000000000000000e+01 1.100000000000000000e+01 4.000000000000000000e+00
1.530562245180183689e-01 4.403402474107643849e-01 6.000000000000000000e+00 2.000000000000000000e+02 4.000000000000000000e+00
7.148706276705383278e-01 1.974128095993893162e+00 1.400000000000000000e+01 4.900000000000000000e+01 4.000000000000000000e+00
9.347414119609315231e-01 1.304124291234071586e+00 9.000000000000000000e+00 1.400000000000000000e+02 4.000000000000000000e+00
8.166429841288594949e-01 1.507951084087513438e+00 1.200000000000000000e+01 8.100000000000000000e+01 4.000000000000000000e+00
8.019742606280237940e-01 1.067994644465003029e+00 2.000000000000000000e+01 1.000000000000000000e+00 4.000000000000000000e+00
3.356415462140458494e-01 6.189501540855858464e-01 7.000000000000000000e+00 2.000000000000000000e+01 4.000000000000000000e+00
4.073161490741845636e-01 1.181883638354261024e+00 1.500000000000000000e+01 1.230000000000000000e+02 4.000000000000000000e+00
3.821369777273880830e-01 1.847007647991828261e+00 1.500000000000000000e+01 1.080000000000000000e+02 4.000000000000000000e+00
1.836183430868759681e-01 2.089479120185357142e-01 1.800000000000000000e+01 6.600000000000000000e+01 4.000000000000000000e+00
7.011922324872050805e-01 9.028880138388569732e-01 5.000000000000000000e+00 7.800000000000000000e+01 4.000000000000000000e+00
7.905845289181441249e-01 4.027276113122747470e-01 4.000000000000000000e+00 1.010000000000000000e+02 4.000000000000000000e+00
9.546141311795917905e-02 1.735200828828340258e+00 1.000000000000000000e+01 1.570000000000000000e+02 4.000000000000000000e+00
5.084457593509116302e-01 1.456676674302564756e+00 1.500000000000000000e+01 1.690000000000000000e+02 4.000000000000000000e+00
4.879546408182821038e-01 7.608314559943069044e-01 4.000000000000000000e+00 1.100000000000000000e+02 4.000000000000000000e+00
4.530490711369032919e-01 9.223779350311428482e-01 2.000000000000000000e+01 1.580000000000000000e+02 4.000000000000000000e+00
1.515232959362965669e-02 1.174361558005592610e+00 6.000000000000000000e+00 7.300000000000000000e+01 4.000000000000000000e+00
3.619604398701590231e-01 1.783474036941277152e+00 1.200000000000000000e+01 1.600000000000000000e+02 4.000000000000000000e+00
3.217326474622720367e-01 9.970695820573093338e-01 1.000000000000000000e+01 2.800000000000000000e+01 4.000000000000000000e+00
