5.269366005282180021e-01 1.698847840336464632e+00 1.300000000000000000e+01 1.850000000000000000e+02 0.000000000000000000e+00
9.407994817932688880e-01 1.371156357788593239e+00 1.200000000000000000e+01 1.400000000000000000e+01 0.000000000000000000e+00
7.124925782788236184e-01 9.653824558388807153e-01 1.100000000000000000e+01 1.290000000000000000e+02 0.000000000000000000e+00
2.221571579084430370e-01 1.909291298584173957e-01 1.400000000000000000e+01 8.300000000000000000e+01 0.000000000000000000e+00
9.301953858588201118e-01 8.699050330574887857e-01 5.000000000000000000e+00 1.180000000000000000e+02 0.000000000000000000e+00
5.042133596317749378e-01 1.018044621915715986e+00 1.500000000000000000e+01 1.490000000000000000e+02 0.000000000000000000e+00
2.510694655707049749e-01 1.020031300500324978e+00 7.000000000000000000e+00 6.700000000000000000e+01 0.000000000000000000e+00
4.017234617254811235e-01 1.896807370830496886e+00 2.000000000000000000e+01 1.300000000000000000e+02 0.000000000000000000e+00
4.099473738251093735e-01 2.761619259600008869e-01 2.000000000000000000e+01 1.200000000000000000e+01 0.000000000000000000e+00
6.062702335053994362e-01 6.500267056048093517e-01 1.900000000000000000e+01 8.800000000000000000e+01 0.000000000000000000e+00
2.491905921939018276e-01 6.402369171046390361e-01 8.000000000000000000e+00 1.170000000000000000e+02 0.000000000000000000e+00
1.178636408780223549e-01 9.694950014732649501e-01 9.000000000000000000e+00 2.600000000000000000e+01 0.000000000000000000e+00
6.065189436443766402e-01 1.804017990563554941e+00 1.500000000000000000e+01 9.400000000000000000e+01 0.000000000000000000e+00
3.434740190502393736e-02 1.223229968722196581e+00 1.000000000000000000e+01 1.060000000000000000e+02 0.000000000000000000e+00
3.246934710866555829e-01 5.372377940784144323e-01 7.000000000000000000e+00 5.400000000000000000e+01 0.000000000000000000e+00
3.874826943918835420e-01 5.508537637573515111e-01 1.800000000000000000e+01 7.000000000000000000e+00 0.000000000000000000e+00
4.476905154746058102e-01 1.869380705632456285e+00 7.000000000000000000e+00 1.490000000000000000e+02 0.000000000000000000e+00
2.295153987152591668e-01 4.701337981642409458e-01 1.100000000000000000e+01 9.100000000000000000e+01 0.000000000000000000e+00
7.621439574293272790e-01 1.466753926092050353e+00 6.000000000000000000e+00 1.160000000000000000e+02 0.000000000000000000e+00
5.690414978084784581e-01 1.662658459944420797e-01 6.000000000000000000e+00 1.940000000000000000e+02 0.000000000000000000e+00
1.345632654778178283e-01 1.408637776248765849e+00 1.000000000000000000e+00 1.960000000000000000e+02 0.000000000000000000e+00
9.617368599737162460e-02 8.122865971184870526e-01 1.200000000000000000e+01 1.690000000000000000e+02 0.000000000000000000e+00
2.438029587197403369e-01 1.893381543056579908e+00 1.300000000000000000e+01 1.990000000000000000e+02 0.000000000000000000e+00
5.950041907981246103e-01 2.479276267903957331e-01 4.000000000000000000e+00 8.000000000000000000e+01 0.000000000000000000e+00
1.425624534054155124e-01 6.121012551851735539e-01 5.000000000000000000e+00 1.910000000000000000e+02 0.000000000000000000e+00
8.074142010839745476e-01 8.651393487025681450e-01 1.000000000000000000e+01 6.700000000000000000e+01 0.000000000000000000e+00
1.969498531050418721e-01 3.164126254722724463e-01 5.000000000000000000e+00 6.500000000000000000e+01 0.000000000000000000e+00
8.611883087756332100e-02 1.321453770697311958e+00 1.000000000000000000e+01 6.800000000000000000e+01 0.000000000000000000e+00
1.730992155239647889e-01 1.243726885564036211e+00 1.400000000000000000e+01 8.100000000000000000e+01 0.000000000000000000e+00
7.303802874177042215e-01 1.755050526479009498e+00 1.000000000000000000e+00 1.390000000000000000e+02 0.000000000000000000e+00
4.331507608527254138e-01 1.084582103617713900e+00 1.600000000000000000e+01 1.160000000000000000e+02 0.000000000000000000e+00
4.612339847077000510e-01 1.150653135644829739e+00 1.600000000000000000e+01 5.600000000000000000e+01 0.000000000000000000e+00
6.570227960757578367e-02 1.544909221554547907e+00 1.900000000000000000e+01 1.690000000000000000e+02 0.000000000000000000e+00
1.227919806575856615e-01 7.738419617541784090e-01 1.700000000000000000e+01 6.100000000000000000e+01 0.000000000000000000e+00
2.413080708938472041e-01 1.430091585405468546e+00 8.000000000000000000e+00 9.000000000000000000e+00 0.000000000000000000e+00
5.750445638576011653e-01 2.849392380306897676e-01 1.200000000000000000e+01 7.200000000000000000e+01 0.000000000000000000e+00
2.382760290038768991e-01 2.388830685272173293e-01 2.000000000000000000e+01 1.350000000000000000e+02 0.000000000000000000e+00
7.567882579286545619e-01 7.181588969780975384e-01 1.500000000000000000e+01 1.300000000000000000e+01 0.000000000000000000e+00
1.816223275296224848e-01 1.936547188030714128e+00 2.000000000000000000e+01 1.100000000000000000e+01 0.000000000000000000e+00
6.566857613209173827e-01 1.218786951405288255e+00 1.400000000000000000e+01 2.900000000000000000e+01 0.000000000000000000e+00
3.860280343745987608e-01 1.726600501747703298e+00 1.900000000000000000e+01 1.840000000000000000e+02 0.000000000000000000e+00
7.578100494440733748e-01 5.573495076963547179e-01 2.000000000000000000e+00 1.900000000000000000e+02 0.000000000000000000e+00
5.684795301172884674e-01 1.441866479123222522e+00 1.200000000000000000e+01 1.200000000000000000e+01 0.000000000000000000e+00
3.335519407033402661e-01 1.990605940696777321e+00 6.000000000000000000e+00 9.300000000000000000e+01 0.000000000000000000e+00
5.936642363964765856e-01 1.517431092978432483e+00 2.000000000000000000e+01 1.170000000000000000e+02 0.000000000000000000e+00
8.232705522496042150e-01 1.813470019047200010e-01 6.000000000000000000e+00 4.000000000000000000e+00 0.000000000000000000e+00
3.922346436038292444e-02 1.910599711599687556e+00 7.000000000000000000e+00 1.300000000000000000e+01 0.000000000000000000e+00
7.992703527214222170e-01 5.939889919372854932e-01 1.700000000000000000e+01 1.790000000000000000e+02 0.000000000000000000e+00
3.905084022106962705e-01 5.215965573633775110e-01 1.200000000000000000e+01 2.100000000000000000e+01 0.000000000000000000e+00
8.699823530526378246e-01 1.030114174747580380e+00 1.400000000000000000e+01 1.410000000000000000e+02 0.000000000000000000e+00
9.563538967943803204e-01 1.292869969661326612e+00 1.400000000000000000e+01 4.100000000000000000e+01 1.000000000000000000e+00
2.478642043829054620e-01 1.259836453426574687e+00 3.000000000000000000e+00 1.300000000000000000e+01 1.000000000000000000e+00
1.622268116327599818e-01 1.017217698520848312e+00 4.000000000000000000e+00 1.320000000000000000e+02 1.000000000000000000e+00
2.352762483528217929e-01 1.002602058427810361e+00 1.800000000000000000e+01 1.170000000000000000e+02 1.000000000000000000e+00
4.657765368365289760e-01 1.589058736896666435e+00 4.000000000000000000e+00 2.900000000000000000e+01 1.000000000000000000e+00
8.147534442947395039e-01 1.783199947953006737e+00 1.000000000000000000e+01 1.940000000000000000e+02 1.000000000000000000e+00
6.568147963209309825e-01 1.215245365218529994e+00 1.700000000000000000e+01 1.590000000000000000e+02 1.000000000000000000e+00
5.782987464827714641e-01 4.238086757036875207e-01 1.300000000000000000e+01 1.680000000000000000e+02 1.000000000000000000e+00
9.096555799630033912e-01 1.462841824841048854e+00 9.000000000000000000e+00 7.200000000000000000e+01 1.000000000000000000e+00
8.201372943885403277e-01 1.026566955465182396e+00 7.000000000000000000e+00 1.400000000000000000e+01 1.000000000000000000e+00
7.741401291044048838e-01 4.779367040444312265e-01 2.000000000000000000e+01 9.600000000000000000e+01 1.000000000000000000e+00
4.421812541446942246e-01 1.415700725430419693e+00 1.500000000000000000e+01 1.310000000000000000e+02 1.000000000000000000e+00
2.690809183034486018e-01 1.503370187221310106e+00 5.000000000000000000e+00 8.100000000000000000e+01 1.000000000000000000e+00
7.402693076968127617e-01 2.640896551068540044e-01 2.000000000000000000e+01 6.000000000000000000e+00 1.000000000000000000e+00
8.835161064576616541e-01 7.526633234869667399e-01 5.000000000000000000e+00 8.300000000000000000e+01 1.000000000000000000e+00
9.519037031027605122e-01 1.158257283108817592e+00 1.200000000000000000e+01 1.460000000000000000e+02 1.000000000000000000e+00
6.649934812948846696e-01 1.197120821457641426e+00 1.300000000000000000e+01 2.900000000000000000e+01 1.000000000000000000e+00
6.698285898474631850e-01 1.044932054723492210e-01 2.000000000000000000e+00 1.390000000000000000e+02 1.000000000000000000e+00
2.348268155040921235e-01 6.816663651846658345e-01 1.600000000000000000e+01 1.000000000000000000e+01 1.000000000000000000e+00
9.874023548144384987e-01 1.516666283904310131e+00 4.000000000000000000e+00 1.760000000000000000e+02 1.000000000000000000e+00
3.307854626704176404e-01 3.712415533745404561e-01 7.000000000000000000e+00 1.110000000000000000e+02 1.000000000000000000e+00
1.400299290129454199e-01 1.733849983107559556e+00 7.000000000000000000e+00 5.700000000000000000e+01 1.000000000000000000e+00
8.074268825797679128e-01 1.987558812425744836e+00 1.700000000000000000e+01 5.200000000000000000e+01 1.000000000000000000e+00
7.263596154925796577e-01 1.436416408700722513e+00 1.400000000000000000e+01 1.810000000000000000e+02 1.000000000000000000e+00
8.881232767118891758e-01 4.648901244445112768e-01 1.400000000000000000e+01 1.270000000000000000e+02 1.000000000000000000e+00
9.695866122351711747e-01 7.176916068547259941e-01 1.000000000000000000e+01 1.820000000000000000e+02 1.000000000000000000e+00
4.210409476876668666e-01 6.644933805093834467e-01 9.000000000000000000e+00 1.800000000000000000e+02 1.000000000000000000e+00
5.870228083970223665e-01 2.003310426017254287e+00 1.100000000000000000e+01 8.900000000000000000e+01 1.000000000000000000e+00
5.473604584260375328e-01 1.791432299707045317e+00 1.200000000000000000e+01 1.850000000000000000e+02 1.000000000000000000e+00
1.965804826052652832e-01 1.987413431924301532e+00 1.400000000000000000e+01 1.730000000000000000e+02 1.000000000000000000e+00
3.304561765316830213e-01 1.394053348583216556e-01 1.700000000000000000e+01 2.700000000000000000e+01 1.000000000000000000e+00
7.628779886196741522e-01 1.171784620386265630e+00 2.000000000000000000e+01 2.300000000000000000e+01 1.000000000000000000e+00
2.637003532579489384e-01 1.561753641879420673e+00 1.800000000000000000e+01 1.030000000000000000e+02 1.000000000000000000e+00
1.795608380774481594e-01 4.722666877234610316e-01 8.000000000000000000e+00 1.040000000000000000e+02 1.000000000000000000e+00
4.039308870842750476e-01 2.048584677023902234e+00 6.000000000000000000e+00 1.500000000000000000e+02 1.000000000000000000e+00
9.049376074796026126e-01 6.260911495959008422e-01 4.000000000000000000e+00 1.140000000000000000e+02 1.000000000000000000e+00
7.149713944482380956e-01 9.932059315711679881e-01 2.000000000000000000e+00 1.380000000000000000e+02 1.000000000000000000e+00
8.260096564578598421e-01 1.900712429487405819e+00 1.800000000000000000e+01 5.200000000000000000e+01 1.000000000000000000e+00
6.270000468058978260e-01 2.097916746203813076e+00 9.000000000000000000e+00 1.810000000000000000e+02 1.000000000000000000e+00
1.168596099500991276e-01 5.231456256281113992e-01 6.000000000000000000e+00 1.370000000000000000e+02 1.000000000000000000e+00
3.998156734777899013e-01 3.180525202478917679e-01 1.100000000000000000e+01 1.940000000000000000e+02 1.000000000000000000e+00
8.073958107677622342e-01 2.033585386039935106e+00 8.000000000000000000e+00 1.820000000000000000e+02 1.000000000000000000e+00
9.738420733014367947e-01 1.337393924192767702e+00 1.800000000000000000e+01 1.090000000000000000e+02 1.000000000000000000e+00
9.988031097600416075e-01 5.986134164748601050e-01 3.000000000000000000e+00 1.460000000000000000e+02 1.000000000000000000e+00
3.359986321018616495e-01 1.968539087362280338e+00 9.000000000000000000e+00 1.600000000000000000e+02 1.000000000000000000e+00
6.346413248004518781e-01 1.556911214672195731e+00 2.000000000000000000e+00 1.310000000000000000e+02 1.000000000000000000e+00
2.041230355373061522e-01 1.708059906615134294e+00 3.000000000000000000e+00 1.790000000000000000e+02 1.000000000000000000e+00
9.874857556669045522e-01 1.543397506672093078e+00 1.500000000000000000e+01 1.850000000000000000e+02 1.000000000000000000e+00
1.989255710878556904e-01 7.481229020263585605e-01 7.000000000000000000e+00 2.300000000000000000e+01 1.000000000000000000e+00
8.810180688003526051e-01 1.689950417708079522e+00 2.000000000000000000e+00 5.900000000000000000e+01 1.000000000000000000e+00
6.644429182259611322e-01 1.175394032002214484e+00 1.600000000000000000e+01 1.360000000000000000e+02 2.000000000000000000e+00
1.149852798127803805e-01 1.460013159680120243e+00 1.500000000000000000e+01 1.440000000000000000e+02 2.000000000000000000e+00
1.349684315530748080e-01 8.507490011263666441e-01 1.200000000000000000e+01 1.430000000000000000e+02 2.000000000000000000e+00
9.454525980949399777e-01 9.002794180304510840e-01 7.000000000000000000e+00 9.300000000000000000e+01 2.000000000000000000e+00
4.299527112176676491e-01 7.164763349825359340e-01 1.800000000000000000e+01 3.800000000000000000e+01 2.000000000000000000e+00
2.599768941737169436e-01 5.483382839072540316e-01 1.600000000000000000e+01 6.700000000000000000e+01 2.000000000000000000e+00
3.824862947019815884e-01 1.418358054514254230e+00 8.000000000000000000e+00 5.600000000000000000e+01 2.000000000000000000e+00
3.058371004343871657e-01 3.344023234595293603e-01 2.000000000000000000e+01 1.170000000000000000e+02 2.000000000000000000e+00
1.127156077793966225e-02 1.668868698466860145e+00 5.000000000000000000e+00 1.500000000000000000e+02 2.000000000000000000e+00
7.522059544844704460e-02 1.428534001184241786e+00 1.900000000000000000e+01 7.200000000000000000e+01 2.000000000000000000e+00
8.663842406862057866e-01 2.016073541091170096e+00 1.000000000000000000e+00 1.400000000000000000e+02 2.000000000000000000e+00
7.040495527734780268e-01 5.418912386748487853e-01 1.800000000000000000e+01 1.430000000000000000e+02 2.000000000000000000e+00
7.159007561046761836e-01 2.000523663403531049e+00 6.000000000000000000e+00 8.700000000000000000e+01 2.000000000000000000e+00
6.872251336581013115e-02 8.548056192484873028e-01 9.000000000000000000e+00 1.410000000000000000e+02 2.000000000000000000e+00
5.173395462632051078e-01 3.939414644244308983e-01 1.500000000000000000e+01 8.000000000000000000e+01 2.000000000000000000e+00
9.659837825512782583e-01 1.234861176565069663e+00 5.000000000000000000e+00 1.210000000000000000e+02 2.000000000000000000e+00
4.197671166060323866e-01 1.546743628732288434e+00 1.000000000000000000e+00 8.800000000000000000e+01 2.000000000000000000e+00
2.235690736380283594e-01 1.847599654938480995e+00 6.000000000000000000e+00 3.200000000000000000e+01 2.000000000000000000e+00
3.887611593840158974e-01 2.071495017899859903e+00 2.000000000000000000e+00 9.500000000000000000e+01 2.000000000000000000e+00
8.355216873023244561e-01 9.162212664781818061e-01 1.300000000000000000e+01 7.200000000000000000e+01 2.000000000000000000e+00
9.913152594310048471e-01 1.608163230167555025e+00 1.600000000000000000e+01 1.250000000000000000e+02 2.000000000000000000e+00
4.353057534242619209e-01 2.055629824645870851e+00 1.100000000000000000e+01 1.730000000000000000e+02 2.000000000000000000e+00
8.922274848906684985e-01 1.780817006646490119e+00 1.000000000000000000e+01 2.800000000000000000e+01 2.000000000000000000e+00
3.201861044698636194e-01 8.724786745315297187e-01 9.000000000000000000e+00 8.200000000000000000e+01 2.000000000000000000e+00
5.071370769918726040e-01 5.859806410264963850e-01 1.200000000000000000e+01 5.100000000000000000e+01 2.000000000000000000e+00
4.335845051709047437e-01 1.508239802321057921e+00 3.000000000000000000e+00 1.820000000000000000e+02 2.000000000000000000e+00
3.254953213690811031e-01 1.368067246825973138e+00 1.200000000000000000e+01 3.700000000000000000e+01 2.000000000000000000e+00
8.671558507572201258e-01 1.484912218240203474e+00 5.000000000000000000e+00 5.500000000000000000e+01 2.000000000000000000e+00
8.888521173786368967e-01 7.949818737030637239e-01 4.000000000000000000e+00 5.600000000000000000e+01 2.000000000000000000e+00
3.607471510131797787e-01 2.543588223986522623e-01 1.300000000000000000e+01 1.130000000000000000e+02 2.000000000000000000e+00
2.005425485887989828e-02 1.816729016392778950e+00 2.000000000000000000e+00 1.900000000000000000e+01 2.000000000000000000e+00
6.599039085974224284e-01 1.270519293807748085e+00 6.000000000000000000e+00 1.210000000000000000e+02 2.000000000000000000e+00
5.705865301233802728e-02 1.546153268281067250e+00 1.100000000000000000e+01 9.000000000000000000e+01 2.000000000000000000e+00
4.353574442652625720e-01 1.367233250867959438e+00 1.800000000000000000e+01 1.700000000000000000e+01 2.000000000000000000e+00
7.633263615157490634e-01 1.771361864123587981e+00 3.000000000000000000e+00 3.100000000000000000e+01 2.000000000000000000e+00
8.782755355079037152e-01 1.760407664162106089e-01 1.900000000000000000e+01 3.100000000000000000e+01 2.000000000000000000e+00
2.954502321920099428e-01 1.745675330539034009e+00 1.000000000000000000e+01 1.760000000000000000e+02 2.000000000000000000e+00
1.338763365615935029e-02 6.914555972322585786e-01 3.000000000000000000e+00 1.260000000000000000e+02 2.000000000000000000e+00
8.667512888315208608e-01 1.027499457475282263e+00 1.300000000000000000e+01 3.600000000000000000e+01 2.000000000000000000e+00
2.352736615313861801e-01 5.112336327068799369e-01 1.400000000000000000e+01 6.900000000000000000e+01 2.000000000000000000e+00
3.619884845539489415e-01 1.215026491060151814e+00 2.000000000000000000e+01 1.210000000000000000e+02 2.000000000000000000e+00
1.425661201098878950e-01 5.078709684697831905e-01 1.000000000000000000e+00 1.570000000000000000e+02 2.000000000000000000e+00
8.146720691001617665e-01 7.469555694862449746e-01 1.800000000000000000e+01 4.700000000000000000e+01 2.000000000000000000e+00
2.692818808722303725e-01 1.291394098581129635e+00 1.500000000000000000e+01 1.420000000000000000e+02 2.000000000000000000e+00
7.046345460567887686e-01 1.329032062324663477e-01 9.000000000000000000e+00 1.350000000000000000e+02 2.000000000000000000e+00
4.045909331325898695e-01 4.986310752736594631e-01 1.600000000000000000e+01 1.900000000000000000e+02 2.000000000000000000e+00
2.359920917689678488e-01 1.134070797589633806e+00 1.900000000000000000e+01 1.810000000000000000e+02 2.000000000000000000e+00
4.663400766584051560e-01 1.660928082902546787e+00 5.000000000000000000e+00 1.990000000000000000e+02 2.000000000000000000e+00
7.391559845751588531e-01 2.095802224541116754e+00 1.000000000000000000e+01 1.880000000000000000e+02 2.000000000000000000e+00
7.109286444263387406e-01 1.346386617252856688e+00 1.100000000000000000e+01 1.200000000000000000e+02 2.000000000000000000e+00
1.046670194184879804e-01 5.290634117368088196e-01 1.900000000000000000e+01 1.020000000000000000e+02 3.000000000000000000e+00
4.230175370913538124e-01 1.331501480776578372e+00 1.300000000000000000e+01 1.280000000000000000e+02 3.000000000000000000e+00
1.264408709575219891e-01 9.186628077316497665e-01 9.000000000000000000e+00 1.970000000000000000e+02 3.000000000000000000e+00
4.963095887290013275e-01 2.406083157007262996e-01 2.000000000000000000e+00 1.100000000000000000e+02 3.000000000000000000e+00
2.325552891765814145e-01 4.196653183481698912e-01 3.000000000000000000e+00 7.400000000000000000e+01 3.000000000000000000e+00
9.896732755670117898e-01 7.571746002848055435e-01 5.000000000000000000e+00 2.700000000000000000e+01 3.000000000000000000e+00
9.326515776007255898e-01 1.448209803198386991e+00 1.700000000000000000e+01 5.000000000000000000e+00 3.000000000000000000e+00
4.476758748263497817e-02 1.618021103546900985e+00 1.200000000000000000e+01 1.850000000000000000e+02 3.000000000000000000e+00
5.510980110827845557e-01 7.023437597383442865e-01 1.700000000000000000e+01 2.300000000000000000e+01 3.000000000000000000e+00
4.750358250483370792e-01 5.330140086265059418e-01 1.600000000000000000e+01 1.880000000000000000e+02 3.000000000000000000e+00
2.445068587058051301e-01 1.416680736579443600e+00 3.000000000000000000e+00 1.400000000000000000e+01 3.000000000000000000e+00
6.686251056861283182e-01 2.308193570156404084e-01 1.000000000000000000e+01 1.120000000000000000e+02 3.000000000000000000e+00
5.717913994944926470e-01 1.030593813179629281e+00 1.400000000000000000e+01 1.770000000000000000e+02 3.000000000000000000e+00
8.873401597360828230e-01 4.356054622896367023e-01 7.000000000000000000e+00 1.270000000000000000e+02 3.000000000000000000e+00
1.361517435962150691e-01 1.781121809754862007e+00 1.800000000000000000e+01 2.400000000000000000e+01 3.000000000000000000e+00
2.367032520541911822e-01 1.273310878077205333e+00 2.000000000000000000e+00 1.990000000000000000e+02 3.000000000000000000e+00
3.592050725602283778e-01 2.566298547139059805e-01 1.400000000000000000e+01 5.800000000000000000e+01 3.000000000000000000e+00
1.547380561552579546e-02 8.780823885186747058e-01 1.500000000000000000e+01 6.300000000000000000e+01 3.000000000000000000e+00
8.978625107780080494e-01 1.059769788969675552e+00 1.000000000000000000e+01 4.900000000000000000e+01 3.000000000000000000e+00
1.623628127213628813e-01 1.703788737074763970e+00 1.200000000000000000e+01 1.840000000000000000e+02 3.000000000000000000e+00
5.079190441603064626e-02 1.702029160867831958e+00 6.000000000000000000e+00 4.400000000000000000e+01 3.000000000000000000e+00
4.989037200363798802e-02 1.347429983493991790e+00 1.900000000000000000e+01 3.900000000000000000e+01 3.000000000000000000e+00
6.319342019923025466e-01 8.494369534083506812e-01 2.000000000000000000e+00 2.600000000000000000e+01 3.000000000000000000e+00
4.032669335345387962e-01 3.478739904289253060e-01 1.100000000000000000e+01 3.400000000000000000e+01 3.000000000000000000e+00
7.328422886083501009e-01 1.150842889040499140e+00 1.400000000000000000e+01 2.600000000000000000e+01 3.000000000000000000e+00
5.430866385681125674e-01 7.208026827478771770e-01 8.000000000000000000e+00 1.760000000000000000e+02 3.000000000000000000e+00
2.627519296961221551e-01 1.039395205057419336e+00 1.600000000000000000e+01 4.300000000000000000e+01 3.000000000000000000e+00
7.392751007404416708e-01 1.298441601235236220e+00 1.400000000000000000e+01 9.400000000000000000e+01 3.000000000000000000e+00
8.481605014886391958e-01 1.185124761168607987e+00 1.900000000000000000e+01 1.730000000000000000e+02 3.000000000000000000e+00
7.066806152054909695e-01 1.742744836921922058e+00 1.900000000000000000e+01 2.000000000000000000e+01 3.000000000000000000e+00
2.701438882376149681e-02 7.334509042813582846e-01 1.800000000000000000e+01 3.500000000000000000e+01 3.000000000000000000e+00
4.068193488050706463e-01 5.330002225059825571e-01 2.000000000000000000e+00 1.860000000000000000e+02 3.000000000000000000e+00
8.550478471463250629e-02 1.504840481666295027e+00 1.900000000000000000e+01 1.780000000000000000e+02 3.000000000000000000e+00
7.487038678124408042e-01 1.571904130945426470e+00 2.000000000000000000e+01 4.100000000000000000e+01 3.000000000000000000e+00
1.597159072986542583e-01 3.711574848713806718e-01 1.800000000000000000e+01 4.000000000000000000e+00 3.000000000000000000e+00
5.254722034436066780e-01 1.595066190673984918e+00 5.000000000000000000e+00 1.610000000000000000e+02 3.000000000000000000e+00
1.400685191923158879e-01 3.526034878037883624e-01 3.000000000000000000e+00 1.800000000000000000e+01 3.000000000000000000e+00
3.582467051102514732e-01 1.359468323060050610e+00 1.000000000000000000e+00 1.620000000000000000e+02 3.000000000000000000e+00
1.404450585243675054e-01 1.515144681776639635e+00 5.000000000000000000e+00 9.200000000000000000e+01 3.000000000000000000e+00
5.838886452619487244e-01 1.588031889780152861e+00 1.700000000000000000e+01 6.700000000000000000e+01 3.000000000000000000e+00
1.981830860961952823e-01 2.059352035269980785e+00 2.000000000000000000e+01 4.400000000000000000e+01 3.000000000000000000e+00
5.730095785083165749e-01 1.835125941464108790e+00 1.000000000000000000e+01 5.800000000000000000e+01 3.000000000000000000e+00
1.340664680233862871e-01 4.397604018670212556e-01 7.000000000000000000e+00 1.930000000000000000e+02 3.000000000000000000e+00
4.127901368930246839e-01 1.886628937113079330e+00 1.000000000000000000e+01 1.970000000000000000e+02 3.000000000000000000e+00
2.020847576075182062e-01 1.736790328624116864e+00 4.000000000000000000e+00 8.000000000000000000e+01 3.000000000000000000e+00
9.384369237504196493e-01 1.568097206097681218e+00 1.100000000000000000e+01 1.490000000000000000e+02 3.000000000000000000e+00
7.416758548674838580e-02 1.725393954143533970e-01 1.100000000000000000e+01 1.760000000000000000e+02 3.000000000000000000e+00
2.861845786922417867e-01 1.921637120239165553e+00 1.300000000000000000e+01 7.200000000000000000e+01 3.000000000000000000e+00
3.292412197983689559e-01 1.866413587133446850e+00 6.000000000000000000e+00 1.940000000000000000e+02 3.000000000000000000e+00
5.630614060749250527e-01 6.095774926106823921e-01 2.000000000000000000e+01 4.900000000000000000e+01 3.000000000000000000e+00
7.222603817180536234e-01 1.364984994857925571e+00 1.200000000000000000e+01 3.300000000000000000e+01 4.000000000000000000e+00
6.260219983533784616e-01 1.882094410708140764e+00 1.800000000000000000e+01 1.100000000000000000e+01 4.000000000000000000e+00
4.245920615699806389e-01 1.960905779178649055e+00 1.100000000000000000e+01 7.500000000000000000e+01 4.000000000000000000e+00
6.687104581612299814e-01 1.516566162453504951e+00 1.500000000000000000e+01 2.600000000000000000e+01 4.000000000000000000e+00
2.641808079194682968e-01 8.995406558618331827e-01 1.100000000000000000e+01 3.000000000000000000e+01 4.000000000000000000e+00
4.237679675955623448e-01 1.577757100455320138e+00 1.000000000000000000e+01 5.200000000000000000e+01 4.000000000000000000e+00
1.517844755279282865e-01 1.210050545685093626e+00 1.100000000000000000e+01 1.640000000000000000e+02 4.000000000000000000e+00
9.266978380935194659e-01 7.903700301325135014e-01 9.000000000000000000e+00 7.300000000000000000e+01 4.000000000000000000e+00
7.495391410727471060e-01 9.480076386426706803e-01 4.000000000000000000e+00 4.100000000000000000e+01 4.000000000000000000e+00
9.885076309639112546e-01 6.602099136162359327e-01 4.000000000000000000e+00 1.040000000000000000e+02 4.000000000000000000e+00
4.895251215402307565e-01 2.068913171806189499e+00 1.000000000000000000e+01 5.300000000000000000e+01 4.000000000000000000e+00
4.591496677761970346e-01 1.726291058207019002e+00 9.000000000000000000e+00 6.300000000000000000e+01 4.000000000000000000e+00
8.868825816164170872e-01 2.038954122630240173e-01 3.000000000000000000e+00 1.480000000000000000e+02 4.000000000000000000e+00
5.480397654594628687e-01 9.138333818920446605e-01 7.000000000000000000e+00 1.300000000000000000e+02 4.000000000000000000e+00
9.586256465609551691e-01 1.463911823331710549e+00 2.000000000000000000e+00 2.000000000000000000e+02 4.000000000000000000e+00
6.873322628499602960e-01 1.561272433925804171e+00 7.000000000000000000e+00 9.600000000000000000e+01 4.000000000000000000e+00
2.178773607762315434e-01 1.381659712327077738e+00 6.000000000000000000e+00 4.100000000000000000e+01 4.000000000000000000e+00
6.808801775931760947e-01 1.561201277687451983e+00 9.000000000000000000e+00 6.000000000000000000e+01 4.000000000000000000e+00
7.718680455621333980e-01 1.345343349919132958e+00 1.400000000000000000e+01 4.700000000000000000e+01 4.000000000000000000e+00
1.888062977796208797e-01 7.186629962474825328e-01 1.500000000000000000e+01 1.660000000000000000e+02 4.000000000000000000e+00
8.074968282136515407e-01 1.704638940105915879e+00 2.000000000000000000e+01 1.560000000000000000e+02 4.000000000000000000e+00
3.806631091666446975e-01 1.116657077244896268e+00 1.000000000000000000e+01 8.900000000000000000e+01 4.000000000000000000e+00
6.409979035827668703e-01 1.691638967173233754e-01 2.000000000000000000e+00 7.500000000000000000e+01 4.000000000000000000e+00
6.203324511777473793e-01 5.655937067374211535e-01 1.900000000000000000e+01 1.300000000000000000e+01 4.000000000000000000e+00
9.860256799556620100e-02 1.024855229368516030e+00 7.000000000000000000e+00 6.300000000000000000e+01 4.000000000000000000e+00
2.786300875034575242e-01 1.936348833087066401e+00 2.000000000000000000e+00 1.180000000000000000e+02 4.000000000000000000e+00
9.148297318503615383e-01 1.542261117581526841e+00 1.000000000000000000e+00 7.700000000000000000e+01 4.000000000000000000e+00
6.163595143419863254e-01 5.578332853541886349e-01 8.000000000000000000e+00 1.790000000000000000e+02 4.000000000000000000e+00
8.515499329199949230e-01 1.868945566693873239e+00 1.200000000000000000e+01 1.550000000000000000e+02 4.000000000000000000e+00
8.863475639772200321e-01 1.142424455290748764e+00 6.000000000000000000e+00 1.630000000000000000e+02 4.000000000000000000e+00
1.691161102240390512e-01 1.757050922234832113e-01 5.000000000000000000e+00 1.120000000000000000e+02 4.000000000000000000e+00
6.745837388616375829e-01 5.051872312262052356e-01 1.000000000000000000e+01 1.380000000000000000e+02 4.000000000000000000e+00
2.392531813132345864e-01 1.211849736885802775e+00 1.700000000000000000e+01 1.580000000000000000e+02 4.000000000000000000e+00
6.759080627493520010e-01 1.544396310700100639e+00 7.000000000000000000e+00 3.400000000000000000e+01 4.000000000000000000e+00
3.598868515209875385e-01 1.958629170363776151e+00 1.800000000000000000e+01 1.050000000000000000e+02 4.000000000000000000e+00
5.570153506248913811e-01 1.899462160429564950e+00 7.000000000000000000e+00 3.900000000000000000e+01 4.000000000000000000e+00
8.512880297684326525e-01 2.025071947674418116e+00 2.000000000000000000e+01 1.910000000000000000e+02 4.000000000000000000e+00
7.922519755911149042e-02 1.802559875205040019e+00 1.200000000000000000e+01 6.600000000000000000e+01 4.000000000000000000e+00
2.161926069779658288e-01 8.109332007495474448e-01 1.000000000000000000e+01 1.590000000000000000e+02 4.000000000000000000e+00
5.982109799772650227e-01 1.153542461461699864e-01 1.600000000000000000e+01 2.500000000000000000e+01 4.000000000000000000e+00
7.422716557603369070e-02 5.589062263850385071e-01 7.000000000000000000e+00 1.610000000000000000e+02 4.000000000000000000e+00
4.242243312986423431e-01 2.041362898229391210e+00 1.800000000000000000e+01 1.500000000000000000e+02 4.000000000000000000e+00
4.500667178405404201e-01 9.560776765596242788e-01 1.800000000000000000e+01 1.200000000000000000e+01 4.000000000000000000e+00
8.468468581239295412e-02 1.219260103348628554e+00 2.000000000000000000e+01 1.880000000000000000e+02 4.000000000000000000e+00
1.250325083112668878e-01 2.735958950365587894e-01 7.000000000000000000e+00 4.900000000000000000e+01 4.000000000000000000e+00
6.536525692263436271e-01 6.987624419925210217e-01 1.700000000000000000e+01 2.000000000000000000e+00 4.000000000000000000e+00
7.251701779864639930e-01 2.090554857074624184e+00 7.000000000000000000e+00 2.400000000000000000e+01 4.000000000000000000e+00
5.464438364417900651e-01 1.258455057734042537e+00 1.300000000000000000e+01 1.200000000000000000e+01 4.000000000000000000e+00
4.880520882645333208e-02 1.759632115147542031e+00 3.000000000000000000e+00 9.800000000000000000e+01 4.000000000000000000e+00
9.884495767910064234e-01 1.212184906538289475e+00 8.000000000000000000e+00 9.300000000000000000e+01 4.000000000000000000e+00
