-1.330950858847157576e+02
-1.278389483036864505e+02
-1.235592131924888974e+02
-1.239403972392781412e+02
-1.251415064233339507e+02
-1.330963256470794818e+02
-1.278398146950104604e+02
-1.235603735709303095e+02
-1.239413452318812716e+02
-1.251424618588901723e+02
-1.158420539045026345e+02
-1.127006102595953223e+02
-1.092103039454190423e+02
-1.096297870127996816e+02
-1.113415675831496543e+02
-1.330949859513570743e+02
-1.278387599751133195e+02
-1.235596666150798910e+02
-1.239409218683951650e+02
-1.251420606898456640e+02
-1.089005867217653645e+02
-1.060740265896238412e+02
-1.031986024388727543e+02
-1.033835488954865269e+02
-1.050231077407242282e+02
-9.041129889815607612e+01
-8.822732903074891908e+01
-8.673437489160828306e+01
-8.649840585695784512e+01
-8.773894308150732968e+01
-1.330962820912697850e+02
-1.278400875901105849e+02
-1.235615402794254578e+02
-1.239422305305054834e+02
-1.251434563714211947e+02
-9.329981475765985977e+01
-9.171309654769110864e+01
-8.960636946266542679e+01
-8.894046594729266531e+01
-9.124872004113582591e+01
-1.330967891899762776e+02
-1.278398617574248277e+02
-1.235613644386955201e+02
-1.239422189105380312e+02
-1.251433317048659717e+02
-1.330967825193049805e+02
-1.278400372570212227e+02
-1.235614653210942464e+02
-1.239422926088677741e+02
-1.251434325859591752e+02
-8.911262142021178079e+01
-8.766783404541300229e+01
-8.574615713203563416e+01
-8.478303139876477701e+01
-8.575646552970073344e+01
-1.330903077941453603e+02
-1.278295126929055385e+02
-1.235471470392785136e+02
-1.239281199825283011e+02
-1.251300146245085614e+02
-1.313671809116018778e+02
-1.258691736381909720e+02
-1.214230106669528055e+02
-1.218752567089138807e+02
-1.232227770334601189e+02
-1.011240179828924113e+02
-9.862255678164430606e+01
-9.616341066026674866e+01
-9.604778935065871792e+01
-9.760099802547217962e+01
-1.183891529247721053e+02
-1.144589570419447142e+02
-1.108338483134337480e+02
-1.109660212418126264e+02
-1.127163248107612361e+02
-1.112478353872722749e+02
-1.083533087756576947e+02
-1.053306345400190054e+02
-1.056103229661472938e+02
-1.072342901836264275e+02
-1.044065463774496436e+02
-1.030927196689871437e+02
-1.005337900887801652e+02
-1.002802669909188040e+02
-1.017722843104312602e+02
-1.330968401784444666e+02
-1.278400794411984407e+02
-1.235615356671253551e+02
-1.239421743665474906e+02
-1.251434303120404081e+02
-9.861377302309676907e+01
-9.680643887883555010e+01
-9.425913564998558059e+01
-9.381551524230160055e+01
-9.512615775110921845e+01
-1.330953685811644789e+02
-1.278367766720449197e+02
-1.235585414581121171e+02
-1.239405153483259738e+02
-1.251429538631165315e+02
-1.330850157060675372e+02
-1.278293676459703647e+02
-1.235476862651997436e+02
-1.239323552663400534e+02
-1.251315392167226008e+02
-1.330968084521992978e+02
-1.278400472521888673e+02
-1.235615169075880715e+02
-1.239422870184265548e+02
-1.251434380649245810e+02
-1.330968172520611859e+02
-1.278400354472669420e+02
-1.235614764706316748e+02
-1.239422558600644635e+02
-1.251434411553528747e+02
-1.330967858190554978e+02
-1.278400704751169457e+02
-1.235615008647708919e+02
-1.239421301068552594e+02
-1.251428941398483090e+02
-1.004958249739491265e+02
-9.833517246807991796e+01
-9.565097660961018278e+01
-9.556476129492426708e+01
-9.701891150726412150e+01
-1.171117612069352987e+02
-1.137369045088779700e+02
-1.102654985752664345e+02
-1.107130392841797288e+02
-1.123889377399988518e+02
-8.934445796603809242e+01
-8.840437669022827549e+01
-8.663867182049600046e+01
-8.536859238315285836e+01
-8.674424564663729598e+01
-1.272651384877196534e+02
-1.223737823632493900e+02
-1.181716357670827620e+02
-1.187533985481193071e+02
-1.202125872020386623e+02
-1.265985768539771072e+02
-1.218886207548146530e+02
-1.177558302575612714e+02
-1.182572963299701456e+02
-1.198085123781202981e+02
-1.094996266762736923e+02
-1.071416022832470532e+02
-1.043240062639115990e+02
-1.043759574355574387e+02
-1.060867839441550018e+02
-1.324514148606331219e+02
-1.272709455823694213e+02
-1.228554953321527421e+02
-1.232589175840487030e+02
-1.245162173551923104e+02
-1.330279526929911924e+02
-1.277490630947595918e+02
-1.234716306859004078e+02
-1.238651475865644613e+02
-1.250582162831553887e+02
-9.301493660046611467e+01
-8.978099336606729253e+01
-8.872018509407695319e+01
-8.902765023482537288e+01
-9.006198730847285105e+01
-8.976273791624448961e+01
-8.910821063066417480e+01
-8.661431793313877847e+01
-8.670248817373079930e+01
-8.809730334629269066e+01
-1.061606261441484946e+02
-1.039728707815859536e+02
-1.020409235334859517e+02
-1.010792281699357318e+02
-1.033079844211762293e+02
-1.330962399350177918e+02
-1.278393756236036296e+02
-1.235606115287651363e+02
-1.239419910564089946e+02
-1.251428803804237617e+02
-1.330966732966666655e+02
-1.278400118075492031e+02
-1.235613948491218963e+02
-1.239422372028845700e+02
-1.251434700000820754e+02
-1.290833442608934263e+02
-1.241135255998562172e+02
-1.197280882066033882e+02
-1.202906956735278783e+02
-1.217521534846925277e+02
-1.285745010656997067e+02
-1.235827456624005691e+02
-1.192164361447949972e+02
-1.197564377652654173e+02
-1.212131821081001988e+02
-1.328910814542601315e+02
-1.277065913242993815e+02
-1.233408586604763713e+02
-1.237162257691223175e+02
-1.249205900814539945e+02
-9.331715652655260840e+01
-9.159195749322304891e+01
-8.943972995995940778e+01
-8.902216381974372439e+01
-9.034875912062292969e+01
-1.330968076201613712e+02
-1.278400132231652293e+02
-1.235614968477493960e+02
-1.239422751710717421e+02
-1.251434319112301381e+02
-9.543013831482350895e+01
-9.192496094512505067e+01
-9.047434327187853853e+01
-8.994827340283610795e+01
-9.175298580658601111e+01
-1.330966461600505113e+02
-1.278397268002730414e+02
-1.235614268267783302e+02
-1.239422518744107862e+02
-1.251434129791845464e+02
-1.330217399652776180e+02
-1.277656375842550602e+02
-1.233990238102137909e+02
-1.237722008894042602e+02
-1.249524354119464107e+02
-1.327802000242099894e+02
-1.275838611515311527e+02
-1.230310087546949660e+02
-1.234219965086556812e+02
-1.247034444086386031e+02
-1.047870307586107117e+02
-1.019770333330216801e+02
-9.929144436854720368e+01
-9.951454078932172820e+01
-1.010947142491217363e+02
-1.330946001334001494e+02
-1.278394289106274897e+02
-1.235604463091603691e+02
-1.239412876817426650e+02
-1.251419239622438226e+02
-9.122946562735133114e+01
-8.869971133243161887e+01
-8.710889348539441812e+01
-8.686600177927111588e+01
-8.813789165413477633e+01
-9.177325019872060352e+01
-8.991224292343163427e+01
-8.805279629557689702e+01
-8.759285483480414314e+01
-8.863705996296461365e+01
