9.272378675562221728e-01 1.579162582720954555e+00 1.400000000000000000e+01 1.720000000000000000e+02 0.000000000000000000e+00
1.471459535597185141e-02 1.295527222442379722e+00 1.000000000000000000e+01 1.390000000000000000e+02 0.000000000000000000e+00
6.762032263397942389e-01 8.502342193988104979e-01 9.000000000000000000e+00 1.410000000000000000e+02 0.000000000000000000e+00
2.262195614184900894e-01 1.339199735763998644e+00 2.000000000000000000e+00 1.510000000000000000e+02 0.000000000000000000e+00
9.045254428275455449e-01 6.610004888751451757e-01 7.000000000000000000e+00 4.900000000000000000e+01 0.000000000000000000e+00
9.842666914346291929e-01 1.951556806506376640e+00 1.300000000000000000e+01 1.340000000000000000e+02 0.000000000000000000e+00
2.281737884830570273e-01 1.632293084350545875e+00 1.400000000000000000e+01 4.700000000000000000e+01 0.000000000000000000e+00
3.161828348647111042e-01 1.185544726260578274e+00 1.700000000000000000e+01 1.590000000000000000e+02 0.000000000000000000e+00
6.491618722318658330e-01 8.244187398547507817e-01 1.300000000000000000e+01 1.150000000000000000e+02 0.000000000000000000e+00
9.951880863033345237e-02 3.444645395847060199e-01 1.000000000000000000e+00 1.660000000000000000e+02 0.000000000000000000e+00
4.229948189860938124e-01 1.349529316163723625e+00 5.000000000000000000e+00 1.790000000000000000e+02 0.000000000000000000e+00
3.796494983657440203e-01 2.010254812534706392e+00 1.700000000000000000e+01 1.200000000000000000e+02 0.000000000000000000e+00
3.920528326786664186e-01 1.813300072144998554e+00 1.700000000000000000e+01 1.130000000000000000e+02 0.000000000000000000e+00
1.328763347685617546e-01 2.084593971335179763e+00 1.000000000000000000e+01 6.500000000000000000e+01 0.000000000000000000e+00
5.047805655210160225e-01 1.426738738084487146e+00 3.000000000000000000e+00 4.900000000000000000e+01 0.000000000000000000e+00
2.195772455345538221e-01 6.493997018081040240e-01 9.000000000000000000e+00 1.770000000000000000e+02 0.000000000000000000e+00
3.006022478929103459e-01 8.483416466919649901e-01 5.000000000000000000e+00 1.160000000000000000e+02 0.000000000000000000e+00
1.247907302685386938e-01 1.347903676405062923e+00 1.000000000000000000e+00 1.650000000000000000e+02 0.000000000000000000e+00
2.495232633796972133e-01 1.170321595205100262e+00 8.000000000000000000e+00 5.000000000000000000e+01 0.000000000000000000e+00
2.749706458774506812e-01 1.576893123707112654e+00 9.000000000000000000e+00 1.730000000000000000e+02 0.000000000000000000e+00
3.609996088858788976e-01 1.936094238945366364e+00 7.000000000000000000e+00 1.510000000000000000e+02 0.000000000000000000e+00
1.723679413602914323e-01 1.294275813279324838e+00 1.200000000000000000e+01 9.100000000000000000e+01 0.000000000000000000e+00
7.107070316635587526e-01 1.548490993569935803e+00 3.000000000000000000e+00 7.700000000000000000e+01 0.000000000000000000e+00
6.232635662121250864e-01 1.043633654928611820e+00 1.900000000000000000e+01 2.900000000000000000e+01 0.000000000000000000e+00
9.144071280674497260e-01 1.302401375730183608e-01 1.600000000000000000e+01 2.200000000000000000e+01 0.000000000000000000e+00
7.166353165671313086e-01 1.620652922073680502e+00 1.000000000000000000e+00 2.800000000000000000e+01 0.000000000000000000e+00
8.639942133919453759e-01 7.870121023037933705e-01 1.400000000000000000e+01 5.600000000000000000e+01 0.000000000000000000e+00
9.083147373663846835e-01 1.153963293631866671e+00 1.200000000000000000e+01 6.100000000000000000e+01 0.000000000000000000e+00
3.487256178357012182e-01 2.034835175298292942e+00 1.100000000000000000e+01 1.900000000000000000e+02 0.000000000000000000e+00
6.261608158268918700e-01 6.758892952592759906e-01 1.700000000000000000e+01 1.420000000000000000e+02 0.000000000000000000e+00
5.819232101357441067e-01 2.943756557320914569e-01 8.000000000000000000e+00 4.400000000000000000e+01 0.000000000000000000e+00
2.048682267881696273e-01 2.081832947356599739e+00 2.000000000000000000e+00 8.600000000000000000e+01 0.000000000000000000e+00
8.869682297096662671e-01 1.382735656062432428e+00 1.400000000000000000e+01 1.460000000000000000e+02 0.000000000000000000e+00
4.893379139247617804e-01 1.489520285211746176e+00 1.100000000000000000e+01 4.800000000000000000e+01 0.000000000000000000e+00
1.545010341003694165e-01 4.074398354080127627e-01 1.000000000000000000e+01 6.100000000000000000e+01 0.000000000000000000e+00
6.038999791623095303e-01 8.734122424912947880e-01 1.000000000000000000e+00 1.740000000000000000e+02 0.000000000000000000e+00
8.041003188606675456e-02 1.420162525050713498e+00 1.000000000000000000e+01 3.700000000000000000e+01 0.000000000000000000e+00
9.388938704195624874e-02 2.073778300951612419e+00 1.800000000000000000e+01 7.100000000000000000e+01 0.000000000000000000e+00
4.798399815310743222e-01 7.769152587883568772e-01 2.000000000000000000e+01 2.300000000000000000e+01 0.000000000000000000e+00
4.234911148878665044e-01 1.434606649646163135e+00 1.500000000000000000e+01 1.600000000000000000e+02 0.000000000000000000e+00
2.230938221522281717e-01 7.537455203362318779e-01 1.100000000000000000e+01 1.740000000000000000e+02 0.000000000000000000e+00
5.021376382759163981e-01 5.358222924218928318e-01 2.000000000000000000e+00 1.230000000000000000e+02 0.000000000000000000e+00
8.404191752667953264e-01 1.607905256484549072e+00 1.900000000000000000e+01 1.170000000000000000e+02 0.000000000000000000e+00
9.906772989350068892e-01 8.062226822281707284e-01 5.000000000000000000e+00 1.210000000000000000e+02 0.000000000000000000e+00
5.724841485759273318e-01 1.004335346726657141e+00 8.000000000000000000e+00 6.700000000000000000e+01 0.000000000000000000e+00
1.005459309091011777e+00 1.048168329720945646e+00 1.200000000000000000e+01 1.230000000000000000e+02 0.000000000000000000e+00
3.202322564455083453e-01 3.351115994447387836e-01 1.100000000000000000e+01 1.480000000000000000e+02 0.000000000000000000e+00
3.855115726337727811e-01 2.012869654786891616e+00 3.000000000000000000e+00 7.100000000000000000e+01 0.000000000000000000e+00
1.655014469015942957e-01 1.388517110113880682e+00 1.500000000000000000e+01 1.970000000000000000e+02 0.000000000000000000e+00
2.499720120763400111e-01 1.048710520951212422e+00 1.200000000000000000e+01 1.980000000000000000e+02 0.000000000000000000e+00
9.311498457758367042e-01 1.894271547810370437e+00 4.000000000000000000e+00 7.900000000000000000e+01 1.000000000000000000e+00
2.052045476996346984e-01 5.736082820949280903e-01 2.000000000000000000e+00 4.100000000000000000e+01 1.000000000000000000e+00
8.308294190795971756e-01 1.566340899836217604e+00 9.000000000000000000e+00 2.000000000000000000e+00 1.000000000000000000e+00
8.544827409342413693e-01 1.408135452745477245e+00 1.200000000000000000e+01 1.930000000000000000e+02 1.000000000000000000e+00
7.959623756515007420e-01 1.534511160036096777e+00 4.000000000000000000e+00 1.540000000000000000e+02 1.000000000000000000e+00
3.937323704774897681e-01 9.455140969043182020e-01 4.000000000000000000e+00 4.300000000000000000e+01 1.000000000000000000e+00
3.003965215625277185e-01 8.764962430568540297e-01 3.000000000000000000e+00 1.140000000000000000e+02 1.000000000000000000e+00
2.431116139064559700e-01 1.664591072157275420e+00 2.000000000000000000e+01 1.290000000000000000e+02 1.000000000000000000e+00
4.467054599821772554e-01 1.016528620467827437e+00 1.700000000000000000e+01 6.300000000000000000e+01 1.000000000000000000e+00
2.898727706884999256e-01 1.269697458359818842e+00 8.000000000000000000e+00 1.860000000000000000e+02 1.000000000000000000e+00
5.128654997991876074e-01 1.265811710233574194e+00 1.400000000000000000e+01 1.880000000000000000e+02 1.000000000000000000e+00
4.132894821990368284e-01 1.571436793088587747e+00 1.300000000000000000e+01 2.600000000000000000e+01 1.000000000000000000e+00
7.667289502251301014e-01 9.718223357517873362e-01 1.400000000000000000e+01 5.500000000000000000e+01 1.000000000000000000e+00
2.317679049505463329e-01 1.569973253914918931e+00 1.200000000000000000e+01 1.340000000000000000e+02 1.000000000000000000e+00
4.581224978287617988e-01 1.581319781698346416e+00 4.000000000000000000e+00 1.740000000000000000e+02 1.000000000000000000e+00
4.545133849746466614e-01 8.865123385155077029e-01 3.000000000000000000e+00 8.600000000000000000e+01 1.000000000000000000e+00
8.125406985936949322e-01 2.654041513925678997e-01 3.000000000000000000e+00 1.990000000000000000e+02 1.000000000000000000e+00
2.577114394749169257e-01 1.066644460449342358e+00 1.100000000000000000e+01 1.280000000000000000e+02 1.000000000000000000e+00
3.286847673688330085e-01 2.889285976778127596e-01 1.500000000000000000e+01 1.210000000000000000e+02 1.000000000000000000e+00
4.694871510957487892e-01 1.065922037920041143e+00 1.000000000000000000e+01 1.040000000000000000e+02 1.000000000000000000e+00
1.150141333227145818e-01 1.517878743879288228e+00 6.000000000000000000e+00 1.200000000000000000e+02 1.000000000000000000e+00
3.090207601680846627e-01 1.430430858324520438e+00 2.000000000000000000e+01 1.780000000000000000e+02 1.000000000000000000e+00
9.399542806789185079e-01 8.430934321495114903e-01 1.200000000000000000e+01 1.710000000000000000e+02 1.000000000000000000e+00
4.166932891637952635e-02 4.498368992571838421e-01 5.000000000000000000e+00 9.500000000000000000e+01 1.000000000000000000e+00
3.249919984755762492e-01 1.327829978055493632e+00 1.700000000000000000e+01 1.090000000000000000e+02 1.000000000000000000e+00
7.911089583335062514e-01 1.585213038165351307e+00 6.000000000000000000e+00 6.200000000000000000e+01 1.000000000000000000e+00
9.239255201840940179e-01 4.637689387487667902e-01 7.000000000000000000e+00 1.640000000000000000e+02 1.000000000000000000e+00
1.788477300890225496e-01 9.016582436547205814e-01 1.500000000000000000e+01 9.800000000000000000e+01 1.000000000000000000e+00
3.363481614371421902e-01 1.174261477695218270e+00 1.300000000000000000e+01 1.070000000000000000e+02 1.000000000000000000e+00
5.786331179254950996e-01 1.234022649846058917e+00 1.800000000000000000e+01 7.400000000000000000e+01 1.000000000000000000e+00
4.000685195983825215e-01 1.182453586200667539e+00 1.600000000000000000e+01 3.500000000000000000e+01 1.000000000000000000e+00
6.948521821794004794e-01 6.480983508373415747e-01 7.000000000000000000e+00 3.300000000000000000e+01 1.000000000000000000e+00
3.069066012099263413e-02 2.235837401762556242e-01 1.400000000000000000e+01 6.000000000000000000e+01 1.000000000000000000e+00
6.215379977378546750e-01 2.654242441955420029e-01 1.400000000000000000e+01 1.180000000000000000e+02 1.000000000000000000e+00
2.847464141086819556e-01 3.391839567588567084e-01 7.000000000000000000e+00 1.900000000000000000e+02 1.000000000000000000e+00
6.051591938089379008e-01 2.651111660214585664e-01 1.800000000000000000e+01 9.000000000000000000e+01 1.000000000000000000e+00
9.753952016000043690e-01 1.971680178894578361e+00 1.500000000000000000e+01 6.200000000000000000e+01 1.000000000000000000e+00
1.172214189557708591e-01 3.329480522702165102e-01 2.000000000000000000e+01 1.340000000000000000e+02 1.000000000000000000e+00
9.879416607347598633e-01 1.393421427763709364e+00 1.000000000000000000e+00 1.520000000000000000e+02 1.000000000000000000e+00
7.575314293972511548e-01 4.307796699973643895e-01 1.900000000000000000e+01 8.300000000000000000e+01 1.000000000000000000e+00
9.795555643841620252e-01 4.842800363953300158e-01 1.000000000000000000e+00 1.160000000000000000e+02 1.000000000000000000e+00
1.521775118852740638e-01 1.830235943805105014e+00 1.000000000000000000e+01 1.530000000000000000e+02 1.000000000000000000e+00
9.411356812711910713e-01 1.077484661702237778e+00 2.000000000000000000e+01 1.050000000000000000e+02 1.000000000000000000e+00
9.232673819940405702e-01 4.214575085353645667e-01 4.000000000000000000e+00 8.000000000000000000e+00 1.000000000000000000e+00
6.432596821260634368e-01 5.052713666292795169e-01 1.000000000000000000e+00 1.550000000000000000e+02 1.000000000000000000e+00
9.574850907005244549e-01 1.214907670020871189e+00 1.900000000000000000e+01 1.980000000000000000e+02 1.000000000000000000e+00
9.402025530329788383e-01 1.102457973696326032e+00 4.000000000000000000e+00 1.660000000000000000e+02 1.000000000000000000e+00
5.785993881410762540e-01 2.733025135758487822e-01 1.800000000000000000e+01 1.440000000000000000e+02 1.000000000000000000e+00
4.083335259457198108e-01 3.000411698943988847e-01 1.800000000000000000e+01 1.640000000000000000e+02 1.000000000000000000e+00
9.808801418433437114e-01 4.707372226179896701e-01 2.000000000000000000e+01 1.910000000000000000e+02 1.000000000000000000e+00
7.762136466071866137e-01 1.949541327878329788e+00 1.700000000000000000e+01 1.000000000000000000e+00 2.000000000000000000e+00
9.024751585094352713e-01 1.404380242673514134e+00 1.500000000000000000e+01 1.260000000000000000e+02 2.000000000000000000e+00
5.129097824267854211e-01 1.649257714211658454e+00 8.000000000000000000e+00 3.700000000000000000e+01 2.000000000000000000e+00
2.354000116990587754e-01 1.550930716669860931e+00 1.100000000000000000e+01 1.340000000000000000e+02 2.000000000000000000e+00
3.875307211639266169e-01 1.410323460512764582e+00 1.500000000000000000e+01 1.160000000000000000e+02 2.000000000000000000e+00
3.448401858005238907e-01 1.759888482828923406e+00 1.700000000000000000e+01 9.000000000000000000e+01 2.000000000000000000e+00
6.864861027423219131e-01 4.751810139979307790e-01 1.100000000000000000e+01 1.090000000000000000e+02 2.000000000000000000e+00
6.797195607778371007e-02 1.084731425013847561e+00 7.000000000000000000e+00 1.990000000000000000e+02 2.000000000000000000e+00
5.038692938064842641e-01 1.358421550097372421e+00 5.000000000000000000e+00 7.600000000000000000e+01 2.000000000000000000e+00
6.040866438934077570e-02 6.876441621737862109e-01 7.000000000000000000e+00 1.320000000000000000e+02 2.000000000000000000e+00
5.894550974861002546e-01 5.322824989743984991e-01 1.000000000000000000e+01 1.810000000000000000e+02 2.000000000000000000e+00
2.939872075426056552e-01 6.354929247000652426e-01 4.000000000000000000e+00 7.400000000000000000e+01 2.000000000000000000e+00
3.055801287925223875e-01 6.324363523750727856e-01 2.000000000000000000e+00 1.710000000000000000e+02 2.000000000000000000e+00
8.271314350474033572e-02 1.526489580123747025e+00 1.100000000000000000e+01 1.350000000000000000e+02 2.000000000000000000e+00
2.559953157083175723e-01 1.589292430063170780e+00 4.000000000000000000e+00 1.800000000000000000e+01 2.000000000000000000e+00
9.635750682796238864e-02 2.185447558787369238e-01 2.000000000000000000e+00 7.600000000000000000e+01 2.000000000000000000e+00
8.791863200145938473e-01 4.629824679003796684e-01 1.200000000000000000e+01 1.600000000000000000e+02 2.000000000000000000e+00
5.090973270251715199e-01 1.250412838267592308e+00 1.400000000000000000e+01 3.500000000000000000e+01 2.000000000000000000e+00
1.207372552057517229e-01 6.192018021330859545e-01 1.400000000000000000e+01 6.400000000000000000e+01 2.000000000000000000e+00
8.999037775636918590e-02 1.119879802863424034e+00 1.300000000000000000e+01 5.500000000000000000e+01 2.000000000000000000e+00
3.621274482818230833e-01 1.397343680160768820e+00 1.900000000000000000e+01 1.370000000000000000e+02 2.000000000000000000e+00
3.904164793243450893e-01 6.130096413108586662e-01 1.500000000000000000e+01 1.700000000000000000e+01 2.000000000000000000e+00
4.752270811423701113e-01 1.173251930903030260e+00 1.000000000000000000e+00 1.130000000000000000e+02 2.000000000000000000e+00
3.466018238591451750e-01 1.208550390994395762e+00 5.000000000000000000e+00 8.600000000000000000e+01 2.000000000000000000e+00
2.139972338734278390e-01 1.084470555283918891e+00 1.000000000000000000e+00 2.400000000000000000e+01 2.000000000000000000e+00
4.400200519266916216e-02 9.445323634446119998e-01 9.000000000000000000e+00 1.190000000000000000e+02 2.000000000000000000e+00
9.270686376425650854e-01 3.381343693856376786e-01 1.000000000000000000e+00 5.900000000000000000e+01 2.000000000000000000e+00
1.002815443739499379e+00 3.439612653687903476e-01 1.100000000000000000e+01 3.900000000000000000e+01 2.000000000000000000e+00
2.996879804934330371e-01 7.901130844205533910e-01 4.000000000000000000e+00 1.460000000000000000e+02 2.000000000000000000e+00
3.628074896213308032e-01 1.837611282108184030e+00 1.900000000000000000e+01 4.700000000000000000e+01 2.000000000000000000e+00
7.311797066021287206e-01 2.106669191675713260e-01 2.000000000000000000e+01 4.700000000000000000e+01 2.000000000000000000e+00
6.240639313366583840e-01 1.004718509921971314e+00 1.700000000000000000e+01 4.300000000000000000e+01 2.000000000000000000e+00
3.860410373079063984e-01 1.564209716379995507e+00 1.700000000000000000e+01 1.360000000000000000e+02 2.000000000000000000e+00
4.073951258081049964e-01 7.250311918952382362e-01 1.500000000000000000e+01 9.000000000000000000e+00 2.000000000000000000e+00
4.466870171381769339e-01 1.078586189013283736e+00 8.000000000000000000e+00 5.500000000000000000e+01 2.000000000000000000e+00
1.617695212040286545e-01 1.145429702267514838e+00 2.000000000000000000e+00 6.600000000000000000e+01 2.000000000000000000e+00
1.158077451018597465e-01 1.964529936826950041e-01 9.000000000000000000e+00 2.500000000000000000e+01 2.000000000000000000e+00
7.354918453998976480e-01 1.146605161519024252e+00 1.500000000000000000e+01 1.430000000000000000e+02 2.000000000000000000e+00
9.414349810193773926e-01 1.132868109985666782e+00 1.400000000000000000e+01 1.130000000000000000e+02 2.000000000000000000e+00
9.923049452881559374e-01 1.305230963297100866e+00 3.000000000000000000e+00 1.500000000000000000e+02 2.000000000000000000e+00
1.924743463857752079e-01 1.082305696201397938e+00 1.700000000000000000e+01 1.260000000000000000e+02 2.000000000000000000e+00
7.521102679048975448e-01 4.625252452599953878e-01 1.100000000000000000e+01 1.530000000000000000e+02 2.000000000000000000e+00
8.232446457484109137e-02 6.145948156215724767e-01 1.800000000000000000e+01 1.030000000000000000e+02 2.000000000000000000e+00
3.574167954238564038e-01 9.005115779668367848e-01 1.800000000000000000e+01 6.100000000000000000e+01 2.000000000000000000e+00
5.207402502745134276e-01 9.421998088855024767e-01 5.000000000000000000e+00 1.710000000000000000e+02 2.000000000000000000e+00
9.120607477819457909e-01 2.168269406946782552e-01 9.000000000000000000e+00 1.320000000000000000e+02 2.000000000000000000e+00
6.081661969977731896e-01 7.618476637465897428e-01 1.400000000000000000e+01 3.000000000000000000e+01 2.000000000000000000e+00
3.138775940615523563e-01 9.315205996978238590e-01 1.400000000000000000e+01 5.400000000000000000e+01 2.000000000000000000e+00
1.442845387519103850e-01 1.010633940999086100e+00 7.000000000000000000e+00 3.100000000000000000e+01 2.000000000000000000e+00
9.366050231517080160e-01 1.878770684406566138e+00 2.000000000000000000e+01 8.400000000000000000e+01 2.000000000000000000e+00
5.463452732238271298e-02 1.734794118049541423e+00 1.000000000000000000e+00 1.680000000000000000e+02 3.000000000000000000e+00
2.754024447143992305e-01 1.157465571623263578e+00 2.000000000000000000e+01 1.630000000000000000e+02 3.000000000000000000e+00
6.484186728530636490e-01 2.060402568965239212e+00 1.000000000000000000e+01 4.400000000000000000e+01 3.000000000000000000e+00
1.287948991834857448e-01 1.008381589669173906e+00 1.200000000000000000e+01 1.520000000000000000e+02 3.000000000000000000e+00
8.105523475626863483e-01 3.380859992424832816e-01 1.000000000000000000e+00 1.750000000000000000e+02 3.000000000000000000e+00
8.037480311412266154e-01 1.334126973706172947e+00 9.000000000000000000e+00 4.600000000000000000e+01 3.000000000000000000e+00
2.248335600608269980e-01 1.182955858595515330e+00 1.400000000000000000e+01 6.000000000000000000e+00 3.000000000000000000e+00
8.949655874628532626e-01 1.838130836719580552e+00 1.700000000000000000e+01 8.200000000000000000e+01 3.000000000000000000e+00
7.118310261912825787e-01 1.849248574702228698e+00 1.300000000000000000e+01 1.700000000000000000e+01 3.000000000000000000e+00
8.355357400511636001e-01 1.671616006934991017e+00 1.200000000000000000e+01 7.800000000000000000e+01 3.000000000000000000e+00
1.760827881136888262e-01 1.079998090541579858e-01 1.500000000000000000e+01 1.060000000000000000e+02 3.000000000000000000e+00
5.362498426660891049e-01 1.651087099128397961e-01 1.100000000000000000e+01 1.620000000000000000e+02 3.000000000000000000e+00
5.764406617059655291e-01 1.742835236948263811e+00 7.000000000000000000e+00 1.350000000000000000e+02 3.000000000000000000e+00
2.926433101517735835e-01 9.901277508434035424e-01 2.000000000000000000e+00 1.790000000000000000e+02 3.000000000000000000e+00
4.187201596714794638e-01 6.010194991514102858e-01 4.000000000000000000e+00 6.100000000000000000e+01 3.000000000000000000e+00
8.759330874796034117e-01 1.533433672057818331e+00 2.000000000000000000e+01 1.820000000000000000e+02 3.000000000000000000e+00
1.685143569312405054e-01 1.618221028711948284e+00 1.900000000000000000e+01 1.230000000000000000e+02 3.000000000000000000e+00
8.518890967513012002e-01 1.274431450644718800e-01 1.800000000000000000e+01 7.800000000000000000e+01 3.000000000000000000e+00
7.107180928553333832e-01 1.810913969506698473e+00 7.000000000000000000e+00 1.180000000000000000e+02 3.000000000000000000e+00
8.357660357744393087e-01 1.545290542324353700e+00 5.000000000000000000e+00 8.100000000000000000e+01 3.000000000000000000e+00
2.593109876468242536e-01 4.665157848994238021e-01 9.000000000000000000e+00 1.300000000000000000e+02 3.000000000000000000e+00
5.313450518756357432e-01 1.960667109581302858e+00 1.600000000000000000e+01 6.600000000000000000e+01 3.000000000000000000e+00
6.974673335896468540e-01 1.807735655038548828e+00 1.500000000000000000e+01 2.500000000000000000e+01 3.000000000000000000e+00
2.571160321700900475e-01 1.908877340711310211e+00 1.300000000000000000e+01 6.200000000000000000e+01 3.000000000000000000e+00
6.477709659435094691e-01 3.254837909116640171e-01 1.900000000000000000e+01 8.000000000000000000e+01 3.000000000000000000e+00
5.615768175636591808e-01 1.000734805959337059e+00 9.000000000000000000e+00 2.100000000000000000e+01 3.000000000000000000e+00
2.184587212915329868e-01 1.468287162434021020e+00 2.000000000000000000e+01 8.400000000000000000e+01 3.000000000000000000e+00
3.363385838022362462e-01 1.641944815268268965e+00 1.200000000000000000e+01 7.000000000000000000e+01 3.000000000000000000e+00
3.663362834064383122e-01 2.226002383342361723e-01 2.000000000000000000e+00 1.920000000000000000e+02 3.000000000000000000e+00
8.986045878328983161e-01 5.563397964754875913e-01 5.000000000000000000e+00 1.280000000000000000e+02 3.000000000000000000e+00
5.031621480492076692e-01 1.232748119290929534e+00 1.600000000000000000e+01 5.800000000000000000e+01 3.000000000000000000e+00
4.875011872784514866e-01 1.181487048409004759e+00 1.200000000000000000e+01 4.100000000000000000e+01 3.000000000000000000e+00
8.732343470117908124e-01 6.086966794359517374e-01 1.600000000000000000e+01 4.200000000000000000e+01 3.000000000000000000e+00
1.898573695633362091e-01 6.572572938283561816e-01 1.300000000000000000e+01 9.200000000000000000e+01 3.000000000000000000e+00
1.793638156093101815e-02 2.058418682568145253e-01 1.900000000000000000e+01 7.200000000000000000e+01 3.000000000000000000e+00
7.881355737262950578e-01 1.843120018286861450e+00 5.000000000000000000e+00 1.550000000000000000e+02 3.000000000000000000e+00
5.819380840898588092e-01 1.899730574078134948e+00 5.000000000000000000e+00 8.700000000000000000e+01 3.000000000000000000e+00
5.734336949641729575e-01 1.813030978036059393e+00 4.000000000000000000e+00 8.800000000000000000e+01 3.000000000000000000e+00
1.147125602875668088e-01 7.761309633137650765e-01 3.000000000000000000e+00 1.250000000000000000e+02 3.000000000000000000e+00
1.007567920065765010e+00 2.002710916402681729e+00 2.000000000000000000e+01 1.770000000000000000e+02 3.000000000000000000e+00
7.623378903498125858e-01 1.367734591002567557e+00 1.200000000000000000e+01 7.200000000000000000e+01 3.000000000000000000e+00
2.187141164085750766e-01 1.157272049143073911e+00 1.400000000000000000e+01 9.800000000000000000e+01 3.000000000000000000e+00
1.478750208974392022e-01 1.739874175636461351e-01 1.400000000000000000e+01 7.300000000000000000e+01 3.000000000000000000e+00
2.172261979531557863e-01 1.987433913680814568e+00 5.000000000000000000e+00 8.000000000000000000e+00 3.000000000000000000e+00
1.965756340622754061e-01 2.477045385257185262e-01 9.000000000000000000e+00 2.300000000000000000e+01 3.000000000000000000e+00
1.679317283800757510e-01 9.983993438355275307e-01 9.000000000000000000e+00 1.550000000000000000e+02 3.000000000000000000e+00
9.769159693351244789e-01 7.768402164575184399e-01 1.100000000000000000e+01 5.400000000000000000e+01 3.000000000000000000e+00
4.442068487517534248e-01 1.651949867111933923e+00 1.600000000000000000e+01 1.050000000000000000e+02 3.000000000000000000e+00
8.975395696737480389e-01 4.492039430639506170e-01 1.100000000000000000e+01 5.500000000000000000e+01 3.000000000000000000e+00
3.588152525814388705e-01 1.801404878828179346e+00 1.200000000000000000e+01 4.000000000000000000e+01 3.000000000000000000e+00
8.609908045168236379e-01 2.021884282497060870e+00 1.000000000000000000e+01 1.260000000000000000e+02 4.000000000000000000e+00
3.570730466448051033e-01 3.815783212331135266e-01 1.000000000000000000e+01 5.000000000000000000e+01 4.000000000000000000e+00
1.899992891137537443e-01 5.612917051784550582e-01 5.000000000000000000e+00 8.500000000000000000e+01 4.000000000000000000e+00
4.741787988682564237e-01 1.891579592636809304e+00 1.000000000000000000e+00 1.870000000000000000e+02 4.000000000000000000e+00
5.916549106659959589e-01 1.170695971921483114e+00 4.000000000000000000e+00 9.000000000000000000e+00 4.000000000000000000e+00
5.817262295826234331e-01 1.497181976721955188e+00 1.900000000000000000e+01 1.170000000000000000e+02 4.000000000000000000e+00
8.224363007270654169e-01 3.633750803278451569e-01 1.800000000000000000e+01 1.680000000000000000e+02 4.000000000000000000e+00
6.036771715819500006e-01 1.952177696692139586e+00 3.000000000000000000e+00 8.000000000000000000e+01 4.000000000000000000e+00
4.306823656896876518e-01 1.733481853872999023e+00 1.000000000000000000e+00 9.400000000000000000e+01 4.000000000000000000e+00
8.003681034351933787e-01 1.772678001291821070e+00 5.000000000000000000e+00 1.920000000000000000e+02 4.000000000000000000e+00
1.443238420681582923e-01 6.825070312682713913e-01 7.000000000000000000e+00 7.100000000000000000e+01 4.000000000000000000e+00
1.946016305374617117e-01 1.435273583530301877e+00 7.000000000000000000e+00 1.550000000000000000e+02 4.000000000000000000e+00
8.247451803632930289e-01 1.812433357924484734e-01 9.000000000000000000e+00 1.570000000000000000e+02 4.000000000000000000e+00
5.456991751549059577e-01 1.856439505437638582e+00 1.400000000000000000e+01 1.630000000000000000e+02 4.000000000000000000e+00
1.935999982939995423e-01 1.262113124608638115e+00 5.000000000000000000e+00 4.400000000000000000e+01 4.000000000000000000e+00
5.371667200087208993e-01 2.037867651382658352e+00 2.000000000000000000e+01 6.000000000000000000e+01 4.000000000000000000e+00
5.462733778799941931e-01 1.828006081403046768e+00 3.000000000000000000e+00 2.400000000000000000e+01 4.000000000000000000e+00
6.592584726572345843e-01 1.146621838747719835e+00 1.900000000000000000e+01 1.810000000000000000e+02 4.000000000000000000e+00
1.785254822925173013e-01 1.769063810841347673e+00 3.000000000000000000e+00 6.800000000000000000e+01 4.000000000000000000e+00
7.930383551705256773e-01 1.968314282274742144e+00 1.000000000000000000e+01 1.180000000000000000e+02 4.000000000000000000e+00
2.951076085474647615e-01 6.791610084217175602e-01 1.500000000000000000e+01 1.920000000000000000e+02 4.000000000000000000e+00
9.095357713154544888e-01 6.227876162914743885e-01 1.300000000000000000e+01 2.300000000000000000e+01 4.000000000000000000e+00
3.800122340148570643e-01 5.733478401062958030e-01 2.000000000000000000e+01 4.100000000000000000e+01 4.000000000000000000e+00
2.539187060358479853e-01 1.381638547636937275e+00 2.000000000000000000e+01 1.980000000000000000e+02 4.000000000000000000e+00
6.124039208669546097e-01 1.274726957372751324e+00 1.300000000000000000e+01 1.320000000000000000e+02 4.000000000000000000e+00
5.530033106958564398e-02 2.035738083471794191e+00 6.000000000000000000e+00 1.190000000000000000e+02 4.000000000000000000e+00
1.602469035968454580e-01 1.210042266373351438e+00 2.000000000000000000e+01 8.600000000000000000e+01 4.000000000000000000e+00
7.944140274599775786e-01 1.153361102073765798e-01 1.700000000000000000e+01 5.800000000000000000e+01 4.000000000000000000e+00
8.499728759283455837e-01 5.509101781420860933e-01 1.100000000000000000e+01 1.990000000000000000e+02 4.000000000000000000e+00
4.989033172521278869e-01 1.615421339945172230e+00 5.000000000000000000e+00 1.020000000000000000e+02 4.000000000000000000e+00
2.959898080182399305e-01 2.427881938208155399e-01 4.000000000000000000e+00 5.600000000000000000e+01 4.000000000000000000e+00
4.936045067233726380e-01 9.689791362201131131e-01 2.000000000000000000e+01 6.300000000000000000e+01 4.000000000000000000e+00
6.466401338048372027e-01 8.695316464195469441e-01 2.000000000000000000e+00 3.900000000000000000e+01 4.000000000000000000e+00
3.421751540724103924e-01 1.059233795641318920e+00 1.000000000000000000e+00 1.350000000000000000e+02 4.000000000000000000e+00
1.007766359677943896e-01 2.026683319493353785e+00 1.500000000000000000e+01 7.700000000000000000e+01 4.000000000000000000e+00
3.459032362153368484e-02 9.421047422298168827e-01 1.100000000000000000e+01 1.560000000000000000e+02 4.000000000000000000e+00
8.587475807590408960e-01 1.019873797280991701e+00 2.000000000000000000e+00 1.740000000000000000e+02 4.000000000000000000e+00
8.759482038427085504e-01 2.874188977393760114e-01 1.500000000000000000e+01 1.160000000000000000e+02 4.000000000000000000e+00
3.195270649133756802e-01 1.972362199605245170e+00 1.000000000000000000e+00 1.120000000000000000e+02 4.000000000000000000e+00
1.202967223412702985e-01 9.605264947547872412e-01 6.000000000000000000e+00 1.040000000000000000e+02 4.000000000000000000e+00
1.007398706585653780e+00 1.908903929571904134e+00 1.900000000000000000e+01 6.600000000000000000e+01 4.000000000000000000e+00
2.218732491345003499e-01 1.880837577198606780e+00 1.100000000000000000e+01 1.530000000000000000e+02 4.000000000000000000e+00
5.304846096356546914e-01 5.775217488861034143e-01 4.000000000000000000e+00 1.190000000000000000e+02 4.000000000000000000e+00
7.341073007533281680e-02 1.918095945428000215e+00 8.000000000000000000e+00 9.000000000000000000e+01 4.000000000000000000e+00
9.354007582670763321e-02 1.288660807921421514e-01 1.000000000000000000e+01 9.000000000000000000e+01 4.000000000000000000e+00
3.650081531644976812e-02 1.371588169518157818e-01 4.000000000000000000e+00 1.770000000000000000e+02 4.000000000000000000e+00
6.861304731596973294e-01 4.208340896220091887e-01 7.000000000000000000e+00 1.830000000000000000e+02 4.000000000000000000e+00
2.162606937367892446e-01 1.055781396289349194e+00 1.300000000000000000e+01 1.050000000000000000e+02 4.000000000000000000e+00
2.138264932289379167e-02 2.060390455313549085e-01 8.000000000000000000e+00 1.140000000000000000e+02 4.000000000000000000e+00
8.944090994340262446e-01 1.935179252534915850e+00 5.000000000000000000e+00 1.910000000000000000e+02 4.000000000000000000e+00
