-1.330967939221034158e+02
-1.278401475067734765e+02
-1.235615280374831713e+02
-1.239422783857149000e+02
-1.251434738798145219e+02
-1.330968346074838848e+02
-1.278399822645833126e+02
-1.235614751790025991e+02
-1.239422921179649535e+02
-1.251434757012306136e+02
-9.440927724634657636e+01
-9.306247544418764051e+01
-9.076369522330696782e+01
-9.006217655668704936e+01
-9.152563492967465208e+01
-1.232698758749427981e+02
-1.191058250115521560e+02
-1.150059102571813270e+02
-1.155592572961154048e+02
-1.172353156017423004e+02
-1.248168746206811903e+02
-1.202353968362469772e+02
-1.161770538406391466e+02
-1.167831465293724023e+02
-1.182650351984188006e+02
-1.058152504716612867e+02
-1.031267664037977454e+02
-1.005204679725458590e+02
-1.005239687920087306e+02
-1.021576340432698231e+02
-1.107907145530815995e+02
-1.079190456025264098e+02
-1.047969999367313676e+02
-1.050925183718374569e+02
-1.068348813063873877e+02
-1.330643483469839623e+02
-1.278157511511062125e+02
-1.235358896223344374e+02
-1.239147957159507172e+02
-1.251152571523273167e+02
-1.106530878022792734e+02
-1.077572703805795129e+02
-1.043685125353958085e+02
-1.040981504455899369e+02
-1.058388216977470364e+02
-9.328614766226334609e+01
-9.125248652967584917e+01
-8.908165249595295165e+01
-8.870007120201410089e+01
-9.013116311868161290e+01
-1.330902207997091580e+02
-1.278344627993724032e+02
-1.235550088264495798e+02
-1.239373486343590400e+02
-1.251386312817409134e+02
-1.330967647009314305e+02
-1.278400582414899418e+02
-1.235614928202113560e+02
-1.239422917852277095e+02
-1.251434366999822032e+02
-9.493924096490563613e+01
-9.241836209186475060e+01
-9.185880750763234914e+01
-9.002157321911450083e+01
-9.126347646686848236e+01
-1.328179336232943513e+02
-1.275370748989902268e+02
-1.231980813833375379e+02
-1.235423975421338696e+02
-1.247907384713601715e+02
-1.155363548314041680e+02
-1.126006956853390193e+02
-1.091910920852681812e+02
-1.096065130272701396e+02
-1.109614633400324237e+02
-1.294030084087704324e+02
-1.243654603376111538e+02
-1.200529085346206699e+02
-1.205123370692954552e+02
-1.219189466683694150e+02
-1.330968189865403417e+02
-1.278400666296054027e+02
-1.235615223511156557e+02
-1.239422848414845504e+02
-1.251434430393588428e+02
-9.863901931372863885e+01
-9.651612260294049861e+01
-9.417512989148842451e+01
-9.364407512719648707e+01
-9.550966937486126085e+01
-8.989153992523671377e+01
-8.799744133588995965e+01
-8.585780071704830618e+01
-8.547903875368729132e+01
-8.662393298700906996e+01
-1.168952336618784358e+02
-1.136296857723778402e+02
-1.102668524141872979e+02
-1.104997057032556427e+02
-1.123814673284210954e+02
-1.180102326915686746e+02
-1.140090512908380873e+02
-1.109212683427268473e+02
-1.114984339764102543e+02
-1.130817661988168226e+02
-1.146316836171939997e+02
-1.105578667670820607e+02
-1.075304745442225993e+02
-1.075465546569080715e+02
-1.092037199154918028e+02
-1.014904173879711493e+02
-9.947672370760616900e+01
-9.662064542483716423e+01
-9.641043266330939332e+01
-9.811269464536442797e+01
-9.030400059779188382e+01
-8.907116344968346766e+01
-8.661769305493817228e+01
-8.602454126663604939e+01
-8.713490519712846094e+01
-1.330961606217011592e+02
-1.278397054532548225e+02
-1.235611497487495711e+02
-1.239422396509165480e+02
-1.251431127708262778e+02
-1.101348765838967410e+02
-1.074737885256210603e+02
-1.043697481939203300e+02
-1.048413355509112250e+02
-1.062386073645201776e+02
-1.309743524380386646e+02
-1.244049255673565852e+02
-1.200239866336676045e+02
-1.208197004792493487e+02
-1.217096993622831036e+02
-9.460220657398494382e+01
-9.274734634540467937e+01
-9.054037976902527873e+01
-9.000164199558629718e+01
-9.132072070225345328e+01
-1.322324538070078006e+02
-1.268418696713847140e+02
-1.225591341583234026e+02
-1.229778020279774609e+02
-1.241704163994846795e+02
-1.330968302859459413e+02
-1.278400701655994141e+02
-1.235615182715267508e+02
-1.239422777490750462e+02
-1.251434406381435167e+02
-1.321999487468218035e+02
-1.269038506176154186e+02
-1.225084774041614821e+02
-1.229282613930421775e+02
-1.242127093122194310e+02
-1.330967936084130088e+02
-1.278401117927609789e+02
-1.235615262573662250e+02
-1.239423408292929594e+02
-1.251434142804838814e+02
-1.330968328666896809e+02
-1.278400698064140215e+02
-1.235615391390456352e+02
-1.239422583671738494e+02
-1.251434512166573256e+02
-1.174592844152101350e+02
-1.141693364498306238e+02
-1.105669273746097616e+02
-1.107056090996193518e+02
-1.125072644314456056e+02
-1.330944350940757204e+02
-1.278383294349392258e+02
-1.235587845658011332e+02
-1.239403906271967344e+02
-1.251398015146993714e+02
-1.330968408626187909e+02
-1.278400855665713607e+02
-1.235615262189726451e+02
-1.239422395059501127e+02
-1.251434721639109995e+02
-1.330967630538629578e+02
-1.278400897651122960e+02
-1.235615400921622751e+02
-1.239423001724569247e+02
-1.251434828170881985e+02
-1.330967456416698553e+02
-1.278395739743957762e+02
-1.235609208416768467e+02
-1.239417016600373245e+02
-1.251434319831731301e+02
-1.330970429233367156e+02
-1.278396475419609715e+02
-1.235614600037041129e+02
-1.239421950456030004e+02
-1.251434241066414472e+02
-1.310514002924227839e+02
-1.255555037399463316e+02
-1.209217101610845475e+02
-1.215990272631631655e+02
-1.229018262651143942e+02
-1.330821371119923811e+02
-1.278241635119945272e+02
-1.235471226368829889e+02
-1.239227691054013860e+02
-1.251239813047320411e+02
-1.014047489485429452e+02
-9.903868685358983726e+01
-9.634883901814549745e+01
-9.610801749846051223e+01
-9.779260301295569491e+01
-1.093276394967783034e+02
-1.068698271012261500e+02
-1.036108814042645747e+02
-1.039618320849841524e+02
-1.055572735957246238e+02
-1.330967945276487399e+02
-1.278401299550362893e+02
-1.235613244603051442e+02
-1.239423630767670659e+02
-1.251435579737069048e+02
-9.957696520222641823e+01
-9.733308350656146501e+01
-9.489030307807588827e+01
-9.464625847684860105e+01
-9.613995548898884635e+01
-1.126647109176052624e+02
-1.097905405202091629e+02
-1.066379107110189608e+02
-1.066553062291141600e+02
-1.083176870241838259e+02
-1.329365679907651554e+02
-1.276814983820022036e+02
-1.233735647692084854e+02
-1.237819166343654871e+02
-1.249687239323895369e+02
-1.279437653638875645e+02
-1.229316095605818191e+02
-1.187432303494986314e+02
-1.192709768650080662e+02
-1.207723717097718463e+02
-1.330140006108217676e+02
-1.277703425392669345e+02
-1.234855631671680527e+02
-1.238760768328688471e+02
-1.250586412546534518e+02
-1.145357061759956707e+02
-1.105427922238719134e+02
-1.075131149104150836e+02
-1.074686012376726723e+02
-1.091880625024574272e+02
