7.811840984536714272e-01 1.913567574976443586e+00 1.300000000000000000e+01 7.000000000000000000e+00 0.000000000000000000e+00
8.751337399126855876e-02 3.744225338513128554e-01 1.500000000000000000e+01 1.040000000000000000e+02 0.000000000000000000e+00
3.500658541895715903e-01 1.612637157194171389e-01 1.900000000000000000e+01 1.560000000000000000e+02 0.000000000000000000e+00
8.917850058588774331e-01 1.908173726029422701e+00 1.000000000000000000e+01 1.290000000000000000e+02 0.000000000000000000e+00
1.726425324584570653e-01 1.439138549457557037e+00 1.500000000000000000e+01 1.270000000000000000e+02 0.000000000000000000e+00
3.926943853403985080e-02 2.310768607352863546e-01 8.000000000000000000e+00 1.470000000000000000e+02 0.000000000000000000e+00
2.423629646752220035e-01 1.205800544750159631e+00 1.600000000000000000e+01 6.900000000000000000e+01 0.000000000000000000e+00
4.446514737101672221e-01 2.089104497288122531e+00 1.600000000000000000e+01 1.360000000000000000e+02 0.000000000000000000e+00
6.465608815709378288e-01 1.724678298991293657e+00 1.700000000000000000e+01 1.640000000000000000e+02 0.000000000000000000e+00
2.380220831175274832e-01 1.055266757497796082e+00 1.500000000000000000e+01 1.540000000000000000e+02 0.000000000000000000e+00
3.878643055529130690e-01 1.558513979201389343e+00 1.300000000000000000e+01 1.250000000000000000e+02 0.000000000000000000e+00
2.501243019603655027e-01 1.634723065884003512e+00 9.000000000000000000e+00 3.000000000000000000e+00 0.000000000000000000e+00
9.739698150804931842e-01 1.594103740913756839e+00 4.000000000000000000e+00 1.750000000000000000e+02 0.000000000000000000e+00
4.317391753811482547e-01 1.695575603967422795e+00 1.300000000000000000e+01 1.590000000000000000e+02 0.000000000000000000e+00
4.867169550510145326e-01 1.183733038057872777e+00 2.000000000000000000e+00 8.400000000000000000e+01 0.000000000000000000e+00
3.496753450074382430e-01 1.009996336568479203e+00 1.200000000000000000e+01 3.300000000000000000e+01 0.000000000000000000e+00
8.423051772328442599e-01 1.826093452077008072e-01 1.200000000000000000e+01 1.360000000000000000e+02 0.000000000000000000e+00
3.899142066370394621e-01 6.454553167098943112e-01 1.100000000000000000e+01 1.150000000000000000e+02 0.000000000000000000e+00
7.011010323554012214e-01 4.516873876764383455e-01 8.000000000000000000e+00 5.000000000000000000e+00 0.000000000000000000e+00
9.063257039101745016e-02 1.890752725365841824e+00 4.000000000000000000e+00 4.700000000000000000e+01 0.000000000000000000e+00
7.852111138986642702e-01 2.085485914555141651e+00 1.600000000000000000e+01 7.900000000000000000e+01 0.000000000000000000e+00
9.777173755855349535e-01 1.014815342994022540e+00 1.500000000000000000e+01 1.450000000000000000e+02 0.000000000000000000e+00
7.262450526558991148e-01 9.139943397932180913e-01 2.000000000000000000e+01 2.600000000000000000e+01 0.000000000000000000e+00
9.706532837969581440e-01 1.249445150936096260e-01 4.000000000000000000e+00 1.060000000000000000e+02 0.000000000000000000e+00
4.862747824501106875e-01 8.176996264389969626e-01 1.000000000000000000e+01 1.560000000000000000e+02 0.000000000000000000e+00
5.378274073200345340e-01 3.662108901970487773e-01 7.000000000000000000e+00 1.180000000000000000e+02 0.000000000000000000e+00
8.063734490952234601e-01 8.461798482907220142e-01 1.600000000000000000e+01 1.110000000000000000e+02 0.000000000000000000e+00
1.011169519330990946e-01 8.630115633402791753e-01 5.000000000000000000e+00 3.900000000000000000e+01 0.000000000000000000e+00
1.001165375704100802e+00 1.755711703495067999e+00 6.000000000000000000e+00 2.200000000000000000e+01 0.000000000000000000e+00
7.013001443532422829e-01 8.456872390199529077e-01 1.500000000000000000e+01 2.400000000000000000e+01 0.000000000000000000e+00
8.699388582409697257e-01 2.941716453144022081e-01 1.100000000000000000e+01 2.300000000000000000e+01 0.000000000000000000e+00
9.718799337389200099e-01 8.531730304248238417e-01 1.700000000000000000e+01 7.800000000000000000e+01 0.000000000000000000e+00
6.879235000990578663e-02 9.938335966733088389e-01 1.700000000000000000e+01 1.230000000000000000e+02 0.000000000000000000e+00
9.959426069339220033e-01 3.084571233229477238e-01 1.000000000000000000e+01 1.630000000000000000e+02 0.000000000000000000e+00
3.600152697560816684e-01 4.710862405874772785e-01 1.100000000000000000e+01 1.210000000000000000e+02 0.000000000000000000e+00
8.413508313007475037e-01 1.923055258575598003e+00 1.100000000000000000e+01 3.100000000000000000e+01 0.000000000000000000e+00
1.120431349402018911e-01 1.413223239598941083e-01 1.400000000000000000e+01 7.800000000000000000e+01 0.000000000000000000e+00
5.887398881366510128e-01 1.744664169392446063e+00 1.900000000000000000e+01 1.380000000000000000e+02 0.000000000000000000e+00
7.120158364288082797e-01 1.850231143545158607e+00 1.700000000000000000e+01 5.200000000000000000e+01 0.000000000000000000e+00
9.685969302030347228e-01 1.233376236719098129e+00 1.700000000000000000e+01 9.400000000000000000e+01 0.000000000000000000e+00
9.639247217271025292e-01 1.018007279133134269e+00 1.800000000000000000e+01 4.200000000000000000e+01 0.000000000000000000e+00
6.294492450239850267e-01 1.295338608128503710e-01 4.000000000000000000e+00 1.120000000000000000e+02 0.000000000000000000e+00
2.696797469536895697e-01 1.814163923438220305e+00 1.200000000000000000e+01 1.990000000000000000e+02 0.000000000000000000e+00
9.958044259065994552e-01 1.476881171930574110e+00 1.400000000000000000e+01 4.400000000000000000e+01 0.000000000000000000e+00
1.360586908311203214e-01 2.004842454363747972e+00 4.000000000000000000e+00 4.300000000000000000e+01 0.000000000000000000e+00
6.964552710182764228e-01 9.411249918258571823e-01 1.000000000000000000e+00 1.420000000000000000e+02 0.000000000000000000e+00
4.434466259987657200e-01 3.051712865988206458e-01 1.500000000000000000e+01 1.440000000000000000e+02 0.000000000000000000e+00
4.172794127763541638e-01 4.392801531624993538e-01 1.400000000000000000e+01 7.900000000000000000e+01 0.000000000000000000e+00
1.697950356902144103e-02 1.280413593230057823e-01 1.200000000000000000e+01 4.100000000000000000e+01 0.000000000000000000e+00
1.190591206073580016e-01 8.549743832745159144e-01 2.000000000000000000e+01 1.300000000000000000e+02 0.000000000000000000e+00
3.715832607207939509e-01 1.418172118022657857e+00 1.500000000000000000e+01 3.100000000000000000e+01 1.000000000000000000e+00
1.478945982200530196e-01 1.356679603390410271e+00 1.400000000000000000e+01 6.000000000000000000e+00 1.000000000000000000e+00
8.170295714469117954e-01 1.201456627114162234e+00 1.500000000000000000e+01 1.340000000000000000e+02 1.000000000000000000e+00
5.498663037039089874e-01 2.068931705506401375e+00 5.000000000000000000e+00 1.870000000000000000e+02 1.000000000000000000e+00
7.056204750923226188e-01 7.614193307067550487e-01 2.000000000000000000e+00 2.600000000000000000e+01 1.000000000000000000e+00
2.565228504968778411e-01 1.592139390581171154e+00 3.000000000000000000e+00 3.900000000000000000e+01 1.000000000000000000e+00
6.461266247720139910e-01 1.835954530391005424e+00 1.000000000000000000e+00 1.690000000000000000e+02 1.000000000000000000e+00
8.182330224368068450e-01 9.416019592680996420e-01 4.000000000000000000e+00 1.600000000000000000e+02 1.000000000000000000e+00
8.388437319967632921e-02 8.863288713784359674e-01 1.600000000000000000e+01 7.600000000000000000e+01 1.000000000000000000e+00
2.526825266181553092e-02 1.882624486691824695e+00 1.900000000000000000e+01 5.900000000000000000e+01 1.000000000000000000e+00
1.155930830718264607e-01 1.659477539862499684e+00 1.100000000000000000e+01 1.020000000000000000e+02 1.000000000000000000e+00
9.023444827525967105e-01 1.779716219514695164e+00 1.400000000000000000e+01 8.800000000000000000e+01 1.000000000000000000e+00
1.964547022209945926e-01 1.219472736942150970e+00 1.300000000000000000e+01 2.600000000000000000e+01 1.000000000000000000e+00
8.379691439198461156e-01 1.681194644197037569e+00 1.200000000000000000e+01 1.210000000000000000e+02 1.000000000000000000e+00
5.570077623569243963e-01 2.171699799284591281e-01 3.000000000000000000e+00 8.500000000000000000e+01 1.000000000000000000e+00
6.580244725944043305e-01 6.803963818109480810e-01 2.000000000000000000e+00 1.400000000000000000e+02 1.000000000000000000e+00
8.195879482057685239e-01 8.902511831938723086e-01 1.000000000000000000e+01 1.000000000000000000e+01 1.000000000000000000e+00
1.810132886653467166e-01 1.023642250241803442e+00 1.800000000000000000e+01 9.800000000000000000e+01 1.000000000000000000e+00
9.255345662383979155e-01 1.327502611397407550e+00 8.000000000000000000e+00 1.820000000000000000e+02 1.000000000000000000e+00
5.655480006256548009e-01 1.359758824707500979e+00 3.000000000000000000e+00 4.500000000000000000e+01 1.000000000000000000e+00
8.981255492097615922e-02 1.119340381193771883e+00 1.900000000000000000e+01 1.000000000000000000e+00 1.000000000000000000e+00
9.107675223375647500e-01 6.723160034957661457e-01 1.000000000000000000e+00 3.500000000000000000e+01 1.000000000000000000e+00
5.971561427373822672e-01 7.839618837173741861e-01 6.000000000000000000e+00 1.500000000000000000e+01 1.000000000000000000e+00
7.586554817253182703e-01 2.680700002805614934e-01 4.000000000000000000e+00 5.500000000000000000e+01 1.000000000000000000e+00
1.812338323305284077e-02 1.649130770897052845e+00 1.600000000000000000e+01 1.300000000000000000e+02 1.000000000000000000e+00
2.527419382433807593e-01 1.641012080931043782e+00 8.000000000000000000e+00 5.300000000000000000e+01 1.000000000000000000e+00
3.080515981327817121e-01 9.577951292013483497e-01 7.000000000000000000e+00 3.000000000000000000e+01 1.000000000000000000e+00
1.035590260362130172e-01 1.369890352912296549e+00 3.000000000000000000e+00 3.600000000000000000e+01 1.000000000000000000e+00
6.290991024704504220e-01 4.910714746435193012e-01 3.000000000000000000e+00 1.550000000000000000e+02 1.000000000000000000e+00
3.957009365841945153e-02 1.194137994818389448e+00 2.000000000000000000e+00 1.700000000000000000e+02 1.000000000000000000e+00
8.863352869233466214e-01 1.163855185628833722e+00 1.100000000000000000e+01 1.560000000000000000e+02 1.000000000000000000e+00
3.763120029022549717e-01 1.004501353659616791e+00 5.000000000000000000e+00 9.100000000000000000e+01 1.000000000000000000e+00
5.200161480962244287e-01 1.605808191648483207e+00 1.500000000000000000e+01 1.220000000000000000e+02 1.000000000000000000e+00
6.358461707117819550e-01 7.960693118960958659e-01 1.200000000000000000e+01 1.560000000000000000e+02 1.000000000000000000e+00
9.069730563466036344e-01 1.781568129101070319e+00 1.100000000000000000e+01 5.000000000000000000e+01 1.000000000000000000e+00
1.817133460665700806e-01 7.976343927034449388e-01 9.000000000000000000e+00 1.850000000000000000e+02 1.000000000000000000e+00
4.093489769962128655e-01 1.579120267723448601e+00 1.500000000000000000e+01 1.250000000000000000e+02 1.000000000000000000e+00
2.655537806284146152e-01 1.554837066237093168e+00 1.200000000000000000e+01 1.970000000000000000e+02 1.000000000000000000e+00
3.623725489345565043e-01 1.833033437992245052e+00 1.100000000000000000e+01 9.000000000000000000e+01 1.000000000000000000e+00
4.176050839651084257e-01 6.198608586851878099e-01 4.000000000000000000e+00 2.800000000000000000e+01 1.000000000000000000e+00
6.768817325641961202e-02 6.921648909611065603e-01 4.000000000000000000e+00 1.860000000000000000e+02 1.000000000000000000e+00
5.777344022673492896e-01 2.894831482829335334e-01 2.000000000000000000e+00 4.700000000000000000e+01 1.000000000000000000e+00
2.735409023199357748e-01 1.140547445083785139e+00 1.900000000000000000e+01 1.300000000000000000e+02 1.000000000000000000e+00
5.844221289577652412e-01 5.930807560637830766e-01 2.000000000000000000e+01 1.890000000000000000e+02 1.000000000000000000e+00
5.095634479186977872e-01 1.189850629262907189e+00 1.300000000000000000e+01 1.460000000000000000e+02 1.000000000000000000e+00
5.765585412860340514e-02 1.445678458087936713e+00 1.600000000000000000e+01 6.800000000000000000e+01 1.000000000000000000e+00
2.944491514332803206e-01 1.323376551132599221e+00 1.500000000000000000e+01 1.760000000000000000e+02 1.000000000000000000e+00
2.671935725156383556e-01 7.205078707820898876e-01 1.300000000000000000e+01 1.000000000000000000e+00 1.000000000000000000e+00
1.479739115098942757e-02 1.339345604655311162e+00 1.400000000000000000e+01 9.700000000000000000e+01 1.000000000000000000e+00
4.446823653547425925e-01 1.279862235228614031e-01 1.600000000000000000e+01 1.790000000000000000e+02 1.000000000000000000e+00
1.357106384101074426e-01 1.624295375702046407e+00 1.400000000000000000e+01 1.960000000000000000e+02 2.000000000000000000e+00
5.790599540321976768e-01 1.693983029511256566e+00 1.900000000000000000e+01 2.300000000000000000e+01 2.000000000000000000e+00
8.297434801979429453e-02 1.744039369063566269e+00 1.200000000000000000e+01 3.200000000000000000e+01 2.000000000000000000e+00
1.378764176317421875e-01 1.397692715158894705e+00 2.000000000000000000e+00 5.400000000000000000e+01 2.000000000000000000e+00
7.780090392934234378e-02 8.909091454394185705e-01 1.700000000000000000e+01 1.580000000000000000e+02 2.000000000000000000e+00
6.396023473641460066e-01 4.018894551385295832e-01 6.000000000000000000e+00 5.300000000000000000e+01 2.000000000000000000e+00
9.402290491669738903e-02 1.504462617515155698e-01 4.000000000000000000e+00 2.900000000000000000e+01 2.000000000000000000e+00
8.501840059298616525e-01 1.401562714585754543e+00 1.600000000000000000e+01 1.780000000000000000e+02 2.000000000000000000e+00
5.142484291705208266e-01 1.519076026252024203e+00 1.400000000000000000e+01 1.800000000000000000e+02 2.000000000000000000e+00
9.251300238297890388e-01 9.214902942225461357e-01 1.100000000000000000e+01 1.630000000000000000e+02 2.000000000000000000e+00
7.827308881311894062e-01 7.712736406182688631e-01 1.600000000000000000e+01 1.110000000000000000e+02 2.000000000000000000e+00
5.451401106162454546e-01 1.331889841175884381e+00 1.000000000000000000e+01 5.400000000000000000e+01 2.000000000000000000e+00
7.820316562778537595e-01 1.738426856569565526e+00 1.500000000000000000e+01 1.330000000000000000e+02 2.000000000000000000e+00
3.366109557248256889e-01 1.561457059552572968e+00 1.900000000000000000e+01 1.230000000000000000e+02 2.000000000000000000e+00
7.844744871622900684e-01 1.963186502084604657e+00 2.000000000000000000e+00 1.790000000000000000e+02 2.000000000000000000e+00
1.569283231042676308e-01 1.314578906365881483e+00 1.300000000000000000e+01 3.000000000000000000e+01 2.000000000000000000e+00
5.148861498240753232e-01 1.727468886237113477e+00 1.300000000000000000e+01 1.230000000000000000e+02 2.000000000000000000e+00
6.095985300392093853e-01 2.666637402264954160e-01 6.000000000000000000e+00 1.930000000000000000e+02 2.000000000000000000e+00
2.443133846095807415e-01 9.735812956990784750e-01 1.000000000000000000e+01 8.500000000000000000e+01 2.000000000000000000e+00
8.027747978799101292e-01 1.766453792493757780e+00 1.000000000000000000e+01 1.940000000000000000e+02 2.000000000000000000e+00
8.924611102198937163e-01 1.175991953918392730e+00 2.000000000000000000e+00 1.600000000000000000e+01 2.000000000000000000e+00
2.978531234121801763e-01 1.994694594963807965e+00 5.000000000000000000e+00 7.900000000000000000e+01 2.000000000000000000e+00
2.980446156480462960e-01 5.844244248181204027e-01 1.700000000000000000e+01 1.260000000000000000e+02 2.000000000000000000e+00
5.536923929709202108e-01 7.786358352035839259e-01 1.400000000000000000e+01 1.210000000000000000e+02 2.000000000000000000e+00
1.421099612400102963e-01 1.705612449668076458e+00 1.100000000000000000e+01 1.310000000000000000e+02 2.000000000000000000e+00
5.618961693454559841e-02 5.960915891888528551e-01 5.000000000000000000e+00 1.050000000000000000e+02 2.000000000000000000e+00
3.374940269742365828e-01 1.363604011715672470e+00 1.400000000000000000e+01 8.400000000000000000e+01 2.000000000000000000e+00
1.296063260486245428e-01 8.140506374389521183e-01 3.000000000000000000e+00 1.780000000000000000e+02 2.000000000000000000e+00
5.048711665652312330e-01 2.003136187840889593e-01 9.000000000000000000e+00 9.900000000000000000e+01 2.000000000000000000e+00
6.750662454328532069e-01 7.226141710973631449e-01 8.000000000000000000e+00 8.300000000000000000e+01 2.000000000000000000e+00
6.777124021408600374e-01 1.940291203097093353e+00 9.000000000000000000e+00 1.120000000000000000e+02 2.000000000000000000e+00
5.869763090476343148e-01 3.454806052400446470e-01 1.900000000000000000e+01 5.000000000000000000e+00 2.000000000000000000e+00
9.582061326925376266e-01 1.804163289458974528e+00 2.000000000000000000e+00 1.170000000000000000e+02 2.000000000000000000e+00
6.591508554400781206e-01 3.517689640708089316e-01 1.600000000000000000e+01 1.340000000000000000e+02 2.000000000000000000e+00
9.563036566643221548e-01 1.818890395395019288e+00 1.400000000000000000e+01 6.900000000000000000e+01 2.000000000000000000e+00
7.817588912374916210e-02 2.350809283808389660e-01 9.000000000000000000e+00 1.900000000000000000e+01 2.000000000000000000e+00
8.650124707754076603e-01 4.841798511994669374e-01 1.600000000000000000e+01 1.000000000000000000e+01 2.000000000000000000e+00
7.908147763041383227e-01 1.531296423563845099e+00 3.000000000000000000e+00 8.700000000000000000e+01 2.000000000000000000e+00
2.556911290054972863e-01 4.849744216229631144e-01 7.000000000000000000e+00 1.230000000000000000e+02 2.000000000000000000e+00
3.655674597809143167e-01 6.677336360127169579e-01 1.800000000000000000e+01 9.300000000000000000e+01 2.000000000000000000e+00
1.727753267831541040e-01 1.768967439446127221e+00 4.000000000000000000e+00 9.400000000000000000e+01 2.000000000000000000e+00
1.328462442189368709e-01 1.290522125773321038e+00 1.000000000000000000e+01 1.400000000000000000e+02 2.000000000000000000e+00
2.817067388917115361e-02 1.093301394240601354e+00 1.900000000000000000e+01 2.700000000000000000e+01 2.000000000000000000e+00
4.216620615075099554e-01 5.772772772870696789e-01 1.400000000000000000e+01 1.520000000000000000e+02 2.000000000000000000e+00
2.835454266871627604e-01 1.803840468109425998e+00 4.000000000000000000e+00 1.180000000000000000e+02 2.000000000000000000e+00
2.717553632759983628e-01 2.858833542316771004e-01 1.600000000000000000e+01 6.800000000000000000e+01 2.000000000000000000e+00
1.003686183323140968e+00 1.412423533786989704e+00 4.000000000000000000e+00 6.000000000000000000e+01 2.000000000000000000e+00
7.742788939897191636e-01 1.775643732363069438e-01 1.900000000000000000e+01 3.700000000000000000e+01 2.000000000000000000e+00
3.942543450193970456e-01 1.499455696163947138e+00 1.200000000000000000e+01 1.880000000000000000e+02 2.000000000000000000e+00
5.917583700335753427e-01 1.951880713722893734e+00 1.100000000000000000e+01 1.740000000000000000e+02 2.000000000000000000e+00
2.916916787716480330e-01 1.785323213423321453e+00 1.000000000000000000e+01 1.650000000000000000e+02 3.000000000000000000e+00
2.406073976716693180e-02 1.798565290104321424e+00 1.100000000000000000e+01 1.730000000000000000e+02 3.000000000000000000e+00
5.636550395142952974e-01 1.590757056517065005e+00 1.500000000000000000e+01 1.200000000000000000e+01 3.000000000000000000e+00
6.804599119591748790e-01 5.376387440677973251e-01 4.000000000000000000e+00 1.040000000000000000e+02 3.000000000000000000e+00
9.634842038363704564e-01 1.384321922666648774e+00 1.500000000000000000e+01 8.900000000000000000e+01 3.000000000000000000e+00
2.066667584872674546e-01 1.232941192769321903e+00 2.000000000000000000e+00 8.900000000000000000e+01 3.000000000000000000e+00
2.746942992756228746e-02 7.544620344328355488e-01 1.200000000000000000e+01 4.100000000000000000e+01 3.000000000000000000e+00
3.650581895215925243e-01 8.872060655483485769e-01 1.300000000000000000e+01 1.070000000000000000e+02 3.000000000000000000e+00
6.940872349440339040e-01 2.565591640382408611e-01 1.000000000000000000e+01 9.200000000000000000e+01 3.000000000000000000e+00
3.421601974496656789e-02 1.123498896430930483e+00 1.900000000000000000e+01 2.000000000000000000e+00 3.000000000000000000e+00
9.072018107440732448e-01 1.514277419329562502e+00 6.000000000000000000e+00 7.400000000000000000e+01 3.000000000000000000e+00
7.393254825498492000e-01 1.824434750309610609e-01 2.000000000000000000e+01 1.420000000000000000e+02 3.000000000000000000e+00
7.977221311948836657e-01 1.976931681020779097e+00 4.000000000000000000e+00 7.200000000000000000e+01 3.000000000000000000e+00
5.402350044733690293e-01 1.768556592159792995e+00 2.000000000000000000e+00 6.600000000000000000e+01 3.000000000000000000e+00
5.021484352679506102e-01 1.145127756168048683e-01 1.900000000000000000e+01 9.000000000000000000e+00 3.000000000000000000e+00
2.807968767921801279e-01 2.316442684714203060e-01 1.400000000000000000e+01 2.000000000000000000e+02 3.000000000000000000e+00
4.222694010410521503e-01 1.631188128458084696e+00 6.000000000000000000e+00 1.800000000000000000e+01 3.000000000000000000e+00
5.974438646982136447e-01 1.431971743603042579e+00 3.000000000000000000e+00 1.050000000000000000e+02 3.000000000000000000e+00
3.607575415441632849e-01 1.472547926375119332e+00 6.000000000000000000e+00 1.000000000000000000e+01 3.000000000000000000e+00
8.850100920250680847e-01 1.238840441720633789e+00 7.000000000000000000e+00 7.900000000000000000e+01 3.000000000000000000e+00
5.340887457967203877e-01 3.184713038772840621e-01 1.900000000000000000e+01 1.800000000000000000e+01 3.000000000000000000e+00
2.353391375130164248e-02 2.884371338835863829e-01 8.000000000000000000e+00 6.200000000000000000e+01 3.000000000000000000e+00
2.118109949039308493e-01 2.011495441532208661e-01 3.000000000000000000e+00 1.140000000000000000e+02 3.000000000000000000e+00
7.069345662659152207e-01 1.438558173709788834e-01 5.000000000000000000e+00 1.000000000000000000e+01 3.000000000000000000e+00
3.075398757516875081e-01 3.514359804312366942e-01 1.600000000000000000e+01 1.920000000000000000e+02 3.000000000000000000e+00
8.773259370807927615e-01 6.611465756166653440e-01 1.100000000000000000e+01 6.300000000000000000e+01 3.000000000000000000e+00
2.710167456934621244e-01 8.305533040257101485e-01 7.000000000000000000e+00 7.600000000000000000e+01 3.000000000000000000e+00
9.102259952496448703e-01 1.314291470957166530e-01 7.000000000000000000e+00 1.750000000000000000e+02 3.000000000000000000e+00
8.186252290429461842e-02 1.817812212309544151e+00 4.000000000000000000e+00 5.800000000000000000e+01 3.000000000000000000e+00
8.235377766666784893e-01 7.238752828905971048e-01 4.000000000000000000e+00 1.660000000000000000e+02 3.000000000000000000e+00
4.162332566799830519e-02 2.796068263716900981e-01 1.900000000000000000e+01 1.990000000000000000e+02 3.000000000000000000e+00
1.531587050266032257e-01 1.784040795140201530e+00 2.000000000000000000e+01 6.400000000000000000e+01 3.000000000000000000e+00
5.644805674988918609e-01 8.753124355917146771e-01 1.100000000000000000e+01 1.600000000000000000e+02 3.000000000000000000e+00
9.304615193540318741e-01 1.832494481604808545e+00 8.000000000000000000e+00 1.640000000000000000e+02 3.000000000000000000e+00
3.185372386030010938e-01 1.954820266201812595e+00 2.000000000000000000e+00 8.000000000000000000e+00 3.000000000000000000e+00
4.795816169479980573e-01 1.284195198658642179e+00 1.000000000000000000e+00 1.320000000000000000e+02 3.000000000000000000e+00
1.141413893129831075e-01 6.266817781930319464e-01 2.000000000000000000e+01 1.810000000000000000e+02 3.000000000000000000e+00
4.678181524884655884e-01 1.267483462645999870e+00 1.400000000000000000e+01 9.000000000000000000e+00 3.000000000000000000e+00
9.655854972301380901e-01 9.708038252922598366e-01 1.000000000000000000e+00 1.600000000000000000e+02 3.000000000000000000e+00
8.594439428652590474e-01 1.668708680904609665e+00 1.800000000000000000e+01 1.080000000000000000e+02 3.000000000000000000e+00
6.627166260589020252e-01 1.090183088170450398e+00 9.000000000000000000e+00 1.660000000000000000e+02 3.000000000000000000e+00
1.184797302955824388e-01 1.101778906062279573e+00 1.900000000000000000e+01 1.540000000000000000e+02 3.000000000000000000e+00
2.305549910666864211e-01 1.703434111622744995e-01 1.300000000000000000e+01 1.650000000000000000e+02 3.000000000000000000e+00
4.449145960588481996e-01 1.780716111471279506e+00 1.800000000000000000e+01 8.500000000000000000e+01 3.000000000000000000e+00
6.574086376305867674e-01 2.000592022140644577e+00 8.000000000000000000e+00 1.430000000000000000e+02 3.000000000000000000e+00
1.521676071229086658e-01 1.849429073680064706e+00 1.500000000000000000e+01 1.060000000000000000e+02 3.000000000000000000e+00
9.413769551494275412e-01 1.423503230712384271e+00 2.000000000000000000e+01 2.400000000000000000e+01 3.000000000000000000e+00
2.564205285039139470e-01 1.868798255070026837e+00 1.100000000000000000e+01 8.800000000000000000e+01 3.000000000000000000e+00
6.115061715623758970e-02 6.536306841147042634e-01 1.600000000000000000e+01 1.970000000000000000e+02 3.000000000000000000e+00
3.180729818108581908e-01 1.113585724664039489e+00 1.200000000000000000e+01 4.100000000000000000e+01 3.000000000000000000e+00
1.971740523649365695e-01 1.015227831681576598e+00 1.300000000000000000e+01 8.700000000000000000e+01 4.000000000000000000e+00
9.904755518339551923e-01 5.351975701544332553e-01 7.000000000000000000e+00 4.000000000000000000e+00 4.000000000000000000e+00
5.407780451987854731e-01 6.834400257437324155e-01 8.000000000000000000e+00 1.390000000000000000e+02 4.000000000000000000e+00
3.609646987467595158e-01 1.691593860223744583e+00 1.500000000000000000e+01 1.540000000000000000e+02 4.000000000000000000e+00
3.196187910925307046e-02 1.165362989675347904e+00 4.000000000000000000e+00 1.590000000000000000e+02 4.000000000000000000e+00
4.554057718722893666e-01 8.012944571815873163e-01 5.000000000000000000e+00 1.500000000000000000e+02 4.000000000000000000e+00
6.857272066850882142e-02 1.163062619231265193e+00 1.400000000000000000e+01 1.740000000000000000e+02 4.000000000000000000e+00
1.576486164118313660e-01 1.104986679879935485e+00 5.000000000000000000e+00 1.370000000000000000e+02 4.000000000000000000e+00
3.249001627323440111e-01 1.623897887388474848e+00 8.000000000000000000e+00 8.300000000000000000e+01 4.000000000000000000e+00
1.862595772882401635e-01 1.007466881232410572e+00 1.800000000000000000e+01 1.940000000000000000e+02 4.000000000000000000e+00
5.474770278285792102e-01 1.310040771122859660e+00 1.900000000000000000e+01 1.660000000000000000e+02 4.000000000000000000e+00
9.399415144846725578e-01 1.200522699064162646e+00 6.000000000000000000e+00 9.300000000000000000e+01 4.000000000000000000e+00
8.101471075045418857e-01 1.660823889628360028e+00 1.200000000000000000e+01 5.900000000000000000e+01 4.000000000000000000e+00
6.607677111213281496e-01 1.724874865003268587e+00 1.500000000000000000e+01 1.870000000000000000e+02 4.000000000000000000e+00
5.154908299463707433e-01 2.068074422401737333e+00 9.000000000000000000e+00 1.630000000000000000e+02 4.000000000000000000e+00
5.522058064971314684e-01 1.959142733516277657e+00 9.000000000000000000e+00 3.400000000000000000e+01 4.000000000000000000e+00
3.068805099966675359e-02 6.722557996025672056e-01 1.200000000000000000e+01 5.500000000000000000e+01 4.000000000000000000e+00
4.604895458290900745e-01 1.862138749036026386e+00 1.200000000000000000e+01 1.850000000000000000e+02 4.000000000000000000e+00
2.229961981715939956e-01 4.417732875845313822e-01 4.000000000000000000e+00 1.700000000000000000e+01 4.000000000000000000e+00
8.328732205566328206e-01 1.587027682993620958e+00 9.000000000000000000e+00 5.000000000000000000e+01 4.000000000000000000e+00
2.648605858864878648e-01 4.823945624484783368e-01 1.000000000000000000e+01 1.650000000000000000e+02 4.000000000000000000e+00
4.242376478610243584e-01 1.462814228335859390e+00 8.000000000000000000e+00 5.700000000000000000e+01 4.000000000000000000e+00
1.095084271534188941e-01 1.941525902273193882e+00 9.000000000000000000e+00 9.300000000000000000e+01 4.000000000000000000e+00
9.210380016017787330e-01 9.582648510755841231e-01 7.000000000000000000e+00 1.070000000000000000e+02 4.000000000000000000e+00
4.089435699870751506e-01 3.954808047387213810e-01 5.000000000000000000e+00 1.440000000000000000e+02 4.000000000000000000e+00
7.011411506574080077e-01 1.088689628465568271e+00 1.500000000000000000e+01 5.500000000000000000e+01 4.000000000000000000e+00
7.408768030586333486e-01 4.884906070884628138e-01 1.500000000000000000e+01 8.300000000000000000e+01 4.000000000000000000e+00
7.731893733998930207e-01 6.810930410985155392e-01 4.000000000000000000e+00 1.100000000000000000e+01 4.000000000000000000e+00
8.230203918469581881e-01 2.160574878084679240e-01 6.000000000000000000e+00 1.470000000000000000e+02 4.000000000000000000e+00
7.317462851239090460e-01 2.166540019426325403e-01 7.000000000000000000e+00 1.630000000000000000e+02 4.000000000000000000e+00
2.024533380815327632e-01 2.638143690616762127e-01 1.800000000000000000e+01 1.200000000000000000e+02 4.000000000000000000e+00
2.408019590494150375e-01 1.392167537737611926e+00 2.000000000000000000e+00 2.300000000000000000e+01 4.000000000000000000e+00
7.426192769885828771e-01 8.239664533242984090e-01 7.000000000000000000e+00 1.240000000000000000e+02 4.000000000000000000e+00
3.972950491205791135e-01 1.661167091517174565e+00 3.000000000000000000e+00 8.300000000000000000e+01 4.000000000000000000e+00
6.304638020169821555e-01 5.192129850324788132e-01 1.700000000000000000e+01 1.920000000000000000e+02 4.000000000000000000e+00
7.173047092746381859e-01 9.605721263452794423e-01 8.000000000000000000e+00 2.400000000000000000e+01 4.000000000000000000e+00
1.193208294058904911e-01 1.132138435879704419e+00 8.000000000000000000e+00 2.900000000000000000e+01 4.000000000000000000e+00
9.519020956731099048e-01 8.508766169486287057e-01 7.000000000000000000e+00 1.770000000000000000e+02 4.000000000000000000e+00
3.965689543215926705e-01 5.281512018296642408e-01 2.000000000000000000e+01 1.580000000000000000e+02 4.000000000000000000e+00
1.880173817157979599e-01 1.514018576078867362e+00 1.600000000000000000e+01 1.830000000000000000e+02 4.000000000000000000e+00
4.679087549057258516e-02 1.184392306211931922e+00 1.900000000000000000e+01 9.800000000000000000e+01 4.000000000000000000e+00
7.595598869899571337e-01 8.224056169727488319e-01 6.000000000000000000e+00 7.000000000000000000e+00 4.000000000000000000e+00
3.225457117575787347e-01 1.364805065412715068e+00 5.000000000000000000e+00 1.930000000000000000e+02 4.000000000000000000e+00
6.937027183567050503e-01 1.518275531077545315e+00 1.800000000000000000e+01 1.550000000000000000e+02 4.000000000000000000e+00
8.238419124691855888e-01 3.238123055158411701e-01 1.200000000000000000e+01 1.750000000000000000e+02 4.000000000000000000e+00
6.969581038226848602e-01 1.340485766299099657e+00 1.300000000000000000e+01 1.570000000000000000e+02 4.000000000000000000e+00
9.556317574370252199e-01 6.067410740055155793e-01 4.000000000000000000e+00 1.200000000000000000e+01 4.000000000000000000e+00
9.164027610879295072e-01 8.483495476431061055e-01 1.500000000000000000e+01 8.100000000000000000e+01 4.000000000000000000e+00
8.238008266028458149e-01 1.009104380029455905e+00 1.400000000000000000e+01 5.800000000000000000e+01 4.000000000000000000e+00
9.008030066867549479e-01 9.679318524645829092e-01 1.100000000000000000e+01 1.540000000000000000e+02 4.000000000000000000e+00
