-1.321434746715828794e+02
-1.085632112088763535e+02
-1.299323833022051247e+02
-1.330967738277004742e+02
-9.326242994185706436e+01
-1.330886520367622552e+02
-1.330813875260037662e+02
-9.014979721844235883e+01
-1.141900613270530300e+02
-1.330919520267191274e+02
-1.023342858002116884e+02
-9.496688753672509620e+01
-1.077009775083305669e+02
-1.330969711012827474e+02
-1.321873098838927092e+02
-1.321340081075387332e+02
-1.254550289745366172e+02
-1.330953896015956843e+02
-1.330968274759232486e+02
-1.215915135990572935e+02
-1.328382429423178621e+02
-1.206558562076906185e+02
-1.330082849270803536e+02
-1.330966479262954181e+02
-1.247975236134874422e+02
-1.326076675760195940e+02
-1.330899909388742515e+02
-1.330962333820576760e+02
-1.172495334803982985e+02
-1.330958314205144859e+02
-1.057592066278451739e+02
-1.329960646054897495e+02
-9.876348087875152260e+01
-1.330967549834069530e+02
-1.330966204670141906e+02
-1.330044713784435544e+02
-1.314738650921475767e+02
-1.325133831702139844e+02
-1.226156955559696229e+02
-9.129804360109737615e+01
-9.163807021933442343e+01
-1.069234560314648661e+02
-1.330962299342334063e+02
-1.054518698613234164e+02
-9.853567371831992716e+01
-1.330912825860143585e+02
-1.260435403603371327e+02
-1.330914983761907990e+02
-1.239825280563117076e+02
-1.330966800031757487e+02
-9.071969236819772675e+01
-9.821806495516855762e+01
-1.246417328356254757e+02
-8.915411398007864818e+01
-1.052870502743509888e+02
-1.036184226014467100e+02
-1.178398092500572147e+02
-1.212471178927053472e+02
-1.003670466467914650e+02
-9.249334897816221712e+01
-1.277850552890163129e+02
-1.028886441533445151e+02
-1.278400015090610253e+02
-1.143920812871586037e+02
-1.277915570645429000e+02
-8.860867601830757678e+01
-1.278370136615764494e+02
-1.256395915477118734e+02
-1.278400437430083230e+02
-1.197448094050828757e+02
-1.277936987251315060e+02
-1.278386433711751806e+02
-1.061806016397061114e+02
-1.278314334113449036e+02
-1.276084152528344902e+02
-1.257855130077759185e+02
-1.278376007101555558e+02
-1.205084131982463447e+02
-1.075197134236479286e+02
-1.276295678788738570e+02
-9.550715780523020726e+01
-1.278401431190874717e+02
-1.073532213315629491e+02
-1.278400214349502733e+02
-1.202351334500458790e+02
-1.278219421568151688e+02
-1.278396456075804082e+02
-1.275806944257031432e+02
-9.827695803757691806e+01
-1.008056491827071284e+02
-1.278358487576306288e+02
-1.278178409590909013e+02
-1.275143949355463207e+02
-1.257345439991979248e+02
-1.278386169071794853e+02
-1.278395750927125079e+02
-1.053946633998908737e+02
-1.273895404376194023e+02
-1.203761067688444086e+02
-1.271430608765720933e+02
-1.235615110547815050e+02
-9.110715397931259929e+01
-1.029135986922437240e+02
-1.235478851300026548e+02
-1.231334192675436441e+02
-8.938604798405998508e+01
-1.050670510911530613e+02
-8.580090779232200759e+01
-1.021275429171768110e+02
-1.172616680978207029e+02
-1.120013705310780381e+02
-1.048178332185044184e+02
-9.681942178791403819e+01
-1.208234923662543139e+02
-1.182045869498954147e+02
-8.865343337366174126e+01
-1.235613782866305144e+02
-1.069846858027992056e+02
-1.235584429802413666e+02
-1.117371686195263152e+02
-1.235615120192174743e+02
-1.235523591163124166e+02
-9.917854456924037265e+01
-9.110753658832126689e+01
-1.166494530717577192e+02
-1.235615176019738044e+02
-1.187258001677022889e+02
-1.209066548109181554e+02
-1.150519751644409183e+02
-1.041898111038860293e+02
-9.281858427922165333e+01
-9.230374112118995811e+01
-8.788681058452759487e+01
-1.235526186171919534e+02
-1.235613186540031307e+02
-1.235614707753361046e+02
-1.200539691319298754e+02
-9.620401842341081533e+01
-1.235613327537493689e+02
-1.219607447003592711e+02
-1.234094128296545847e+02
-1.233215714718361085e+02
-9.503089290147686086e+01
-9.501995588407237392e+01
-1.216801215898836830e+02
-1.235616478330010466e+02
-1.235554688498581015e+02
-1.225918350504196326e+02
-9.402914022300721797e+01
-9.504088416531901373e+01
-1.168649086939366271e+02
-1.239422877427376051e+02
-9.263861725579771189e+01
-9.525468577065936415e+01
-1.075226484590427987e+02
-1.239422789579982691e+02
-1.239422421086953392e+02
-1.239422545366552413e+02
-1.158666273400014006e+02
-9.458941238796258233e+01
-9.664312371970432025e+01
-1.150580314914704871e+02
-1.239397914874619033e+02
-1.217137202766179485e+02
-1.199803599542833155e+02
-8.689320602999843857e+01
-8.683364003097506156e+01
-1.146697804091764823e+02
-1.171228281863165250e+02
-1.239335327300298246e+02
-1.012478905253508543e+02
-1.082355560696330912e+02
-1.239421993808041265e+02
-1.206517530858362051e+02
-9.987402823304620370e+01
-1.239423337364825812e+02
-8.765012547950331623e+01
-1.234467591933191386e+02
-1.229194044121157958e+02
-1.152125888270783634e+02
-1.239418436908129593e+02
-1.238917117101645715e+02
-1.239422365121626513e+02
-1.239422566348213905e+02
-9.742554133332757260e+01
-1.239423293883236994e+02
-9.359079374081953517e+01
-1.235564807705581813e+02
-8.631578120040838087e+01
-1.072917740773945354e+02
-9.538171757580330734e+01
-1.144405838586862956e+02
-8.702972786668530603e+01
-1.239412545444296825e+02
-1.163143506713887092e+02
-1.239422745649125517e+02
-1.212404859533283457e+02
-1.225915258398151195e+02
-9.711438504187273679e+01
-1.239422924891799340e+02
-9.167864655552253339e+01
-1.235100366280502300e+02
-1.129266665819936577e+02
-1.251433640843568611e+02
-1.243800634897150132e+02
-1.209960422795592478e+02
-1.251277326997123538e+02
-1.200366474788507247e+02
-1.149920573618047825e+02
-1.238947541465995243e+02
-9.642337037958506585e+01
-1.251100964484412259e+02
-1.194049382018033185e+02
-1.233416603875738389e+02
-1.251434478656922522e+02
-9.800119748290487109e+01
-1.246551790331469363e+02
-1.066363760936849872e+02
-9.080170419846659513e+01
-1.193911482183182926e+02
-8.771260978510071027e+01
-1.251433227748299544e+02
-9.216982105124516522e+01
-1.251433559832946258e+02
-1.251433688598520177e+02
-1.070168597272129034e+02
-1.251427338442643276e+02
-1.239586300934748806e+02
-1.251434497981592386e+02
-1.251434807024678122e+02
-1.239745653558799177e+02
-1.247879889860520137e+02
-1.251433917891403809e+02
-1.251434596204961167e+02
-9.844124604683959490e+01
-1.251434450035436896e+02
-9.923170105311528744e+01
-1.251434218008939041e+02
-1.084661940158615323e+02
-1.067963831812571271e+02
-1.242359095199367260e+02
-1.230047403127617827e+02
-1.251420332137986833e+02
-1.251433863991696143e+02
-1.251419858938387080e+02
-1.069279816750665475e+02
-1.251429312967086531e+02
-9.367296657857771436e+01
-8.801797129925363095e+01
-1.134465976782078371e+02
