1.361545459305888439e-01 8.135544350016382653e-01 1.500000000000000000e+01 1.010000000000000000e+02 0.000000000000000000e+00
4.158767880392394423e-01 1.635359283438959865e+00 1.300000000000000000e+01 7.100000000000000000e+01 0.000000000000000000e+00
4.178049229018727662e-01 1.335113538847847670e+00 1.000000000000000000e+00 6.800000000000000000e+01 0.000000000000000000e+00
5.166427283357098998e-01 1.210716176358711316e+00 2.000000000000000000e+01 6.400000000000000000e+01 0.000000000000000000e+00
3.843372804512307228e-01 2.717541307050045374e-01 1.900000000000000000e+01 1.610000000000000000e+02 0.000000000000000000e+00
2.261073125314954080e-01 1.418228934395805219e+00 1.500000000000000000e+01 1.380000000000000000e+02 0.000000000000000000e+00
4.982613501967643188e-01 2.011203691843700625e+00 1.000000000000000000e+00 1.020000000000000000e+02 0.000000000000000000e+00
4.861013557215909664e-01 1.792482595393261713e+00 8.000000000000000000e+00 7.300000000000000000e+01 0.000000000000000000e+00
2.258161861187825137e-01 4.334299910958695490e-01 6.000000000000000000e+00 1.370000000000000000e+02 0.000000000000000000e+00
9.237140081368705458e-01 1.112993297132047532e+00 6.000000000000000000e+00 1.080000000000000000e+02 0.000000000000000000e+00
8.342042517044959693e-01 1.170306168110700318e+00 5.000000000000000000e+00 1.800000000000000000e+01 0.000000000000000000e+00
8.942952045126705274e-01 1.939637861373503691e+00 1.200000000000000000e+01 7.000000000000000000e+00 0.000000000000000000e+00
5.385295303571583370e-01 7.659079064218746735e-01 6.000000000000000000e+00 7.500000000000000000e+01 0.000000000000000000e+00
4.204687804606057622e-01 6.789966347538906044e-01 1.000000000000000000e+01 7.000000000000000000e+01 0.000000000000000000e+00
1.377853933940460518e-01 3.975496502270877697e-01 3.000000000000000000e+00 1.450000000000000000e+02 0.000000000000000000e+00
7.066878523388092637e-01 1.702652837346279036e+00 2.000000000000000000e+01 1.600000000000000000e+02 0.000000000000000000e+00
5.460533704896985974e-01 1.668298064465853214e-01 1.800000000000000000e+01 1.350000000000000000e+02 0.000000000000000000e+00
9.857305200175520143e-01 1.988653226909745220e+00 1.000000000000000000e+01 6.600000000000000000e+01 0.000000000000000000e+00
7.204124155164272070e-01 1.837627382405442100e+00 1.900000000000000000e+01 7.600000000000000000e+01 0.000000000000000000e+00
8.028647111497110023e-02 1.352864745125890167e+00 2.000000000000000000e+00 1.310000000000000000e+02 0.000000000000000000e+00
4.915952212053001924e-01 1.001383358195355511e+00 1.200000000000000000e+01 1.410000000000000000e+02 0.000000000000000000e+00
9.482307459861048782e-02 2.083714974851136326e+00 1.200000000000000000e+01 1.990000000000000000e+02 0.000000000000000000e+00
9.063330219991219128e-01 3.156538469137818437e-01 1.400000000000000000e+01 1.440000000000000000e+02 0.000000000000000000e+00
9.406708364718903148e-01 1.051035751135406260e+00 1.100000000000000000e+01 1.230000000000000000e+02 0.000000000000000000e+00
7.746143670624275890e-01 1.769094505427186048e+00 1.500000000000000000e+01 1.160000000000000000e+02 0.000000000000000000e+00
1.789034252880987719e-01 1.663257218213672450e+00 1.000000000000000000e+00 6.300000000000000000e+01 0.000000000000000000e+00
2.065513656735205039e-01 3.060617634333447912e-01 8.000000000000000000e+00 1.760000000000000000e+02 0.000000000000000000e+00
1.794982124404154167e-01 9.373389683167753228e-01 1.800000000000000000e+01 1.180000000000000000e+02 0.000000000000000000e+00
4.375035444970204468e-01 2.097104565992697067e-01 8.000000000000000000e+00 1.570000000000000000e+02 0.000000000000000000e+00
1.611195298503002027e-01 6.778218102859484562e-01 1.400000000000000000e+01 1.630000000000000000e+02 0.000000000000000000e+00
1.276521454374750508e-01 1.298673634307030422e+00 8.000000000000000000e+00 2.000000000000000000e+00 0.000000000000000000e+00
2.637778849330817826e-02 1.341932598484303352e+00 1.300000000000000000e+01 1.410000000000000000e+02 0.000000000000000000e+00
6.625435265744266111e-01 9.876416711348025013e-01 1.500000000000000000e+01 9.100000000000000000e+01 0.000000000000000000e+00
1.896409795154726519e-01 1.795865916789777028e+00 1.600000000000000000e+01 1.190000000000000000e+02 0.000000000000000000e+00
5.772385587927541389e-02 1.341522535734266386e+00 1.800000000000000000e+01 6.500000000000000000e+01 0.000000000000000000e+00
3.506158278864088818e-01 7.259032451443342415e-01 1.800000000000000000e+01 1.320000000000000000e+02 0.000000000000000000e+00
3.402666658945083800e-01 4.067885809104508921e-01 3.000000000000000000e+00 1.550000000000000000e+02 0.000000000000000000e+00
1.778728012351676879e-01 1.801108041386056513e+00 6.000000000000000000e+00 1.100000000000000000e+01 0.000000000000000000e+00
4.899770572660500090e-01 3.198718562855139558e-01 8.000000000000000000e+00 1.900000000000000000e+01 0.000000000000000000e+00
5.700964975587928807e-01 2.699726747291352202e-01 9.000000000000000000e+00 5.000000000000000000e+00 0.000000000000000000e+00
5.966539473536180277e-02 8.147653486195881589e-01 6.000000000000000000e+00 8.300000000000000000e+01 0.000000000000000000e+00
1.369787432189745191e-01 4.793248096569470151e-01 1.600000000000000000e+01 9.600000000000000000e+01 0.000000000000000000e+00
9.166006392276625503e-01 9.226762978754560196e-01 1.100000000000000000e+01 8.000000000000000000e+00 0.000000000000000000e+00
6.944204045522837099e-01 8.993413734620950839e-01 7.000000000000000000e+00 6.600000000000000000e+01 0.000000000000000000e+00
9.116114685289593567e-01 1.868416110457117585e-01 1.100000000000000000e+01 1.560000000000000000e+02 0.000000000000000000e+00
5.177801678555542519e-01 1.454883356232906932e-01 3.000000000000000000e+00 9.000000000000000000e+00 0.000000000000000000e+00
9.762890101302673651e-01 6.166388257830343056e-01 1.100000000000000000e+01 1.310000000000000000e+02 0.000000000000000000e+00
3.304416647523016337e-01 5.993174137888969133e-01 7.000000000000000000e+00 6.000000000000000000e+01 0.000000000000000000e+00
2.060896664128796241e-01 1.085698969090831190e+00 1.700000000000000000e+01 1.900000000000000000e+02 0.000000000000000000e+00
5.233632250381115014e-01 1.546562094892204753e+00 1.900000000000000000e+01 5.400000000000000000e+01 0.000000000000000000e+00
7.362844925991643974e-01 2.058381616317402685e+00 1.700000000000000000e+01 1.180000000000000000e+02 1.000000000000000000e+00
4.872021229855890700e-01 4.340222583054328398e-01 1.700000000000000000e+01 7.400000000000000000e+01 1.000000000000000000e+00
5.796871452842912165e-01 2.539465248973274969e-01 4.000000000000000000e+00 3.000000000000000000e+00 1.000000000000000000e+00
2.981127775157851323e-01 1.606936526244284513e+00 1.800000000000000000e+01 1.000000000000000000e+00 1.000000000000000000e+00
6.213709082676605044e-01 3.417795397589399320e-01 1.000000000000000000e+00 5.700000000000000000e+01 1.000000000000000000e+00
5.153835256454721847e-01 1.094941160647992628e+00 6.000000000000000000e+00 1.730000000000000000e+02 1.000000000000000000e+00
7.165556754776446213e-02 1.162078195866942387e+00 1.100000000000000000e+01 1.910000000000000000e+02 1.000000000000000000e+00
7.216946213101502750e-01 7.616336729176577114e-01 1.700000000000000000e+01 1.270000000000000000e+02 1.000000000000000000e+00
2.929293195065697519e-01 1.711720773235927640e+00 1.700000000000000000e+01 9.500000000000000000e+01 1.000000000000000000e+00
1.228200366788992776e-01 7.500143752327835811e-01 2.000000000000000000e+00 1.440000000000000000e+02 1.000000000000000000e+00
2.689230884710024777e-02 1.213061597536793768e+00 1.200000000000000000e+01 7.600000000000000000e+01 1.000000000000000000e+00
9.561448425397895967e-01 1.077902216660168389e+00 1.600000000000000000e+01 1.340000000000000000e+02 1.000000000000000000e+00
3.725611809083658743e-01 1.589004235903327622e+00 2.000000000000000000e+01 1.600000000000000000e+02 1.000000000000000000e+00
5.694290460952702304e-01 3.285689983814977788e-01 1.700000000000000000e+01 1.320000000000000000e+02 1.000000000000000000e+00
5.090529264560338801e-02 3.036909098209211733e-01 1.900000000000000000e+01 8.000000000000000000e+01 1.000000000000000000e+00
2.261970538755656568e-01 3.834923357683225342e-01 5.000000000000000000e+00 1.970000000000000000e+02 1.000000000000000000e+00
1.178020376704826816e-01 8.066306347756956319e-01 8.000000000000000000e+00 1.860000000000000000e+02 1.000000000000000000e+00
2.105913725057106944e-01 3.543708818999798948e-01 2.000000000000000000e+01 1.330000000000000000e+02 1.000000000000000000e+00
9.695490453530567487e-01 1.568981643486797140e+00 1.300000000000000000e+01 9.800000000000000000e+01 1.000000000000000000e+00
5.196448512166897959e-01 7.961841611183951839e-01 1.800000000000000000e+01 1.080000000000000000e+02 1.000000000000000000e+00
5.195973285502895056e-01 1.800741132038004011e+00 1.800000000000000000e+01 1.540000000000000000e+02 1.000000000000000000e+00
9.007572788652373763e-01 1.819362663109915790e+00 1.700000000000000000e+01 1.550000000000000000e+02 1.000000000000000000e+00
8.504010048797767674e-01 2.059211326194838154e+00 1.300000000000000000e+01 1.000000000000000000e+01 1.000000000000000000e+00
3.602838563130281724e-01 1.505916055362469530e+00 1.900000000000000000e+01 1.110000000000000000e+02 1.000000000000000000e+00
2.181499627825024268e-01 5.321501674223784173e-01 8.000000000000000000e+00 1.900000000000000000e+02 1.000000000000000000e+00
4.924542282841731788e-01 2.002179073681457311e+00 1.600000000000000000e+01 1.500000000000000000e+02 1.000000000000000000e+00
3.491328263119752862e-01 2.058482959606120488e+00 1.400000000000000000e+01 9.000000000000000000e+01 1.000000000000000000e+00
5.318857099682576806e-01 1.005579971787635030e+00 1.400000000000000000e+01 9.000000000000000000e+01 1.000000000000000000e+00
7.247561870458050226e-01 8.230732920509861161e-01 1.900000000000000000e+01 8.100000000000000000e+01 1.000000000000000000e+00
3.334322271523119108e-01 1.202788516184947643e+00 1.200000000000000000e+01 1.130000000000000000e+02 1.000000000000000000e+00
3.120248972224706208e-01 1.251895505272228315e-01 1.300000000000000000e+01 2.000000000000000000e+01 1.000000000000000000e+00
9.702471936675814701e-02 2.004666410021404277e-01 9.000000000000000000e+00 1.600000000000000000e+01 1.000000000000000000e+00
8.466054644147447128e-01 2.348396307124251126e-01 1.100000000000000000e+01 1.320000000000000000e+02 1.000000000000000000e+00
9.773641170960614133e-01 1.765686756379206468e+00 7.000000000000000000e+00 1.650000000000000000e+02 1.000000000000000000e+00
5.160501540518066532e-01 1.306450381890557733e+00 1.200000000000000000e+01 1.080000000000000000e+02 1.000000000000000000e+00
2.247237623005401419e-01 1.460477658053537908e+00 1.200000000000000000e+01 3.300000000000000000e+01 1.000000000000000000e+00
7.026266037712566304e-01 7.747580401037882369e-01 5.000000000000000000e+00 1.630000000000000000e+02 1.000000000000000000e+00
8.060129701758595999e-01 1.675921604506129592e+00 1.700000000000000000e+01 1.360000000000000000e+02 1.000000000000000000e+00
2.285232527476656061e-01 1.446849338157169207e+00 1.000000000000000000e+00 8.500000000000000000e+01 1.000000000000000000e+00
4.602663739387401892e-02 9.759243710373423086e-01 1.600000000000000000e+01 1.260000000000000000e+02 1.000000000000000000e+00
8.057195987299199391e-01 1.614343922419002875e-01 1.600000000000000000e+01 1.200000000000000000e+01 1.000000000000000000e+00
6.997609555279981075e-01 1.073001098816640797e-01 2.000000000000000000e+01 9.000000000000000000e+00 1.000000000000000000e+00
5.616142692177050061e-02 1.484039780122904384e+00 5.000000000000000000e+00 1.100000000000000000e+01 1.000000000000000000e+00
9.988696478086471764e-01 1.552876540093151680e+00 4.000000000000000000e+00 8.400000000000000000e+01 1.000000000000000000e+00
1.004981025619998691e+00 2.903606946812661294e-01 9.000000000000000000e+00 5.700000000000000000e+01 1.000000000000000000e+00
7.602953335969195869e-01 8.564672885080871767e-01 2.000000000000000000e+01 4.900000000000000000e+01 1.000000000000000000e+00
1.821229098739977070e-01 2.053538025076402374e+00 1.600000000000000000e+01 7.400000000000000000e+01 1.000000000000000000e+00
3.916419967168288663e-01 1.640520569335084833e+00 1.300000000000000000e+01 1.500000000000000000e+01 1.000000000000000000e+00
4.772358792808887307e-01 1.813724905603817827e+00 1.400000000000000000e+01 1.010000000000000000e+02 1.000000000000000000e+00
6.567339141631367561e-01 2.853423790072876498e-01 6.000000000000000000e+00 2.000000000000000000e+00 1.000000000000000000e+00
3.270757958719995306e-01 3.430597170886756642e-01 5.000000000000000000e+00 9.100000000000000000e+01 2.000000000000000000e+00
2.695028944595733167e-01 1.388582520119018504e+00 1.300000000000000000e+01 1.720000000000000000e+02 2.000000000000000000e+00
4.912098118738557062e-01 1.798297800772912902e+00 1.300000000000000000e+01 1.760000000000000000e+02 2.000000000000000000e+00
8.454862954895926430e-01 1.887459355264140548e+00 7.000000000000000000e+00 1.390000000000000000e+02 2.000000000000000000e+00
6.660377053234993738e-01 5.076056630106021705e-01 1.600000000000000000e+01 1.500000000000000000e+01 2.000000000000000000e+00
8.829163078699703293e-01 5.823385270457851481e-01 5.000000000000000000e+00 8.700000000000000000e+01 2.000000000000000000e+00
6.738950801819669767e-01 7.898506465696407686e-01 6.000000000000000000e+00 1.300000000000000000e+01 2.000000000000000000e+00
4.404157168807899536e-01 5.699727480215212028e-01 1.200000000000000000e+01 1.810000000000000000e+02 2.000000000000000000e+00
7.381936384755822811e-01 1.916818105237836578e+00 1.300000000000000000e+01 1.550000000000000000e+02 2.000000000000000000e+00
7.238834107562696074e-01 8.616462724546153362e-01 2.000000000000000000e+01 1.860000000000000000e+02 2.000000000000000000e+00
3.876857571216488774e-01 1.424141695210637826e+00 1.800000000000000000e+01 7.500000000000000000e+01 2.000000000000000000e+00
5.015411254647250683e-01 4.636605448213110270e-01 1.000000000000000000e+00 1.870000000000000000e+02 2.000000000000000000e+00
6.514697335304352466e-01 4.421953794030312190e-01 1.400000000000000000e+01 1.530000000000000000e+02 2.000000000000000000e+00
8.970569576998517203e-01 1.703795026524399292e+00 3.000000000000000000e+00 2.400000000000000000e+01 2.000000000000000000e+00
2.949813830017722349e-01 7.899275066257197553e-01 1.900000000000000000e+01 1.600000000000000000e+01 2.000000000000000000e+00
9.690504603623124602e-01 2.001435586582886561e+00 1.500000000000000000e+01 1.880000000000000000e+02 2.000000000000000000e+00
4.674361163087157323e-01 8.982224147260232661e-01 1.500000000000000000e+01 4.200000000000000000e+01 2.000000000000000000e+00
1.777333204851738041e-02 1.966569437111236995e+00 1.900000000000000000e+01 3.800000000000000000e+01 2.000000000000000000e+00
9.096544314477611470e-01 1.767391326264181828e+00 1.000000000000000000e+00 1.500000000000000000e+02 2.000000000000000000e+00
8.847083685638258421e-01 1.649749884372654130e+00 8.000000000000000000e+00 1.090000000000000000e+02 2.000000000000000000e+00
2.865957037928168472e-01 8.759605633754089515e-01 1.900000000000000000e+01 1.160000000000000000e+02 2.000000000000000000e+00
1.021827037876514715e-01 1.408032927455001637e+00 8.000000000000000000e+00 1.900000000000000000e+01 2.000000000000000000e+00
7.683026440510375421e-01 1.942128775563496834e+00 2.000000000000000000e+00 1.000000000000000000e+01 2.000000000000000000e+00
8.360544599344307271e-01 1.365978758465687282e+00 1.100000000000000000e+01 6.200000000000000000e+01 2.000000000000000000e+00
1.958832649474286924e-01 1.607686849633088999e-01 3.000000000000000000e+00 1.930000000000000000e+02 2.000000000000000000e+00
1.222055058765259966e-01 1.889889670796283339e+00 2.000000000000000000e+00 1.050000000000000000e+02 2.000000000000000000e+00
5.254725568287610393e-01 1.310483104933143350e+00 1.600000000000000000e+01 1.580000000000000000e+02 2.000000000000000000e+00
9.216231723689952693e-01 6.650833916122224077e-01 1.900000000000000000e+01 4.400000000000000000e+01 2.000000000000000000e+00
1.570960119517638143e-01 2.339457825978283056e-01 1.000000000000000000e+01 1.600000000000000000e+02 2.000000000000000000e+00
6.972259085899044917e-02 1.981644879848360574e+00 1.000000000000000000e+01 2.500000000000000000e+01 2.000000000000000000e+00
3.963476491229600551e-01 6.703731623929692907e-01 9.000000000000000000e+00 5.600000000000000000e+01 2.000000000000000000e+00
5.754197727339083190e-01 1.857535682171269631e+00 1.700000000000000000e+01 2.200000000000000000e+01 2.000000000000000000e+00
1.882865445809189797e-01 1.935551949547805295e+00 1.300000000000000000e+01 7.000000000000000000e+01 2.000000000000000000e+00
7.152490737758930850e-01 3.192014871910410223e-01 8.000000000000000000e+00 2.000000000000000000e+02 2.000000000000000000e+00
6.619391073919849156e-01 1.837302802851531913e+00 1.500000000000000000e+01 1.480000000000000000e+02 2.000000000000000000e+00
3.895341575039438231e-01 1.873117230840158909e+00 1.500000000000000000e+01 1.210000000000000000e+02 2.000000000000000000e+00
6.594668485313359696e-01 8.325021161738060949e-01 1.200000000000000000e+01 1.230000000000000000e+02 2.000000000000000000e+00
2.173157862084424963e-01 6.790930075506754759e-01 2.000000000000000000e+00 4.400000000000000000e+01 2.000000000000000000e+00
2.159451903204725465e-01 1.509686573888626038e+00 1.700000000000000000e+01 3.600000000000000000e+01 2.000000000000000000e+00
5.272794414506282168e-01 8.323561843765646673e-01 5.000000000000000000e+00 1.030000000000000000e+02 2.000000000000000000e+00
8.506030904775268020e-01 5.638429107950523322e-01 2.000000000000000000e+00 3.300000000000000000e+01 2.000000000000000000e+00
4.634048887540519884e-02 1.942306928259442955e+00 8.000000000000000000e+00 9.200000000000000000e+01 2.000000000000000000e+00
9.650846035574909276e-01 3.420503271264624390e-01 1.400000000000000000e+01 1.610000000000000000e+02 2.000000000000000000e+00
7.360330287611084321e-01 1.379398774533975525e+00 1.000000000000000000e+00 1.010000000000000000e+02 2.000000000000000000e+00
7.302358529353565331e-01 1.454937934842248204e+00 1.600000000000000000e+01 1.630000000000000000e+02 2.000000000000000000e+00
6.091680565296782035e-01 1.926275653890498596e+00 1.300000000000000000e+01 1.500000000000000000e+02 2.000000000000000000e+00
6.373574271615667364e-01 2.890216482002717635e-01 8.000000000000000000e+00 9.400000000000000000e+01 2.000000000000000000e+00
6.456429784846835496e-01 1.982842435589372343e+00 1.000000000000000000e+00 5.200000000000000000e+01 2.000000000000000000e+00
7.288828706261428758e-01 1.708465848677989785e+00 1.700000000000000000e+01 8.600000000000000000e+01 2.000000000000000000e+00
3.442372734060851203e-01 1.657188127809518241e-01 1.200000000000000000e+01 1.160000000000000000e+02 2.000000000000000000e+00
5.697165347281651221e-02 1.243697521663609695e+00 1.700000000000000000e+01 1.950000000000000000e+02 3.000000000000000000e+00
3.253946653935699818e-01 1.376638154950592163e+00 1.700000000000000000e+01 6.300000000000000000e+01 3.000000000000000000e+00
9.865232390011203778e-01 2.005191285965648884e+00 7.000000000000000000e+00 7.500000000000000000e+01 3.000000000000000000e+00
2.060891687217737411e-01 8.870792697221335787e-01 1.900000000000000000e+01 5.400000000000000000e+01 3.000000000000000000e+00
3.252100431450041240e-01 1.989958475538996963e+00 1.800000000000000000e+01 1.200000000000000000e+02 3.000000000000000000e+00
3.828364135233923715e-01 1.903594874991529684e+00 1.000000000000000000e+00 6.200000000000000000e+01 3.000000000000000000e+00
6.935362254373088620e-01 4.350843093440598386e-01 2.000000000000000000e+01 9.900000000000000000e+01 3.000000000000000000e+00
9.661760668363171822e-01 1.500157706252562839e+00 1.200000000000000000e+01 5.400000000000000000e+01 3.000000000000000000e+00
6.998830369790073336e-01 1.942645899959226208e+00 1.300000000000000000e+01 8.700000000000000000e+01 3.000000000000000000e+00
3.413205551515407360e-02 8.903335538776501190e-01 7.000000000000000000e+00 1.990000000000000000e+02 3.000000000000000000e+00
8.303671412161427179e-02 1.854461580731395998e+00 2.000000000000000000e+01 7.100000000000000000e+01 3.000000000000000000e+00
9.476111898522097121e-01 1.895869599588241583e-01 2.000000000000000000e+00 7.400000000000000000e+01 3.000000000000000000e+00
7.815960026910172553e-01 1.672727183117884986e-01 3.000000000000000000e+00 1.980000000000000000e+02 3.000000000000000000e+00
5.376982657235253038e-01 1.815705150569219217e+00 2.000000000000000000e+01 4.300000000000000000e+01 3.000000000000000000e+00
8.399124500697906504e-01 1.171102451898908825e+00 4.000000000000000000e+00 2.200000000000000000e+01 3.000000000000000000e+00
6.439253321941482699e-01 1.677128089365791164e+00 2.000000000000000000e+01 1.770000000000000000e+02 3.000000000000000000e+00
4.358234448597851918e-01 1.276201714644043861e+00 1.200000000000000000e+01 1.920000000000000000e+02 3.000000000000000000e+00
1.075118117884038410e-01 5.914573144867570909e-01 1.100000000000000000e+01 8.200000000000000000e+01 3.000000000000000000e+00
1.183475144215770797e-01 1.244487758424231094e+00 6.000000000000000000e+00 6.200000000000000000e+01 3.000000000000000000e+00
5.315934731513707323e-01 3.889325122911949650e-01 7.000000000000000000e+00 4.400000000000000000e+01 3.000000000000000000e+00
1.554805862420236551e-01 7.341427380738573261e-01 6.000000000000000000e+00 6.700000000000000000e+01 3.000000000000000000e+00
1.215416445942648499e-01 1.562839964819854099e+00 7.000000000000000000e+00 2.000000000000000000e+01 3.000000000000000000e+00
1.325793713127126905e-01 6.563946470279947709e-01 1.200000000000000000e+01 1.380000000000000000e+02 3.000000000000000000e+00
7.786405420929415344e-01 1.199817585466136816e+00 5.000000000000000000e+00 1.260000000000000000e+02 3.000000000000000000e+00
1.664786561688746946e-01 5.838719473273860094e-01 2.000000000000000000e+01 1.990000000000000000e+02 3.000000000000000000e+00
9.261862998417289550e-01 1.030237470227590935e+00 1.200000000000000000e+01 1.520000000000000000e+02 3.000000000000000000e+00
8.515371925948517218e-01 1.609067931847691701e+00 4.000000000000000000e+00 1.890000000000000000e+02 3.000000000000000000e+00
5.006533502768754085e-01 1.205358556190374353e+00 9.000000000000000000e+00 5.900000000000000000e+01 3.000000000000000000e+00
6.590808241755600205e-01 1.986882548094239365e+00 1.000000000000000000e+00 5.100000000000000000e+01 3.000000000000000000e+00
9.606702916113663004e-01 2.139652695556507889e-01 1.100000000000000000e+01 1.860000000000000000e+02 3.000000000000000000e+00
7.910101806028351223e-01 1.248515855321371770e+00 2.000000000000000000e+00 4.100000000000000000e+01 3.000000000000000000e+00
1.159692184970794425e-02 2.324387505071831284e-01 1.000000000000000000e+00 1.920000000000000000e+02 3.000000000000000000e+00
5.491592237283966504e-01 1.851042098924025048e+00 5.000000000000000000e+00 6.900000000000000000e+01 3.000000000000000000e+00
6.703112045631757221e-01 7.462676323261628886e-01 1.200000000000000000e+01 1.730000000000000000e+02 3.000000000000000000e+00
6.693388384380422051e-01 1.716581156027513044e+00 1.600000000000000000e+01 1.800000000000000000e+01 3.000000000000000000e+00
2.192505282311149051e-01 8.790887543650999225e-01 1.000000000000000000e+01 1.530000000000000000e+02 3.000000000000000000e+00
7.936993576626147906e-01 4.612298346738085142e-01 3.000000000000000000e+00 5.200000000000000000e+01 3.000000000000000000e+00
4.219489856836651231e-01 2.742079968325740191e-01 1.400000000000000000e+01 1.840000000000000000e+02 3.000000000000000000e+00
5.796372621734845465e-01 9.514128761629531139e-01 8.000000000000000000e+00 1.960000000000000000e+02 3.000000000000000000e+00
6.132604796769969280e-01 9.194377936426426645e-01 1.400000000000000000e+01 2.300000000000000000e+01 3.000000000000000000e+00
5.477613841598136801e-01 1.116813462841324656e+00 1.700000000000000000e+01 9.000000000000000000e+01 3.000000000000000000e+00
3.683778137415296694e-01 2.052805647344827733e+00 1.000000000000000000e+01 3.800000000000000000e+01 3.000000000000000000e+00
7.286447461377969503e-01 1.467338497640590989e+00 1.800000000000000000e+01 6.300000000000000000e+01 3.000000000000000000e+00
2.012830193356855979e-01 1.762589710235445528e+00 3.000000000000000000e+00 1.310000000000000000e+02 3.000000000000000000e+00
1.908112015443969023e-01 1.760876616068612011e+00 2.000000000000000000e+00 1.130000000000000000e+02 3.000000000000000000e+00
8.434472288389471828e-01 1.649302204050894005e+00 2.000000000000000000e+01 1.200000000000000000e+02 3.000000000000000000e+00
9.547755391586941753e-01 2.954918734833614780e-01 6.000000000000000000e+00 1.670000000000000000e+02 3.000000000000000000e+00
5.377525524478079522e-01 1.326160901634987122e+00 1.900000000000000000e+01 4.000000000000000000e+00 3.000000000000000000e+00
1.333199743734316822e-01 2.341969328988783572e-01 1.800000000000000000e+01 2.600000000000000000e+01 3.000000000000000000e+00
1.538608675756789612e-01 1.193762049964887773e+00 2.000000000000000000e+00 1.680000000000000000e+02 3.000000000000000000e+00
8.282282127755367096e-01 1.620402118713451411e+00 1.300000000000000000e+01 1.460000000000000000e+02 4.000000000000000000e+00
4.608056056225716679e-01 5.763002596759193574e-01 1.700000000000000000e+01 5.600000000000000000e+01 4.000000000000000000e+00
2.538742648316969497e-01 1.472624838834563965e+00 1.200000000000000000e+01 3.400000000000000000e+01 4.000000000000000000e+00
6.971241788834763309e-01 1.817437265502687138e+00 8.000000000000000000e+00 1.400000000000000000e+02 4.000000000000000000e+00
7.294980637785960509e-01 1.151966646530721672e+00 1.700000000000000000e+01 1.900000000000000000e+01 4.000000000000000000e+00
9.617736695077760967e-01 1.083420726825895519e+00 9.000000000000000000e+00 1.110000000000000000e+02 4.000000000000000000e+00
5.405212674134910467e-01 1.181493211579043301e+00 2.000000000000000000e+01 1.770000000000000000e+02 4.000000000000000000e+00
7.485202997561768434e-01 1.175203425850751771e+00 4.000000000000000000e+00 1.190000000000000000e+02 4.000000000000000000e+00
2.812168307329981909e-01 1.913343418556006315e+00 1.700000000000000000e+01 1.200000000000000000e+02 4.000000000000000000e+00
8.328441633860234061e-01 4.670649679985044989e-01 1.900000000000000000e+01 6.600000000000000000e+01 4.000000000000000000e+00
4.869505915165506238e-01 5.154168440470990875e-01 1.800000000000000000e+01 1.760000000000000000e+02 4.000000000000000000e+00
9.601873533073369549e-01 7.630218305060659789e-01 8.000000000000000000e+00 1.440000000000000000e+02 4.000000000000000000e+00
3.489520942189551223e-01 1.980373846398310045e+00 1.000000000000000000e+01 4.600000000000000000e+01 4.000000000000000000e+00
4.168445312837786715e-02 1.840748620923394085e+00 1.000000000000000000e+01 1.960000000000000000e+02 4.000000000000000000e+00
1.698399369959151528e-01 8.439878827604655465e-01 1.200000000000000000e+01 1.110000000000000000e+02 4.000000000000000000e+00
6.972149383909221898e-01 1.848072338228476053e+00 5.000000000000000000e+00 1.490000000000000000e+02 4.000000000000000000e+00
2.202642335242954719e-01 4.936537165093125568e-01 1.000000000000000000e+01 4.300000000000000000e+01 4.000000000000000000e+00
8.215772206488991536e-01 2.827086859448265654e-01 1.200000000000000000e+01 1.010000000000000000e+02 4.000000000000000000e+00
6.033526382636011237e-02 6.252026618040892325e-01 1.000000000000000000e+00 1.700000000000000000e+02 4.000000000000000000e+00
1.320549212876387379e-01 4.165403821487104752e-01 6.000000000000000000e+00 1.450000000000000000e+02 4.000000000000000000e+00
6.311332630425405821e-01 7.195369659533653595e-01 1.200000000000000000e+01 8.400000000000000000e+01 4.000000000000000000e+00
3.224781247230598114e-01 4.402513278591612123e-01 8.000000000000000000e+00 1.860000000000000000e+02 4.000000000000000000e+00
3.511475153716846903e-02 1.046697764073461157e+00 1.400000000000000000e+01 1.690000000000000000e+02 4.000000000000000000e+00
1.905848294645654528e-01 2.666590055012859617e-01 8.000000000000000000e+00 1.160000000000000000e+02 4.000000000000000000e+00
1.504767328165055318e-01 8.759827920594752682e-01 6.000000000000000000e+00 1.940000000000000000e+02 4.000000000000000000e+00
6.408442927140487466e-01 1.292800170242121238e+00 1.400000000000000000e+01 5.700000000000000000e+01 4.000000000000000000e+00
8.355216626491254184e-01 9.679013454280819273e-01 8.000000000000000000e+00 3.900000000000000000e+01 4.000000000000000000e+00
9.598167354072970614e-01 1.225738208986230759e+00 1.900000000000000000e+01 1.600000000000000000e+01 4.000000000000000000e+00
5.371624861289470143e-01 1.381757612687697812e+00 1.000000000000000000e+00 1.510000000000000000e+02 4.000000000000000000e+00
9.395593260496233334e-01 3.647466908734632307e-01 1.800000000000000000e+01 9.800000000000000000e+01 4.000000000000000000e+00
2.403508593296136420e-01 1.774235844462339839e+00 1.800000000000000000e+01 8.300000000000000000e+01 4.000000000000000000e+00
1.561683945638994153e-01 2.170377110536637899e-01 6.000000000000000000e+00 2.900000000000000000e+01 4.000000000000000000e+00
1.007312051643757034e+00 1.900555695323229211e+00 1.900000000000000000e+01 1.110000000000000000e+02 4.000000000000000000e+00
8.486027284118090597e-01 7.732372600087785708e-01 1.100000000000000000e+01 9.000000000000000000e+01 4.000000000000000000e+00
2.487531027055874810e-01 6.365000160184460798e-01 1.800000000000000000e+01 1.090000000000000000e+02 4.000000000000000000e+00
5.065607211677408683e-01 1.107691536574468172e+00 4.000000000000000000e+00 1.550000000000000000e+02 4.000000000000000000e+00
8.554811321260453738e-01 9.409699042146076886e-01 5.000000000000000000e+00 7.900000000000000000e+01 4.000000000000000000e+00
6.266410348654801732e-01 1.136415013021696341e+00 6.000000000000000000e+00 1.070000000000000000e+02 4.000000000000000000e+00
3.835201750216540306e-01 2.168192311941751493e-01 5.000000000000000000e+00 5.900000000000000000e+01 4.000000000000000000e+00
9.008898826090817602e-01 6.376112829984180719e-01 1.600000000000000000e+01 1.810000000000000000e+02 4.000000000000000000e+00
2.098449314504287067e-01 1.023153512583701463e+00 8.000000000000000000e+00 1.000000000000000000e+01 4.000000000000000000e+00
1.363831215449936574e-01 1.527195617659315108e+00 1.700000000000000000e+01 4.000000000000000000e+01 4.000000000000000000e+00
6.168600649020089532e-01 2.112379933297236223e-01 7.000000000000000000e+00 1.400000000000000000e+01 4.000000000000000000e+00
1.958229453905728779e-01 6.907169864837584550e-01 5.000000000000000000e+00 7.000000000000000000e+00 4.000000000000000000e+00
5.534589416124020556e-01 1.679151301993969003e+00 1.000000000000000000e+01 1.430000000000000000e+02 4.000000000000000000e+00
9.225159476866644503e-01 1.888253065948357845e+00 1.000000000000000000e+01 4.300000000000000000e+01 4.000000000000000000e+00
9.349363868277535961e-01 1.460966619555399637e+00 1.300000000000000000e+01 8.900000000000000000e+01 4.000000000000000000e+00
5.251607330672312113e-01 1.650976751705083290e+00 1.000000000000000000e+01 1.010000000000000000e+02 4.000000000000000000e+00
4.065381442826512259e-01 1.953037221731422468e+00 9.000000000000000000e+00 6.000000000000000000e+00 4.000000000000000000e+00
9.428493289701610214e-02 7.153328381298068583e-01 7.000000000000000000e+00 2.400000000000000000e+01 4.000000000000000000e+00
