1.156673420472503627e-01 7.812304435865623509e-01 2.000000000000000000e+00 1.960000000000000000e+02 0.000000000000000000e+00
7.607004764184400747e-01 1.560867610850328324e+00 2.000000000000000000e+01 1.130000000000000000e+02 0.000000000000000000e+00
8.640590658326310347e-01 8.673253881462122949e-01 2.000000000000000000e+01 1.370000000000000000e+02 0.000000000000000000e+00
8.029111578127087201e-01 1.460777597289580898e+00 4.000000000000000000e+00 1.700000000000000000e+01 0.000000000000000000e+00
6.319112307679447538e-01 1.410882845513443673e+00 9.000000000000000000e+00 2.400000000000000000e+01 0.000000000000000000e+00
5.163724728664899066e-01 1.120229919629271986e+00 1.200000000000000000e+01 7.400000000000000000e+01 0.000000000000000000e+00
6.873191363297961320e-01 1.034734655160936656e+00 7.000000000000000000e+00 1.770000000000000000e+02 0.000000000000000000e+00
1.863283764304500822e-01 2.666267421483922151e-01 8.000000000000000000e+00 1.220000000000000000e+02 0.000000000000000000e+00
6.908176562797837539e-01 9.327165573938239751e-01 1.100000000000000000e+01 8.400000000000000000e+01 0.000000000000000000e+00
8.917585682144613113e-01 3.817377796449786809e-01 1.700000000000000000e+01 1.090000000000000000e+02 0.000000000000000000e+00
4.947266062235543549e-01 1.348726982101041028e+00 4.000000000000000000e+00 7.500000000000000000e+01 0.000000000000000000e+00
2.020011954139195876e-01 8.276711315876862374e-01 1.900000000000000000e+01 1.150000000000000000e+02 0.000000000000000000e+00
8.048856707321661030e-01 1.714379457560759601e+00 1.100000000000000000e+01 1.050000000000000000e+02 0.000000000000000000e+00
1.983384081228780627e-01 1.526013544352450568e-01 1.900000000000000000e+01 6.200000000000000000e+01 0.000000000000000000e+00
4.082056840827278377e-01 9.455880275766045395e-01 6.000000000000000000e+00 4.300000000000000000e+01 0.000000000000000000e+00
2.745248335613608148e-01 1.602276123935926444e+00 1.400000000000000000e+01 1.440000000000000000e+02 0.000000000000000000e+00
1.004662145701396225e+00 4.196638009942098568e-01 4.000000000000000000e+00 5.000000000000000000e+01 0.000000000000000000e+00
2.693381845879097014e-01 4.700017412822944385e-01 2.000000000000000000e+01 1.920000000000000000e+02 0.000000000000000000e+00
7.437885887985943301e-01 1.854874798680628434e+00 8.000000000000000000e+00 1.310000000000000000e+02 0.000000000000000000e+00
4.229498268706720632e-01 1.785396886126972005e+00 9.000000000000000000e+00 1.170000000000000000e+02 0.000000000000000000e+00
5.706258913019442991e-01 1.403926755995368758e+00 2.000000000000000000e+01 1.660000000000000000e+02 0.000000000000000000e+00
9.383878367475831928e-01 1.773340075418100348e+00 1.200000000000000000e+01 1.050000000000000000e+02 0.000000000000000000e+00
4.243955816042944695e-01 1.991210333296311141e+00 1.100000000000000000e+01 1.700000000000000000e+02 0.000000000000000000e+00
8.622562406413376568e-01 4.589445442579743739e-01 1.000000000000000000e+01 1.290000000000000000e+02 0.000000000000000000e+00
5.121384013385255063e-01 1.311081761246542632e+00 2.000000000000000000e+01 1.240000000000000000e+02 0.000000000000000000e+00
1.964995453536004799e-01 5.902277735860866903e-01 2.000000000000000000e+00 1.800000000000000000e+01 0.000000000000000000e+00
6.038220877585358526e-01 8.660201405595010504e-01 1.600000000000000000e+01 2.100000000000000000e+01 0.000000000000000000e+00
2.931785662461260794e-02 1.728463731195167385e+00 1.300000000000000000e+01 1.110000000000000000e+02 0.000000000000000000e+00
4.290533640256445347e-01 1.446122981787368866e+00 7.000000000000000000e+00 1.720000000000000000e+02 0.000000000000000000e+00
5.527388677997346206e-02 8.251573298947548762e-01 1.100000000000000000e+01 1.740000000000000000e+02 0.000000000000000000e+00
4.410708196513124513e-01 1.916255446906740989e+00 1.200000000000000000e+01 1.930000000000000000e+02 0.000000000000000000e+00
9.127439630477965915e-01 8.309773334851727755e-01 1.000000000000000000e+00 1.970000000000000000e+02 0.000000000000000000e+00
3.393207975557112066e-01 8.153749235668076301e-01 9.000000000000000000e+00 1.750000000000000000e+02 0.000000000000000000e+00
4.881599854941703898e-01 4.318913748070735137e-01 2.000000000000000000e+01 6.400000000000000000e+01 0.000000000000000000e+00
5.809829908351132888e-01 1.654418707853785087e+00 1.400000000000000000e+01 7.500000000000000000e+01 0.000000000000000000e+00
7.568432862479000933e-01 1.427498099165086520e+00 1.600000000000000000e+01 5.400000000000000000e+01 0.000000000000000000e+00
2.180985173284688550e-01 6.805686355748273852e-01 7.000000000000000000e+00 5.600000000000000000e+01 0.000000000000000000e+00
3.931931029569288860e-01 2.686812999354385445e-01 6.000000000000000000e+00 6.000000000000000000e+00 0.000000000000000000e+00
6.420675818267770341e-01 1.118337632362393030e+00 1.200000000000000000e+01 1.520000000000000000e+02 0.000000000000000000e+00
2.249704048687342084e-01 9.130513351615719975e-01 1.700000000000000000e+01 8.900000000000000000e+01 0.000000000000000000e+00
8.786455357505975616e-01 1.270981956045388994e+00 1.500000000000000000e+01 1.220000000000000000e+02 0.000000000000000000e+00
1.885958052955014619e-01 4.561452481308653217e-01 1.000000000000000000e+00 1.800000000000000000e+01 0.000000000000000000e+00
5.256686841138642485e-01 8.713721443170115988e-01 1.500000000000000000e+01 8.800000000000000000e+01 0.000000000000000000e+00
7.279888982034053713e-02 2.174898951710563522e-01 1.900000000000000000e+01 2.200000000000000000e+01 0.000000000000000000e+00
6.145597581707308299e-01 2.066606131371561350e+00 1.400000000000000000e+01 7.400000000000000000e+01 0.000000000000000000e+00
6.059510564224649398e-01 1.666293545554397237e+00 5.000000000000000000e+00 1.960000000000000000e+02 0.000000000000000000e+00
9.653842794686984252e-01 3.970380385449737703e-01 9.000000000000000000e+00 7.700000000000000000e+01 0.000000000000000000e+00
1.500794241614886726e-01 5.182439661861434343e-01 1.400000000000000000e+01 9.000000000000000000e+00 0.000000000000000000e+00
6.731411362546375621e-01 1.508924205890167292e+00 1.900000000000000000e+01 7.900000000000000000e+01 0.000000000000000000e+00
7.193578764474184428e-01 2.059753621231460219e+00 1.900000000000000000e+01 2.700000000000000000e+01 0.000000000000000000e+00
6.153239322753288887e-01 6.084724953297148131e-01 1.200000000000000000e+01 1.880000000000000000e+02 1.000000000000000000e+00
9.738307325772193046e-01 9.616633360023553179e-01 3.000000000000000000e+00 1.420000000000000000e+02 1.000000000000000000e+00
8.941150455628699145e-01 3.082954555890852211e-01 5.000000000000000000e+00 1.040000000000000000e+02 1.000000000000000000e+00
7.085239577082722562e-01 7.021438541677172962e-01 2.000000000000000000e+00 1.170000000000000000e+02 1.000000000000000000e+00
3.970218360910661159e-01 8.024443645804087977e-01 1.100000000000000000e+01 6.900000000000000000e+01 1.000000000000000000e+00
8.030726730365299326e-02 1.104512005444453049e+00 2.000000000000000000e+01 1.920000000000000000e+02 1.000000000000000000e+00
1.796069147279796274e-01 6.889859496114841830e-01 1.000000000000000000e+01 1.890000000000000000e+02 1.000000000000000000e+00
4.845298285040852138e-01 9.417824525675230207e-01 3.000000000000000000e+00 1.860000000000000000e+02 1.000000000000000000e+00
9.840319444498362156e-01 1.302214671741898977e+00 9.000000000000000000e+00 1.410000000000000000e+02 1.000000000000000000e+00
6.355740045916390135e-02 5.397610695006017645e-01 4.000000000000000000e+00 4.200000000000000000e+01 1.000000000000000000e+00
5.633154778242462912e-01 1.327428286315924133e+00 1.000000000000000000e+00 5.700000000000000000e+01 1.000000000000000000e+00
7.715257908162138634e-01 8.429898111895851587e-01 1.100000000000000000e+01 1.890000000000000000e+02 1.000000000000000000e+00
6.966628955736391404e-01 1.424266950155420819e+00 1.200000000000000000e+01 1.760000000000000000e+02 1.000000000000000000e+00
9.280354787894735669e-01 1.329105597536190286e+00 1.500000000000000000e+01 1.440000000000000000e+02 1.000000000000000000e+00
2.501642544790796396e-01 1.153421825655777389e-01 3.000000000000000000e+00 6.800000000000000000e+01 1.000000000000000000e+00
4.381782194903115907e-02 1.512735469085065176e+00 9.000000000000000000e+00 8.400000000000000000e+01 1.000000000000000000e+00
5.572930637832974599e-01 1.701630270725915883e+00 1.100000000000000000e+01 6.400000000000000000e+01 1.000000000000000000e+00
3.436128579903862529e-02 2.091847691169398615e+00 5.000000000000000000e+00 1.030000000000000000e+02 1.000000000000000000e+00
7.596928154732883742e-01 1.136355970487362477e+00 7.000000000000000000e+00 3.400000000000000000e+01 1.000000000000000000e+00
7.960599656660339862e-01 1.005760594814103959e+00 6.000000000000000000e+00 6.100000000000000000e+01 1.000000000000000000e+00
1.770897809630284092e-01 1.830078922608343150e+00 1.000000000000000000e+00 1.230000000000000000e+02 1.000000000000000000e+00
4.592856544150931697e-01 1.206209909605546526e+00 1.500000000000000000e+01 1.550000000000000000e+02 1.000000000000000000e+00
4.428010142713689756e-01 1.183542082997104394e+00 9.000000000000000000e+00 1.710000000000000000e+02 1.000000000000000000e+00
4.666025423941299044e-01 6.268366886513808689e-01 1.800000000000000000e+01 1.300000000000000000e+01 1.000000000000000000e+00
4.084848956499197437e-01 1.362253756148434913e+00 7.000000000000000000e+00 1.310000000000000000e+02 1.000000000000000000e+00
3.314940761111601075e-01 2.878404143908989132e-01 2.000000000000000000e+00 1.040000000000000000e+02 1.000000000000000000e+00
7.810395838337863550e-01 1.173686659964967127e+00 1.100000000000000000e+01 3.300000000000000000e+01 1.000000000000000000e+00
7.665025174592635659e-01 1.988162178702249427e+00 1.200000000000000000e+01 1.040000000000000000e+02 1.000000000000000000e+00
7.032959530737531439e-01 1.024683767042532834e+00 3.000000000000000000e+00 1.510000000000000000e+02 1.000000000000000000e+00
7.163735112855756926e-01 3.339106664174348316e-01 1.600000000000000000e+01 2.200000000000000000e+01 1.000000000000000000e+00
6.838132222789928827e-01 1.140496698883852078e+00 1.600000000000000000e+01 1.850000000000000000e+02 1.000000000000000000e+00
5.292237090062035243e-01 1.640389602207149577e+00 1.000000000000000000e+00 2.200000000000000000e+01 1.000000000000000000e+00
6.013539367722106066e-01 1.095619288693755689e+00 4.000000000000000000e+00 1.840000000000000000e+02 1.000000000000000000e+00
5.427504158768838849e-01 1.238349237674092551e+00 1.900000000000000000e+01 7.600000000000000000e+01 1.000000000000000000e+00
4.083439612681059039e-01 1.191688951917911465e+00 1.000000000000000000e+01 6.100000000000000000e+01 1.000000000000000000e+00
6.946807823276651694e-01 9.292458181823700647e-01 1.800000000000000000e+01 5.100000000000000000e+01 1.000000000000000000e+00
1.336915414988901762e-01 3.620280453063969839e-01 1.900000000000000000e+01 1.970000000000000000e+02 1.000000000000000000e+00
3.011724339616848045e-01 5.885170964446176933e-01 1.500000000000000000e+01 1.540000000000000000e+02 1.000000000000000000e+00
1.188108805465807188e-01 9.321495740311981359e-01 1.200000000000000000e+01 7.900000000000000000e+01 1.000000000000000000e+00
9.561780186330488540e-01 1.319798358235664049e+00 1.800000000000000000e+01 5.000000000000000000e+01 1.000000000000000000e+00
3.021176108947950523e-01 1.400283417739516478e+00 1.900000000000000000e+01 1.410000000000000000e+02 1.000000000000000000e+00
8.248805775534201468e-01 1.208870380649460952e+00 4.000000000000000000e+00 1.090000000000000000e+02 1.000000000000000000e+00
2.735975115971603921e-01 1.446303862175039312e-01 9.000000000000000000e+00 1.960000000000000000e+02 1.000000000000000000e+00
8.058695016348771389e-01 3.554289718316615554e-01 1.900000000000000000e+01 1.100000000000000000e+01 1.000000000000000000e+00
4.368496020780168188e-01 1.902602861885727359e+00 2.000000000000000000e+01 5.100000000000000000e+01 1.000000000000000000e+00
8.946957111473314850e-01 1.271136440478923824e+00 1.500000000000000000e+01 2.100000000000000000e+01 1.000000000000000000e+00
8.865648903411410542e-01 1.448452706697701764e+00 9.000000000000000000e+00 1.750000000000000000e+02 1.000000000000000000e+00
1.586457866126440575e-01 1.290416883117292690e-01 1.300000000000000000e+01 1.470000000000000000e+02 1.000000000000000000e+00
6.321158791027926549e-01 8.273985383682215256e-01 2.000000000000000000e+01 1.520000000000000000e+02 1.000000000000000000e+00
5.709735581572685792e-01 2.040674785748002318e+00 1.700000000000000000e+01 1.670000000000000000e+02 1.000000000000000000e+00
1.538958532095436871e-01 1.117269933850482788e+00 2.000000000000000000e+00 1.100000000000000000e+01 2.000000000000000000e+00
3.411543229331588378e-01 7.193419562580364301e-01 1.400000000000000000e+01 1.340000000000000000e+02 2.000000000000000000e+00
7.532377044052928072e-01 5.243411638976537281e-01 1.100000000000000000e+01 2.000000000000000000e+01 2.000000000000000000e+00
7.334621105018952480e-01 1.267716661734549666e+00 1.000000000000000000e+00 1.690000000000000000e+02 2.000000000000000000e+00
8.471929752126777791e-01 7.330590848980041985e-01 5.000000000000000000e+00 1.600000000000000000e+01 2.000000000000000000e+00
6.452172953002909273e-01 1.489558221253247661e+00 6.000000000000000000e+00 1.770000000000000000e+02 2.000000000000000000e+00
8.158876393937362914e-02 8.735936685856623418e-01 1.900000000000000000e+01 1.800000000000000000e+02 2.000000000000000000e+00
7.587652838329038418e-02 1.005740165404605202e+00 1.500000000000000000e+01 4.800000000000000000e+01 2.000000000000000000e+00
1.701219482873606026e-01 1.136943898513299800e+00 1.600000000000000000e+01 5.200000000000000000e+01 2.000000000000000000e+00
2.108458630326797145e-01 1.467594465120228175e+00 1.900000000000000000e+01 2.100000000000000000e+01 2.000000000000000000e+00
9.607031050230262492e-01 1.851494870279563276e+00 1.400000000000000000e+01 5.100000000000000000e+01 2.000000000000000000e+00
9.499503621655654984e-01 8.842901352852897690e-01 2.000000000000000000e+00 1.770000000000000000e+02 2.000000000000000000e+00
6.803208099668294206e-01 3.884402351803842857e-01 1.600000000000000000e+01 7.000000000000000000e+00 2.000000000000000000e+00
1.110915246963518482e-01 7.705925644816925546e-01 6.000000000000000000e+00 7.500000000000000000e+01 2.000000000000000000e+00
4.702566088498314478e-01 1.795999813871132167e+00 8.000000000000000000e+00 2.800000000000000000e+01 2.000000000000000000e+00
9.369115764227268217e-01 1.908848064091797969e+00 5.000000000000000000e+00 1.170000000000000000e+02 2.000000000000000000e+00
8.084552279565788702e-01 1.520247225318934525e+00 1.400000000000000000e+01 2.000000000000000000e+02 2.000000000000000000e+00
7.606138575385553713e-01 3.919354930923152347e-01 1.300000000000000000e+01 4.100000000000000000e+01 2.000000000000000000e+00
9.843696290288482531e-02 1.004207156566954140e+00 6.000000000000000000e+00 1.610000000000000000e+02 2.000000000000000000e+00
4.586350071852087762e-01 2.082379096397064977e+00 2.000000000000000000e+00 1.350000000000000000e+02 2.000000000000000000e+00
8.051562743436924130e-01 7.918270526283569533e-01 5.000000000000000000e+00 6.900000000000000000e+01 2.000000000000000000e+00
5.920550747826343052e-01 1.492657983252481113e+00 1.000000000000000000e+01 9.500000000000000000e+01 2.000000000000000000e+00
6.241722072955419032e-01 1.952420191351067480e+00 5.000000000000000000e+00 4.100000000000000000e+01 2.000000000000000000e+00
5.757643077478890453e-02 9.383855682253857688e-01 8.000000000000000000e+00 1.300000000000000000e+01 2.000000000000000000e+00
3.310300873489757656e-01 1.137624763275714601e+00 1.400000000000000000e+01 4.000000000000000000e+01 2.000000000000000000e+00
8.249853178979987822e-01 1.900115829890226815e-01 4.000000000000000000e+00 9.100000000000000000e+01 2.000000000000000000e+00
8.608351539949998799e-01 1.365621209766117117e+00 7.000000000000000000e+00 1.650000000000000000e+02 2.000000000000000000e+00
4.745789109762684754e-01 7.232047750465259162e-01 1.000000000000000000e+01 1.770000000000000000e+02 2.000000000000000000e+00
4.231376771711068407e-01 4.816824120406272280e-01 1.800000000000000000e+01 1.310000000000000000e+02 2.000000000000000000e+00
1.818372617925557710e-01 9.973528819418974178e-01 1.100000000000000000e+01 1.540000000000000000e+02 2.000000000000000000e+00
2.895112543566013413e-02 2.441089640926835946e-01 1.000000000000000000e+01 2.000000000000000000e+02 2.000000000000000000e+00
2.140158867264979614e-01 1.306786857948821767e+00 1.300000000000000000e+01 1.280000000000000000e+02 2.000000000000000000e+00
7.574489932760840316e-02 6.821308723288838083e-01 6.000000000000000000e+00 9.000000000000000000e+00 2.000000000000000000e+00
1.028700055915420103e-01 1.469468696258856844e-01 1.300000000000000000e+01 1.900000000000000000e+02 2.000000000000000000e+00
7.373166997214601892e-01 1.254862877175401126e+00 1.300000000000000000e+01 7.900000000000000000e+01 2.000000000000000000e+00
8.937207185173813295e-01 6.560682743795839267e-01 2.000000000000000000e+01 1.780000000000000000e+02 2.000000000000000000e+00
8.127262690806675849e-01 1.513537174405073182e+00 1.100000000000000000e+01 1.140000000000000000e+02 2.000000000000000000e+00
7.540580298304285778e-01 1.812306628305658140e+00 2.000000000000000000e+00 1.870000000000000000e+02 2.000000000000000000e+00
1.385652209554469882e-01 1.530141529360301123e+00 1.000000000000000000e+01 1.030000000000000000e+02 2.000000000000000000e+00
9.053959098524920479e-02 1.164854540044090170e+00 9.000000000000000000e+00 1.370000000000000000e+02 2.000000000000000000e+00
2.776044736513646471e-01 1.708379309248876821e+00 6.000000000000000000e+00 1.780000000000000000e+02 2.000000000000000000e+00
4.576482877271824679e-01 6.216576937798040658e-01 1.800000000000000000e+01 1.550000000000000000e+02 2.000000000000000000e+00
6.038305106190730021e-01 1.293941454087524257e+00 3.000000000000000000e+00 1.860000000000000000e+02 2.000000000000000000e+00
5.983281820000743156e-01 3.012617537435461346e-01 1.200000000000000000e+01 1.240000000000000000e+02 2.000000000000000000e+00
3.173229587531840590e-01 1.875527784250627938e+00 8.000000000000000000e+00 5.500000000000000000e+01 2.000000000000000000e+00
1.412095590533877232e-01 5.750592221245175439e-01 1.000000000000000000e+00 1.630000000000000000e+02 2.000000000000000000e+00
3.524147473558301158e-01 1.928359779132423624e+00 1.000000000000000000e+01 9.400000000000000000e+01 2.000000000000000000e+00
3.054704253747544396e-01 2.413644247185323943e-01 8.000000000000000000e+00 8.600000000000000000e+01 2.000000000000000000e+00
6.625180084932734692e-01 7.926425862325329197e-01 1.500000000000000000e+01 4.700000000000000000e+01 2.000000000000000000e+00
2.151500809764127914e-02 8.872469089919386986e-01 1.600000000000000000e+01 1.120000000000000000e+02 2.000000000000000000e+00
3.038591908719884271e-01 2.090376581586879112e+00 5.000000000000000000e+00 6.800000000000000000e+01 3.000000000000000000e+00
8.610843397068175253e-01 1.595201817299125135e+00 1.000000000000000000e+00 1.860000000000000000e+02 3.000000000000000000e+00
8.333593658856418562e-01 1.095625978214504137e+00 2.000000000000000000e+00 5.000000000000000000e+00 3.000000000000000000e+00
6.172004218623928784e-01 9.725390928146261382e-01 9.000000000000000000e+00 8.100000000000000000e+01 3.000000000000000000e+00
5.040112100269174000e-01 1.666237683706512096e-01 4.000000000000000000e+00 1.960000000000000000e+02 3.000000000000000000e+00
7.898857707494298941e-01 3.063472815246374159e-01 1.200000000000000000e+01 1.240000000000000000e+02 3.000000000000000000e+00
4.713840929493570142e-01 2.061168197212756237e+00 3.000000000000000000e+00 1.200000000000000000e+02 3.000000000000000000e+00
3.173170316138506503e-02 8.054799861234313019e-01 2.000000000000000000e+01 1.330000000000000000e+02 3.000000000000000000e+00
4.967789979658550070e-01 1.467382535519812237e+00 1.600000000000000000e+01 9.400000000000000000e+01 3.000000000000000000e+00
4.377900906639509149e-01 8.724484444117704962e-01 1.000000000000000000e+00 1.970000000000000000e+02 3.000000000000000000e+00
2.913974401201097075e-01 8.848103034849473802e-01 1.700000000000000000e+01 1.730000000000000000e+02 3.000000000000000000e+00
1.729600901781566114e-01 6.208504311339716475e-01 1.000000000000000000e+01 1.570000000000000000e+02 3.000000000000000000e+00
2.792140281871224178e-02 1.731621894455400046e+00 1.600000000000000000e+01 6.100000000000000000e+01 3.000000000000000000e+00
4.519809533421259573e-01 7.225769700536152085e-01 2.000000000000000000e+01 1.350000000000000000e+02 3.000000000000000000e+00
3.362350348720286597e-01 6.399728419283930991e-01 6.000000000000000000e+00 1.370000000000000000e+02 3.000000000000000000e+00
8.627800228188407805e-02 1.156452582751338554e+00 2.000000000000000000e+00 3.600000000000000000e+01 3.000000000000000000e+00
8.371600134927961179e-01 4.658587889461976994e-01 1.000000000000000000e+01 8.600000000000000000e+01 3.000000000000000000e+00
8.165169878351741239e-01 5.001855879852582509e-01 9.000000000000000000e+00 1.400000000000000000e+02 3.000000000000000000e+00
7.139873196975772274e-01 7.611489254666453652e-01 1.800000000000000000e+01 1.110000000000000000e+02 3.000000000000000000e+00
6.544578626322944404e-01 4.500942424770827399e-01 3.000000000000000000e+00 1.030000000000000000e+02 3.000000000000000000e+00
5.507360752584852248e-01 1.034443528069628693e+00 4.000000000000000000e+00 1.950000000000000000e+02 3.000000000000000000e+00
9.277650152169556463e-01 2.036265950126245450e+00 7.000000000000000000e+00 6.500000000000000000e+01 3.000000000000000000e+00
7.745977188077652897e-01 1.939004470073973030e+00 1.700000000000000000e+01 1.720000000000000000e+02 3.000000000000000000e+00
4.607916548580686111e-01 1.318123980822455854e+00 1.800000000000000000e+01 1.660000000000000000e+02 3.000000000000000000e+00
7.465459070523519092e-01 2.095362917131221803e+00 1.400000000000000000e+01 6.000000000000000000e+00 3.000000000000000000e+00
1.772645924743013746e-01 9.932093714850233068e-01 1.200000000000000000e+01 1.210000000000000000e+02 3.000000000000000000e+00
6.089684329443408872e-01 6.037362854618414376e-01 8.000000000000000000e+00 3.800000000000000000e+01 3.000000000000000000e+00
4.278342803604801015e-01 7.835809036304787201e-01 1.000000000000000000e+01 2.300000000000000000e+01 3.000000000000000000e+00
6.200527410434338860e-01 1.755519359926417389e+00 1.500000000000000000e+01 8.600000000000000000e+01 3.000000000000000000e+00
7.710707672091339226e-01 9.641160991055234275e-01 1.300000000000000000e+01 1.210000000000000000e+02 3.000000000000000000e+00
2.913720944841781124e-01 1.343334609712247829e+00 2.000000000000000000e+01 1.910000000000000000e+02 3.000000000000000000e+00
8.747839253378901780e-01 1.983397846868287795e+00 1.800000000000000000e+01 1.630000000000000000e+02 3.000000000000000000e+00
2.191984293925993699e-01 1.331815402634608514e+00 3.000000000000000000e+00 1.200000000000000000e+01 3.000000000000000000e+00
9.139143214599664278e-01 1.534238510672174982e+00 7.000000000000000000e+00 6.500000000000000000e+01 3.000000000000000000e+00
1.079236285671385381e-01 5.763781792285781469e-01 6.000000000000000000e+00 6.400000000000000000e+01 3.000000000000000000e+00
6.866455593091527199e-01 2.082281610211795808e+00 2.000000000000000000e+00 1.120000000000000000e+02 3.000000000000000000e+00
1.686098615768917286e-01 1.007985240393077131e+00 1.100000000000000000e+01 1.820000000000000000e+02 3.000000000000000000e+00
5.342515330336085055e-01 1.030507987927956171e+00 7.000000000000000000e+00 1.140000000000000000e+02 3.000000000000000000e+00
3.621397433254651688e-01 1.576488728944495987e+00 7.000000000000000000e+00 4.200000000000000000e+01 3.000000000000000000e+00
7.142761611304236646e-02 3.643975766938268857e-01 1.700000000000000000e+01 1.910000000000000000e+02 3.000000000000000000e+00
7.997587315608418734e-01 1.067594575835848270e+00 1.000000000000000000e+01 2.600000000000000000e+01 3.000000000000000000e+00
2.307713580936162634e-01 1.545890205185445065e+00 1.900000000000000000e+01 1.520000000000000000e+02 3.000000000000000000e+00
9.488108628507955222e-01 1.220561470829061301e+00 1.300000000000000000e+01 9.600000000000000000e+01 3.000000000000000000e+00
3.609115515601506452e-01 1.638008521954278818e+00 6.000000000000000000e+00 1.700000000000000000e+02 3.000000000000000000e+00
3.455353889209253904e-01 7.315009674412734642e-01 1.900000000000000000e+01 1.030000000000000000e+02 3.000000000000000000e+00
3.450841486737808994e-01 6.751468548890041665e-01 1.900000000000000000e+01 1.460000000000000000e+02 3.000000000000000000e+00
3.163701981217450498e-01 3.045993642577261573e-01 2.000000000000000000e+01 9.900000000000000000e+01 3.000000000000000000e+00
6.923094588829543650e-01 1.503827180581656986e+00 4.000000000000000000e+00 1.600000000000000000e+02 3.000000000000000000e+00
1.065642621471792756e-01 1.974153130208819329e+00 1.400000000000000000e+01 1.460000000000000000e+02 3.000000000000000000e+00
2.262237011717168622e-01 3.282479550726383755e-01 1.100000000000000000e+01 3.600000000000000000e+01 3.000000000000000000e+00
8.358816692379643642e-01 1.466748194260233840e+00 1.800000000000000000e+01 1.280000000000000000e+02 4.000000000000000000e+00
4.841856351694621141e-01 7.610183420856203584e-01 5.000000000000000000e+00 1.520000000000000000e+02 4.000000000000000000e+00
6.633704102917876710e-01 2.052535005392889467e+00 5.000000000000000000e+00 1.980000000000000000e+02 4.000000000000000000e+00
7.933199834570846265e-02 2.449110126243153884e-01 1.500000000000000000e+01 1.710000000000000000e+02 4.000000000000000000e+00
7.886807502477177767e-01 9.064380428024626513e-01 5.000000000000000000e+00 9.300000000000000000e+01 4.000000000000000000e+00
1.650651436570973463e-01 1.222424974258826680e+00 1.700000000000000000e+01 3.100000000000000000e+01 4.000000000000000000e+00
8.782577085243699067e-01 1.777596572547385512e-01 1.200000000000000000e+01 1.900000000000000000e+02 4.000000000000000000e+00
6.950104571133371989e-01 6.854758606384462327e-01 1.100000000000000000e+01 4.200000000000000000e+01 4.000000000000000000e+00
1.476469645756126603e-01 4.385692939829756165e-01 7.000000000000000000e+00 4.300000000000000000e+01 4.000000000000000000e+00
3.092236712240963303e-01 1.514722561663792710e+00 1.900000000000000000e+01 8.300000000000000000e+01 4.000000000000000000e+00
1.312472047261169748e-02 6.695365686065845034e-01 1.600000000000000000e+01 1.720000000000000000e+02 4.000000000000000000e+00
7.577256020763086797e-01 1.454753885963083748e+00 1.900000000000000000e+01 2.700000000000000000e+01 4.000000000000000000e+00
5.577546298080156006e-01 1.437352557938491815e+00 1.300000000000000000e+01 6.700000000000000000e+01 4.000000000000000000e+00
2.365318542128798107e-01 8.589244348856007738e-01 1.700000000000000000e+01 6.700000000000000000e+01 4.000000000000000000e+00
7.594723296730675199e-02 1.280321217075108153e+00 1.000000000000000000e+00 1.240000000000000000e+02 4.000000000000000000e+00
7.427776700814234800e-01 4.439013153182466143e-01 1.700000000000000000e+01 1.490000000000000000e+02 4.000000000000000000e+00
9.570401718851007100e-01 6.738393794267266701e-01 1.400000000000000000e+01 1.900000000000000000e+01 4.000000000000000000e+00
5.539869785859751206e-01 1.150618128711597965e+00 1.700000000000000000e+01 1.560000000000000000e+02 4.000000000000000000e+00
1.869948295144655548e-01 4.551725036547628056e-01 1.900000000000000000e+01 1.570000000000000000e+02 4.000000000000000000e+00
7.274203666871347229e-01 1.490602163587358531e+00 1.900000000000000000e+01 9.400000000000000000e+01 4.000000000000000000e+00
1.001999569604169471e+00 1.746256229227400203e+00 3.000000000000000000e+00 1.370000000000000000e+02 4.000000000000000000e+00
5.867787072496664091e-01 4.952693362338554950e-01 2.000000000000000000e+01 1.660000000000000000e+02 4.000000000000000000e+00
1.163701844681918306e-02 6.970442784824190108e-01 1.700000000000000000e+01 3.900000000000000000e+01 4.000000000000000000e+00
2.226076238107260741e-01 1.352528679820109270e+00 1.000000000000000000e+01 1.610000000000000000e+02 4.000000000000000000e+00
8.818903663700767837e-01 1.851242307818878663e+00 5.000000000000000000e+00 9.900000000000000000e+01 4.000000000000000000e+00
9.197848839423429235e-01 9.809520599683593245e-01 1.600000000000000000e+01 1.680000000000000000e+02 4.000000000000000000e+00
2.114650868680534312e-01 1.010303108453104004e+00 1.100000000000000000e+01 1.670000000000000000e+02 4.000000000000000000e+00
1.531946040631571027e-01 1.218457913092517997e-01 1.500000000000000000e+01 1.710000000000000000e+02 4.000000000000000000e+00
4.253273527450662783e-01 1.149499846599113528e+00 9.000000000000000000e+00 1.600000000000000000e+02 4.000000000000000000e+00
7.151692078517939422e-01 1.550506123600570607e+00 1.900000000000000000e+01 3.600000000000000000e+01 4.000000000000000000e+00
9.562893646484910137e-01 2.327582486229557157e-01 1.200000000000000000e+01 1.960000000000000000e+02 4.000000000000000000e+00
6.907804942371971180e-01 1.147297319715043118e+00 1.300000000000000000e+01 1.000000000000000000e+02 4.000000000000000000e+00
6.245532004580032215e-01 1.078875833871327350e+00 2.000000000000000000e+00 1.000000000000000000e+01 4.000000000000000000e+00
3.789850186994982995e-01 1.356535025533752992e-01 3.000000000000000000e+00 8.000000000000000000e+00 4.000000000000000000e+00
5.913400206327951159e-01 3.863061357562987963e-01 1.900000000000000000e+01 2.000000000000000000e+02 4.000000000000000000e+00
2.035108967676511060e-01 1.163878403397487826e+00 2.000000000000000000e+01 3.700000000000000000e+01 4.000000000000000000e+00
5.014088189330790923e-01 1.817169915749840658e+00 1.800000000000000000e+01 1.350000000000000000e+02 4.000000000000000000e+00
9.705608892909014518e-01 1.881313658031549041e+00 2.000000000000000000e+00 3.300000000000000000e+01 4.000000000000000000e+00
2.424847170299373467e-01 1.883142583072265230e+00 1.000000000000000000e+01 1.960000000000000000e+02 4.000000000000000000e+00
2.160380858563472062e-01 2.043021505505550339e-01 6.000000000000000000e+00 1.200000000000000000e+01 4.000000000000000000e+00
3.238513614284306286e-01 1.191607019253090594e-01 8.000000000000000000e+00 1.350000000000000000e+02 4.000000000000000000e+00
5.893669137255629353e-01 1.271985419057890532e+00 1.000000000000000000e+01 1.350000000000000000e+02 4.000000000000000000e+00
3.929134608546790419e-01 2.772812964928689228e-01 1.800000000000000000e+01 1.100000000000000000e+02 4.000000000000000000e+00
2.657713304699390600e-01 5.775935865344531406e-01 2.000000000000000000e+00 9.100000000000000000e+01 4.000000000000000000e+00
9.277088577121251900e-01 1.384982812749168402e-01 3.000000000000000000e+00 1.200000000000000000e+01 4.000000000000000000e+00
3.891554032189599166e-01 9.913437416757805432e-01 4.000000000000000000e+00 2.500000000000000000e+01 4.000000000000000000e+00
2.177092870489288901e-01 1.038217736979588413e+00 1.200000000000000000e+01 2.300000000000000000e+01 4.000000000000000000e+00
4.643374885983119205e-01 2.050579284298791105e+00 3.000000000000000000e+00 1.640000000000000000e+02 4.000000000000000000e+00
7.606962164535007176e-01 1.384401583069441832e+00 7.000000000000000000e+00 1.770000000000000000e+02 4.000000000000000000e+00
2.020022197433720690e-01 6.842392938274416414e-01 1.100000000000000000e+01 1.900000000000000000e+01 4.000000000000000000e+00
