8.577914303837401722e-01 6.792793243782645485e-01 1.200000000000000000e+01 1.500000000000000000e+01 0.000000000000000000e+00
2.803073981262645953e-01 2.123740966169193334e-01 7.000000000000000000e+00 1.290000000000000000e+02 0.000000000000000000e+00
8.015963649195489982e-01 1.839005283229521170e+00 1.400000000000000000e+01 1.400000000000000000e+02 0.000000000000000000e+00
2.809833380419468618e-01 1.487581582345888220e+00 1.400000000000000000e+01 1.330000000000000000e+02 0.000000000000000000e+00
1.422868357540164608e-01 1.388129076542307772e+00 3.000000000000000000e+00 4.100000000000000000e+01 0.000000000000000000e+00
9.226438006712057716e-01 1.052546746427657887e+00 9.000000000000000000e+00 1.910000000000000000e+02 0.000000000000000000e+00
3.952615687967996339e-01 1.684194030564780231e+00 2.000000000000000000e+01 1.520000000000000000e+02 0.000000000000000000e+00
3.296987655598662137e-01 1.387090341401761906e+00 9.000000000000000000e+00 1.100000000000000000e+02 0.000000000000000000e+00
8.154264007104904399e-01 4.795597544855562111e-01 7.000000000000000000e+00 5.000000000000000000e+01 0.000000000000000000e+00
1.437799868662003287e-02 1.280096208099700483e+00 3.000000000000000000e+00 1.320000000000000000e+02 0.000000000000000000e+00
7.699277799720494198e-01 7.555382137841449852e-01 1.100000000000000000e+01 1.200000000000000000e+02 0.000000000000000000e+00
9.208090957437334856e-01 1.172759585158458240e+00 1.700000000000000000e+01 1.990000000000000000e+02 0.000000000000000000e+00
8.021895173676858448e-01 1.045387769979080783e+00 1.200000000000000000e+01 5.200000000000000000e+01 0.000000000000000000e+00
2.354897541359023405e-01 1.091498539271452906e+00 2.000000000000000000e+01 1.390000000000000000e+02 0.000000000000000000e+00
7.942091381225477864e-01 1.020167687869969753e-01 1.100000000000000000e+01 8.000000000000000000e+01 0.000000000000000000e+00
5.801518976245657599e-01 1.719077200695669605e+00 1.200000000000000000e+01 2.800000000000000000e+01 0.000000000000000000e+00
7.564279474337708142e-02 1.793349446927711588e+00 9.000000000000000000e+00 9.100000000000000000e+01 0.000000000000000000e+00
8.998907292788003165e-01 1.319108521720880667e+00 1.500000000000000000e+01 5.600000000000000000e+01 0.000000000000000000e+00
5.536685040209984310e-01 7.195399458811991833e-01 1.200000000000000000e+01 1.530000000000000000e+02 0.000000000000000000e+00
7.342768455869611577e-01 4.299168317111831117e-01 1.100000000000000000e+01 1.020000000000000000e+02 0.000000000000000000e+00
4.562345169132511202e-01 3.443554074637084073e-01 6.000000000000000000e+00 1.260000000000000000e+02 0.000000000000000000e+00
3.748785580947384677e-01 5.466682352777773035e-01 2.000000000000000000e+01 6.300000000000000000e+01 0.000000000000000000e+00
4.215961625714712557e-01 1.203856076661750540e+00 1.500000000000000000e+01 6.700000000000000000e+01 0.000000000000000000e+00
2.915303456979924102e-01 1.185942271491741140e+00 1.200000000000000000e+01 1.000000000000000000e+01 0.000000000000000000e+00
9.265066292032763107e-01 1.511730205623326440e-01 5.000000000000000000e+00 1.800000000000000000e+01 0.000000000000000000e+00
5.381042075636776473e-02 1.642412769985003518e+00 1.200000000000000000e+01 6.800000000000000000e+01 0.000000000000000000e+00
9.793938573780233137e-01 7.739549620671289931e-01 8.000000000000000000e+00 9.000000000000000000e+00 0.000000000000000000e+00
3.107097479153425601e-01 4.933745331297197945e-01 1.200000000000000000e+01 1.030000000000000000e+02 0.000000000000000000e+00
8.553375387804605656e-02 1.151912284524434726e+00 2.000000000000000000e+01 1.170000000000000000e+02 0.000000000000000000e+00
2.511581560765302479e-01 1.118079444152748625e+00 6.000000000000000000e+00 5.800000000000000000e+01 0.000000000000000000e+00
9.843330592350844066e-01 5.142064844327643991e-01 1.500000000000000000e+01 3.200000000000000000e+01 0.000000000000000000e+00
8.824800138441422914e-02 1.135778388265574979e+00 1.000000000000000000e+01 1.030000000000000000e+02 0.000000000000000000e+00
5.918559165365672170e-01 1.434150809982027985e-01 1.500000000000000000e+01 1.670000000000000000e+02 0.000000000000000000e+00
6.073277417067390882e-01 9.590166322213101724e-01 1.800000000000000000e+01 6.700000000000000000e+01 0.000000000000000000e+00
6.310959428492924905e-01 3.354639560369668816e-01 1.700000000000000000e+01 1.600000000000000000e+02 0.000000000000000000e+00
9.219390079906826241e-01 7.697006561219662535e-01 1.400000000000000000e+01 1.250000000000000000e+02 0.000000000000000000e+00
8.063244077109847918e-01 7.066957879961800471e-01 2.000000000000000000e+00 1.280000000000000000e+02 0.000000000000000000e+00
3.230451684063009310e-01 9.082570934186148248e-01 1.600000000000000000e+01 1.390000000000000000e+02 0.000000000000000000e+00
5.832299871747225195e-01 3.539483679902707403e-01 1.100000000000000000e+01 8.100000000000000000e+01 0.000000000000000000e+00
5.615258533632280225e-01 1.324322440485438346e+00 1.900000000000000000e+01 1.900000000000000000e+02 0.000000000000000000e+00
5.238969180502860840e-02 3.769940750018333508e-01 7.000000000000000000e+00 1.040000000000000000e+02 0.000000000000000000e+00
7.695459313053430728e-02 9.205174617188721653e-01 1.700000000000000000e+01 4.900000000000000000e+01 0.000000000000000000e+00
4.853445556743090084e-01 8.697426332794139237e-01 1.600000000000000000e+01 1.260000000000000000e+02 0.000000000000000000e+00
3.482939040322096114e-01 1.835572232771194745e+00 9.000000000000000000e+00 5.500000000000000000e+01 0.000000000000000000e+00
4.128142309642403029e-01 7.042107233061171145e-01 8.000000000000000000e+00 1.030000000000000000e+02 0.000000000000000000e+00
5.410580317396911365e-01 2.078049781954311115e+00 5.000000000000000000e+00 1.620000000000000000e+02 0.000000000000000000e+00
2.382974929062857683e-01 5.901437046477781001e-01 1.000000000000000000e+00 1.670000000000000000e+02 0.000000000000000000e+00
9.538529052590858370e-01 1.690784730433674277e+00 1.800000000000000000e+01 7.700000000000000000e+01 0.000000000000000000e+00
3.963048583894478866e-02 1.677036349525508729e+00 1.000000000000000000e+01 3.600000000000000000e+01 0.000000000000000000e+00
8.160304824795409084e-01 1.011823856955210932e+00 1.600000000000000000e+01 2.000000000000000000e+00 0.000000000000000000e+00
7.607211078532527537e-01 9.602115698415799594e-01 1.000000000000000000e+01 1.940000000000000000e+02 1.000000000000000000e+00
2.982792175635120557e-01 1.755286145384420404e+00 8.000000000000000000e+00 1.030000000000000000e+02 1.000000000000000000e+00
5.063200781971683995e-01 1.766283932251068167e+00 6.000000000000000000e+00 1.130000000000000000e+02 1.000000000000000000e+00
2.994293652583719378e-01 1.322957872164603810e+00 8.000000000000000000e+00 1.500000000000000000e+01 1.000000000000000000e+00
6.357440624620348535e-01 1.541815586408112893e+00 1.600000000000000000e+01 3.900000000000000000e+01 1.000000000000000000e+00
2.559243209651045348e-01 6.115236532818059123e-01 1.300000000000000000e+01 1.800000000000000000e+01 1.000000000000000000e+00
4.831788659031768240e-01 2.243092976538497985e-01 1.800000000000000000e+01 1.830000000000000000e+02 1.000000000000000000e+00
2.300923788537367898e-01 1.585577335135667898e+00 6.000000000000000000e+00 1.050000000000000000e+02 1.000000000000000000e+00
9.539436966399897910e-01 2.568197818879341954e-01 1.300000000000000000e+01 1.030000000000000000e+02 1.000000000000000000e+00
1.481987579344516970e-01 1.216542841941100406e+00 6.000000000000000000e+00 8.600000000000000000e+01 1.000000000000000000e+00
3.527066541982069037e-01 1.695756929525902956e+00 1.500000000000000000e+01 1.500000000000000000e+02 1.000000000000000000e+00
9.892788759260922049e-01 7.403811794861673290e-01 5.000000000000000000e+00 2.100000000000000000e+01 1.000000000000000000e+00
7.174421398996144728e-01 1.415018714045203074e+00 2.000000000000000000e+01 1.490000000000000000e+02 1.000000000000000000e+00
1.676768161307689020e-01 1.047206361011497444e+00 6.000000000000000000e+00 3.800000000000000000e+01 1.000000000000000000e+00
9.443955104587330451e-01 1.931332795930309487e+00 1.200000000000000000e+01 1.010000000000000000e+02 1.000000000000000000e+00
5.363860474023014469e-01 4.910573765879165942e-01 1.000000000000000000e+01 3.200000000000000000e+01 1.000000000000000000e+00
5.069474428922162712e-01 1.635257171522456199e+00 1.900000000000000000e+01 1.380000000000000000e+02 1.000000000000000000e+00
9.882079463686056497e-01 5.081875313891094370e-01 3.000000000000000000e+00 1.090000000000000000e+02 1.000000000000000000e+00
8.444465251758103141e-01 1.289023953737029826e+00 1.600000000000000000e+01 1.780000000000000000e+02 1.000000000000000000e+00
9.630359630309127672e-01 1.479387037482986500e+00 1.500000000000000000e+01 5.000000000000000000e+01 1.000000000000000000e+00
6.989586973708363793e-01 2.038486682994606447e+00 1.800000000000000000e+01 1.490000000000000000e+02 1.000000000000000000e+00
5.353241246386876151e-01 5.184959950341500035e-01 1.400000000000000000e+01 1.320000000000000000e+02 1.000000000000000000e+00
2.276787255560461798e-01 1.852910191862720657e+00 3.000000000000000000e+00 1.490000000000000000e+02 1.000000000000000000e+00
8.567218955551633153e-01 1.181365118578761697e+00 1.400000000000000000e+01 9.700000000000000000e+01 1.000000000000000000e+00
5.072782253953463938e-01 1.326554247098136630e+00 1.700000000000000000e+01 7.300000000000000000e+01 1.000000000000000000e+00
8.792702437303777652e-01 3.669588914052491768e-01 1.100000000000000000e+01 1.770000000000000000e+02 1.000000000000000000e+00
2.704316693395774074e-01 1.984595295713478258e+00 4.000000000000000000e+00 4.400000000000000000e+01 1.000000000000000000e+00
1.686882767517294129e-02 1.288240564027260726e+00 1.400000000000000000e+01 1.460000000000000000e+02 1.000000000000000000e+00
3.116056799807261912e-01 1.273557996160491701e+00 1.700000000000000000e+01 4.400000000000000000e+01 1.000000000000000000e+00
2.640456132045270188e-01 1.980821676224719941e+00 6.000000000000000000e+00 1.560000000000000000e+02 1.000000000000000000e+00
6.234646515242890930e-01 1.642152613773975034e+00 3.000000000000000000e+00 2.700000000000000000e+01 1.000000000000000000e+00
2.352572739744352992e-01 1.921509391374449871e+00 1.900000000000000000e+01 7.000000000000000000e+01 1.000000000000000000e+00
1.800209340122913559e-01 1.675739154077356519e+00 1.000000000000000000e+00 1.820000000000000000e+02 1.000000000000000000e+00
9.172008374017927013e-01 9.741851122520664985e-01 1.700000000000000000e+01 2.300000000000000000e+01 1.000000000000000000e+00
2.499132157419637901e-01 1.692565518699175708e+00 2.000000000000000000e+00 8.900000000000000000e+01 1.000000000000000000e+00
8.535158667735475158e-01 7.868715030934275712e-01 5.000000000000000000e+00 1.830000000000000000e+02 1.000000000000000000e+00
2.386364560109598409e-01 1.329516767121695198e+00 1.600000000000000000e+01 9.000000000000000000e+01 1.000000000000000000e+00
5.090076714484507159e-01 1.803690425390857888e+00 1.900000000000000000e+01 1.470000000000000000e+02 1.000000000000000000e+00
5.412447481126869686e-01 2.531498826827770499e-01 9.000000000000000000e+00 1.790000000000000000e+02 1.000000000000000000e+00
9.908349158504754506e-01 7.580940779689110398e-01 9.000000000000000000e+00 1.630000000000000000e+02 1.000000000000000000e+00
3.284459434190911686e-01 1.848213284534111767e-01 1.300000000000000000e+01 1.450000000000000000e+02 1.000000000000000000e+00
2.105484538049631205e-01 1.470904660659363872e+00 1.600000000000000000e+01 5.100000000000000000e+01 1.000000000000000000e+00
8.848289383399898789e-01 1.632252334720198705e+00 1.000000000000000000e+00 1.340000000000000000e+02 1.000000000000000000e+00
5.044681900216179127e-01 1.452631872154069415e+00 1.700000000000000000e+01 1.470000000000000000e+02 1.000000000000000000e+00
4.709907531911198264e-01 8.548556440672528955e-01 4.000000000000000000e+00 1.630000000000000000e+02 1.000000000000000000e+00
1.084255913440715785e-01 1.709290433141032184e-01 8.000000000000000000e+00 3.900000000000000000e+01 1.000000000000000000e+00
4.251532589509233739e-01 1.280492450572690899e+00 5.000000000000000000e+00 6.000000000000000000e+00 1.000000000000000000e+00
2.622314706897818093e-01 1.810782818334455646e+00 6.000000000000000000e+00 9.200000000000000000e+01 1.000000000000000000e+00
4.058078125040278650e-01 1.963069017553772833e+00 1.100000000000000000e+01 1.230000000000000000e+02 1.000000000000000000e+00
7.612572006730627949e-01 6.694428867712455267e-01 1.600000000000000000e+01 1.900000000000000000e+02 1.000000000000000000e+00
8.968722335556365832e-02 8.794251313395214931e-01 1.000000000000000000e+01 1.160000000000000000e+02 2.000000000000000000e+00
6.675166254534836696e-01 7.601998125804062534e-01 4.000000000000000000e+00 1.500000000000000000e+01 2.000000000000000000e+00
5.679511575229454490e-01 7.443302438730389214e-01 5.000000000000000000e+00 1.310000000000000000e+02 2.000000000000000000e+00
6.804610892065920957e-01 1.832400115643614935e+00 2.000000000000000000e+00 1.190000000000000000e+02 2.000000000000000000e+00
1.516691339119250470e-01 8.232752084464890485e-01 5.000000000000000000e+00 1.780000000000000000e+02 2.000000000000000000e+00
5.629599810018813821e-01 1.972023724481501761e+00 3.000000000000000000e+00 1.130000000000000000e+02 2.000000000000000000e+00
1.463796491702351599e-01 3.330995645262254667e-01 1.400000000000000000e+01 2.000000000000000000e+00 2.000000000000000000e+00
6.250504682360226161e-01 1.319254068042887917e+00 1.500000000000000000e+01 2.400000000000000000e+01 2.000000000000000000e+00
5.462634523484811711e-01 8.915966041457815683e-01 1.200000000000000000e+01 5.000000000000000000e+01 2.000000000000000000e+00
6.555462040340052088e-01 1.266752327448957161e+00 2.000000000000000000e+01 1.700000000000000000e+01 2.000000000000000000e+00
1.182043280058675400e-01 6.972928785395461349e-01 1.400000000000000000e+01 8.600000000000000000e+01 2.000000000000000000e+00
5.656071735984408155e-01 1.418289862925725009e+00 1.000000000000000000e+00 8.100000000000000000e+01 2.000000000000000000e+00
1.726584127072948727e-01 2.088481884021352375e+00 6.000000000000000000e+00 3.000000000000000000e+00 2.000000000000000000e+00
9.569640855220948872e-01 1.390761672471276800e+00 1.000000000000000000e+01 1.700000000000000000e+01 2.000000000000000000e+00
9.744668932937854411e-01 1.235040479584597950e+00 1.200000000000000000e+01 6.600000000000000000e+01 2.000000000000000000e+00
9.597895085690407724e-01 1.129502916648050803e+00 1.600000000000000000e+01 1.080000000000000000e+02 2.000000000000000000e+00
1.798863588586018664e-02 2.151305096722055110e-01 3.000000000000000000e+00 1.380000000000000000e+02 2.000000000000000000e+00
1.254366060117598769e-01 1.732626257770432388e-01 1.700000000000000000e+01 1.440000000000000000e+02 2.000000000000000000e+00
3.534076291661429892e-01 5.978342474736889622e-01 1.900000000000000000e+01 4.700000000000000000e+01 2.000000000000000000e+00
2.240793632614245662e-02 1.391730709673453470e+00 8.000000000000000000e+00 5.200000000000000000e+01 2.000000000000000000e+00
5.193106340758762984e-01 6.232224390644435230e-01 1.400000000000000000e+01 2.100000000000000000e+01 2.000000000000000000e+00
8.375345248100550810e-01 1.352662435797557627e+00 1.800000000000000000e+01 1.470000000000000000e+02 2.000000000000000000e+00
4.697128845365682315e-01 1.302711240258598302e+00 8.000000000000000000e+00 6.500000000000000000e+01 2.000000000000000000e+00
7.373219304114897454e-01 4.621051813983440004e-01 1.000000000000000000e+01 1.350000000000000000e+02 2.000000000000000000e+00
1.592021021981668838e-01 1.925640504321863622e+00 8.000000000000000000e+00 8.000000000000000000e+01 2.000000000000000000e+00
6.020900284043033679e-01 1.185516408118595377e+00 1.900000000000000000e+01 1.010000000000000000e+02 2.000000000000000000e+00
3.990329100266105655e-01 6.689885220438988034e-01 4.000000000000000000e+00 1.890000000000000000e+02 2.000000000000000000e+00
4.673725070841006080e-01 3.614248801101721531e-01 1.500000000000000000e+01 1.660000000000000000e+02 2.000000000000000000e+00
1.690201782171409928e-01 1.947764403192033145e+00 9.000000000000000000e+00 1.270000000000000000e+02 2.000000000000000000e+00
1.003521596267051397e+00 1.436869438555985701e+00 8.000000000000000000e+00 1.940000000000000000e+02 2.000000000000000000e+00
9.432213655236855177e-01 1.448363268682542504e+00 6.000000000000000000e+00 1.900000000000000000e+02 2.000000000000000000e+00
8.154276725584211905e-01 9.170537683646530214e-01 1.800000000000000000e+01 2.300000000000000000e+01 2.000000000000000000e+00
9.133434281562480272e-01 2.339837892662139096e-01 1.300000000000000000e+01 1.210000000000000000e+02 2.000000000000000000e+00
5.236652034543756162e-01 1.751707760098655475e+00 1.900000000000000000e+01 4.500000000000000000e+01 2.000000000000000000e+00
2.604970499201478829e-01 3.544316403382624658e-01 1.700000000000000000e+01 4.900000000000000000e+01 2.000000000000000000e+00
3.383353951080269040e-01 1.844155282064268597e+00 2.000000000000000000e+00 5.900000000000000000e+01 2.000000000000000000e+00
3.699054957775875785e-01 1.842415278955215951e+00 1.800000000000000000e+01 2.700000000000000000e+01 2.000000000000000000e+00
4.037119543501315189e-01 1.995785397569335151e+00 1.000000000000000000e+00 1.820000000000000000e+02 2.000000000000000000e+00
4.441534575119859829e-01 2.035058503097430249e-01 9.000000000000000000e+00 1.530000000000000000e+02 2.000000000000000000e+00
9.372850815912789901e-01 1.344923096343785041e+00 1.900000000000000000e+01 9.000000000000000000e+01 2.000000000000000000e+00
6.883397650846757587e-01 1.555270452166213069e+00 9.000000000000000000e+00 1.850000000000000000e+02 2.000000000000000000e+00
9.634353411942096768e-02 8.555932149252624130e-01 4.000000000000000000e+00 1.450000000000000000e+02 2.000000000000000000e+00
1.110148841686132565e-01 2.010098079933902770e+00 1.600000000000000000e+01 8.200000000000000000e+01 2.000000000000000000e+00
6.815517859107151910e-01 1.224036959148767423e+00 2.000000000000000000e+01 1.010000000000000000e+02 2.000000000000000000e+00
1.765402560993151182e-01 2.202623635754969167e-01 4.000000000000000000e+00 1.050000000000000000e+02 2.000000000000000000e+00
8.464852160216802535e-01 3.050428400353307756e-01 1.500000000000000000e+01 1.010000000000000000e+02 2.000000000000000000e+00
4.003637352862631227e-01 1.304340907660772375e+00 1.200000000000000000e+01 7.000000000000000000e+01 2.000000000000000000e+00
3.091641217556134746e-01 8.345167239609302401e-01 1.500000000000000000e+01 1.710000000000000000e+02 2.000000000000000000e+00
2.663872891928088515e-01 1.652321702483250832e+00 3.000000000000000000e+00 1.760000000000000000e+02 2.000000000000000000e+00
9.332608300184037642e-01 7.883720679944851151e-01 6.000000000000000000e+00 1.830000000000000000e+02 2.000000000000000000e+00
8.245824459818948959e-01 1.426885413814559023e+00 1.100000000000000000e+01 1.070000000000000000e+02 3.000000000000000000e+00
2.793062144041367212e-01 1.516555995278477953e+00 1.700000000000000000e+01 1.990000000000000000e+02 3.000000000000000000e+00
6.548211178962802526e-02 1.786709236230146880e+00 3.000000000000000000e+00 7.000000000000000000e+01 3.000000000000000000e+00
7.694088656825983641e-01 1.181447490867623795e+00 9.000000000000000000e+00 9.000000000000000000e+01 3.000000000000000000e+00
3.989813171656558799e-01 6.925478788381617123e-01 8.000000000000000000e+00 9.300000000000000000e+01 3.000000000000000000e+00
6.328567972658066809e-01 4.264301125783070967e-01 1.900000000000000000e+01 1.160000000000000000e+02 3.000000000000000000e+00
1.007147674117079283e+00 1.576513013096344951e+00 1.100000000000000000e+01 1.910000000000000000e+02 3.000000000000000000e+00
4.334846469947362113e-01 1.381776105021142564e+00 2.000000000000000000e+00 1.460000000000000000e+02 3.000000000000000000e+00
9.251835125797303050e-01 1.737273898790295812e+00 2.000000000000000000e+00 1.040000000000000000e+02 3.000000000000000000e+00
6.630254788908516161e-01 2.635447258928075298e-01 7.000000000000000000e+00 4.700000000000000000e+01 3.000000000000000000e+00
4.593059025016925645e-01 2.717620181598264795e-01 1.900000000000000000e+01 3.500000000000000000e+01 3.000000000000000000e+00
3.443447024370432930e-01 1.783390423359403343e+00 2.000000000000000000e+00 1.170000000000000000e+02 3.000000000000000000e+00
4.198115579920213003e-01 1.133278150579107413e+00 9.000000000000000000e+00 8.200000000000000000e+01 3.000000000000000000e+00
5.810942945461031739e-01 1.493222995985000301e+00 1.100000000000000000e+01 1.890000000000000000e+02 3.000000000000000000e+00
3.429101137897756502e-01 2.085945083975084380e+00 7.000000000000000000e+00 1.990000000000000000e+02 3.000000000000000000e+00
6.324603537464283942e-01 4.283520416525304908e-01 1.600000000000000000e+01 9.000000000000000000e+00 3.000000000000000000e+00
4.530861137223051588e-02 1.170034054773929855e+00 8.000000000000000000e+00 1.570000000000000000e+02 3.000000000000000000e+00
7.148571883046040965e-01 1.110889579580160103e+00 5.000000000000000000e+00 3.900000000000000000e+01 3.000000000000000000e+00
4.881131339397146718e-01 1.285531441271200448e+00 1.600000000000000000e+01 5.400000000000000000e+01 3.000000000000000000e+00
7.331151728326127381e-01 1.826525230643622211e-01 6.000000000000000000e+00 3.000000000000000000e+01 3.000000000000000000e+00
6.303794643921630803e-01 1.938265456079495630e+00 7.000000000000000000e+00 1.770000000000000000e+02 3.000000000000000000e+00
6.532388603782313119e-01 6.077808892631370030e-01 6.000000000000000000e+00 1.650000000000000000e+02 3.000000000000000000e+00
4.991570194086856205e-01 1.587068895998277718e+00 1.800000000000000000e+01 7.300000000000000000e+01 3.000000000000000000e+00
4.277243825196550553e-01 1.464924697074243998e+00 3.000000000000000000e+00 9.800000000000000000e+01 3.000000000000000000e+00
5.659211582392226214e-01 1.288348375730144380e+00 8.000000000000000000e+00 1.760000000000000000e+02 3.000000000000000000e+00
9.328943830922752090e-02 1.741803843356182435e+00 1.700000000000000000e+01 1.510000000000000000e+02 3.000000000000000000e+00
2.531581705526259052e-01 6.971668187840310837e-01 1.000000000000000000e+00 1.000000000000000000e+01 3.000000000000000000e+00
9.715351714995524857e-01 6.984919796969927264e-01 5.000000000000000000e+00 1.780000000000000000e+02 3.000000000000000000e+00
3.122977476867347946e-01 3.480624380652680427e-01 1.600000000000000000e+01 1.800000000000000000e+01 3.000000000000000000e+00
5.173921028177437265e-01 8.054150502739377826e-01 3.000000000000000000e+00 3.100000000000000000e+01 3.000000000000000000e+00
5.616070947709589367e-01 1.266798240474165338e+00 1.700000000000000000e+01 5.500000000000000000e+01 3.000000000000000000e+00
6.718197677499700982e-01 1.630329120730805270e+00 8.000000000000000000e+00 8.800000000000000000e+01 3.000000000000000000e+00
3.830909504971685697e-01 1.114378478219786750e+00 1.100000000000000000e+01 7.600000000000000000e+01 3.000000000000000000e+00
1.728903370555563423e-01 6.484437495955964748e-01 1.600000000000000000e+01 7.100000000000000000e+01 3.000000000000000000e+00
6.828499485161709792e-01 1.909433447693771102e+00 1.000000000000000000e+01 3.700000000000000000e+01 3.000000000000000000e+00
5.079869709879887285e-01 1.532804972448742697e+00 1.300000000000000000e+01 1.120000000000000000e+02 3.000000000000000000e+00
3.429334284432238311e-01 1.651836640536397338e+00 1.500000000000000000e+01 1.930000000000000000e+02 3.000000000000000000e+00
6.949550457523570035e-01 9.367704381783493739e-01 9.000000000000000000e+00 2.400000000000000000e+01 3.000000000000000000e+00
5.895391236085609776e-01 4.077037593918017011e-01 1.800000000000000000e+01 1.150000000000000000e+02 3.000000000000000000e+00
6.453657136534812766e-01 7.312200676763623841e-01 1.300000000000000000e+01 1.520000000000000000e+02 3.000000000000000000e+00
2.030418776402935777e-01 1.293426444678698051e+00 7.000000000000000000e+00 1.510000000000000000e+02 3.000000000000000000e+00
2.750301867679217915e-01 1.462021398007053108e+00 1.900000000000000000e+01 5.500000000000000000e+01 3.000000000000000000e+00
7.559636480224098953e-01 1.918147200437399613e+00 1.500000000000000000e+01 3.800000000000000000e+01 3.000000000000000000e+00
1.829812797289981363e-01 1.843293057135673374e+00 6.000000000000000000e+00 7.000000000000000000e+01 3.000000000000000000e+00
7.469430022786246459e-01 1.642090950001369398e+00 1.700000000000000000e+01 5.000000000000000000e+01 3.000000000000000000e+00
5.778620801213756319e-01 8.476214572912200707e-01 1.000000000000000000e+01 6.200000000000000000e+01 3.000000000000000000e+00
2.671702966911518873e-01 1.828412028865301853e+00 1.400000000000000000e+01 1.870000000000000000e+02 3.000000000000000000e+00
2.579859077999024919e-01 1.347153828200600145e+00 1.000000000000000000e+00 9.300000000000000000e+01 3.000000000000000000e+00
7.227278299275960993e-01 1.905523639610110509e+00 4.000000000000000000e+00 2.000000000000000000e+01 3.000000000000000000e+00
8.792321494187917974e-01 1.235383023321187101e+00 9.000000000000000000e+00 1.500000000000000000e+01 3.000000000000000000e+00
6.408461324896884692e-01 9.490378815706498328e-01 1.400000000000000000e+01 3.100000000000000000e+01 4.000000000000000000e+00
6.394929934261743831e-01 1.020973986856807514e+00 3.000000000000000000e+00 3.600000000000000000e+01 4.000000000000000000e+00
4.659137774071459015e-01 1.875195329560146895e+00 3.000000000000000000e+00 1.640000000000000000e+02 4.000000000000000000e+00
2.825367895581046840e-01 2.667504608406158217e-01 1.200000000000000000e+01 1.340000000000000000e+02 4.000000000000000000e+00
1.075943062380912106e-02 2.772821472451091340e-01 1.600000000000000000e+01 1.250000000000000000e+02 4.000000000000000000e+00
9.368573015276184801e-01 2.139677341606455452e-01 6.000000000000000000e+00 2.000000000000000000e+02 4.000000000000000000e+00
5.184206633928063468e-01 2.089406150688131625e+00 1.100000000000000000e+01 1.360000000000000000e+02 4.000000000000000000e+00
5.288347461958552848e-02 7.707896785371611825e-01 1.400000000000000000e+01 2.000000000000000000e+01 4.000000000000000000e+00
5.404006203245580869e-02 1.654852234018158175e+00 1.700000000000000000e+01 1.720000000000000000e+02 4.000000000000000000e+00
2.466329499518251644e-01 8.534998566306287726e-01 2.000000000000000000e+00 4.900000000000000000e+01 4.000000000000000000e+00
8.509872071386015424e-01 5.205351496769271558e-01 2.000000000000000000e+00 9.000000000000000000e+01 4.000000000000000000e+00
5.201807777044995529e-01 1.607162768608245473e+00 1.200000000000000000e+01 1.500000000000000000e+01 4.000000000000000000e+00
9.480640492639488270e-01 7.147783395727830280e-01 8.000000000000000000e+00 1.280000000000000000e+02 4.000000000000000000e+00
4.382095973872170980e-01 1.656617972655164639e+00 3.000000000000000000e+00 1.000000000000000000e+02 4.000000000000000000e+00
7.960139903143974571e-01 1.440027080395640535e+00 1.800000000000000000e+01 1.880000000000000000e+02 4.000000000000000000e+00
2.289634266950602015e-01 1.706922664173762927e+00 1.400000000000000000e+01 1.430000000000000000e+02 4.000000000000000000e+00
5.105583591381432917e-01 1.797465664805075969e+00 1.900000000000000000e+01 1.020000000000000000e+02 4.000000000000000000e+00
2.287410924945461055e-01 1.181993507873776716e-01 7.000000000000000000e+00 1.990000000000000000e+02 4.000000000000000000e+00
5.226020160114253077e-01 1.232616882352369103e+00 3.000000000000000000e+00 8.500000000000000000e+01 4.000000000000000000e+00
2.929642655777430216e-01 6.420065183953821419e-01 1.000000000000000000e+01 1.830000000000000000e+02 4.000000000000000000e+00
3.831495285159580710e-01 2.059962543214844732e+00 1.200000000000000000e+01 9.200000000000000000e+01 4.000000000000000000e+00
1.404873962309532986e-01 9.183468071740789052e-01 9.000000000000000000e+00 8.800000000000000000e+01 4.000000000000000000e+00
7.767739902434981358e-01 9.812388006130753348e-01 4.000000000000000000e+00 1.020000000000000000e+02 4.000000000000000000e+00
2.809231186517628931e-01 1.862700320764830275e+00 1.300000000000000000e+01 1.900000000000000000e+01 4.000000000000000000e+00
2.997233339161043952e-01 1.567235911094411183e+00 6.000000000000000000e+00 1.200000000000000000e+02 4.000000000000000000e+00
3.415663732234005545e-01 3.932939658865267640e-01 4.000000000000000000e+00 1.040000000000000000e+02 4.000000000000000000e+00
4.282480980782999991e-01 2.061799983864301744e+00 4.000000000000000000e+00 3.000000000000000000e+00 4.000000000000000000e+00
1.439734580871266933e-01 2.887825546618748573e-01 9.000000000000000000e+00 4.300000000000000000e+01 4.000000000000000000e+00
2.866594798184390891e-01 1.471661295878131437e+00 2.000000000000000000e+00 1.890000000000000000e+02 4.000000000000000000e+00
6.215888020298661054e-01 1.448742096920966560e+00 2.000000000000000000e+01 1.300000000000000000e+01 4.000000000000000000e+00
5.778127906447512174e-01 1.064052362999940993e+00 1.000000000000000000e+01 1.740000000000000000e+02 4.000000000000000000e+00
3.763664423315367102e-01 4.361572829186762812e-01 4.000000000000000000e+00 1.530000000000000000e+02 4.000000000000000000e+00
4.633077018909150802e-01 2.854686801598350643e-01 3.000000000000000000e+00 1.900000000000000000e+02 4.000000000000000000e+00
4.169523694553464166e-01 1.098984296359842849e+00 1.000000000000000000e+01 1.040000000000000000e+02 4.000000000000000000e+00
1.418423993440091069e-01 5.773664315377554646e-01 9.000000000000000000e+00 3.100000000000000000e+01 4.000000000000000000e+00
2.947166357349011445e-01 6.644676642846546466e-01 1.100000000000000000e+01 1.080000000000000000e+02 4.000000000000000000e+00
4.143678761543488909e-01 1.052696122551672442e+00 9.000000000000000000e+00 1.890000000000000000e+02 4.000000000000000000e+00
1.159084728701490347e-01 2.099400298689933830e+00 1.000000000000000000e+01 8.400000000000000000e+01 4.000000000000000000e+00
7.410194154205180794e-01 1.935458912163894762e+00 2.000000000000000000e+01 9.200000000000000000e+01 4.000000000000000000e+00
4.450204967125839239e-01 2.054764669184157455e+00 1.300000000000000000e+01 8.000000000000000000e+01 4.000000000000000000e+00
3.883536006556481679e-01 4.002950111839783665e-01 1.000000000000000000e+00 1.190000000000000000e+02 4.000000000000000000e+00
4.658006512498879398e-02 4.149828694239695581e-01 7.000000000000000000e+00 1.090000000000000000e+02 4.000000000000000000e+00
6.615510164869206067e-01 9.190907671467695161e-01 8.000000000000000000e+00 1.820000000000000000e+02 4.000000000000000000e+00
1.860876468181082294e-02 1.454045823321949094e+00 1.500000000000000000e+01 1.040000000000000000e+02 4.000000000000000000e+00
2.977430624421013583e-01 5.222405518528422386e-01 1.000000000000000000e+00 1.470000000000000000e+02 4.000000000000000000e+00
2.365643993652043475e-01 1.275159189826556405e+00 6.000000000000000000e+00 1.330000000000000000e+02 4.000000000000000000e+00
2.186601507519180670e-02 1.344511186977333850e+00 1.900000000000000000e+01 1.630000000000000000e+02 4.000000000000000000e+00
9.178743530139986673e-01 8.872187027933290393e-01 1.000000000000000000e+01 1.990000000000000000e+02 4.000000000000000000e+00
1.658449736516426354e-01 1.771334965587461285e+00 2.000000000000000000e+00 1.270000000000000000e+02 4.000000000000000000e+00
9.332438246992651454e-01 1.860753159509753729e+00 1.800000000000000000e+01 6.300000000000000000e+01 4.000000000000000000e+00
