5.048137515949002729e-01 1.850595267122288279e+00 1.000000000000000000e+00 1.050000000000000000e+02 0.000000000000000000e+00
9.261929977321531338e-01 6.562271603763424332e-01 8.000000000000000000e+00 5.700000000000000000e+01 0.000000000000000000e+00
9.524322114008287876e-01 1.185168941294319600e+00 1.000000000000000000e+00 1.320000000000000000e+02 0.000000000000000000e+00
9.936782592615164278e-01 1.013422810630372650e+00 7.000000000000000000e+00 9.800000000000000000e+01 0.000000000000000000e+00
5.649547853463276342e-02 3.391908625854948012e-01 1.800000000000000000e+01 1.320000000000000000e+02 0.000000000000000000e+00
1.391558890794750702e-01 1.243978367611404234e+00 2.000000000000000000e+00 7.500000000000000000e+01 0.000000000000000000e+00
6.595945616846289328e-01 1.781273574066468912e+00 6.000000000000000000e+00 1.130000000000000000e+02 0.000000000000000000e+00
4.331417177059271317e-01 1.419977132793175834e+00 1.500000000000000000e+01 1.690000000000000000e+02 0.000000000000000000e+00
9.879776483364459683e-01 1.815099926668489294e+00 1.900000000000000000e+01 6.500000000000000000e+01 0.000000000000000000e+00
1.083283755426322180e-02 1.680888474986984127e+00 1.000000000000000000e+00 1.440000000000000000e+02 0.000000000000000000e+00
7.160920297694517433e-01 5.081161674801312200e-01 6.000000000000000000e+00 1.840000000000000000e+02 0.000000000000000000e+00
9.477701649285859009e-01 6.495836365028725412e-01 1.300000000000000000e+01 1.320000000000000000e+02 0.000000000000000000e+00
6.834177879383718235e-01 5.920447571747909921e-01 1.400000000000000000e+01 7.500000000000000000e+01 0.000000000000000000e+00
1.312827522056448926e-01 1.589225925312426124e+00 1.000000000000000000e+01 3.900000000000000000e+01 0.000000000000000000e+00
5.483455387925649793e-01 2.014382516224198838e+00 1.000000000000000000e+01 1.910000000000000000e+02 0.000000000000000000e+00
4.310220061101063260e-01 1.203267606880453977e+00 1.000000000000000000e+01 2.000000000000000000e+02 0.000000000000000000e+00
2.635289655542132348e-01 1.710731101529953557e+00 6.000000000000000000e+00 1.840000000000000000e+02 0.000000000000000000e+00
8.054157141527750197e-01 5.250571215596470109e-01 7.000000000000000000e+00 1.050000000000000000e+02 0.000000000000000000e+00
1.267850193560687844e-01 2.056634965349733335e+00 1.000000000000000000e+00 1.790000000000000000e+02 0.000000000000000000e+00
1.563815842616823604e-01 1.524911351791403469e+00 1.200000000000000000e+01 1.430000000000000000e+02 0.000000000000000000e+00
9.875532234737869342e-01 1.752845990499831919e+00 3.000000000000000000e+00 2.300000000000000000e+01 0.000000000000000000e+00
8.236163398190662344e-01 4.360034965996159029e-01 1.200000000000000000e+01 8.500000000000000000e+01 0.000000000000000000e+00
1.002833198477944832e+00 1.836326701918626458e+00 1.100000000000000000e+01 5.200000000000000000e+01 0.000000000000000000e+00
9.380749785082804770e-01 1.021357849032213938e+00 1.400000000000000000e+01 1.640000000000000000e+02 0.000000000000000000e+00
9.391408352814432092e-01 1.763523410161101479e+00 8.000000000000000000e+00 6.100000000000000000e+01 0.000000000000000000e+00
7.795151437141164541e-01 5.377575453762012403e-01 1.600000000000000000e+01 3.600000000000000000e+01 0.000000000000000000e+00
3.560124389407708367e-01 1.193153257066563944e+00 4.000000000000000000e+00 8.000000000000000000e+01 0.000000000000000000e+00
7.213034199682234471e-01 1.516146625112825275e+00 1.800000000000000000e+01 1.450000000000000000e+02 0.000000000000000000e+00
9.995361180680832902e-01 1.612730171969060544e+00 1.400000000000000000e+01 1.600000000000000000e+02 0.000000000000000000e+00
1.964934463980867463e-01 1.267780316374626848e+00 1.800000000000000000e+01 6.000000000000000000e+00 0.000000000000000000e+00
9.244101157654292800e-02 4.034403655327049032e-01 1.300000000000000000e+01 1.820000000000000000e+02 0.000000000000000000e+00
7.793828207726610779e-01 1.802999958243722833e+00 1.500000000000000000e+01 2.200000000000000000e+01 0.000000000000000000e+00
4.618200291890316445e-01 6.992896002763363539e-01 3.000000000000000000e+00 1.500000000000000000e+01 0.000000000000000000e+00
7.519888815549610195e-01 1.801491387548174616e+00 1.500000000000000000e+01 1.270000000000000000e+02 0.000000000000000000e+00
2.665772727181169727e-02 1.824311259109320515e-01 9.000000000000000000e+00 1.090000000000000000e+02 0.000000000000000000e+00
6.101142753900031801e-01 3.126692095292727958e-01 9.000000000000000000e+00 8.600000000000000000e+01 0.000000000000000000e+00
7.038442979093463281e-01 5.299540752221300055e-01 2.000000000000000000e+00 1.890000000000000000e+02 0.000000000000000000e+00
2.601888168694820730e-02 1.198820888508224325e+00 2.000000000000000000e+01 1.700000000000000000e+01 0.000000000000000000e+00
3.487148721722334033e-01 1.205402892415037952e+00 1.100000000000000000e+01 1.530000000000000000e+02 0.000000000000000000e+00
4.704715858262608491e-02 2.033896979053461784e+00 3.000000000000000000e+00 1.710000000000000000e+02 0.000000000000000000e+00
3.668797090069839673e-01 1.669811358959345515e+00 5.000000000000000000e+00 3.700000000000000000e+01 0.000000000000000000e+00
1.814538845165916126e-01 2.921909032003408013e-01 1.100000000000000000e+01 1.290000000000000000e+02 0.000000000000000000e+00
9.627294142306394020e-01 7.505160644968945638e-01 1.200000000000000000e+01 1.010000000000000000e+02 0.000000000000000000e+00
7.762923288224261587e-01 1.795159259774072424e+00 5.000000000000000000e+00 8.900000000000000000e+01 0.000000000000000000e+00
1.178464664157684444e-01 1.801392247401472080e+00 1.400000000000000000e+01 6.800000000000000000e+01 0.000000000000000000e+00
7.480577987289248332e-02 1.764470497714758501e+00 2.000000000000000000e+01 3.100000000000000000e+01 0.000000000000000000e+00
1.182501256656180860e-01 3.954864977146167471e-01 1.100000000000000000e+01 4.000000000000000000e+01 0.000000000000000000e+00
4.920060784601791859e-01 2.221759219098805860e-01 1.000000000000000000e+01 1.000000000000000000e+02 0.000000000000000000e+00
5.456607386844837260e-01 8.310759831060158254e-01 1.300000000000000000e+01 9.800000000000000000e+01 0.000000000000000000e+00
3.721509235077322675e-01 4.022904897908722299e-01 7.000000000000000000e+00 1.020000000000000000e+02 0.000000000000000000e+00
3.500185541786037663e-02 1.729157387305779947e+00 1.100000000000000000e+01 2.400000000000000000e+01 1.000000000000000000e+00
1.554730375641021345e-01 1.603666626040080256e+00 1.300000000000000000e+01 1.560000000000000000e+02 1.000000000000000000e+00
9.627909498770487184e-01 6.418220922340615031e-01 6.000000000000000000e+00 5.600000000000000000e+01 1.000000000000000000e+00
1.071533677915554733e-01 1.221989763306793986e+00 2.000000000000000000e+01 1.120000000000000000e+02 1.000000000000000000e+00
7.163032433388669684e-01 1.668781562649994221e+00 1.800000000000000000e+01 6.300000000000000000e+01 1.000000000000000000e+00
5.136577769695054307e-01 4.099599805227699401e-01 1.300000000000000000e+01 1.710000000000000000e+02 1.000000000000000000e+00
5.504699439085278811e-01 1.237632945065977319e+00 1.600000000000000000e+01 1.670000000000000000e+02 1.000000000000000000e+00
6.111130787399498415e-02 1.604227736011209215e-01 9.000000000000000000e+00 1.280000000000000000e+02 1.000000000000000000e+00
6.685769056336753058e-02 1.040966624544209740e+00 1.900000000000000000e+01 9.400000000000000000e+01 1.000000000000000000e+00
1.032325217365736986e-01 3.106156447619555783e-01 2.000000000000000000e+01 3.000000000000000000e+01 1.000000000000000000e+00
8.456962442354857279e-01 8.863932633421370832e-01 1.000000000000000000e+00 6.800000000000000000e+01 1.000000000000000000e+00
6.233904466687514301e-01 1.522563862505157628e+00 5.000000000000000000e+00 9.700000000000000000e+01 1.000000000000000000e+00
1.637298371662102570e-01 1.249119743366361723e-01 1.000000000000000000e+01 1.190000000000000000e+02 1.000000000000000000e+00
6.035571725062520709e-01 1.716410363298837671e+00 1.900000000000000000e+01 1.380000000000000000e+02 1.000000000000000000e+00
7.624118321955342115e-01 1.482050445202539868e-01 9.000000000000000000e+00 1.700000000000000000e+02 1.000000000000000000e+00
3.742288333887832108e-01 1.826462557795873964e+00 7.000000000000000000e+00 1.510000000000000000e+02 1.000000000000000000e+00
9.148877350597769409e-01 1.479911311391132411e+00 1.200000000000000000e+01 7.500000000000000000e+01 1.000000000000000000e+00
3.082018911714868858e-01 1.307524106576438250e+00 5.000000000000000000e+00 9.900000000000000000e+01 1.000000000000000000e+00
8.732305124947631336e-01 8.092568663230700343e-01 2.000000000000000000e+00 1.980000000000000000e+02 1.000000000000000000e+00
1.000490164165104945e+00 9.447360974600268468e-01 3.000000000000000000e+00 2.200000000000000000e+01 1.000000000000000000e+00
3.770212591019285187e-01 1.946670163496830641e+00 7.000000000000000000e+00 9.600000000000000000e+01 1.000000000000000000e+00
3.313278969224318082e-01 2.047322737164340545e+00 1.200000000000000000e+01 1.280000000000000000e+02 1.000000000000000000e+00
8.748307797267679264e-01 1.564222926654198043e+00 2.000000000000000000e+00 1.850000000000000000e+02 1.000000000000000000e+00
7.536484244952138534e-01 1.892361115790762716e+00 1.800000000000000000e+01 1.740000000000000000e+02 1.000000000000000000e+00
2.912659020168838486e-01 7.967822430764209818e-01 1.200000000000000000e+01 1.030000000000000000e+02 1.000000000000000000e+00
5.940954510932826976e-02 1.029671975785617200e+00 1.700000000000000000e+01 1.980000000000000000e+02 1.000000000000000000e+00
3.609561821712929941e-01 8.297750661723831689e-01 6.000000000000000000e+00 6.600000000000000000e+01 1.000000000000000000e+00
4.319881544866893686e-01 1.684356722373307136e+00 9.000000000000000000e+00 1.000000000000000000e+01 1.000000000000000000e+00
4.525116926985044419e-01 2.033912748329963716e+00 1.300000000000000000e+01 3.800000000000000000e+01 1.000000000000000000e+00
3.938713265592631574e-01 1.555293296171573303e+00 3.000000000000000000e+00 8.100000000000000000e+01 1.000000000000000000e+00
3.208496936439149128e-01 1.201491199977827051e+00 1.700000000000000000e+01 7.100000000000000000e+01 1.000000000000000000e+00
1.593804131779635869e-01 1.583582594574827473e-01 7.000000000000000000e+00 1.190000000000000000e+02 1.000000000000000000e+00
3.181617790879930768e-02 2.591753115209206593e-01 1.100000000000000000e+01 1.790000000000000000e+02 1.000000000000000000e+00
4.850788924138690339e-01 1.943865996726579004e+00 7.000000000000000000e+00 1.200000000000000000e+02 1.000000000000000000e+00
4.263648039067135381e-02 7.946944640569310048e-01 2.000000000000000000e+01 1.100000000000000000e+01 1.000000000000000000e+00
1.740606036908143306e-01 4.922200325266566923e-01 4.000000000000000000e+00 1.790000000000000000e+02 1.000000000000000000e+00
1.632033106901285002e-01 1.254901974574373469e+00 7.000000000000000000e+00 9.500000000000000000e+01 1.000000000000000000e+00
8.686193828125468031e-01 2.004009297671346168e+00 1.700000000000000000e+01 8.100000000000000000e+01 1.000000000000000000e+00
6.892773335959075931e-01 1.873201216463687757e+00 1.800000000000000000e+01 1.850000000000000000e+02 1.000000000000000000e+00
2.827582750101039766e-01 1.844178487453377757e+00 6.000000000000000000e+00 1.430000000000000000e+02 1.000000000000000000e+00
7.786643574732313722e-01 3.276031966891840286e-01 1.000000000000000000e+01 1.470000000000000000e+02 1.000000000000000000e+00
3.097563520982816732e-01 4.361794720203301390e-01 1.200000000000000000e+01 6.500000000000000000e+01 1.000000000000000000e+00
2.860861277999426217e-02 6.594413149937065066e-01 9.000000000000000000e+00 1.660000000000000000e+02 1.000000000000000000e+00
5.752382819568442329e-01 1.608309075711657377e+00 1.700000000000000000e+01 1.450000000000000000e+02 1.000000000000000000e+00
3.927160522764920891e-01 1.668981042130798675e+00 1.200000000000000000e+01 4.200000000000000000e+01 1.000000000000000000e+00
8.088231565697355518e-02 1.313026150622349286e+00 4.000000000000000000e+00 1.130000000000000000e+02 1.000000000000000000e+00
6.689502727147896843e-01 8.594900476920998011e-01 1.400000000000000000e+01 1.590000000000000000e+02 1.000000000000000000e+00
7.556165262771956659e-01 1.553516624245323774e+00 2.000000000000000000e+00 1.560000000000000000e+02 1.000000000000000000e+00
4.859355253122908946e-01 1.528631356790294937e+00 1.700000000000000000e+01 3.400000000000000000e+01 1.000000000000000000e+00
6.104688814785994566e-01 1.116295751255555135e+00 5.000000000000000000e+00 1.190000000000000000e+02 1.000000000000000000e+00
9.934381482422439680e-01 1.156428278999525328e-01 2.000000000000000000e+00 3.000000000000000000e+00 2.000000000000000000e+00
7.466658879452269248e-01 4.345304046241832419e-01 1.300000000000000000e+01 9.000000000000000000e+00 2.000000000000000000e+00
7.379826669985265486e-01 1.850559746844144815e+00 7.000000000000000000e+00 1.670000000000000000e+02 2.000000000000000000e+00
8.884637505133263780e-01 1.266678499433521454e-01 9.000000000000000000e+00 3.500000000000000000e+01 2.000000000000000000e+00
7.807089622994776990e-02 1.399455586483518532e+00 3.000000000000000000e+00 2.100000000000000000e+01 2.000000000000000000e+00
5.316364323627711386e-01 9.368165235638389321e-01 1.400000000000000000e+01 1.410000000000000000e+02 2.000000000000000000e+00
7.271663082626859120e-01 2.023734451797100375e-01 5.000000000000000000e+00 1.380000000000000000e+02 2.000000000000000000e+00
6.516539622166388490e-01 8.134191829427815934e-01 1.000000000000000000e+00 1.020000000000000000e+02 2.000000000000000000e+00
7.127156703894142742e-02 2.075221474127840526e+00 1.100000000000000000e+01 5.800000000000000000e+01 2.000000000000000000e+00
9.255675490206143330e-01 2.024630308008189328e+00 3.000000000000000000e+00 1.310000000000000000e+02 2.000000000000000000e+00
2.107512332751899642e-01 1.717166896400185383e+00 1.600000000000000000e+01 2.000000000000000000e+01 2.000000000000000000e+00
4.440387775997182151e-01 1.883628970719899209e+00 5.000000000000000000e+00 1.140000000000000000e+02 2.000000000000000000e+00
4.982329879844816789e-01 4.560075231704233678e-01 1.500000000000000000e+01 2.000000000000000000e+02 2.000000000000000000e+00
7.567249108610365482e-01 4.816956815404284109e-01 1.400000000000000000e+01 1.450000000000000000e+02 2.000000000000000000e+00
3.967166658996538198e-01 2.064682035114918435e+00 1.500000000000000000e+01 1.230000000000000000e+02 2.000000000000000000e+00
2.477647757414080942e-01 2.077930144110100574e+00 1.900000000000000000e+01 1.850000000000000000e+02 2.000000000000000000e+00
2.183093507336002492e-01 1.279696212997805782e+00 3.000000000000000000e+00 4.400000000000000000e+01 2.000000000000000000e+00
7.529323602791192227e-02 5.327686014971176887e-01 7.000000000000000000e+00 1.180000000000000000e+02 2.000000000000000000e+00
6.463660887341730055e-01 2.315130082543776224e-01 1.000000000000000000e+00 3.100000000000000000e+01 2.000000000000000000e+00
9.763258908328774355e-02 3.050934901033267588e-01 1.200000000000000000e+01 6.500000000000000000e+01 2.000000000000000000e+00
9.017636446643868542e-01 4.027331051761419145e-01 1.900000000000000000e+01 1.520000000000000000e+02 2.000000000000000000e+00
7.503160558677305358e-01 7.104284455017467748e-01 1.000000000000000000e+00 1.100000000000000000e+01 2.000000000000000000e+00
3.167831273591220631e-01 1.426682001056326587e+00 1.200000000000000000e+01 1.120000000000000000e+02 2.000000000000000000e+00
2.182930238732667672e-01 1.476956423652907358e+00 8.000000000000000000e+00 1.080000000000000000e+02 2.000000000000000000e+00
5.637824797768493656e-01 1.946550502997636656e+00 7.000000000000000000e+00 2.400000000000000000e+01 2.000000000000000000e+00
4.395892899147372246e-01 1.407927165868937402e+00 4.000000000000000000e+00 1.830000000000000000e+02 2.000000000000000000e+00
4.954895226579201228e-01 1.708640908339217779e+00 1.200000000000000000e+01 1.460000000000000000e+02 2.000000000000000000e+00
4.788217734417163918e-01 8.697644058140093781e-01 4.000000000000000000e+00 4.600000000000000000e+01 2.000000000000000000e+00
7.209333661076944288e-01 2.945603218802302914e-01 5.000000000000000000e+00 1.480000000000000000e+02 2.000000000000000000e+00
7.662089170488431966e-01 1.273851469153667593e-01 2.000000000000000000e+00 1.310000000000000000e+02 2.000000000000000000e+00
4.876230978932887261e-01 1.047637605404530881e+00 1.400000000000000000e+01 1.940000000000000000e+02 2.000000000000000000e+00
8.144165766986387334e-02 1.465501980345492283e+00 1.200000000000000000e+01 1.800000000000000000e+02 2.000000000000000000e+00
8.401519894086826312e-01 4.861154558332810849e-01 1.000000000000000000e+00 9.700000000000000000e+01 2.000000000000000000e+00
3.267460727106651364e-01 1.258735333341951534e+00 7.000000000000000000e+00 8.000000000000000000e+01 2.000000000000000000e+00
4.445905755961176292e-02 6.077126930621735701e-01 8.000000000000000000e+00 4.000000000000000000e+01 2.000000000000000000e+00
1.757307666367734500e-01 8.968501602747273038e-01 1.400000000000000000e+01 7.400000000000000000e+01 2.000000000000000000e+00
9.254245031902741392e-01 1.040923344483637436e+00 1.100000000000000000e+01 1.560000000000000000e+02 2.000000000000000000e+00
6.308457514775906994e-01 4.774468065807381256e-01 1.900000000000000000e+01 3.100000000000000000e+01 2.000000000000000000e+00
7.768740249551915333e-01 1.333515290537652387e+00 1.200000000000000000e+01 2.500000000000000000e+01 2.000000000000000000e+00
7.119512116837187765e-01 1.177588342451284742e+00 9.000000000000000000e+00 1.100000000000000000e+01 2.000000000000000000e+00
3.976910955551344884e-01 1.869500723533937148e+00 8.000000000000000000e+00 1.500000000000000000e+02 2.000000000000000000e+00
5.642810022944315662e-01 1.932499236409107590e+00 1.300000000000000000e+01 1.600000000000000000e+02 2.000000000000000000e+00
5.867689328559280160e-01 2.051487254117807524e+00 5.000000000000000000e+00 1.100000000000000000e+01 2.000000000000000000e+00
7.175554202948275506e-01 1.706445600452896505e+00 1.200000000000000000e+01 8.300000000000000000e+01 2.000000000000000000e+00
1.174611046837117229e-01 1.211322667788890861e+00 1.200000000000000000e+01 1.340000000000000000e+02 2.000000000000000000e+00
5.677780088875932218e-01 1.891453554482402266e+00 6.000000000000000000e+00 8.400000000000000000e+01 2.000000000000000000e+00
1.468958223667170791e-02 1.612632595052079454e+00 2.000000000000000000e+00 1.520000000000000000e+02 2.000000000000000000e+00
5.470991621887634215e-01 1.336806447409705501e-01 1.700000000000000000e+01 1.000000000000000000e+02 2.000000000000000000e+00
6.955677587190903788e-01 5.646356370246575773e-01 2.000000000000000000e+00 9.400000000000000000e+01 2.000000000000000000e+00
1.200538664111291259e-01 1.435763847085754996e+00 6.000000000000000000e+00 1.020000000000000000e+02 2.000000000000000000e+00
6.822819390465896250e-01 2.281072894039831989e-01 1.900000000000000000e+01 6.800000000000000000e+01 3.000000000000000000e+00
7.851620775518240725e-02 6.897733676032465899e-01 6.000000000000000000e+00 1.840000000000000000e+02 3.000000000000000000e+00
1.552286920603206631e-02 1.261239740109809659e+00 7.000000000000000000e+00 1.710000000000000000e+02 3.000000000000000000e+00
9.797825667077280087e-01 5.812265860073227985e-01 1.500000000000000000e+01 8.100000000000000000e+01 3.000000000000000000e+00
7.724236512228425111e-01 8.021356943667056205e-01 1.800000000000000000e+01 4.700000000000000000e+01 3.000000000000000000e+00
6.548781034730442874e-02 1.751329301940141026e+00 5.000000000000000000e+00 1.500000000000000000e+01 3.000000000000000000e+00
6.612466657340256848e-01 1.717016116822474014e+00 4.000000000000000000e+00 6.400000000000000000e+01 3.000000000000000000e+00
9.537648630774446801e-01 1.021521891244932423e+00 1.600000000000000000e+01 8.600000000000000000e+01 3.000000000000000000e+00
5.747953362428586122e-01 1.797307512538622420e+00 6.000000000000000000e+00 2.200000000000000000e+01 3.000000000000000000e+00
3.905791767390739411e-01 1.903547106016030943e+00 1.900000000000000000e+01 2.500000000000000000e+01 3.000000000000000000e+00
7.108169701879084312e-02 1.461556554648803186e+00 2.000000000000000000e+00 1.080000000000000000e+02 3.000000000000000000e+00
3.388009204739742541e-01 4.862029299614846201e-01 1.700000000000000000e+01 1.900000000000000000e+01 3.000000000000000000e+00
8.956801106933647283e-01 1.728832961088861142e-01 9.000000000000000000e+00 1.870000000000000000e+02 3.000000000000000000e+00
3.581801330302557956e-02 1.652329377807190802e+00 1.700000000000000000e+01 1.360000000000000000e+02 3.000000000000000000e+00
5.404196428044805156e-01 1.829182811233894590e+00 9.000000000000000000e+00 8.700000000000000000e+01 3.000000000000000000e+00
1.168148158467601089e-01 1.496127777150668470e+00 1.900000000000000000e+01 1.580000000000000000e+02 3.000000000000000000e+00
8.059943371844412174e-02 2.215545288565815840e-01 2.000000000000000000e+00 1.150000000000000000e+02 3.000000000000000000e+00
6.763714840379899673e-01 8.033891892278038904e-01 1.600000000000000000e+01 8.700000000000000000e+01 3.000000000000000000e+00
1.448458157668940614e-02 1.394268314387098195e+00 1.400000000000000000e+01 3.300000000000000000e+01 3.000000000000000000e+00
3.805529999917428574e-01 1.365490014271694363e+00 1.800000000000000000e+01 1.930000000000000000e+02 3.000000000000000000e+00
9.421839716295447031e-01 1.700634790616524450e+00 6.000000000000000000e+00 4.700000000000000000e+01 3.000000000000000000e+00
1.375206626316444192e-01 7.794786733758961583e-01 1.700000000000000000e+01 8.900000000000000000e+01 3.000000000000000000e+00
9.038821925169402416e-01 8.087216572507335277e-01 1.200000000000000000e+01 1.060000000000000000e+02 3.000000000000000000e+00
5.584074907696600504e-02 1.639573748386791152e+00 3.000000000000000000e+00 2.300000000000000000e+01 3.000000000000000000e+00
5.679290733690977450e-02 1.021891263978858877e+00 1.700000000000000000e+01 1.770000000000000000e+02 3.000000000000000000e+00
4.415625828647077311e-01 2.015645479276881424e+00 1.200000000000000000e+01 1.020000000000000000e+02 3.000000000000000000e+00
3.782214422149086097e-01 1.018740239048853136e+00 1.700000000000000000e+01 5.400000000000000000e+01 3.000000000000000000e+00
3.051858851228664848e-01 2.000268391557433745e+00 8.000000000000000000e+00 1.150000000000000000e+02 3.000000000000000000e+00
7.802870071713291500e-01 1.788787326478874729e+00 1.100000000000000000e+01 1.030000000000000000e+02 3.000000000000000000e+00
5.960486006237015744e-01 1.973442619263396036e+00 6.000000000000000000e+00 1.180000000000000000e+02 3.000000000000000000e+00
2.130670124981067781e-01 1.463335074594482033e-01 1.000000000000000000e+01 4.000000000000000000e+01 3.000000000000000000e+00
1.174023666252324988e-01 1.471292039454329625e+00 1.200000000000000000e+01 4.000000000000000000e+00 3.000000000000000000e+00
6.958166474906956056e-01 1.574380067016655449e+00 1.200000000000000000e+01 6.600000000000000000e+01 3.000000000000000000e+00
6.602321561898385482e-01 3.826398030866958733e-01 1.600000000000000000e+01 1.250000000000000000e+02 3.000000000000000000e+00
5.089097290407750690e-02 1.391281399438074884e-01 5.000000000000000000e+00 1.890000000000000000e+02 3.000000000000000000e+00
2.502778778186652842e-01 2.903595380340803223e-01 7.000000000000000000e+00 9.600000000000000000e+01 3.000000000000000000e+00
9.259634470060288391e-01 1.265549501084869188e+00 1.200000000000000000e+01 3.000000000000000000e+01 3.000000000000000000e+00
3.466402518258243637e-01 1.676144467059528465e+00 1.500000000000000000e+01 9.800000000000000000e+01 3.000000000000000000e+00
2.866783975273343721e-01 9.605336334279842569e-01 1.100000000000000000e+01 5.900000000000000000e+01 3.000000000000000000e+00
1.640212325518055625e-01 1.999793775349085978e+00 8.000000000000000000e+00 1.800000000000000000e+02 3.000000000000000000e+00
3.126525841527317828e-01 1.282099176973921839e+00 2.000000000000000000e+01 1.040000000000000000e+02 3.000000000000000000e+00
1.710864088382855197e-01 7.450602723138798344e-01 1.200000000000000000e+01 6.100000000000000000e+01 3.000000000000000000e+00
3.037753029675512861e-01 2.037514042098154121e+00 2.000000000000000000e+00 8.200000000000000000e+01 3.000000000000000000e+00
4.598199471948908323e-01 1.159386679276255716e+00 9.000000000000000000e+00 1.470000000000000000e+02 3.000000000000000000e+00
9.555498986764152658e-01 1.736422615066489428e+00 9.000000000000000000e+00 1.370000000000000000e+02 3.000000000000000000e+00
9.199935220322090768e-01 1.452657712141421920e+00 9.000000000000000000e+00 1.880000000000000000e+02 3.000000000000000000e+00
1.230672157714177567e-01 1.767701009418029434e+00 1.100000000000000000e+01 4.600000000000000000e+01 3.000000000000000000e+00
4.142198427225856072e-01 1.390694938375109047e+00 1.000000000000000000e+00 1.920000000000000000e+02 3.000000000000000000e+00
6.354579648388510860e-01 3.031299870072473590e-01 1.700000000000000000e+01 1.930000000000000000e+02 3.000000000000000000e+00
1.675407368183270407e-01 1.893098637672069540e+00 1.000000000000000000e+00 8.400000000000000000e+01 3.000000000000000000e+00
5.246523578988130376e-01 7.051429434275752195e-01 6.000000000000000000e+00 1.380000000000000000e+02 4.000000000000000000e+00
8.184467911279580399e-01 3.658204769570202464e-01 1.500000000000000000e+01 1.700000000000000000e+02 4.000000000000000000e+00
4.072022423700158988e-01 1.491115231108626871e+00 9.000000000000000000e+00 9.600000000000000000e+01 4.000000000000000000e+00
8.437945872499943434e-01 6.554896252498662035e-01 8.000000000000000000e+00 1.690000000000000000e+02 4.000000000000000000e+00
2.655718970490619224e-01 1.536041493797821955e+00 1.400000000000000000e+01 1.670000000000000000e+02 4.000000000000000000e+00
6.393048006194567145e-01 3.793292919170546673e-01 7.000000000000000000e+00 7.300000000000000000e+01 4.000000000000000000e+00
8.524566958864944199e-01 9.400944849563938055e-01 1.000000000000000000e+00 5.100000000000000000e+01 4.000000000000000000e+00
9.902416458880434202e-01 1.893829461698071537e+00 1.500000000000000000e+01 7.000000000000000000e+01 4.000000000000000000e+00
9.008543891016569383e-01 2.088333612799301964e+00 6.000000000000000000e+00 9.900000000000000000e+01 4.000000000000000000e+00
8.985396661942748331e-01 8.553621314807341447e-01 1.000000000000000000e+01 9.500000000000000000e+01 4.000000000000000000e+00
9.499329060172136963e-01 1.319433568427889947e+00 1.400000000000000000e+01 8.200000000000000000e+01 4.000000000000000000e+00
5.884822440222768902e-01 3.749752127916986533e-01 2.000000000000000000e+00 1.800000000000000000e+02 4.000000000000000000e+00
8.147960803178260214e-01 1.438057881941487759e+00 1.300000000000000000e+01 1.690000000000000000e+02 4.000000000000000000e+00
6.412665831358189683e-01 5.721526100494028766e-01 1.000000000000000000e+01 1.980000000000000000e+02 4.000000000000000000e+00
4.920721663257174860e-01 1.298601783212043115e+00 1.300000000000000000e+01 1.180000000000000000e+02 4.000000000000000000e+00
9.036306726862846084e-01 1.558431333551328901e+00 6.000000000000000000e+00 1.940000000000000000e+02 4.000000000000000000e+00
3.513467171572282055e-01 1.050236260988683112e-01 5.000000000000000000e+00 7.000000000000000000e+00 4.000000000000000000e+00
4.382803060477029611e-01 3.446824996708867106e-01 1.600000000000000000e+01 1.500000000000000000e+02 4.000000000000000000e+00
9.811650618156460002e-01 9.573551399821896846e-01 2.000000000000000000e+01 8.000000000000000000e+01 4.000000000000000000e+00
3.078052489710302320e-01 1.076227334682231307e+00 4.000000000000000000e+00 2.500000000000000000e+01 4.000000000000000000e+00
3.180713296845389948e-01 1.402104283192299405e+00 1.000000000000000000e+01 8.000000000000000000e+01 4.000000000000000000e+00
3.213608176916443737e-01 1.456090687705107856e+00 1.000000000000000000e+00 1.450000000000000000e+02 4.000000000000000000e+00
3.482025612392317671e-01 6.019723238059445647e-01 2.000000000000000000e+01 3.000000000000000000e+01 4.000000000000000000e+00
2.103152754374409961e-01 2.021822411132248032e+00 7.000000000000000000e+00 2.400000000000000000e+01 4.000000000000000000e+00
8.424721255366462991e-01 1.637739975468753162e+00 1.000000000000000000e+00 4.200000000000000000e+01 4.000000000000000000e+00
5.796381676540707240e-01 7.891983761036885925e-01 1.300000000000000000e+01 1.000000000000000000e+00 4.000000000000000000e+00
4.072237065375040599e-01 6.521787246929241499e-01 1.900000000000000000e+01 1.910000000000000000e+02 4.000000000000000000e+00
6.252291173457618090e-01 1.407803349588919950e+00 1.100000000000000000e+01 4.600000000000000000e+01 4.000000000000000000e+00
1.189029050206479553e-02 3.381339579962997499e-01 1.800000000000000000e+01 8.400000000000000000e+01 4.000000000000000000e+00
8.471695298754033931e-01 6.033916020186810281e-01 1.000000000000000000e+01 1.360000000000000000e+02 4.000000000000000000e+00
8.509246210897679630e-01 1.151516003736401617e+00 2.000000000000000000e+00 1.720000000000000000e+02 4.000000000000000000e+00
9.698494250079859880e-01 6.169069731628921138e-01 1.100000000000000000e+01 1.870000000000000000e+02 4.000000000000000000e+00
1.497031663848283900e-01 2.062682364054323758e-01 1.500000000000000000e+01 1.630000000000000000e+02 4.000000000000000000e+00
7.153715905436538458e-01 4.102596518532842795e-01 2.000000000000000000e+01 1.520000000000000000e+02 4.000000000000000000e+00
1.258740976667059863e-01 1.215153950969163787e+00 8.000000000000000000e+00 7.600000000000000000e+01 4.000000000000000000e+00
2.915027615466412314e-01 2.111068937177683902e-01 3.000000000000000000e+00 1.870000000000000000e+02 4.000000000000000000e+00
8.708317923058158661e-01 1.336345275127630794e+00 3.000000000000000000e+00 3.500000000000000000e+01 4.000000000000000000e+00
4.655511097210052185e-01 7.608980121747707104e-01 1.300000000000000000e+01 1.120000000000000000e+02 4.000000000000000000e+00
6.823166728293439398e-01 1.561843474707537816e+00 2.000000000000000000e+00 1.070000000000000000e+02 4.000000000000000000e+00
2.933787227656030616e-01 4.917198137742889719e-01 1.000000000000000000e+01 4.700000000000000000e+01 4.000000000000000000e+00
9.719888357358545949e-01 7.642187852816707538e-01 1.000000000000000000e+01 1.250000000000000000e+02 4.000000000000000000e+00
5.952854035459973492e-01 1.758443389544563029e+00 1.800000000000000000e+01 1.960000000000000000e+02 4.000000000000000000e+00
4.799533078261456476e-01 1.841279817740954838e+00 8.000000000000000000e+00 1.630000000000000000e+02 4.000000000000000000e+00
7.139889671680614835e-01 1.711634655310073638e+00 4.000000000000000000e+00 1.920000000000000000e+02 4.000000000000000000e+00
7.305580536861437935e-01 7.082949593038295744e-01 2.000000000000000000e+00 8.800000000000000000e+01 4.000000000000000000e+00
2.342717548875323796e-01 1.306302077029994069e-01 1.600000000000000000e+01 1.800000000000000000e+01 4.000000000000000000e+00
2.478367999921616827e-01 3.981192287911891059e-01 8.000000000000000000e+00 1.200000000000000000e+01 4.000000000000000000e+00
7.626383588473495401e-01 1.650058033832852544e+00 1.800000000000000000e+01 1.650000000000000000e+02 4.000000000000000000e+00
5.672715038631072071e-01 1.537157671553843974e+00 1.900000000000000000e+01 1.710000000000000000e+02 4.000000000000000000e+00
5.524944144178758343e-01 1.157077323334880559e+00 7.000000000000000000e+00 7.700000000000000000e+01 4.000000000000000000e+00
