-1.330073232161391559e+02
-9.779781614485926866e+01
-1.330963916076314320e+02
-1.229543453920685039e+02
-1.302922492016419085e+02
-1.330968238251900289e+02
-1.219636526306079531e+02
-1.330968169209703547e+02
-9.238502231566991441e+01
-1.330966926246606192e+02
-1.329618401144514337e+02
-1.070953169674694152e+02
-9.206965532808628438e+01
-1.329889232722965744e+02
-1.329161680180833116e+02
-1.330920837146923930e+02
-1.299070491040631339e+02
-1.330620242341141193e+02
-1.008752207658738484e+02
-9.592161347483066436e+01
-1.098505686310563334e+02
-1.330942307482782212e+02
-1.330968097222997244e+02
-1.330967068476485622e+02
-1.330969270702142921e+02
-1.330104642107968687e+02
-1.324910878536946655e+02
-1.318817736259320554e+02
-9.596192272859779848e+01
-1.063954994460384142e+02
-9.501297451782309622e+01
-1.329968110618452783e+02
-1.326418591667483327e+02
-9.030144460029465847e+01
-1.165855409148773134e+02
-1.211167868094614732e+02
-1.330967286507057565e+02
-1.330967520662910601e+02
-1.330277913395765097e+02
-1.235072582030138761e+02
-1.330965420041402467e+02
-9.018428040279401614e+01
-1.007295475653882306e+02
-1.330962784765625031e+02
-1.330954123645813070e+02
-1.003041553212196817e+02
-9.983898113143034436e+01
-1.330968280913680246e+02
-1.253021970441709385e+02
-1.330767376026610691e+02
-1.278396147693277953e+02
-1.231421717867343375e+02
-1.278400537625757636e+02
-1.278400583112831725e+02
-1.278395350850303629e+02
-1.276378170556555602e+02
-1.071593939996348155e+02
-1.273413277758427711e+02
-1.251515547544425999e+02
-8.713814681368232584e+01
-1.278297608497483679e+02
-1.278001634303414846e+02
-1.278399706334465833e+02
-1.278396261655272923e+02
-1.054599756404626305e+02
-9.812909366961636692e+01
-1.278377797327559904e+02
-1.046946343457887139e+02
-1.115144224686806922e+02
-1.170932078625626502e+02
-1.035400180614506525e+02
-1.278399920005912804e+02
-1.147591589556793679e+02
-1.266311403994108815e+02
-1.008424539220287528e+02
-1.278273138162813183e+02
-1.202008452936639458e+02
-1.113039338444708761e+02
-1.278397949654183918e+02
-1.017803872832726313e+02
-1.278402121554919262e+02
-9.358846945307028875e+01
-8.805293711895537001e+01
-1.278404345756427176e+02
-1.278361786760843444e+02
-1.235704045935047191e+02
-1.032698805487509475e+02
-1.261481148836927559e+02
-1.008883283664322619e+02
-1.036987389533854866e+02
-1.278399752900181880e+02
-1.223183438196693089e+02
-1.230994799414475409e+02
-1.278382543490888139e+02
-1.085508735474286937e+02
-1.278394758667227933e+02
-1.189689072404293171e+02
-1.266114209619692303e+02
-1.254933976415860286e+02
-1.278400615919813106e+02
-1.057933792713121193e+02
-9.150880260379661024e+01
-1.213023494413666583e+02
-1.229944480031025478e+02
-9.550112690832723672e+01
-1.232246892428278073e+02
-1.014821938004360646e+02
-1.235615383783976284e+02
-1.235306051408126677e+02
-1.171360343409645850e+02
-8.680145200323451604e+01
-8.753910995183315435e+01
-1.229065020669316368e+02
-1.202575553695069033e+02
-1.235614538680727179e+02
-1.167196111421091160e+02
-8.527052921937770691e+01
-1.099934618800165254e+02
-1.235614392004953004e+02
-1.088903136355935004e+02
-1.235550084510391571e+02
-9.160277635750982483e+01
-1.235613259000089670e+02
-1.098444918558870995e+02
-1.079693458416335829e+02
-1.235615195200160343e+02
-1.235616068209245668e+02
-1.235470979800752360e+02
-1.235614788180500625e+02
-1.039220696254270706e+02
-8.691758282535636226e+01
-1.177426779156732266e+02
-1.232289062201616332e+02
-1.235532412590483631e+02
-1.235614391977469353e+02
-8.779104915648596830e+01
-1.228579602494829714e+02
-1.233269588564219958e+02
-1.203707169786285505e+02
-1.235612492783809842e+02
-1.235611978863146163e+02
-9.143178151923649466e+01
-8.790902686489465623e+01
-1.235614269111049595e+02
-8.715082735879674658e+01
-1.235612780373797364e+02
-1.235047118650860938e+02
-1.087100645121120692e+02
-1.185076820457194628e+02
-1.234585366810401865e+02
-8.503957787489866860e+01
-1.133809889711806989e+02
-1.239407183218123976e+02
-1.239422771497698221e+02
-1.203331112088917649e+02
-1.237602485547763393e+02
-1.159333362724608349e+02
-1.239423403074983128e+02
-1.188356354066729494e+02
-1.074988273374420231e+02
-9.353842672933575386e+01
-1.239109728981407414e+02
-1.239419743630824087e+02
-1.213896985175243088e+02
-1.158662599716913917e+02
-1.239419641677611992e+02
-1.016567406568993590e+02
-1.007627050091735441e+02
-1.217420527503077636e+02
-1.230863295712326817e+02
-1.239422663452040183e+02
-1.239223386185031472e+02
-9.724988785738813135e+01
-1.125361834602936142e+02
-1.239036143530196625e+02
-8.503380646560657397e+01
-1.239422175977133520e+02
-1.198205072319370714e+02
-1.226918501453576340e+02
-8.772810698778934579e+01
-1.239419059050440097e+02
-1.238659601125905709e+02
-1.239415153460163452e+02
-1.199201543899799134e+02
-1.239417316997966054e+02
-1.239421405888923289e+02
-1.089248953205086679e+02
-1.168018506634486187e+02
-1.205245008517068044e+02
-1.239422467356686894e+02
-9.910651122344089003e+01
-8.571620501509717371e+01
-1.145375197985113829e+02
-1.030547634422954957e+02
-1.084080757658460641e+02
-8.650675901405926993e+01
-1.238867693963752856e+02
-1.029915662101450096e+02
-9.706927808875556707e+01
-1.238585578552609832e+02
-1.251421135000229725e+02
-9.719313602551629572e+01
-1.251475121533829764e+02
-1.251324699512751124e+02
-1.145193529215533772e+02
-1.251429323835349265e+02
-1.250151438664500745e+02
-1.009084584088230088e+02
-1.242654088634049856e+02
-8.945787073002152567e+01
-1.230876877348685809e+02
-1.251428530097372231e+02
-1.127449927761996520e+02
-1.251434882364508923e+02
-8.853328382055609325e+01
-1.136676608401736530e+02
-1.093976145305311434e+02
-1.251014699546416153e+02
-9.008222208086506555e+01
-1.251382261198887846e+02
-1.251403435798188752e+02
-1.251340060954523352e+02
-9.922734765879116026e+01
-8.849100124109973819e+01
-1.191922745782793669e+02
-1.251434485041308164e+02
-9.513587071757928015e+01
-1.243035811733041101e+02
-1.251433486290679582e+02
-1.251311760526257331e+02
-1.250982440982195953e+02
-9.207006609942939690e+01
-1.251434614804941532e+02
-1.172561487611570641e+02
-8.676721143848692464e+01
-8.623813662503856392e+01
-8.781794203696036050e+01
-9.534573090146757579e+01
-1.251434448170378460e+02
-1.251434678688727189e+02
-1.235347714561646058e+02
-1.197572503047837955e+02
-1.056468865987587549e+02
-1.250617577398173523e+02
-1.251434592658560234e+02
-1.251434759085886554e+02
-1.244953406814883579e+02
-1.237784521956733386e+02
-1.251431794969607694e+02
-8.819455075631350383e+01
