-1.330924837610805298e+02
-1.176130377654949655e+02
-1.330969165558717293e+02
-9.355795419256752155e+01
-9.139103906422103307e+01
-1.330967855678478031e+02
-1.330966828742443226e+02
-1.017810592000344911e+02
-1.302557587971513726e+02
-9.365972229356574985e+01
-1.091196652424986695e+02
-1.330199127409525204e+02
-1.330929382858811323e+02
-1.205803746239927392e+02
-1.330935693516217668e+02
-1.098410121034149540e+02
-9.110544282237252389e+01
-1.036618511018489102e+02
-9.393008837242506104e+01
-9.114400613910697757e+01
-1.163463992803434905e+02
-1.330967604053218736e+02
-1.330033389094999450e+02
-1.233227339710121271e+02
-1.330968686900050955e+02
-1.325782831817014369e+02
-9.387149389854391757e+01
-1.330968165725184349e+02
-1.329210511478851231e+02
-1.126428300107051825e+02
-1.330912680129484613e+02
-9.451306538383221323e+01
-1.330964404585071179e+02
-1.330965883314196674e+02
-1.329812831440822265e+02
-1.330947057640279638e+02
-1.330968224332376337e+02
-1.288322980708998386e+02
-9.061164052685286663e+01
-1.010255806583729878e+02
-1.330965741958336821e+02
-1.134657096613575789e+02
-1.330968585662905639e+02
-9.936063139233255015e+01
-1.330966900088343436e+02
-1.330969309302813315e+02
-1.010229084596179661e+02
-1.080240869166757705e+02
-9.752781505677748441e+01
-1.146298087497798832e+02
-1.216453854390709353e+02
-8.910960308365231697e+01
-1.268810345542204203e+02
-1.278205373690378650e+02
-1.115106654339310950e+02
-1.278394158705742996e+02
-1.278400687588965923e+02
-1.278401469733013727e+02
-1.278374679877737350e+02
-1.278367384638237070e+02
-1.179069164747160983e+02
-1.278396098006153778e+02
-1.049040515215558145e+02
-9.807934610748478121e+01
-8.929013739954075390e+01
-1.278401598729362831e+02
-1.143058220836281151e+02
-1.278402861026293209e+02
-8.891974467609277610e+01
-8.808385357147351158e+01
-9.392017556631951436e+01
-9.328328124939558563e+01
-1.267938269256101194e+02
-1.278404627649345855e+02
-1.278400156462911070e+02
-1.029835513756434153e+02
-1.278399923166890062e+02
-9.926549198125469786e+01
-1.130779072194181509e+02
-1.278385712584624230e+02
-1.172020670929774013e+02
-8.904870810540361958e+01
-1.278400721361459205e+02
-1.278400421415135213e+02
-1.278398021269871947e+02
-1.166402809592156160e+02
-8.979268067667301523e+01
-1.057569102279844060e+02
-1.018931304897077155e+02
-9.002882397193059205e+01
-1.278403344410964593e+02
-1.247895006518444632e+02
-1.257936920694947531e+02
-1.278361320559477008e+02
-1.277089956996802016e+02
-1.278401319629041950e+02
-9.680681785036904330e+01
-1.274012640605181872e+02
-1.277421811452948504e+02
-1.278389622897032325e+02
-1.080815565958900208e+02
-1.225280918277739062e+02
-9.080037576765440122e+01
-1.235351591984157551e+02
-1.232865373796527138e+02
-1.231510444399782784e+02
-9.479606502130852164e+01
-1.235615705156378965e+02
-1.235615242717757383e+02
-1.116417642690960434e+02
-1.234395879125048197e+02
-1.235615800931637978e+02
-1.232890623537928860e+02
-1.235614499357439655e+02
-1.231721916300565454e+02
-1.151825144095324021e+02
-1.226815007590607536e+02
-1.125728234575521469e+02
-1.235613432698299761e+02
-1.171457600898052647e+02
-1.234332867341645397e+02
-1.176300614874140109e+02
-9.087786200664143621e+01
-9.890219417442412464e+01
-1.035962976521145578e+02
-1.235411849259301533e+02
-1.235491191649039422e+02
-8.751439910821642343e+01
-1.126937774911575190e+02
-9.209944858071223450e+01
-1.233043880967562131e+02
-1.233630862471451337e+02
-8.594648136032711250e+01
-8.581969349130253022e+01
-1.120612966514357396e+02
-1.051973946324984439e+02
-1.032640706594512920e+02
-1.186471188675467801e+02
-1.235608722211182879e+02
-1.135793978763668548e+02
-1.172172371608359356e+02
-1.231017660665421687e+02
-1.217291204150243260e+02
-1.235612485740313389e+02
-1.235606819321028951e+02
-1.190942387159291656e+02
-1.235612644286882187e+02
-1.235607924134363600e+02
-1.144701006758254351e+02
-1.153748244537776912e+02
-1.239421386638141342e+02
-1.239422342133531458e+02
-1.238275595243039362e+02
-1.228867293723012466e+02
-1.238286278176465629e+02
-1.144933696303151720e+02
-1.239420219459723285e+02
-1.195741655701868922e+02
-1.230982153705609790e+02
-1.239366206669383388e+02
-8.953132503065691594e+01
-9.582292231392375470e+01
-1.239422710924699373e+02
-9.576544130459653559e+01
-1.210648116614605669e+02
-1.159114842543964414e+02
-1.239400503881297908e+02
-9.959070868693652301e+01
-1.239422898691048687e+02
-1.239282143087472718e+02
-1.239075919133272947e+02
-1.237420599829530943e+02
-1.102760693900717115e+02
-1.239421687847780618e+02
-8.478470548770282278e+01
-1.239329485339139296e+02
-8.615299925578914042e+01
-1.062869594238376862e+02
-1.239419004036575132e+02
-9.554647568550063852e+01
-1.239318423864923489e+02
-1.239335917747135625e+02
-1.239206764759424715e+02
-8.465566599156962013e+01
-1.017710402582715687e+02
-8.776374054089821186e+01
-1.161798425420435166e+02
-8.766117786092250697e+01
-1.101527772734061301e+02
-1.239323162072849698e+02
-8.626386742490763027e+01
-8.626378492606738746e+01
-1.143104134838772552e+02
-1.192506216967976513e+02
-8.556656249630646016e+01
-1.239233530927170648e+02
-1.053154055110089331e+02
-1.239404504617163951e+02
-9.411032162084495667e+01
-1.239346056986948810e+02
-1.162662498756408951e+02
-1.128488838191264279e+02
-1.251434410294545216e+02
-1.251434582571077812e+02
-1.243139648909553614e+02
-1.238483370860403738e+02
-1.192909259150854524e+02
-8.716094160319821071e+01
-1.251434826344469400e+02
-1.078154282812254507e+02
-1.084749017443654253e+02
-1.130260895238980368e+02
-1.219362266806729025e+02
-8.710623128902652468e+01
-1.077854286275465228e+02
-8.909353263290373093e+01
-9.673281394583591464e+01
-1.251403886385070052e+02
-1.175290174721727681e+02
-8.863623325903348871e+01
-8.819633717560802211e+01
-1.249341600291835874e+02
-1.251433495613275113e+02
-1.251296462298027166e+02
-1.251434404037747612e+02
-1.251239332345268451e+02
-1.251389250645869282e+02
-1.251432003320061028e+02
-1.251433511367067410e+02
-9.695565604176003660e+01
-9.371351395865849554e+01
-1.220461105462465952e+02
-1.142388857035155496e+02
-9.490641535758901171e+01
-1.251431204447125367e+02
-1.251433806854646917e+02
-1.011672303537072253e+02
-1.039495376142809135e+02
-8.887687056184898893e+01
-1.251435102744404873e+02
-1.231199051030500868e+02
-1.251434768613008970e+02
-1.163033512470833557e+02
-1.239105290682280867e+02
-8.683144253002910773e+01
-1.251432886567077674e+02
-1.080305206386477153e+02
-1.251433933502750477e+02
-1.251426932950899982e+02
-1.251371896201326877e+02
