7.579055164963537372e-01 3.174646398018045046e-01 2.000000000000000000e+00 1.850000000000000000e+02 0.000000000000000000e+00
1.098477641370486889e-02 6.931266176757410191e-01 2.000000000000000000e+00 6.200000000000000000e+01 0.000000000000000000e+00
1.196850236881074302e-02 7.412753047710861631e-01 5.000000000000000000e+00 8.300000000000000000e+01 0.000000000000000000e+00
1.024778306223389363e-01 1.282556219218809357e+00 9.000000000000000000e+00 1.190000000000000000e+02 0.000000000000000000e+00
2.019466293762185449e-01 1.923449211201268660e+00 1.000000000000000000e+00 8.000000000000000000e+00 0.000000000000000000e+00
8.988011567575175942e-01 1.075211585661858038e+00 4.000000000000000000e+00 1.130000000000000000e+02 0.000000000000000000e+00
2.852787688072695449e-01 3.053788843605741432e-01 1.500000000000000000e+01 1.940000000000000000e+02 0.000000000000000000e+00
1.020765890485125643e-01 1.811485568062389140e+00 1.700000000000000000e+01 1.850000000000000000e+02 0.000000000000000000e+00
7.647835046013329308e-01 8.212839060880295916e-01 2.000000000000000000e+00 1.220000000000000000e+02 0.000000000000000000e+00
4.971011476584973748e-02 1.864201950876352099e+00 5.000000000000000000e+00 1.300000000000000000e+02 0.000000000000000000e+00
5.173799606386640937e-01 1.573834986433430894e+00 1.200000000000000000e+01 2.700000000000000000e+01 0.000000000000000000e+00
8.461513033954985996e-01 4.056148688039521444e-01 1.500000000000000000e+01 6.600000000000000000e+01 0.000000000000000000e+00
5.187797921514302191e-01 1.901612151809713103e+00 1.900000000000000000e+01 3.300000000000000000e+01 0.000000000000000000e+00
2.613875745180372911e-01 4.278954507920526007e-01 1.800000000000000000e+01 9.000000000000000000e+01 0.000000000000000000e+00
6.059718766510238108e-01 2.082157941360024189e+00 1.000000000000000000e+00 4.000000000000000000e+01 0.000000000000000000e+00
4.235438748628467254e-01 7.232194875614675889e-01 8.000000000000000000e+00 9.400000000000000000e+01 0.000000000000000000e+00
7.508976574476032839e-01 3.879760888135489472e-01 1.300000000000000000e+01 3.500000000000000000e+01 0.000000000000000000e+00
5.481117347648376548e-01 1.341915772616135705e+00 1.500000000000000000e+01 2.200000000000000000e+01 0.000000000000000000e+00
5.619536566275142864e-01 1.092080541070104216e+00 1.300000000000000000e+01 4.000000000000000000e+01 0.000000000000000000e+00
4.443664740947405462e-02 1.116476471631971723e+00 1.900000000000000000e+01 7.600000000000000000e+01 0.000000000000000000e+00
2.916293465631280002e-01 1.501989109140219769e+00 1.000000000000000000e+01 1.400000000000000000e+02 0.000000000000000000e+00
5.307206737447534017e-01 1.790536534342041186e+00 8.000000000000000000e+00 3.000000000000000000e+00 0.000000000000000000e+00
6.802183489977957631e-01 2.004386099876195981e+00 6.000000000000000000e+00 1.830000000000000000e+02 0.000000000000000000e+00
7.406723442144501346e-02 1.285928857614823340e+00 1.000000000000000000e+01 3.200000000000000000e+01 0.000000000000000000e+00
1.539437888268028187e-01 1.051235472048368313e+00 1.600000000000000000e+01 1.640000000000000000e+02 0.000000000000000000e+00
5.631134321812535370e-01 1.546059730629852469e+00 1.300000000000000000e+01 1.530000000000000000e+02 0.000000000000000000e+00
2.631417841873842089e-01 1.636561967296571440e+00 6.000000000000000000e+00 1.800000000000000000e+01 0.000000000000000000e+00
8.539696869255539724e-01 1.040189939398818098e+00 1.100000000000000000e+01 1.700000000000000000e+01 0.000000000000000000e+00
9.930649303551692952e-01 4.516227211469220348e-01 5.000000000000000000e+00 1.930000000000000000e+02 0.000000000000000000e+00
2.213963953164500564e-01 5.265140689794624018e-01 1.800000000000000000e+01 1.750000000000000000e+02 0.000000000000000000e+00
6.858299838810606452e-01 1.708925785315738022e+00 4.000000000000000000e+00 1.070000000000000000e+02 0.000000000000000000e+00
8.730566560691599420e-01 5.452060286362833130e-01 4.000000000000000000e+00 1.870000000000000000e+02 0.000000000000000000e+00
4.143368484285526732e-01 1.103359843307629262e+00 1.800000000000000000e+01 7.900000000000000000e+01 0.000000000000000000e+00
7.851147615724145545e-01 4.483067411820352843e-01 1.300000000000000000e+01 1.660000000000000000e+02 0.000000000000000000e+00
3.372659052608759644e-01 7.428041215412898302e-01 1.200000000000000000e+01 1.920000000000000000e+02 0.000000000000000000e+00
2.713866659169366091e-01 2.019470188225009455e+00 1.000000000000000000e+01 4.800000000000000000e+01 0.000000000000000000e+00
3.136376781757640453e-01 1.290603955219833399e+00 1.300000000000000000e+01 1.790000000000000000e+02 0.000000000000000000e+00
3.975673709975660053e-01 1.453141956940660284e+00 1.000000000000000000e+01 1.620000000000000000e+02 0.000000000000000000e+00
5.144814514535837047e-01 4.446149289202206978e-01 2.000000000000000000e+00 1.230000000000000000e+02 0.000000000000000000e+00
7.903229184388042006e-01 9.308672818945694649e-01 6.000000000000000000e+00 1.960000000000000000e+02 0.000000000000000000e+00
5.597462693110839549e-01 1.292197058251859820e+00 2.000000000000000000e+00 8.200000000000000000e+01 0.000000000000000000e+00
1.118175895102435508e-01 1.670737271812751390e-01 1.800000000000000000e+01 9.800000000000000000e+01 0.000000000000000000e+00
3.276819022119958902e-01 4.755065234312961797e-01 3.000000000000000000e+00 1.130000000000000000e+02 0.000000000000000000e+00
3.450810061793073702e-01 1.463988397126370300e+00 1.000000000000000000e+01 6.000000000000000000e+01 0.000000000000000000e+00
5.187928165531529440e-02 1.354493198895912132e+00 8.000000000000000000e+00 3.200000000000000000e+01 0.000000000000000000e+00
7.523125904467964364e-01 5.762135583772812764e-01 4.000000000000000000e+00 1.600000000000000000e+02 0.000000000000000000e+00
6.022345290801606188e-01 1.423563448409314036e+00 1.600000000000000000e+01 8.700000000000000000e+01 0.000000000000000000e+00
3.017738654391087794e-01 1.764759208132264279e+00 2.000000000000000000e+01 1.570000000000000000e+02 0.000000000000000000e+00
9.867579493643267030e-01 1.419405753339720633e+00 2.000000000000000000e+01 4.100000000000000000e+01 0.000000000000000000e+00
7.460277262865634418e-01 3.981550786759325833e-01 1.300000000000000000e+01 1.570000000000000000e+02 0.000000000000000000e+00
7.137385768204640435e-01 1.533010495592844968e+00 9.000000000000000000e+00 1.510000000000000000e+02 1.000000000000000000e+00
8.815188233808625151e-01 2.000962676480661229e-01 5.000000000000000000e+00 2.200000000000000000e+01 1.000000000000000000e+00
2.945441118182745566e-01 9.736239651044372723e-01 4.000000000000000000e+00 1.440000000000000000e+02 1.000000000000000000e+00
5.904763347724646394e-01 1.405305018382805748e+00 1.700000000000000000e+01 1.400000000000000000e+02 1.000000000000000000e+00
7.187663818367183710e-01 1.313511795132933146e+00 8.000000000000000000e+00 9.400000000000000000e+01 1.000000000000000000e+00
3.040723640512635884e-01 1.775482808757426367e+00 1.000000000000000000e+01 7.400000000000000000e+01 1.000000000000000000e+00
2.657776856368033735e-01 9.441348512390613790e-01 1.700000000000000000e+01 1.190000000000000000e+02 1.000000000000000000e+00
1.757395645084391250e-02 1.615764315132857565e+00 1.500000000000000000e+01 1.200000000000000000e+02 1.000000000000000000e+00
5.923400973301359285e-01 2.892627859716848659e-01 7.000000000000000000e+00 5.200000000000000000e+01 1.000000000000000000e+00
7.887562181087155455e-01 4.125662983418095786e-01 4.000000000000000000e+00 1.040000000000000000e+02 1.000000000000000000e+00
1.379351469855736312e-01 1.847684915554966389e+00 7.000000000000000000e+00 1.050000000000000000e+02 1.000000000000000000e+00
8.330344480231187676e-01 7.843723911531302884e-01 2.000000000000000000e+01 1.870000000000000000e+02 1.000000000000000000e+00
4.896162566830876139e-01 9.092195346238512998e-01 1.300000000000000000e+01 1.340000000000000000e+02 1.000000000000000000e+00
7.445563847312471895e-01 2.015698615322448983e+00 1.200000000000000000e+01 1.470000000000000000e+02 1.000000000000000000e+00
3.445952793719114782e-01 8.053934376216750346e-01 1.900000000000000000e+01 1.920000000000000000e+02 1.000000000000000000e+00
8.829895590752799561e-02 2.068607498003868894e+00 3.000000000000000000e+00 3.500000000000000000e+01 1.000000000000000000e+00
5.049890656133881189e-02 1.738903402298513923e+00 1.700000000000000000e+01 1.590000000000000000e+02 1.000000000000000000e+00
2.444869819980666215e-01 5.328889514110671799e-01 1.700000000000000000e+01 1.110000000000000000e+02 1.000000000000000000e+00
2.444580742433531961e-01 2.261668456451730036e-01 1.200000000000000000e+01 1.260000000000000000e+02 1.000000000000000000e+00
2.747341995172192242e-01 1.666382161608014612e-01 2.000000000000000000e+01 1.020000000000000000e+02 1.000000000000000000e+00
8.545171330951891742e-01 3.882275216347889080e-01 5.000000000000000000e+00 1.790000000000000000e+02 1.000000000000000000e+00
4.004457439208228831e-01 1.537166392160842721e+00 6.000000000000000000e+00 9.700000000000000000e+01 1.000000000000000000e+00
6.634426519648189968e-01 1.478748820446950385e-01 7.000000000000000000e+00 5.800000000000000000e+01 1.000000000000000000e+00
1.202007048475213086e-01 3.025995222515333039e-01 7.000000000000000000e+00 3.900000000000000000e+01 1.000000000000000000e+00
8.296794835198036955e-01 1.467612337323759508e+00 1.200000000000000000e+01 1.420000000000000000e+02 1.000000000000000000e+00
2.553725796061544484e-01 1.440197841988724692e+00 1.600000000000000000e+01 1.900000000000000000e+01 1.000000000000000000e+00
2.813656499848402603e-01 1.677062687025611398e-01 1.300000000000000000e+01 1.200000000000000000e+02 1.000000000000000000e+00
6.509112436085118247e-01 1.690966506285261239e+00 5.000000000000000000e+00 1.490000000000000000e+02 1.000000000000000000e+00
7.538833331240021307e-01 1.091149526593154118e+00 1.600000000000000000e+01 1.530000000000000000e+02 1.000000000000000000e+00
3.075869623357329052e-01 1.499860546688009277e+00 1.700000000000000000e+01 5.400000000000000000e+01 1.000000000000000000e+00
7.777281069543532377e-01 1.551511615426724111e+00 1.000000000000000000e+01 1.400000000000000000e+01 1.000000000000000000e+00
6.570222977525038699e-01 1.283769320561277905e+00 4.000000000000000000e+00 1.860000000000000000e+02 1.000000000000000000e+00
9.206232617316740807e-01 1.318001140547613970e+00 5.000000000000000000e+00 1.740000000000000000e+02 1.000000000000000000e+00
5.819716910711636437e-01 1.203762819541958295e+00 1.300000000000000000e+01 1.260000000000000000e+02 1.000000000000000000e+00
3.949366642100490266e-01 1.343779769422746906e+00 3.000000000000000000e+00 3.800000000000000000e+01 1.000000000000000000e+00
4.289894788724696317e-01 5.478968329985803853e-01 2.000000000000000000e+00 4.200000000000000000e+01 1.000000000000000000e+00
4.422942893017066668e-01 2.046065719035108810e+00 1.700000000000000000e+01 1.920000000000000000e+02 1.000000000000000000e+00
2.536516235756606230e-01 5.812172741589874958e-01 7.000000000000000000e+00 5.700000000000000000e+01 1.000000000000000000e+00
1.763555972478938472e-01 1.326160366510949817e+00 1.600000000000000000e+01 2.300000000000000000e+01 1.000000000000000000e+00
5.820862031707176865e-01 1.199512409224132936e+00 2.000000000000000000e+01 1.960000000000000000e+02 1.000000000000000000e+00
7.658824361585349072e-01 1.501700556036592804e+00 1.900000000000000000e+01 4.000000000000000000e+01 1.000000000000000000e+00
7.686171454170743766e-01 1.323845808689955383e+00 1.000000000000000000e+01 1.400000000000000000e+02 1.000000000000000000e+00
2.724910972318108637e-01 7.837062200113861232e-01 1.900000000000000000e+01 7.000000000000000000e+00 1.000000000000000000e+00
9.549105004521073192e-02 4.310192888143972167e-01 1.800000000000000000e+01 1.780000000000000000e+02 1.000000000000000000e+00
8.742828111329682406e-01 1.959741962777812985e+00 1.000000000000000000e+00 1.280000000000000000e+02 1.000000000000000000e+00
7.046767048527823318e-01 1.173075945767186878e+00 8.000000000000000000e+00 1.640000000000000000e+02 1.000000000000000000e+00
6.701502257148977959e-01 4.250429568800536684e-01 1.000000000000000000e+00 2.200000000000000000e+01 1.000000000000000000e+00
9.740106576049136766e-01 1.919450434971573749e+00 1.500000000000000000e+01 1.400000000000000000e+01 1.000000000000000000e+00
1.300208639179207815e-01 1.917151374306246714e+00 9.000000000000000000e+00 1.020000000000000000e+02 1.000000000000000000e+00
2.159986551084943640e-01 1.388561423585778387e+00 6.000000000000000000e+00 1.290000000000000000e+02 1.000000000000000000e+00
6.952639279312498033e-01 7.735555259441976306e-01 1.200000000000000000e+01 1.230000000000000000e+02 2.000000000000000000e+00
8.549307420956449022e-01 8.680354227496799302e-01 3.000000000000000000e+00 4.200000000000000000e+01 2.000000000000000000e+00
9.601875771393116876e-01 1.430659821189233405e+00 4.000000000000000000e+00 4.000000000000000000e+01 2.000000000000000000e+00
1.573596444092170143e-01 1.978547527831938879e+00 1.000000000000000000e+01 7.900000000000000000e+01 2.000000000000000000e+00
3.790211992641953076e-01 1.879254503279942645e-01 1.300000000000000000e+01 8.000000000000000000e+00 2.000000000000000000e+00
3.796088175952897492e-01 3.865756023614975723e-01 2.000000000000000000e+00 3.400000000000000000e+01 2.000000000000000000e+00
2.408327523919733260e-01 1.189298838127224256e+00 1.000000000000000000e+00 4.400000000000000000e+01 2.000000000000000000e+00
8.107543383892193978e-01 7.750395990850743599e-01 1.000000000000000000e+01 1.090000000000000000e+02 2.000000000000000000e+00
1.477723309121980154e-02 1.096556536582525165e+00 2.000000000000000000e+01 1.170000000000000000e+02 2.000000000000000000e+00
7.268146840781980478e-01 1.027770186246522055e+00 1.200000000000000000e+01 1.660000000000000000e+02 2.000000000000000000e+00
4.081051200351869523e-01 2.042254070324707182e+00 1.000000000000000000e+00 1.030000000000000000e+02 2.000000000000000000e+00
9.234198128565251906e-01 5.428024664267340205e-01 3.000000000000000000e+00 5.000000000000000000e+01 2.000000000000000000e+00
6.231097186637676311e-01 1.932632062893358205e+00 1.100000000000000000e+01 4.300000000000000000e+01 2.000000000000000000e+00
4.687800798839786287e-01 1.873139203793273477e+00 1.600000000000000000e+01 1.810000000000000000e+02 2.000000000000000000e+00
7.915418699380722956e-01 3.891694645249069717e-01 1.700000000000000000e+01 1.700000000000000000e+01 2.000000000000000000e+00
1.164664576865190732e-01 8.993922015076717402e-01 5.000000000000000000e+00 1.060000000000000000e+02 2.000000000000000000e+00
7.848059227200268051e-01 4.730182502366185870e-01 2.000000000000000000e+00 6.700000000000000000e+01 2.000000000000000000e+00
8.011129431665504619e-01 1.662119945509575425e+00 6.000000000000000000e+00 1.500000000000000000e+02 2.000000000000000000e+00
8.483842355713153704e-01 9.013210930607903348e-01 1.700000000000000000e+01 7.600000000000000000e+01 2.000000000000000000e+00
7.334281727367447656e-01 1.173657678237482127e+00 1.000000000000000000e+01 1.050000000000000000e+02 2.000000000000000000e+00
7.660160031135566649e-01 1.849609629774672692e+00 4.000000000000000000e+00 7.800000000000000000e+01 2.000000000000000000e+00
6.204970803524200579e-02 1.831969872631220131e+00 4.000000000000000000e+00 7.600000000000000000e+01 2.000000000000000000e+00
6.647532640633146972e-01 6.927064225535414232e-01 4.000000000000000000e+00 1.310000000000000000e+02 2.000000000000000000e+00
3.707313117570629757e-01 4.111326395199931261e-01 1.400000000000000000e+01 1.080000000000000000e+02 2.000000000000000000e+00
8.260867673437328751e-01 9.528982006263183591e-01 1.000000000000000000e+00 8.100000000000000000e+01 2.000000000000000000e+00
3.013105804998651438e-01 7.953239936618622385e-01 1.100000000000000000e+01 9.700000000000000000e+01 2.000000000000000000e+00
1.949363167175368616e-01 1.974696730621320118e+00 3.000000000000000000e+00 2.000000000000000000e+02 2.000000000000000000e+00
7.439439883364573625e-01 1.000833403526953491e+00 1.300000000000000000e+01 9.300000000000000000e+01 2.000000000000000000e+00
8.942955920274778814e-01 5.332893538388839838e-01 9.000000000000000000e+00 1.760000000000000000e+02 2.000000000000000000e+00
6.924827103019064456e-01 8.555726064674628040e-01 1.700000000000000000e+01 2.900000000000000000e+01 2.000000000000000000e+00
5.786966171264216197e-01 1.527120072080060620e+00 1.900000000000000000e+01 4.600000000000000000e+01 2.000000000000000000e+00
5.534670773908109132e-01 1.615858803341865491e+00 1.900000000000000000e+01 1.760000000000000000e+02 2.000000000000000000e+00
2.706658794092863252e-01 1.640402401118020048e+00 9.000000000000000000e+00 4.800000000000000000e+01 2.000000000000000000e+00
4.193879986926157821e-01 1.172482066200805084e+00 1.900000000000000000e+01 5.300000000000000000e+01 2.000000000000000000e+00
2.618009445291991089e-01 1.036120464624694426e+00 5.000000000000000000e+00 2.000000000000000000e+02 2.000000000000000000e+00
2.266602112767882593e-01 1.866907750157908996e+00 3.000000000000000000e+00 1.550000000000000000e+02 2.000000000000000000e+00
1.009999087745594881e+00 1.453918109153990335e+00 1.700000000000000000e+01 1.950000000000000000e+02 2.000000000000000000e+00
6.911367888901789325e-01 1.640729849786360051e+00 1.900000000000000000e+01 1.180000000000000000e+02 2.000000000000000000e+00
2.334281546468792712e-01 1.463823579614382808e+00 1.700000000000000000e+01 1.100000000000000000e+02 2.000000000000000000e+00
8.198416770914491725e-01 2.464640467377640365e-01 5.000000000000000000e+00 7.700000000000000000e+01 2.000000000000000000e+00
5.263763792689197807e-01 2.047622244238938904e+00 4.000000000000000000e+00 1.700000000000000000e+02 2.000000000000000000e+00
5.397049737589102447e-01 1.936643995048203115e-01 5.000000000000000000e+00 5.800000000000000000e+01 2.000000000000000000e+00
9.196941830883039737e-01 2.713540268247399689e-01 8.000000000000000000e+00 8.900000000000000000e+01 2.000000000000000000e+00
7.440679823358500311e-01 9.722466619530277798e-01 1.000000000000000000e+01 8.500000000000000000e+01 2.000000000000000000e+00
1.009449396416885136e+00 7.395167392677789442e-01 5.000000000000000000e+00 8.400000000000000000e+01 2.000000000000000000e+00
9.603820533549254357e-01 6.996312791630591166e-01 1.800000000000000000e+01 1.330000000000000000e+02 2.000000000000000000e+00
8.110788756407504296e-01 8.221537432386895050e-01 1.900000000000000000e+01 7.800000000000000000e+01 2.000000000000000000e+00
8.985581223357412828e-01 4.404158941685559769e-01 5.000000000000000000e+00 1.540000000000000000e+02 2.000000000000000000e+00
1.700373003290818197e-01 1.233821545970028577e+00 8.000000000000000000e+00 1.980000000000000000e+02 2.000000000000000000e+00
1.247026868471170363e-01 2.562912943265299726e-01 6.000000000000000000e+00 1.430000000000000000e+02 2.000000000000000000e+00
5.268203847487482605e-01 1.973172511006506591e+00 1.100000000000000000e+01 1.980000000000000000e+02 3.000000000000000000e+00
2.873060961527880153e-01 2.071242134017207359e+00 6.000000000000000000e+00 6.400000000000000000e+01 3.000000000000000000e+00
4.057763781066758141e-02 1.193907039713973051e+00 1.400000000000000000e+01 1.500000000000000000e+01 3.000000000000000000e+00
8.622463954777086492e-01 9.089966379096331428e-01 1.300000000000000000e+01 7.200000000000000000e+01 3.000000000000000000e+00
5.484059399241499877e-01 1.679894222746197985e-01 1.000000000000000000e+00 9.500000000000000000e+01 3.000000000000000000e+00
4.536629071097472155e-01 1.436386549407851376e+00 3.000000000000000000e+00 1.210000000000000000e+02 3.000000000000000000e+00
9.721374043903044937e-01 1.141099030832441352e+00 1.400000000000000000e+01 1.820000000000000000e+02 3.000000000000000000e+00
7.684574042322316334e-01 6.954752696219953512e-01 7.000000000000000000e+00 1.680000000000000000e+02 3.000000000000000000e+00
7.783542179628637481e-01 1.796980720299587331e+00 1.000000000000000000e+01 1.680000000000000000e+02 3.000000000000000000e+00
2.815954276814679885e-02 9.389488113293383842e-01 1.100000000000000000e+01 1.280000000000000000e+02 3.000000000000000000e+00
3.867515730803239293e-01 9.389941155856210697e-01 1.400000000000000000e+01 9.200000000000000000e+01 3.000000000000000000e+00
5.616215916711638778e-01 8.079283706218284289e-01 1.400000000000000000e+01 4.500000000000000000e+01 3.000000000000000000e+00
4.530005785243854666e-01 1.981530411543185988e+00 1.400000000000000000e+01 1.340000000000000000e+02 3.000000000000000000e+00
6.751735968291043832e-01 3.143995421227140374e-01 6.000000000000000000e+00 4.300000000000000000e+01 3.000000000000000000e+00
6.504884702203564961e-01 1.831495631179233863e+00 1.800000000000000000e+01 1.710000000000000000e+02 3.000000000000000000e+00
1.192772289644401379e-01 7.950736425798315965e-01 5.000000000000000000e+00 9.000000000000000000e+01 3.000000000000000000e+00
5.449447651272245619e-01 2.489303012495257816e-01 4.000000000000000000e+00 9.100000000000000000e+01 3.000000000000000000e+00
1.805070725559853456e-02 2.344689078094429890e-01 3.000000000000000000e+00 7.800000000000000000e+01 3.000000000000000000e+00
8.429724373050959674e-01 1.236426992526189927e+00 1.900000000000000000e+01 3.800000000000000000e+01 3.000000000000000000e+00
8.686925153325163462e-01 1.923372385122744221e+00 1.800000000000000000e+01 1.500000000000000000e+01 3.000000000000000000e+00
8.660127776970930613e-01 8.897308806334368603e-01 1.100000000000000000e+01 1.570000000000000000e+02 3.000000000000000000e+00
2.225312005100873458e-01 1.526970142975381028e+00 1.000000000000000000e+00 6.900000000000000000e+01 3.000000000000000000e+00
8.809470812907447268e-01 1.496823372410750919e+00 1.200000000000000000e+01 2.900000000000000000e+01 3.000000000000000000e+00
5.761906970176910309e-02 7.294970717806316118e-01 3.000000000000000000e+00 1.350000000000000000e+02 3.000000000000000000e+00
8.219183079908015666e-01 8.562742189432527296e-01 1.000000000000000000e+00 5.900000000000000000e+01 3.000000000000000000e+00
1.554646328742258742e-02 1.093644294879824452e-01 5.000000000000000000e+00 1.530000000000000000e+02 3.000000000000000000e+00
7.769559101312971394e-02 1.267203106702005533e+00 2.000000000000000000e+01 3.700000000000000000e+01 3.000000000000000000e+00
2.181491715565350153e-01 6.180235480326387032e-01 1.900000000000000000e+01 9.700000000000000000e+01 3.000000000000000000e+00
4.106225451919969238e-01 4.967772171861258856e-01 1.900000000000000000e+01 6.800000000000000000e+01 3.000000000000000000e+00
1.853625130190913461e-01 5.274272026733642926e-01 1.500000000000000000e+01 1.080000000000000000e+02 3.000000000000000000e+00
1.836191132786506586e-01 2.623571949140960369e-01 7.000000000000000000e+00 1.190000000000000000e+02 3.000000000000000000e+00
4.726179516994785113e-01 3.436640648737342429e-01 1.900000000000000000e+01 1.390000000000000000e+02 3.000000000000000000e+00
5.395300471074280235e-01 5.828420375653750041e-01 1.300000000000000000e+01 1.870000000000000000e+02 3.000000000000000000e+00
7.077508754921844891e-02 9.225367932275007066e-01 2.000000000000000000e+01 3.900000000000000000e+01 3.000000000000000000e+00
7.523225551385396281e-01 1.948483764841459243e+00 1.100000000000000000e+01 4.200000000000000000e+01 3.000000000000000000e+00
9.398095818899016018e-01 5.286387912603359718e-01 1.500000000000000000e+01 1.470000000000000000e+02 3.000000000000000000e+00
8.814500838881461631e-01 1.266114843032047022e+00 1.800000000000000000e+01 1.500000000000000000e+01 3.000000000000000000e+00
3.316792036278564115e-01 1.939270779063717809e+00 4.000000000000000000e+00 1.960000000000000000e+02 3.000000000000000000e+00
1.091635515233295578e-01 1.442548304307632367e+00 1.800000000000000000e+01 5.600000000000000000e+01 3.000000000000000000e+00
6.088733213968998692e-01 1.981593210192126975e+00 1.700000000000000000e+01 1.000000000000000000e+00 3.000000000000000000e+00
9.124825207651555692e-01 7.178590429936063666e-01 5.000000000000000000e+00 1.250000000000000000e+02 3.000000000000000000e+00
8.386917469955790239e-01 4.967544498891131033e-01 1.000000000000000000e+00 6.900000000000000000e+01 3.000000000000000000e+00
5.889367390694606463e-01 4.548884909624474338e-01 1.000000000000000000e+00 1.830000000000000000e+02 3.000000000000000000e+00
6.950582502229364357e-01 9.904819499102605063e-01 2.000000000000000000e+01 4.100000000000000000e+01 3.000000000000000000e+00
4.508631068981477918e-01 1.207969385207874558e+00 1.000000000000000000e+00 9.700000000000000000e+01 3.000000000000000000e+00
6.431739001352143603e-01 2.418596143762298534e-01 1.800000000000000000e+01 1.950000000000000000e+02 3.000000000000000000e+00
3.442075761310181559e-01 1.854134508144722249e+00 1.300000000000000000e+01 1.030000000000000000e+02 3.000000000000000000e+00
5.296934524471960115e-01 1.097649949842783856e+00 5.000000000000000000e+00 7.300000000000000000e+01 3.000000000000000000e+00
8.018541638682632477e-01 3.919843326207984591e-01 1.300000000000000000e+01 9.200000000000000000e+01 3.000000000000000000e+00
4.117407703995079604e-01 1.842480656846753106e+00 5.000000000000000000e+00 5.000000000000000000e+01 3.000000000000000000e+00
2.039754873974277682e-01 1.871802521968848332e+00 2.000000000000000000e+00 1.550000000000000000e+02 4.000000000000000000e+00
7.417559243353453180e-01 1.985692601324121398e+00 2.000000000000000000e+01 1.180000000000000000e+02 4.000000000000000000e+00
6.707171637791518037e-01 1.672014429914368217e+00 1.700000000000000000e+01 3.600000000000000000e+01 4.000000000000000000e+00
9.860257413030683038e-01 1.761083203486960791e+00 1.600000000000000000e+01 1.980000000000000000e+02 4.000000000000000000e+00
3.288823519535428730e-01 1.491484579425115919e+00 1.200000000000000000e+01 7.700000000000000000e+01 4.000000000000000000e+00
8.353170042070943158e-01 7.119429375725448983e-01 1.000000000000000000e+01 1.440000000000000000e+02 4.000000000000000000e+00
2.237112532118460395e-01 2.037292761820041154e+00 1.000000000000000000e+01 6.900000000000000000e+01 4.000000000000000000e+00
7.761318217433615940e-01 1.738244436395717685e+00 1.000000000000000000e+01 1.100000000000000000e+02 4.000000000000000000e+00
6.075394837565872147e-02 7.605983266450512259e-01 2.000000000000000000e+01 7.900000000000000000e+01 4.000000000000000000e+00
7.691821179046341717e-02 1.012848786820520930e+00 2.000000000000000000e+01 1.260000000000000000e+02 4.000000000000000000e+00
8.381111540341316113e-01 1.170316445154673923e+00 7.000000000000000000e+00 9.600000000000000000e+01 4.000000000000000000e+00
9.307665525000695661e-01 1.729609156030091077e-01 1.600000000000000000e+01 1.350000000000000000e+02 4.000000000000000000e+00
2.542535985867933057e-01 6.828903058302081552e-01 2.000000000000000000e+01 1.340000000000000000e+02 4.000000000000000000e+00
4.787975173048827360e-01 1.720056296297790777e+00 1.200000000000000000e+01 1.780000000000000000e+02 4.000000000000000000e+00
5.614793340657661114e-01 1.139416746501594746e+00 1.900000000000000000e+01 1.620000000000000000e+02 4.000000000000000000e+00
3.294657528938079727e-01 1.565421857599341271e+00 1.700000000000000000e+01 8.000000000000000000e+01 4.000000000000000000e+00
8.527043181858807719e-01 1.342924206770669537e-01 1.900000000000000000e+01 1.900000000000000000e+02 4.000000000000000000e+00
9.403881038883902255e-01 4.595516413248806886e-01 3.000000000000000000e+00 9.300000000000000000e+01 4.000000000000000000e+00
5.358070137109382375e-02 1.140019299532675001e+00 1.500000000000000000e+01 8.500000000000000000e+01 4.000000000000000000e+00
4.853681422081097541e-01 1.711496008658878409e+00 1.200000000000000000e+01 7.100000000000000000e+01 4.000000000000000000e+00
1.006724277537393020e+00 1.097759660423723416e+00 9.000000000000000000e+00 1.400000000000000000e+01 4.000000000000000000e+00
3.389371625302147750e-01 1.264375413750050248e+00 1.100000000000000000e+01 1.660000000000000000e+02 4.000000000000000000e+00
8.648231840078476340e-01 4.558031922359987442e-01 8.000000000000000000e+00 1.500000000000000000e+01 4.000000000000000000e+00
2.174506696838420794e-01 1.263134688070202127e+00 8.000000000000000000e+00 1.600000000000000000e+01 4.000000000000000000e+00
7.020608399654313381e-01 1.758090682742192490e+00 1.000000000000000000e+00 1.900000000000000000e+02 4.000000000000000000e+00
2.457597597925882393e-01 7.456359195200713552e-01 7.000000000000000000e+00 1.010000000000000000e+02 4.000000000000000000e+00
5.433385668741388397e-01 5.439204094678048440e-01 1.600000000000000000e+01 1.670000000000000000e+02 4.000000000000000000e+00
7.316420766062977643e-01 5.990556624141211151e-01 2.000000000000000000e+01 1.040000000000000000e+02 4.000000000000000000e+00
1.618311564884128417e-01 1.973564361301008763e+00 3.000000000000000000e+00 1.290000000000000000e+02 4.000000000000000000e+00
1.168587308101031418e-02 1.312151285610811513e+00 1.300000000000000000e+01 3.900000000000000000e+01 4.000000000000000000e+00
8.037979164818896960e-01 5.592564909121237049e-01 5.000000000000000000e+00 1.220000000000000000e+02 4.000000000000000000e+00
8.219134562885239692e-01 1.520356248656655085e+00 1.200000000000000000e+01 6.700000000000000000e+01 4.000000000000000000e+00
8.033211357618521564e-01 1.916662445810456694e-01 8.000000000000000000e+00 9.100000000000000000e+01 4.000000000000000000e+00
6.334050168931899538e-01 1.897745889088618076e+00 6.000000000000000000e+00 5.000000000000000000e+01 4.000000000000000000e+00
3.785087815047070148e-01 1.138126464600779819e+00 1.900000000000000000e+01 1.640000000000000000e+02 4.000000000000000000e+00
5.788548394989240231e-01 3.104002310418779720e-01 1.400000000000000000e+01 1.290000000000000000e+02 4.000000000000000000e+00
4.944423267123588817e-01 1.475670465512115781e+00 1.000000000000000000e+01 1.480000000000000000e+02 4.000000000000000000e+00
1.013036941923021045e-01 9.371397387829877301e-01 1.200000000000000000e+01 1.200000000000000000e+01 4.000000000000000000e+00
3.962311936800194667e-01 1.024283584441405770e+00 1.800000000000000000e+01 7.000000000000000000e+01 4.000000000000000000e+00
2.257447902903497033e-02 1.082484598956057198e+00 1.500000000000000000e+01 1.800000000000000000e+01 4.000000000000000000e+00
7.056796349706547788e-01 1.713668073322416108e+00 1.000000000000000000e+01 1.540000000000000000e+02 4.000000000000000000e+00
2.678737699563538133e-01 1.746817165625544066e-01 1.200000000000000000e+01 6.700000000000000000e+01 4.000000000000000000e+00
7.629234424419955030e-01 4.818697593108786092e-01 2.000000000000000000e+00 1.770000000000000000e+02 4.000000000000000000e+00
9.871644027487259665e-01 1.291040526657379672e+00 1.800000000000000000e+01 8.900000000000000000e+01 4.000000000000000000e+00
1.008988669425458923e-01 1.647798427424731482e+00 1.900000000000000000e+01 8.300000000000000000e+01 4.000000000000000000e+00
3.147844880951090607e-01 1.551211905429346505e+00 2.000000000000000000e+00 5.200000000000000000e+01 4.000000000000000000e+00
7.775263099345551820e-01 6.823375640550383148e-01 4.000000000000000000e+00 1.950000000000000000e+02 4.000000000000000000e+00
8.379311869788281797e-01 8.975552407880932337e-01 7.000000000000000000e+00 1.450000000000000000e+02 4.000000000000000000e+00
3.647052202518568098e-01 1.787873457981899561e+00 1.600000000000000000e+01 1.430000000000000000e+02 4.000000000000000000e+00
2.550445906458903567e-01 1.255345569321281607e+00 1.100000000000000000e+01 3.000000000000000000e+00 4.000000000000000000e+00
