-1.314655664744804824e+02
-1.257397953449233228e+02
-1.211795122946773375e+02
-1.216117362170823384e+02
-1.229465079203837519e+02
-8.974722495366967223e+01
-8.793622701512229867e+01
-8.547301605384024015e+01
-8.536488271025544350e+01
-8.664788588028444849e+01
-1.325781111775908983e+02
-1.273595247990914885e+02
-1.229246671676884120e+02
-1.233745968929454051e+02
-1.245843425945494971e+02
-1.312318083325413625e+02
-1.260241699790802414e+02
-1.216075412253659067e+02
-1.220958602379327544e+02
-1.233931400082541217e+02
-1.286996597671135873e+02
-1.233436909701371036e+02
-1.189786386578847583e+02
-1.195228296353437116e+02
-1.208120410681112702e+02
-1.030111523334141737e+02
-1.014172951694929594e+02
-9.932432671235584110e+01
-9.900790575260718640e+01
-1.002795628230820171e+02
-1.330967933594528176e+02
-1.278400485110653904e+02
-1.235614915628821251e+02
-1.239422466431974357e+02
-1.251434345373678667e+02
-1.330474804636992587e+02
-1.278070702289695362e+02
-1.235182482135823676e+02
-1.239133651240195348e+02
-1.251035865178961899e+02
-1.330749910267100233e+02
-1.277889566365281553e+02
-1.232664506959976620e+02
-1.237326932850727417e+02
-1.249476184943427199e+02
-1.102945928187959623e+02
-1.074729639242731309e+02
-1.044359161128130040e+02
-1.045006674900638188e+02
-1.061523673282738827e+02
-1.330670524245892352e+02
-1.278160567291132423e+02
-1.235280070523917715e+02
-1.239094196812988713e+02
-1.251096726930233842e+02
-1.330962657793442929e+02
-1.278391448655081319e+02
-1.235607568431545502e+02
-1.239414908608974741e+02
-1.251433339788148942e+02
-9.423397373356783646e+01
-9.239731149693267298e+01
-9.026012798023684525e+01
-8.959350320365658149e+01
-9.111084648480446901e+01
-8.913494209049380856e+01
-8.791158454309324100e+01
-8.570853573110299806e+01
-8.550821256736875853e+01
-8.695906015522596988e+01
-1.090881123911673143e+02
-1.061881992499548346e+02
-1.034440329387464601e+02
-1.036926530588428079e+02
-1.052132841425817560e+02
-1.330970153316085600e+02
-1.278397413994425449e+02
-1.235611799588032085e+02
-1.239422403118981748e+02
-1.251432535200528235e+02
-9.079385053118909354e+01
-8.926341840759526747e+01
-8.740659367017833858e+01
-8.655213511754067213e+01
-8.799904055450149087e+01
-9.564385201102140854e+01
-9.378292894526371981e+01
-9.153780704805770085e+01
-9.111046226695911798e+01
-9.256971431917192206e+01
-9.253173764484668595e+01
-9.046313456034145872e+01
-8.856857100875978972e+01
-8.795337527445852288e+01
-8.936635726345697606e+01
-1.330967089579776825e+02
-1.278400494215279508e+02
-1.235614989130430246e+02
-1.239422754388699133e+02
-1.251434357196467460e+02
-9.079358732566691970e+01
-8.884913989243990784e+01
-8.676480866077835685e+01
-8.652691956968222087e+01
-8.788554049374232591e+01
-1.330922298998760880e+02
-1.278323198524155941e+02
-1.235487629320947747e+02
-1.239363436033574573e+02
-1.251344552866251831e+02
-1.330950599116422097e+02
-1.278389362257439643e+02
-1.235606448098060355e+02
-1.239401267688175352e+02
-1.251416259542511398e+02
-9.384678136963837858e+01
-9.188558417175836723e+01
-8.977284665992326040e+01
-8.946611653216234572e+01
-9.090010206073900179e+01
-1.330967332051808398e+02
-1.278401115680826621e+02
-1.235612813558669245e+02
-1.239419082156126848e+02
-1.251433786408698126e+02
-8.982422327528144024e+01
-8.759881142433016521e+01
-8.545359414386977903e+01
-8.462452794328491734e+01
-8.633716847680163653e+01
-1.265317743984292349e+02
-1.213221092223761417e+02
-1.170095715311876035e+02
-1.176602404933941841e+02
-1.190331704826784716e+02
-1.273299375452158415e+02
-1.224410131286559249e+02
-1.183101193627257715e+02
-1.188220770691999633e+02
-1.203575961384962199e+02
-1.330969501791460345e+02
-1.278399591188777720e+02
-1.235616070805149747e+02
-1.239422879016087222e+02
-1.251435116624187032e+02
-1.329765711713746157e+02
-1.277197337143350211e+02
-1.233943107023987693e+02
-1.238350826269513050e+02
-1.250178598814065083e+02
-1.330467343501490802e+02
-1.278014164144153426e+02
-1.235211907373171130e+02
-1.238946914666501726e+02
-1.250916140304453563e+02
-9.042710456685304621e+01
-8.863528589783757639e+01
-8.660328102537587824e+01
-8.588938701552207533e+01
-8.722460540442963861e+01
-9.682616266366940749e+01
-9.345450330004352679e+01
-9.179631699679322310e+01
-9.179773492937307822e+01
-9.390160458039660796e+01
-1.330899170267881004e+02
-1.278323648008864666e+02
-1.235425005025397667e+02
-1.239114310794010407e+02
-1.251236673213844028e+02
-1.330968004356621179e+02
-1.278400575867509161e+02
-1.235614462259262183e+02
-1.239422498879568195e+02
-1.251434303420769396e+02
-1.036069207401764345e+02
-1.010050665006355359e+02
-9.848435046795380288e+01
-9.839098017414781339e+01
-9.996759647419217742e+01
-1.330910412788902022e+02
-1.278313002711367545e+02
-1.235478865994928981e+02
-1.239379085750443892e+02
-1.251273412100855040e+02
-1.330941344992759525e+02
-1.278353414104468158e+02
-1.235569291086144261e+02
-1.239392420693068715e+02
-1.251374499205151665e+02
-1.330914208446737916e+02
-1.278297040391131532e+02
-1.235460863866528314e+02
-1.239226442071070551e+02
-1.251289319800385584e+02
-1.168443931614556277e+02
-1.132019857230104947e+02
-1.094792979829585704e+02
-1.099769852248260236e+02
-1.120398707977477955e+02
-1.062189421468398507e+02
-1.032820914310943436e+02
-1.007764595263779199e+02
-1.006496120668572303e+02
-1.026984728792376416e+02
-9.144784670412062155e+01
-8.885897807270137605e+01
-8.695202821319210784e+01
-8.663708625104267469e+01
-8.838821082195489964e+01
-1.312813677181798084e+02
-1.256773146523310487e+02
-1.212381726264336663e+02
-1.219787567618456166e+02
-1.232488239229998470e+02
-1.301732278056610426e+02
-1.248530049727389013e+02
-1.204021955441649965e+02
-1.207638440298273110e+02
-1.220776825341161214e+02
-1.330968012385789336e+02
-1.278400695682870349e+02
-1.235615267458211548e+02
-1.239422843260941107e+02
-1.251434588269696491e+02
-1.324141722491881126e+02
-1.271609398341538792e+02
-1.224815169384765028e+02
-1.229432554754058344e+02
-1.241875533886901906e+02
-1.330968282734402237e+02
-1.278400375787924332e+02
-1.235615299590096612e+02
-1.239422146007441228e+02
-1.251434174986642631e+02
-9.060430940979632908e+01
-8.869491592209233488e+01
-8.669067316092908015e+01
-8.614230591138857562e+01
-8.774270718556678617e+01
-1.330944778400885298e+02
-1.278391182194595501e+02
-1.235596964298795370e+02
-1.239360460207368249e+02
-1.251426518894880360e+02
-1.330968020135204881e+02
-1.278400020954184839e+02
-1.235613933656916288e+02
-1.239423203008657310e+02
-1.251433382871728810e+02
