-1.273787468342705012e+02
-9.344344808790432921e+01
-1.311015449373079207e+02
-9.000808098172041127e+01
-9.882329289779406167e+01
-1.330943924392063877e+02
-1.321095459464241344e+02
-1.201383853338308541e+02
-1.330026566444759339e+02
-1.330961639942640886e+02
-1.311189737631810317e+02
-1.330963701030297557e+02
-1.022583517449396453e+02
-1.035039934656800682e+02
-9.107624095350165305e+01
-1.314841764023369706e+02
-1.031975046329600474e+02
-1.216498778745544200e+02
-1.328151180947827470e+02
-1.330958524753723111e+02
-9.220765470603704728e+01
-1.326993827078144648e+02
-1.330964785244729001e+02
-1.330968499857027041e+02
-1.064493297097809545e+02
-1.183833536571571017e+02
-1.330968793664037264e+02
-1.330968020447962772e+02
-1.330909505457018724e+02
-9.041374084005116174e+01
-1.328726440512273257e+02
-1.330869299889868671e+02
-1.001787903231695793e+02
-9.612861588051615058e+01
-1.330941160208456324e+02
-1.027387194017682930e+02
-9.111506421945335887e+01
-1.330923654805412752e+02
-1.330967249649997370e+02
-1.326651616707798098e+02
-1.288266372194004532e+02
-1.330966251287304090e+02
-9.116287632279856723e+01
-1.092787253327250028e+02
-1.255671876045412887e+02
-1.156272222019466085e+02
-1.140384186093517513e+02
-1.034486780464130931e+02
-1.153520519417438663e+02
-1.330200538665906720e+02
-1.278395295865053924e+02
-1.038265150055843122e+02
-9.064434487603710977e+01
-9.354603552095865382e+01
-1.278401353868627410e+02
-1.195515735158219712e+02
-8.795030842021819240e+01
-1.278373493454802485e+02
-1.278408735678498829e+02
-9.742244541341086972e+01
-1.275421737429649198e+02
-1.278399818154303205e+02
-1.274763743009226431e+02
-1.024554211408923834e+02
-1.164523906537097844e+02
-1.265801426955993634e+02
-1.278365446918259209e+02
-1.000242422561141495e+02
-1.278400844561123932e+02
-9.515464782783881503e+01
-1.278400265501014701e+02
-9.856498304500560437e+01
-1.006683950355010069e+02
-1.278148608039719960e+02
-1.278338984575934347e+02
-1.015661393987445962e+02
-1.278399196832670413e+02
-1.278402913965400103e+02
-1.177241579589728673e+02
-1.278385969445529895e+02
-1.277724495210076157e+02
-1.277492162110553267e+02
-8.849657803918788090e+01
-1.278399054457732831e+02
-9.461789249695581816e+01
-1.278044088561665887e+02
-1.278344825565384042e+02
-1.205023271698651683e+02
-9.512048936881170391e+01
-1.196764992684874755e+02
-1.278401529770411855e+02
-1.162751166038758441e+02
-8.999005290534836377e+01
-9.316133375177129494e+01
-9.162043619483777945e+01
-1.275627897960659425e+02
-1.191163734458777981e+02
-1.278396689533256847e+02
-1.272534300387937662e+02
-1.129565161885885090e+02
-1.235092846032383136e+02
-1.235604690382094049e+02
-1.235615116004831862e+02
-1.235615151759467381e+02
-1.144943409868332935e+02
-1.164974366295946879e+02
-1.235615199472219814e+02
-1.072943945685498761e+02
-1.147054955376454899e+02
-1.235616587643423259e+02
-9.194179688605575507e+01
-1.235614891962620447e+02
-1.232768905607042740e+02
-1.122066731675232916e+02
-1.227810313417581227e+02
-1.234789209346117218e+02
-1.100867058662968958e+02
-1.235069114170064779e+02
-1.157479464539940608e+02
-1.235615584633901705e+02
-1.232988554246107640e+02
-1.235614316273827313e+02
-1.076325315922770756e+02
-1.187922177124905545e+02
-8.737119767639724444e+01
-1.142793564395612691e+02
-1.235615155045685327e+02
-1.140363842235054648e+02
-1.224673881690208503e+02
-1.235614466743411270e+02
-1.234619344622780659e+02
-9.009890140971128858e+01
-8.775012975200584719e+01
-8.766726363040547199e+01
-1.235614669008231061e+02
-1.036484346186585839e+02
-8.894029526194903212e+01
-1.159815962084217063e+02
-1.228711271772006626e+02
-1.235609795028970552e+02
-1.235615006439287669e+02
-1.235612888653733705e+02
-1.235571398520659727e+02
-1.220091014840426027e+02
-1.223747263458584200e+02
-1.229684047199299357e+02
-9.344810883052400641e+01
-1.235396978346151116e+02
-1.235577687498995942e+02
-1.235608375784845236e+02
-1.239422845913049116e+02
-1.239422809256619473e+02
-9.941805506031748507e+01
-1.127173509571261860e+02
-9.215818730758783772e+01
-8.991631835922684957e+01
-8.945064417869552642e+01
-1.190170457935635966e+02
-1.239417233982069888e+02
-8.592291181755803109e+01
-9.799157110640719281e+01
-8.962164961284602782e+01
-1.041531220175855026e+02
-1.227236273510881688e+02
-1.239422665188991886e+02
-1.032673522997046121e+02
-1.239422833405328817e+02
-1.123438742029509712e+02
-1.150683078341944565e+02
-1.035713021174657626e+02
-1.236422842300441687e+02
-1.239370645938397786e+02
-1.239422913299074764e+02
-1.239380926792572382e+02
-1.233584900825864565e+02
-8.854587563952385665e+01
-1.064955536764628903e+02
-1.196554980213260677e+02
-1.222042256077522637e+02
-1.238654463974348658e+02
-1.239422475352444479e+02
-9.090257977270164247e+01
-1.239345780348292152e+02
-1.236081582151597331e+02
-1.206677343156456175e+02
-1.077303730377772126e+02
-1.239042728753195775e+02
-1.111171661551408505e+02
-1.236587636648564796e+02
-1.239423027790056011e+02
-1.231781441159960764e+02
-1.225852450387756818e+02
-1.238850166362101390e+02
-9.427936974645197665e+01
-1.239192385406343533e+02
-1.239254896727432111e+02
-8.720384875709584094e+01
-1.239373615476755646e+02
-9.941319441941590185e+01
-1.237583182533524138e+02
-1.200612486274143009e+02
-1.251431593632159007e+02
-9.290594977699463186e+01
-1.251417274534030639e+02
-1.162567141629379250e+02
-1.186237097462994967e+02
-1.251433083128302286e+02
-1.251370306719492760e+02
-9.124968248069392018e+01
-1.241232178265772035e+02
-1.251331322837044411e+02
-1.251434485345604060e+02
-1.251433988188921802e+02
-1.079813715320749452e+02
-1.251289271319761696e+02
-9.268751149849133242e+01
-1.251290088685612432e+02
-1.021326093358061939e+02
-1.250535001338207053e+02
-8.992431159093669635e+01
-1.251435013560856788e+02
-1.251401015816865794e+02
-1.251434464513835962e+02
-9.136332856157197568e+01
-1.215489645352261476e+02
-1.201843490089867288e+02
-1.251431228091899612e+02
-1.226710452824977722e+02
-1.251418377750000275e+02
-1.119842235415527796e+02
-1.231568914294090860e+02
-1.251386108076390400e+02
-1.044391549587715247e+02
-1.225049951464921776e+02
-1.180676030997937573e+02
-8.916280489254288000e+01
-1.072214950746058122e+02
-1.251431574988417310e+02
-9.738146870399027932e+01
-1.227936015797965581e+02
-1.251432999845977889e+02
-1.251434774155073342e+02
-1.251434550422731746e+02
-1.250952417602067044e+02
-1.077475991039913481e+02
-1.226350816784988638e+02
-1.251412137358220491e+02
-1.251360504831393570e+02
-1.251434565064265598e+02
-1.251434574497171752e+02
