9.941918505425767494e-01 3.434122660146533779e+00 2.000000000000000000e+00 4.200000000000000000e+01 3.000000000000000000e+00
6.837016246691375310e-01 2.063904172145245575e+00 1.200000000000000000e+01 1.930000000000000000e+02 2.000000000000000000e+00
3.644464646410235931e-01 8.233659531820604727e+00 2.000000000000000000e+00 4.700000000000000000e+01 0.000000000000000000e+00
2.578495535112610426e-01 4.686113251462137974e+00 4.000000000000000000e+00 1.720000000000000000e+02 3.000000000000000000e+00
8.873014214970876834e-01 4.016584611674081096e+00 8.000000000000000000e+00 1.000000000000000000e+01 0.000000000000000000e+00
3.361334203503100193e-01 1.000951102437712681e+00 6.000000000000000000e+00 1.020000000000000000e+02 0.000000000000000000e+00
8.442177499238340266e-01 1.062116049420304131e+00 3.000000000000000000e+00 3.300000000000000000e+01 1.000000000000000000e+00
6.575450820972802424e-01 5.595039883673453396e+00 1.700000000000000000e+01 1.920000000000000000e+02 0.000000000000000000e+00
8.597405418906123309e-01 2.753173182243324746e+00 1.300000000000000000e+01 3.000000000000000000e+01 1.000000000000000000e+00
4.508683209995250074e-01 8.908853824948803179e+00 8.000000000000000000e+00 6.800000000000000000e+01 3.000000000000000000e+00
7.463577049532350571e-01 7.226400374016706429e+00 1.200000000000000000e+01 5.400000000000000000e+01 2.000000000000000000e+00
4.567196893796209717e-02 2.973122894251266635e-01 8.000000000000000000e+00 1.890000000000000000e+02 2.000000000000000000e+00
3.377968712440130306e-01 5.730166333649552968e+00 1.600000000000000000e+01 7.100000000000000000e+01 0.000000000000000000e+00
7.557170471253955579e-01 7.395678878198995498e+00 4.000000000000000000e+00 1.430000000000000000e+02 0.000000000000000000e+00
1.000191119682065422e+00 9.734837385634209639e+00 4.000000000000000000e+00 1.950000000000000000e+02 2.000000000000000000e+00
5.601953349456336717e-01 9.982616712174435136e+00 1.500000000000000000e+01 3.700000000000000000e+01 2.000000000000000000e+00
5.192546158582088678e-01 3.597724373440119638e+00 1.000000000000000000e+01 9.700000000000000000e+01 2.000000000000000000e+00
9.413197157829523709e-01 2.141821553226956887e+00 1.400000000000000000e+01 5.700000000000000000e+01 2.000000000000000000e+00
4.111665003370610361e-01 4.821966252920207197e+00 1.200000000000000000e+01 1.990000000000000000e+02 3.000000000000000000e+00
1.478273725652099468e-01 7.352027196117111529e+00 2.000000000000000000e+00 1.840000000000000000e+02 2.000000000000000000e+00
5.957367364151133771e-01 1.665257160216990773e+00 6.000000000000000000e+00 1.450000000000000000e+02 3.000000000000000000e+00
7.960760282171563951e-01 1.753381795852591019e+00 1.100000000000000000e+01 2.000000000000000000e+00 2.000000000000000000e+00
7.543375639629439355e-01 2.692537633648288686e+00 1.100000000000000000e+01 1.780000000000000000e+02 1.000000000000000000e+00
7.622430989812297719e-01 1.389241766703567249e+00 1.900000000000000000e+01 1.900000000000000000e+02 2.000000000000000000e+00
3.542097143483634997e-02 1.865811550148811504e+00 1.700000000000000000e+01 1.500000000000000000e+02 3.000000000000000000e+00
9.774628562051430603e-01 2.923137751386960748e+00 9.000000000000000000e+00 3.900000000000000000e+01 0.000000000000000000e+00
8.363006910958564744e-01 3.821568539121712238e+00 2.000000000000000000e+00 1.170000000000000000e+02 1.000000000000000000e+00
4.789814502834114363e-01 1.983884783417279030e+00 8.000000000000000000e+00 1.900000000000000000e+02 3.000000000000000000e+00
1.627355716683979159e-01 1.164243625492777101e-01 7.000000000000000000e+00 1.500000000000000000e+01 3.000000000000000000e+00
4.686208016166364398e-01 4.881296817903501006e-01 7.000000000000000000e+00 3.100000000000000000e+01 3.000000000000000000e+00
7.433267576792541576e-01 6.893038828768300874e+00 1.000000000000000000e+01 2.600000000000000000e+01 2.000000000000000000e+00
1.560934696865831084e-01 5.452733224737403184e+00 1.400000000000000000e+01 1.110000000000000000e+02 1.000000000000000000e+00
9.721729682809860940e-01 7.477940718895341732e+00 2.000000000000000000e+01 1.500000000000000000e+02 0.000000000000000000e+00
9.465693181220592445e-01 3.373935457799423165e+00 1.900000000000000000e+01 1.570000000000000000e+02 2.000000000000000000e+00
8.587060747091458390e-01 8.832713874879232208e+00 6.000000000000000000e+00 1.140000000000000000e+02 0.000000000000000000e+00
1.607343613169164298e-01 2.741362681044111627e-01 1.600000000000000000e+01 1.620000000000000000e+02 0.000000000000000000e+00
4.448124973151564854e-01 4.132176360445393826e+00 5.000000000000000000e+00 1.540000000000000000e+02 1.000000000000000000e+00
3.438062564480275363e-01 4.566288656035865090e-01 1.000000000000000000e+01 1.190000000000000000e+02 2.000000000000000000e+00
2.320361669162230855e-01 3.743694727210537199e+00 4.000000000000000000e+00 1.540000000000000000e+02 0.000000000000000000e+00
5.376519550888900767e-01 7.638577312415730347e+00 3.000000000000000000e+00 1.610000000000000000e+02 3.000000000000000000e+00
7.020745816727803623e-01 1.202066672343692355e+00 3.000000000000000000e+00 1.440000000000000000e+02 2.000000000000000000e+00
9.987998532308265398e-01 9.482004491402056701e+00 1.100000000000000000e+01 2.300000000000000000e+01 3.000000000000000000e+00
5.105600304174201520e-01 6.928273132428945047e+00 2.000000000000000000e+01 1.800000000000000000e+02 2.000000000000000000e+00
4.974321975327669065e-01 2.331303398112605230e+00 1.000000000000000000e+00 4.400000000000000000e+01 0.000000000000000000e+00
4.085822705894927021e-01 5.191902523423853388e+00 5.000000000000000000e+00 1.240000000000000000e+02 0.000000000000000000e+00
9.764550880479460071e-01 2.167867160603635934e+00 1.200000000000000000e+01 1.720000000000000000e+02 3.000000000000000000e+00
5.256080038658744735e-01 5.822760306112003903e+00 1.600000000000000000e+01 4.200000000000000000e+01 2.000000000000000000e+00
8.972094617627812685e-01 7.003907553064756542e+00 2.000000000000000000e+01 1.860000000000000000e+02 2.000000000000000000e+00
4.519325166003589356e-01 7.337532247524892526e+00 1.000000000000000000e+00 2.000000000000000000e+02 3.000000000000000000e+00
7.125915966708272486e-02 4.300247028702918195e-01 1.000000000000000000e+00 1.320000000000000000e+02 1.000000000000000000e+00
1.961371989978216990e-01 3.032046456658398226e-01 2.000000000000000000e+01 1.300000000000000000e+02 1.000000000000000000e+00
1.700660668041300561e-01 6.120642622948077038e-01 1.100000000000000000e+01 1.300000000000000000e+02 2.000000000000000000e+00
1.873937271497930768e-01 6.409390895732579585e-01 2.000000000000000000e+01 4.100000000000000000e+01 1.000000000000000000e+00
1.968858918680296277e-01 9.363409098085312410e-01 1.100000000000000000e+01 1.400000000000000000e+01 2.000000000000000000e+00
2.523215378242578411e-02 8.521269153136744601e-01 3.000000000000000000e+00 3.300000000000000000e+01 2.000000000000000000e+00
1.466987755214474720e-01 9.947341471595654294e-01 6.000000000000000000e+00 1.620000000000000000e+02 2.000000000000000000e+00
1.468613826172414094e-01 9.629524171784139552e-01 1.700000000000000000e+01 2.600000000000000000e+01 1.000000000000000000e+00
1.880947930171738003e-01 1.785128467736214752e-01 1.800000000000000000e+01 3.700000000000000000e+01 2.000000000000000000e+00
1.549501152830045081e-01 5.027573589848272073e-01 3.000000000000000000e+00 5.700000000000000000e+01 1.000000000000000000e+00
1.333086364477204522e-01 6.284399791665631341e-01 1.600000000000000000e+01 1.500000000000000000e+02 2.000000000000000000e+00
1.327147867669106751e-01 1.019890875459239510e+00 1.700000000000000000e+01 1.850000000000000000e+02 2.000000000000000000e+00
1.201004414979743029e-01 7.367216543202816936e-01 1.300000000000000000e+01 1.500000000000000000e+02 2.000000000000000000e+00
5.124088166116668765e-03 1.025804589442638415e+00 5.000000000000000000e+00 5.000000000000000000e+01 1.000000000000000000e+00
1.557761577690668434e-02 2.101873538911613049e-01 1.900000000000000000e+01 5.000000000000000000e+01 0.000000000000000000e+00
2.654837503772906893e-02 3.309700805036991378e-01 1.900000000000000000e+01 1.160000000000000000e+02 1.000000000000000000e+00
7.126869185538863873e-03 1.056893933364435600e+00 1.900000000000000000e+01 1.460000000000000000e+02 0.000000000000000000e+00
6.182782571105538243e-03 1.002689452575812767e+00 8.000000000000000000e+00 1.820000000000000000e+02 2.000000000000000000e+00
7.587229644021331598e-02 6.601079793485169489e-01 1.300000000000000000e+01 2.200000000000000000e+01 1.000000000000000000e+00
3.330557242105682686e-02 2.643194514386809635e-01 2.000000000000000000e+00 4.100000000000000000e+01 2.000000000000000000e+00
6.318158332581205738e-02 6.380602961570603915e-01 6.000000000000000000e+00 7.800000000000000000e+01 2.000000000000000000e+00
8.063101483651380352e-02 8.483827378358337334e-01 1.900000000000000000e+01 2.100000000000000000e+01 1.000000000000000000e+00
1.420718923997705760e-02 1.054304458084105445e+00 2.000000000000000000e+00 8.600000000000000000e+01 2.000000000000000000e+00
1.868713187137151233e-01 6.914407228015653217e-01 5.000000000000000000e+00 4.700000000000000000e+01 1.000000000000000000e+00
1.178639658900157150e-01 9.259012863099524981e-01 1.100000000000000000e+01 9.800000000000000000e+01 3.000000000000000000e+00
1.105978547094668696e-01 3.147041322615288239e-01 1.000000000000000000e+00 8.900000000000000000e+01 2.000000000000000000e+00
1.477914840354636883e-01 2.375924769813908821e-01 1.300000000000000000e+01 3.300000000000000000e+01 1.000000000000000000e+00
1.925006334569755173e-01 1.273929097742377003e-01 4.000000000000000000e+00 1.500000000000000000e+02 3.000000000000000000e+00
1.643287297495476251e-01 4.341505341280565977e-01 2.000000000000000000e+00 1.440000000000000000e+02 2.000000000000000000e+00
1.992221057243061533e-01 9.329946815243679303e-01 2.000000000000000000e+00 1.170000000000000000e+02 2.000000000000000000e+00
1.543617168824065050e-02 2.687834731263886168e-01 2.000000000000000000e+01 5.600000000000000000e+01 2.000000000000000000e+00
9.969525048379285215e-02 2.430837176918717868e-01 6.000000000000000000e+00 8.700000000000000000e+01 3.000000000000000000e+00
1.600792495944236282e-01 9.925096067761440821e-01 6.000000000000000000e+00 7.100000000000000000e+01 3.000000000000000000e+00
2.816247510045846378e-02 1.081157386230981121e+00 4.000000000000000000e+00 1.000000000000000000e+02 1.000000000000000000e+00
4.584514499147909761e-02 9.123428551495847971e-01 5.000000000000000000e+00 4.500000000000000000e+01 1.000000000000000000e+00
1.982894470145760146e-01 1.446687483299418375e-01 9.000000000000000000e+00 1.880000000000000000e+02 3.000000000000000000e+00
2.706214648586357553e-03 6.660534931526786995e-01 1.000000000000000000e+00 1.060000000000000000e+02 1.000000000000000000e+00
3.935569559044081039e-02 7.917385918666461908e-01 5.000000000000000000e+00 1.130000000000000000e+02 1.000000000000000000e+00
1.984786659249032914e-01 2.950819789377822078e-01 1.600000000000000000e+01 1.680000000000000000e+02 0.000000000000000000e+00
1.929325789928734436e-01 9.938336752131262664e-01 9.000000000000000000e+00 1.950000000000000000e+02 1.000000000000000000e+00
2.078018166031259106e-02 1.278579130416156728e-01 1.000000000000000000e+01 1.600000000000000000e+02 3.000000000000000000e+00
3.912067709649751784e-02 2.585813352344420446e-01 1.600000000000000000e+01 8.300000000000000000e+01 0.000000000000000000e+00
1.888486193035241179e-01 4.769842230806224936e-01 3.000000000000000000e+00 1.340000000000000000e+02 1.000000000000000000e+00
7.815983544954451662e-03 3.023160205355207575e-01 6.000000000000000000e+00 7.900000000000000000e+01 3.000000000000000000e+00
1.333468989998464480e-03 7.783929573744027275e-01 1.000000000000000000e+00 2.100000000000000000e+01 2.000000000000000000e+00
1.185326600877758541e-01 8.914339573381266923e-01 1.000000000000000000e+00 4.900000000000000000e+01 2.000000000000000000e+00
1.228391308868875681e-01 5.159149427006511912e-01 6.000000000000000000e+00 1.260000000000000000e+02 2.000000000000000000e+00
8.374377299731693147e-03 8.831047452253801833e-01 1.500000000000000000e+01 8.900000000000000000e+01 1.000000000000000000e+00
