-1.330968548730303667e+02
-1.278401018241406319e+02
-1.235615141777419552e+02
-1.239422850857551310e+02
-1.251434369528441124e+02
-1.321855062756068264e+02
-1.267001087889300521e+02
-1.222583089133436829e+02
-1.227055112993027137e+02
-1.239840258805858326e+02
-9.517859669599921801e+01
-9.340777522331904947e+01
-9.122359448552244032e+01
-9.071437121267186399e+01
-9.214155642735669005e+01
-1.330967145950363033e+02
-1.278401673238938514e+02
-1.235614498979547022e+02
-1.239421740755213648e+02
-1.251436043388478652e+02
-1.330731760196017035e+02
-1.278128827570424306e+02
-1.235342252142308581e+02
-1.239200372771684329e+02
-1.251117176504825750e+02
-1.330967520354323028e+02
-1.278397151686603053e+02
-1.235608506554462167e+02
-1.239417000329010108e+02
-1.251426055468282783e+02
-1.011094826893531149e+02
-9.886306730692449207e+01
-9.651134347009760006e+01
-9.637485873929190916e+01
-9.771697746895074488e+01
-9.885008912680690685e+01
-9.691821772402965962e+01
-9.434743171339304979e+01
-9.416694773812656649e+01
-9.557528829512833113e+01
-1.294896083902807220e+02
-1.242074538488969608e+02
-1.198671193823053613e+02
-1.203864308158900940e+02
-1.217898774107992779e+02
-1.085219658942763630e+02
-1.058014162323917162e+02
-1.030463160592875056e+02
-1.032088016466100129e+02
-1.048693370147854296e+02
-9.405410892451963889e+01
-9.237122119756303107e+01
-8.990606413180718448e+01
-8.943490066106193126e+01
-9.090378421897791839e+01
-1.167738600275422840e+02
-1.135500583125596279e+02
-1.102472370478024573e+02
-1.105879590174487959e+02
-1.124182243013063527e+02
-1.330961346651487531e+02
-1.278402004891548103e+02
-1.235610858895364856e+02
-1.239419471068402743e+02
-1.251428095386061017e+02
-1.293658993199587428e+02
-1.237597807499809903e+02
-1.195341414386029868e+02
-1.200304558953584149e+02
-1.214309178597529950e+02
-9.154940375608885006e+01
-8.928028079187620847e+01
-8.774008673142994041e+01
-8.679673430657575750e+01
-8.856965938885589651e+01
-9.672063552702202571e+01
-9.484916347717921781e+01
-9.239018125719472607e+01
-9.210056823561689043e+01
-9.358275830628863901e+01
-1.330968459499412404e+02
-1.278399092036754894e+02
-1.235614418715177152e+02
-1.239421656673948036e+02
-1.251434455814487023e+02
-1.330965235878413750e+02
-1.278399657395120386e+02
-1.235612610552576598e+02
-1.239417059143100914e+02
-1.251431504185684247e+02
-9.098502858372806656e+01
-8.895741608977768067e+01
-8.712998729503969741e+01
-8.683512671535240202e+01
-8.804105360294539651e+01
-1.233863825939012457e+02
-1.191663884568242366e+02
-1.153038519071513406e+02
-1.158137466691987498e+02
-1.174936872674182240e+02
-1.302290092987351784e+02
-1.242863633209406089e+02
-1.198758639268734782e+02
-1.203128600212575350e+02
-1.216637530093041590e+02
-1.330966831317444701e+02
-1.278401456774424787e+02
-1.235615050620770887e+02
-1.239417371621904351e+02
-1.251430684294480074e+02
-1.330951086290197054e+02
-1.278401277287080688e+02
-1.235608267001450997e+02
-1.239420139466574255e+02
-1.251431855549157035e+02
-1.330665340979702478e+02
-1.278142218642188652e+02
-1.235251999653482073e+02
-1.239082782837706418e+02
-1.251143456788587969e+02
-9.822665520779312942e+01
-9.623237832231184541e+01
-9.378042870637321471e+01
-9.348288460147628598e+01
-9.490459826036710922e+01
-1.330932631249880558e+02
-1.278367481649911781e+02
-1.235511432130411009e+02
-1.239378346445654984e+02
-1.251422338971369612e+02
-1.330967798805752977e+02
-1.278400874587992035e+02
-1.235615499654065133e+02
-1.239422766822106041e+02
-1.251434300733374414e+02
-1.330968103915619736e+02
-1.278400516653195922e+02
-1.235615101914500542e+02
-1.239422802657230420e+02
-1.251434494421240089e+02
-1.006330067726659792e+02
-9.818371262923496090e+01
-9.588875383489418880e+01
-9.554715002253524858e+01
-9.687659164042558757e+01
-1.169141072767290126e+02
-1.130525580764546874e+02
-1.095369606111963350e+02
-1.097305004480513020e+02
-1.113572285868163334e+02
-1.068345350600194479e+02
-1.041873593519179622e+02
-1.013787150777110639e+02
-1.014561977478812622e+02
-1.031877768511018019e+02
-1.160191553461056060e+02
-1.125444044766466902e+02
-1.092163781472132058e+02
-1.096789590313501037e+02
-1.114258566246370918e+02
-1.301592935593644143e+02
-1.249246089370787445e+02
-1.205387871398202435e+02
-1.210404549212624516e+02
-1.223825260929035466e+02
-1.330964173936534678e+02
-1.278400322125835089e+02
-1.235614970840355937e+02
-1.239421977318321524e+02
-1.251433747676438770e+02
-1.330968347512944376e+02
-1.278397605840238924e+02
-1.235614523491244512e+02
-1.239419878231015559e+02
-1.251436350465414193e+02
-1.214338330659664678e+02
-1.157120338179484094e+02
-1.123127940118662735e+02
-1.120709102959559544e+02
-1.143381867981943145e+02
-1.330848888749773380e+02
-1.278301816298345983e+02
-1.235503033636869077e+02
-1.239323136348275796e+02
-1.251316970735406642e+02
-1.330602836345481705e+02
-1.277608752316698855e+02
-1.234482373279118974e+02
-1.238017005875888970e+02
-1.250295152081786370e+02
-9.117823201465351701e+01
-8.883913448731058793e+01
-8.620913591484783467e+01
-8.639982729126528227e+01
-8.814742613943579386e+01
-9.206089573155583139e+01
-9.009996568271358797e+01
-8.807665398097313414e+01
-8.752317848047350424e+01
-8.907982902660039315e+01
-1.324213831382949991e+02
-1.270820208173860379e+02
-1.226515590158647910e+02
-1.230460356773227488e+02
-1.243277140245039618e+02
-9.120629904879118044e+01
-8.838324721952189122e+01
-8.662296766730646880e+01
-8.651699186532377439e+01
-8.779560961967354160e+01
-1.121712055419792620e+02
-1.090314815748556043e+02
-1.059577863916176312e+02
-1.062749593118383729e+02
-1.080343663492849089e+02
-1.325107392618903930e+02
-1.271907916803603769e+02
-1.227367338358554321e+02
-1.231640447625337060e+02
-1.244068417280211065e+02
-1.262252788341471756e+02
-1.214958126546604689e+02
-1.172811843310606292e+02
-1.179545271816380421e+02
-1.193497894140447499e+02
-1.330965309497474891e+02
-1.278397564299359885e+02
-1.235610567822898389e+02
-1.239418187154302586e+02
-1.251433693931658553e+02
-1.320869423157265317e+02
-1.265884678204882476e+02
-1.220737795461144515e+02
-1.221843550971452288e+02
-1.238347360437737450e+02
-1.274642030967779220e+02
-1.226952744141931504e+02
-1.184894724559871264e+02
-1.190050243321407919e+02
-1.204492386128513033e+02
-1.223369489654155160e+02
-1.182867970490286922e+02
-1.145021913043453594e+02
-1.149425027091648559e+02
-1.165509176543012160e+02
-9.930868522007287424e+01
-9.625830442198231651e+01
-9.375229959620267550e+01
-9.370826002929155152e+01
-9.547348945594150393e+01
