1.616319671751467180e-01 1.837490561482625351e+00 8.000000000000000000e+00 7.000000000000000000e+00 0.000000000000000000e+00
9.358837630482607084e-01 1.076826355301287341e+00 2.000000000000000000e+01 1.720000000000000000e+02 0.000000000000000000e+00
7.754929385290458832e-01 8.236448582906018556e-01 9.000000000000000000e+00 9.500000000000000000e+01 0.000000000000000000e+00
1.432047000928647895e-01 1.143388151995439195e+00 1.600000000000000000e+01 1.350000000000000000e+02 0.000000000000000000e+00
7.310614134638599992e-01 5.195791265971926309e-01 6.000000000000000000e+00 2.700000000000000000e+01 0.000000000000000000e+00
3.571098788310245187e-01 7.811927436892039944e-01 1.400000000000000000e+01 1.400000000000000000e+01 0.000000000000000000e+00
6.241199006114419578e-01 2.505486720969277714e-01 6.000000000000000000e+00 8.500000000000000000e+01 0.000000000000000000e+00
9.340749700173099634e-02 1.439723789247931318e+00 1.400000000000000000e+01 1.060000000000000000e+02 0.000000000000000000e+00
4.439099111991683388e-01 5.102408535924046751e-01 1.300000000000000000e+01 6.100000000000000000e+01 0.000000000000000000e+00
9.199520430609962052e-01 5.781626957091913210e-01 1.900000000000000000e+01 1.880000000000000000e+02 0.000000000000000000e+00
3.058907103876128825e-02 1.368914531622364095e+00 1.200000000000000000e+01 1.150000000000000000e+02 0.000000000000000000e+00
9.735920670516673425e-01 1.606490452229639043e+00 2.000000000000000000e+00 1.660000000000000000e+02 0.000000000000000000e+00
8.450027434012659100e-01 9.812529948456781836e-01 1.000000000000000000e+00 1.800000000000000000e+02 0.000000000000000000e+00
5.223669034402282918e-01 1.406881592788297441e-01 7.000000000000000000e+00 2.700000000000000000e+01 0.000000000000000000e+00
3.572489134643094255e-01 2.075377977843641197e+00 1.900000000000000000e+01 1.340000000000000000e+02 0.000000000000000000e+00
8.480566188342154588e-01 9.100160888935248105e-01 1.400000000000000000e+01 1.340000000000000000e+02 0.000000000000000000e+00
4.242315105427200139e-01 7.543280393291708075e-01 1.100000000000000000e+01 1.960000000000000000e+02 0.000000000000000000e+00
4.704581414506517900e-01 1.528355158230860322e+00 1.600000000000000000e+01 4.100000000000000000e+01 0.000000000000000000e+00
8.040444257255904281e-01 1.571958024504499951e+00 1.400000000000000000e+01 7.300000000000000000e+01 0.000000000000000000e+00
9.824682315962808277e-01 1.556359195497012404e+00 9.000000000000000000e+00 1.790000000000000000e+02 0.000000000000000000e+00
2.163816434794150201e-01 1.272969813016117391e-01 9.000000000000000000e+00 1.380000000000000000e+02 0.000000000000000000e+00
1.031441382863241690e-01 5.338253487420511201e-01 1.600000000000000000e+01 2.800000000000000000e+01 0.000000000000000000e+00
3.855648744906317038e-01 1.790835568733950334e+00 4.000000000000000000e+00 1.930000000000000000e+02 0.000000000000000000e+00
3.076265034841597634e-01 1.390751196112354648e+00 5.000000000000000000e+00 1.920000000000000000e+02 0.000000000000000000e+00
7.956024462409845288e-01 6.440031086363310342e-01 1.900000000000000000e+01 9.800000000000000000e+01 0.000000000000000000e+00
7.701804210476033141e-01 7.636735514832552196e-01 1.500000000000000000e+01 1.900000000000000000e+02 0.000000000000000000e+00
5.145981030445453408e-01 1.737815192318885149e+00 1.400000000000000000e+01 9.000000000000000000e+00 0.000000000000000000e+00
5.139208084210488137e-01 8.110374580428673097e-01 4.000000000000000000e+00 1.400000000000000000e+01 0.000000000000000000e+00
9.183595175466784388e-01 1.949549640546883289e+00 1.100000000000000000e+01 1.800000000000000000e+01 0.000000000000000000e+00
5.211123617209901804e-01 1.445958893943411594e+00 5.000000000000000000e+00 8.500000000000000000e+01 0.000000000000000000e+00
4.707450505480609282e-01 1.192516873963933133e+00 1.100000000000000000e+01 1.310000000000000000e+02 0.000000000000000000e+00
8.803161997148652995e-01 4.546528448302519232e-01 5.000000000000000000e+00 5.900000000000000000e+01 0.000000000000000000e+00
4.770999447428790896e-01 3.951904945847618533e-01 1.800000000000000000e+01 1.000000000000000000e+00 0.000000000000000000e+00
2.201002317618376836e-01 1.488923556717053620e-01 8.000000000000000000e+00 1.500000000000000000e+01 0.000000000000000000e+00
5.879589918632374124e-01 1.046936910467647142e+00 1.100000000000000000e+01 2.800000000000000000e+01 0.000000000000000000e+00
5.269940461968796175e-01 1.182598369238646863e-01 2.000000000000000000e+01 3.500000000000000000e+01 0.000000000000000000e+00
3.921497913668542390e-01 8.950885226095147695e-01 9.000000000000000000e+00 1.800000000000000000e+01 0.000000000000000000e+00
4.627660162475711880e-01 9.144076903184993332e-01 1.900000000000000000e+01 6.500000000000000000e+01 0.000000000000000000e+00
7.979240386848210909e-01 1.600128455602589206e+00 9.000000000000000000e+00 1.130000000000000000e+02 0.000000000000000000e+00
4.800786691360783287e-01 1.848154027142533684e-01 1.100000000000000000e+01 1.150000000000000000e+02 0.000000000000000000e+00
7.308727546239002226e-01 6.244744288108371455e-01 1.400000000000000000e+01 1.320000000000000000e+02 0.000000000000000000e+00
7.321413935132360384e-01 3.668915241505738001e-01 1.600000000000000000e+01 3.200000000000000000e+01 0.000000000000000000e+00
3.483661820190857572e-01 1.498623534374010857e+00 1.200000000000000000e+01 3.800000000000000000e+01 0.000000000000000000e+00
3.239538734789029206e-01 1.088011691808122849e+00 7.000000000000000000e+00 1.820000000000000000e+02 0.000000000000000000e+00
6.909905443371955336e-01 5.350910985314488721e-01 5.000000000000000000e+00 7.700000000000000000e+01 0.000000000000000000e+00
4.018644366132803070e-01 6.727658782973079399e-01 4.000000000000000000e+00 1.430000000000000000e+02 0.000000000000000000e+00
3.581634042350667624e-01 2.076741725904864000e-01 1.900000000000000000e+01 1.660000000000000000e+02 0.000000000000000000e+00
9.590012228654797022e-02 1.804740772010670957e+00 1.000000000000000000e+01 1.800000000000000000e+01 0.000000000000000000e+00
6.717920268044244025e-01 1.235151023661089642e+00 1.500000000000000000e+01 4.000000000000000000e+00 0.000000000000000000e+00
6.516984428834101672e-01 1.548757211731474293e+00 1.700000000000000000e+01 5.000000000000000000e+00 0.000000000000000000e+00
3.593685174014168426e-01 8.699318370119993871e-01 1.000000000000000000e+00 5.700000000000000000e+01 1.000000000000000000e+00
5.084336145512060590e-01 1.805823606012992188e+00 6.000000000000000000e+00 1.540000000000000000e+02 1.000000000000000000e+00
6.888919234948770454e-01 1.637536055627989429e+00 1.800000000000000000e+01 1.750000000000000000e+02 1.000000000000000000e+00
6.076039606431383744e-01 1.194491199358133304e+00 1.000000000000000000e+00 7.500000000000000000e+01 1.000000000000000000e+00
9.806417332046538649e-01 8.042090799818831792e-01 7.000000000000000000e+00 6.000000000000000000e+01 1.000000000000000000e+00
2.592064840817773774e-01 8.909771623922301265e-01 1.400000000000000000e+01 4.700000000000000000e+01 1.000000000000000000e+00
9.007667243856901651e-01 1.757186712553264085e+00 4.000000000000000000e+00 1.980000000000000000e+02 1.000000000000000000e+00
8.909015709787011517e-01 6.885544964220523534e-01 1.200000000000000000e+01 5.500000000000000000e+01 1.000000000000000000e+00
8.507108465171133727e-01 1.196261265751140945e-01 1.600000000000000000e+01 9.600000000000000000e+01 1.000000000000000000e+00
3.519106062149213177e-01 1.851630291813506801e+00 7.000000000000000000e+00 1.200000000000000000e+02 1.000000000000000000e+00
9.749707692216210697e-01 3.646820641452509504e-01 1.400000000000000000e+01 4.000000000000000000e+01 1.000000000000000000e+00
8.063898705268783829e-01 1.113790625634243581e+00 8.000000000000000000e+00 8.100000000000000000e+01 1.000000000000000000e+00
5.205838051600076843e-01 2.179812047662103291e-01 1.400000000000000000e+01 1.350000000000000000e+02 1.000000000000000000e+00
4.144013586807804295e-01 1.700772922509316443e+00 1.500000000000000000e+01 6.400000000000000000e+01 1.000000000000000000e+00
7.801200432943419250e-01 6.912678822154217917e-01 4.000000000000000000e+00 1.190000000000000000e+02 1.000000000000000000e+00
1.068003770152087112e-01 7.476039574225744611e-01 1.100000000000000000e+01 9.900000000000000000e+01 1.000000000000000000e+00
7.352335802254082731e-02 1.156216604597210873e+00 1.500000000000000000e+01 1.940000000000000000e+02 1.000000000000000000e+00
9.243966451186224065e-01 1.777822576026108825e+00 5.000000000000000000e+00 1.200000000000000000e+01 1.000000000000000000e+00
7.821418828449682170e-01 1.046207196815767348e+00 7.000000000000000000e+00 8.400000000000000000e+01 1.000000000000000000e+00
3.890615691891823325e-01 5.260944459297461906e-01 6.000000000000000000e+00 3.900000000000000000e+01 1.000000000000000000e+00
4.543631486980579393e-01 1.058197555030033987e+00 9.000000000000000000e+00 1.700000000000000000e+02 1.000000000000000000e+00
4.566619814343230166e-01 1.778970510156791196e+00 9.000000000000000000e+00 1.720000000000000000e+02 1.000000000000000000e+00
1.637443739346243765e-01 1.673446824964245627e-01 4.000000000000000000e+00 1.200000000000000000e+02 1.000000000000000000e+00
1.918965594499899563e-01 7.260279016566223431e-01 1.700000000000000000e+01 1.040000000000000000e+02 1.000000000000000000e+00
3.364054674844845216e-01 8.299690963149292111e-01 1.300000000000000000e+01 5.100000000000000000e+01 1.000000000000000000e+00
4.121755852546152843e-01 9.911236453359372200e-01 1.000000000000000000e+01 1.870000000000000000e+02 1.000000000000000000e+00
7.495536779168631147e-01 1.446888437348233802e+00 1.200000000000000000e+01 1.710000000000000000e+02 1.000000000000000000e+00
5.574112576411984765e-01 1.322506542423552922e+00 1.800000000000000000e+01 7.100000000000000000e+01 1.000000000000000000e+00
2.375888437511413098e-01 1.827825403353657840e+00 1.600000000000000000e+01 1.300000000000000000e+02 1.000000000000000000e+00
5.229505838909956905e-01 8.069433911054707531e-01 1.400000000000000000e+01 1.520000000000000000e+02 1.000000000000000000e+00
4.272266808840902153e-01 1.079875662568534400e+00 1.000000000000000000e+01 1.600000000000000000e+02 1.000000000000000000e+00
7.158400364804248239e-01 4.866378993195702440e-01 1.400000000000000000e+01 7.600000000000000000e+01 1.000000000000000000e+00
2.594881972137600412e-01 1.160225605406643101e+00 9.000000000000000000e+00 1.260000000000000000e+02 1.000000000000000000e+00
7.660590380634757501e-01 1.222744091249991172e+00 4.000000000000000000e+00 7.500000000000000000e+01 1.000000000000000000e+00
6.663466162767434087e-01 5.651110489670047032e-01 3.000000000000000000e+00 1.660000000000000000e+02 1.000000000000000000e+00
9.698046900181884755e-01 9.390776279962632644e-01 6.000000000000000000e+00 1.370000000000000000e+02 1.000000000000000000e+00
3.785619697928238603e-01 1.518108670747295275e+00 1.700000000000000000e+01 1.710000000000000000e+02 1.000000000000000000e+00
6.082679856376812522e-01 1.748627015714827371e+00 7.000000000000000000e+00 1.490000000000000000e+02 1.000000000000000000e+00
9.417309726647745682e-01 1.577355192821311203e+00 1.000000000000000000e+01 1.240000000000000000e+02 1.000000000000000000e+00
6.536688816890222631e-01 1.260459716241903116e+00 7.000000000000000000e+00 1.500000000000000000e+01 1.000000000000000000e+00
9.295913573766783067e-01 1.832819313210778622e+00 1.700000000000000000e+01 1.250000000000000000e+02 1.000000000000000000e+00
3.331012216609323673e-01 1.877241467372378736e+00 1.300000000000000000e+01 1.000000000000000000e+00 1.000000000000000000e+00
2.233889446577263377e-02 1.375918713147700478e-01 1.600000000000000000e+01 5.800000000000000000e+01 1.000000000000000000e+00
2.680329947365468479e-01 1.686790715588451617e+00 8.000000000000000000e+00 6.000000000000000000e+01 1.000000000000000000e+00
2.259099858312748621e-01 6.149758320284112179e-01 1.500000000000000000e+01 1.430000000000000000e+02 1.000000000000000000e+00
7.342642199688733662e-01 1.192977551306816375e+00 1.100000000000000000e+01 1.970000000000000000e+02 1.000000000000000000e+00
7.635609138092608328e-01 1.535190989422870356e+00 1.600000000000000000e+01 1.670000000000000000e+02 1.000000000000000000e+00
4.779307871660438689e-01 1.400447076352711928e+00 4.000000000000000000e+00 7.400000000000000000e+01 1.000000000000000000e+00
7.139076679521259017e-01 1.051367388746649256e+00 8.000000000000000000e+00 3.200000000000000000e+01 1.000000000000000000e+00
5.460619174980830826e-01 5.425152336393269659e-01 6.000000000000000000e+00 3.600000000000000000e+01 1.000000000000000000e+00
3.312494225555284721e-01 2.020766558541895908e+00 2.000000000000000000e+01 1.340000000000000000e+02 2.000000000000000000e+00
1.313871790665121185e-02 6.657089880226015888e-01 9.000000000000000000e+00 6.000000000000000000e+01 2.000000000000000000e+00
1.874597744283770240e-01 1.816914914884047327e+00 3.000000000000000000e+00 6.200000000000000000e+01 2.000000000000000000e+00
2.746428113733042631e-01 5.291525450835680155e-01 1.100000000000000000e+01 8.100000000000000000e+01 2.000000000000000000e+00
6.478990647579321305e-01 1.794401425776686043e+00 7.000000000000000000e+00 1.690000000000000000e+02 2.000000000000000000e+00
9.944954656759970035e-01 7.823097340651620213e-01 1.000000000000000000e+01 2.900000000000000000e+01 2.000000000000000000e+00
2.039518158108521995e-01 7.813726362707785755e-01 4.000000000000000000e+00 1.260000000000000000e+02 2.000000000000000000e+00
2.564002749377917167e-01 8.032067053816912550e-01 7.000000000000000000e+00 6.000000000000000000e+00 2.000000000000000000e+00
1.899384685169911435e-01 1.099421922965046816e+00 6.000000000000000000e+00 1.950000000000000000e+02 2.000000000000000000e+00
6.766832133139643046e-01 1.026354658073055592e+00 8.000000000000000000e+00 1.900000000000000000e+02 2.000000000000000000e+00
1.624478188892205521e-01 1.791755785504377807e-01 5.000000000000000000e+00 8.900000000000000000e+01 2.000000000000000000e+00
4.018762793879758766e-01 1.172783666444233708e+00 2.000000000000000000e+01 2.400000000000000000e+01 2.000000000000000000e+00
4.816941367808638130e-01 1.534458186877107000e+00 1.000000000000000000e+00 7.100000000000000000e+01 2.000000000000000000e+00
6.095307746743222621e-01 1.170318368244017249e+00 8.000000000000000000e+00 6.400000000000000000e+01 2.000000000000000000e+00
6.414144734382086488e-02 1.811473758620604002e+00 5.000000000000000000e+00 1.410000000000000000e+02 2.000000000000000000e+00
4.125720379778966551e-01 2.067377558627131684e+00 4.000000000000000000e+00 7.400000000000000000e+01 2.000000000000000000e+00
8.170195073423442977e-01 9.225896739910562916e-01 1.600000000000000000e+01 5.400000000000000000e+01 2.000000000000000000e+00
9.290177022186442146e-01 7.857912034782988941e-01 1.500000000000000000e+01 5.100000000000000000e+01 2.000000000000000000e+00
1.202430481695121317e-01 1.915366860948794603e+00 6.000000000000000000e+00 7.800000000000000000e+01 2.000000000000000000e+00
8.451543049221803550e-01 9.464129817254544053e-01 2.000000000000000000e+00 1.950000000000000000e+02 2.000000000000000000e+00
3.644234851372319950e-01 1.088088780005928902e+00 2.000000000000000000e+00 1.590000000000000000e+02 2.000000000000000000e+00
9.943805905593097183e-01 9.042084150017039024e-01 2.000000000000000000e+01 1.580000000000000000e+02 2.000000000000000000e+00
8.262759789078964745e-02 4.388183593478079958e-01 1.200000000000000000e+01 1.750000000000000000e+02 2.000000000000000000e+00
3.583827585218593015e-01 1.845646639955310642e+00 1.600000000000000000e+01 1.290000000000000000e+02 2.000000000000000000e+00
5.236411034297234757e-01 5.274261304335571277e-01 7.000000000000000000e+00 1.260000000000000000e+02 2.000000000000000000e+00
2.980635197223080457e-01 8.746811087240963234e-01 1.200000000000000000e+01 6.500000000000000000e+01 2.000000000000000000e+00
5.993649062547464768e-01 7.237502837451789128e-01 1.900000000000000000e+01 1.710000000000000000e+02 2.000000000000000000e+00
7.359037464583477739e-01 3.064657099476745250e-01 8.000000000000000000e+00 6.200000000000000000e+01 2.000000000000000000e+00
3.608038870823885302e-01 1.185747094664083567e+00 1.700000000000000000e+01 7.500000000000000000e+01 2.000000000000000000e+00
9.344697816413117808e-01 1.518269155035138152e+00 1.800000000000000000e+01 1.700000000000000000e+01 2.000000000000000000e+00
1.440182712913867791e-01 1.378378373378305266e+00 1.400000000000000000e+01 1.180000000000000000e+02 2.000000000000000000e+00
3.762186254196653312e-01 3.802031239893052250e-01 1.300000000000000000e+01 8.700000000000000000e+01 2.000000000000000000e+00
7.713148044773775469e-01 1.589812315768196704e+00 1.000000000000000000e+01 3.300000000000000000e+01 2.000000000000000000e+00
5.919503585676351154e-01 9.427530213105786983e-01 3.000000000000000000e+00 2.800000000000000000e+01 2.000000000000000000e+00
8.425901101918776837e-01 1.005192011871523627e+00 2.000000000000000000e+01 1.370000000000000000e+02 2.000000000000000000e+00
6.919641432147830562e-01 2.036596838469759252e+00 1.000000000000000000e+00 5.000000000000000000e+01 2.000000000000000000e+00
9.620275190548038813e-01 3.372118881108078225e-01 5.000000000000000000e+00 1.450000000000000000e+02 2.000000000000000000e+00
8.092114589078087672e-01 1.254585743813134036e+00 1.300000000000000000e+01 1.200000000000000000e+01 2.000000000000000000e+00
9.935088618753313838e-01 9.870605187031010752e-01 3.000000000000000000e+00 1.610000000000000000e+02 2.000000000000000000e+00
8.214538064362943981e-01 8.842319749871828671e-01 1.600000000000000000e+01 1.800000000000000000e+02 2.000000000000000000e+00
7.640979548105190089e-01 2.704174959258335287e-01 1.900000000000000000e+01 2.000000000000000000e+01 2.000000000000000000e+00
1.061335594240395558e-01 1.985188708773327093e+00 6.000000000000000000e+00 1.110000000000000000e+02 2.000000000000000000e+00
7.159586455261139903e-01 1.181851506781583572e+00 5.000000000000000000e+00 1.310000000000000000e+02 2.000000000000000000e+00
8.508207660501786174e-02 1.368601678029338908e-01 5.000000000000000000e+00 8.000000000000000000e+01 2.000000000000000000e+00
2.374805026752919712e-01 8.570050133481564858e-01 1.800000000000000000e+01 2.400000000000000000e+01 2.000000000000000000e+00
6.624752981647507033e-01 2.428730781837015462e-01 1.000000000000000000e+01 1.780000000000000000e+02 2.000000000000000000e+00
5.532982147594296407e-01 1.315537583647539366e+00 1.700000000000000000e+01 6.000000000000000000e+00 2.000000000000000000e+00
1.001287946832700948e+00 1.941641134933926871e+00 9.000000000000000000e+00 1.340000000000000000e+02 2.000000000000000000e+00
6.600921770956343915e-01 2.019596800055899699e+00 2.000000000000000000e+00 8.600000000000000000e+01 2.000000000000000000e+00
2.242205173650899663e-01 1.352336771064021947e+00 1.700000000000000000e+01 8.100000000000000000e+01 2.000000000000000000e+00
6.478025672020181203e-01 1.329062342973272193e+00 1.600000000000000000e+01 2.000000000000000000e+00 3.000000000000000000e+00
3.536852761047148269e-02 9.960048373621194218e-01 4.000000000000000000e+00 1.660000000000000000e+02 3.000000000000000000e+00
6.290464688357336742e-01 4.120952177739004574e-01 1.000000000000000000e+01 1.400000000000000000e+01 3.000000000000000000e+00
1.401270882149218133e-01 2.009619038381510681e+00 1.800000000000000000e+01 1.220000000000000000e+02 3.000000000000000000e+00
6.108073388041033169e-01 9.793790704402988156e-01 2.000000000000000000e+01 1.930000000000000000e+02 3.000000000000000000e+00
3.671802742960882382e-01 1.045178730485754715e+00 2.000000000000000000e+01 8.000000000000000000e+00 3.000000000000000000e+00
6.418469821096109973e-01 5.473651119842594115e-01 1.500000000000000000e+01 1.630000000000000000e+02 3.000000000000000000e+00
4.797938393127546552e-01 1.605729824275757611e+00 1.000000000000000000e+01 2.000000000000000000e+01 3.000000000000000000e+00
8.430841641409473342e-01 1.176952079118913863e+00 4.000000000000000000e+00 9.100000000000000000e+01 3.000000000000000000e+00
7.316448500534364907e-01 1.432217871046265412e+00 1.300000000000000000e+01 1.830000000000000000e+02 3.000000000000000000e+00
6.039674747168743280e-02 1.092876249915553544e+00 1.400000000000000000e+01 1.860000000000000000e+02 3.000000000000000000e+00
3.629711829884277874e-01 1.521812116397440073e+00 1.200000000000000000e+01 2.500000000000000000e+01 3.000000000000000000e+00
1.794766625655571657e-01 2.068755950228006457e-01 1.300000000000000000e+01 1.780000000000000000e+02 3.000000000000000000e+00
6.986198673465270348e-01 2.007361824884430934e+00 1.500000000000000000e+01 1.360000000000000000e+02 3.000000000000000000e+00
8.221916519683072355e-01 1.207398871258132056e+00 8.000000000000000000e+00 1.160000000000000000e+02 3.000000000000000000e+00
7.171237659517673002e-01 3.253622027511643422e-01 3.000000000000000000e+00 1.920000000000000000e+02 3.000000000000000000e+00
7.905454203642326982e-01 1.622672760841587847e+00 8.000000000000000000e+00 5.900000000000000000e+01 3.000000000000000000e+00
6.852123536438684548e-01 1.436920304551214222e+00 1.800000000000000000e+01 1.720000000000000000e+02 3.000000000000000000e+00
7.681103066309290239e-02 4.929399519820999442e-01 5.000000000000000000e+00 6.800000000000000000e+01 3.000000000000000000e+00
1.472239135707749114e-01 7.412295633700863862e-01 4.000000000000000000e+00 3.600000000000000000e+01 3.000000000000000000e+00
7.742965768131115922e-01 1.787880257300058062e+00 1.700000000000000000e+01 1.500000000000000000e+02 3.000000000000000000e+00
3.708585095067862270e-01 5.410953699609827305e-01 2.000000000000000000e+00 1.810000000000000000e+02 3.000000000000000000e+00
5.136611578481372620e-01 2.011354373917359162e+00 1.300000000000000000e+01 1.360000000000000000e+02 3.000000000000000000e+00
6.127248317459881299e-01 4.696297996044532796e-01 9.000000000000000000e+00 1.460000000000000000e+02 3.000000000000000000e+00
4.134092022133309952e-01 4.192711886707548574e-01 3.000000000000000000e+00 1.070000000000000000e+02 3.000000000000000000e+00
7.649413392824784275e-01 1.254763142818581034e+00 2.000000000000000000e+01 1.490000000000000000e+02 3.000000000000000000e+00
8.400430267317881006e-01 1.201666592490888252e+00 6.000000000000000000e+00 6.900000000000000000e+01 3.000000000000000000e+00
4.832020980089690720e-01 2.655844474036054281e-01 1.600000000000000000e+01 1.880000000000000000e+02 3.000000000000000000e+00
2.972934535550788571e-01 1.193767605684141309e+00 3.000000000000000000e+00 1.890000000000000000e+02 3.000000000000000000e+00
6.488705220112887806e-02 9.168767548982948989e-01 1.300000000000000000e+01 1.340000000000000000e+02 3.000000000000000000e+00
8.184947777455063578e-02 9.410190332820010939e-01 1.600000000000000000e+01 1.780000000000000000e+02 3.000000000000000000e+00
5.434880822716091631e-01 1.068275255724953743e+00 5.000000000000000000e+00 1.040000000000000000e+02 3.000000000000000000e+00
2.783651202830771804e-02 1.518070521791828442e+00 1.400000000000000000e+01 1.180000000000000000e+02 3.000000000000000000e+00
6.307939311511400193e-01 5.227435932676270935e-01 1.900000000000000000e+01 1.800000000000000000e+01 3.000000000000000000e+00
8.423829930256775400e-01 1.979836146691400733e+00 1.700000000000000000e+01 1.000000000000000000e+02 3.000000000000000000e+00
8.378802432958900592e-01 1.051279030328031272e+00 5.000000000000000000e+00 1.400000000000000000e+01 3.000000000000000000e+00
1.574447830573220131e-01 1.493911763861738518e+00 1.700000000000000000e+01 1.540000000000000000e+02 3.000000000000000000e+00
3.145566031845039578e-01 1.409653511415446925e+00 1.400000000000000000e+01 9.900000000000000000e+01 3.000000000000000000e+00
2.713165766625781350e-01 1.972159112878196341e+00 4.000000000000000000e+00 1.800000000000000000e+01 3.000000000000000000e+00
1.007237505574990699e+00 1.193313533566509044e+00 7.000000000000000000e+00 1.230000000000000000e+02 3.000000000000000000e+00
8.071641197837912118e-01 1.015280461762898767e+00 1.600000000000000000e+01 5.500000000000000000e+01 3.000000000000000000e+00
8.662812130679143907e-01 1.788879504070709059e+00 4.000000000000000000e+00 1.240000000000000000e+02 3.000000000000000000e+00
4.303063017620655656e-02 1.386254386730515709e+00 1.000000000000000000e+01 1.270000000000000000e+02 3.000000000000000000e+00
9.317614676042232924e-01 1.155731994054436385e+00 7.000000000000000000e+00 6.100000000000000000e+01 3.000000000000000000e+00
1.389390476275773612e-01 8.724773695324522516e-01 7.000000000000000000e+00 1.760000000000000000e+02 3.000000000000000000e+00
7.206439273417084568e-01 1.166200746081754280e+00 1.100000000000000000e+01 2.500000000000000000e+01 3.000000000000000000e+00
5.958875516199128031e-01 7.520272280726419956e-01 2.000000000000000000e+01 3.000000000000000000e+00 3.000000000000000000e+00
4.928120980122312478e-01 7.482135003059501299e-01 1.800000000000000000e+01 1.260000000000000000e+02 3.000000000000000000e+00
5.730072293068771971e-01 1.908236124122743904e+00 1.000000000000000000e+00 1.390000000000000000e+02 3.000000000000000000e+00
4.691726699687726043e-01 1.827179547679093519e+00 1.000000000000000000e+01 1.000000000000000000e+00 3.000000000000000000e+00
7.668819303405519650e-01 1.579470107660927880e+00 1.100000000000000000e+01 1.790000000000000000e+02 4.000000000000000000e+00
2.599343878752558012e-01 1.623674169373915621e+00 1.700000000000000000e+01 4.400000000000000000e+01 4.000000000000000000e+00
7.405883967689796954e-01 3.310925811416128850e-01 1.800000000000000000e+01 1.140000000000000000e+02 4.000000000000000000e+00
2.554355932883151103e-01 1.713528230102898675e+00 6.000000000000000000e+00 1.960000000000000000e+02 4.000000000000000000e+00
5.368187067201264373e-01 1.737372229775276944e+00 1.600000000000000000e+01 1.690000000000000000e+02 4.000000000000000000e+00
8.344402774865006256e-01 9.525884547967496951e-01 2.000000000000000000e+01 7.700000000000000000e+01 4.000000000000000000e+00
1.506191624843395971e-01 5.573076035278604623e-01 1.500000000000000000e+01 1.470000000000000000e+02 4.000000000000000000e+00
6.657720745595850920e-01 1.367089720785916063e+00 9.000000000000000000e+00 4.700000000000000000e+01 4.000000000000000000e+00
8.096755121240233333e-01 1.665255764076238043e-01 2.000000000000000000e+01 1.360000000000000000e+02 4.000000000000000000e+00
3.418763612642958805e-01 8.640164473871162487e-01 3.000000000000000000e+00 1.410000000000000000e+02 4.000000000000000000e+00
2.683081272855384336e-01 1.584610254826687381e+00 1.500000000000000000e+01 1.910000000000000000e+02 4.000000000000000000e+00
9.889193584641450263e-01 4.683374210990459696e-01 9.000000000000000000e+00 1.300000000000000000e+02 4.000000000000000000e+00
4.458798598898530141e-01 1.922031196630700656e+00 1.400000000000000000e+01 8.000000000000000000e+01 4.000000000000000000e+00
7.725879898344462093e-01 1.318816431255378063e+00 5.000000000000000000e+00 1.070000000000000000e+02 4.000000000000000000e+00
2.869112331992396125e-01 3.679317280262873746e-01 1.800000000000000000e+01 1.050000000000000000e+02 4.000000000000000000e+00
3.459621881303839297e-01 1.190623170258960917e+00 1.300000000000000000e+01 8.500000000000000000e+01 4.000000000000000000e+00
7.956121312835734427e-01 1.926706606679837508e+00 1.100000000000000000e+01 3.700000000000000000e+01 4.000000000000000000e+00
3.063410705873838014e-01 7.091519092286692194e-01 3.000000000000000000e+00 1.520000000000000000e+02 4.000000000000000000e+00
7.714765256693606466e-01 4.330932123251501897e-01 7.000000000000000000e+00 1.930000000000000000e+02 4.000000000000000000e+00
7.092825011586050277e-01 2.718166994952656568e-01 1.100000000000000000e+01 1.080000000000000000e+02 4.000000000000000000e+00
9.076712919866529727e-01 1.287766493667160450e+00 1.600000000000000000e+01 6.400000000000000000e+01 4.000000000000000000e+00
3.899408086250684136e-01 2.134022892638064717e-01 1.300000000000000000e+01 1.210000000000000000e+02 4.000000000000000000e+00
7.625120019410551730e-01 2.856384842594518192e-01 1.300000000000000000e+01 1.130000000000000000e+02 4.000000000000000000e+00
6.193193709648725509e-01 2.087562835729047439e+00 1.900000000000000000e+01 1.300000000000000000e+01 4.000000000000000000e+00
1.706890701644114133e-02 1.286842130174195242e+00 1.800000000000000000e+01 1.500000000000000000e+01 4.000000000000000000e+00
9.373319701571577456e-01 1.126250470534439829e+00 1.500000000000000000e+01 1.600000000000000000e+02 4.000000000000000000e+00
3.217701392422355200e-01 1.006632278715066331e+00 1.000000000000000000e+00 5.200000000000000000e+01 4.000000000000000000e+00
2.176707289220491254e-02 1.958646387213281770e+00 2.000000000000000000e+01 1.720000000000000000e+02 4.000000000000000000e+00
9.349316311399176183e-01 5.446858172751830596e-01 1.400000000000000000e+01 1.200000000000000000e+02 4.000000000000000000e+00
4.217799718997754521e-01 1.916148424966515496e+00 8.000000000000000000e+00 3.900000000000000000e+01 4.000000000000000000e+00
9.132910643508953541e-01 1.021180791939780841e+00 2.000000000000000000e+00 1.050000000000000000e+02 4.000000000000000000e+00
9.374720713169746311e-01 7.537965540968042388e-01 1.600000000000000000e+01 2.600000000000000000e+01 4.000000000000000000e+00
7.426447699313053485e-01 1.669007852190802277e+00 1.100000000000000000e+01 1.600000000000000000e+01 4.000000000000000000e+00
5.269984141387299426e-01 1.476576228547260339e+00 1.700000000000000000e+01 6.100000000000000000e+01 4.000000000000000000e+00
9.132778999665868147e-01 9.079725900180511955e-01 1.700000000000000000e+01 1.490000000000000000e+02 4.000000000000000000e+00
3.334585969618217849e-01 9.958364362479815712e-01 2.000000000000000000e+00 1.760000000000000000e+02 4.000000000000000000e+00
5.635398930002990525e-01 7.573638044892631038e-01 1.000000000000000000e+01 5.200000000000000000e+01 4.000000000000000000e+00
9.813646321309410503e-01 1.282493798594154522e-01 1.500000000000000000e+01 1.930000000000000000e+02 4.000000000000000000e+00
7.019921439071617753e-02 1.749864489029836767e-01 1.300000000000000000e+01 1.330000000000000000e+02 4.000000000000000000e+00
8.486674465208167151e-01 8.699663928805630997e-01 1.000000000000000000e+01 1.700000000000000000e+01 4.000000000000000000e+00
7.059903580243340748e-01 2.768277929840391449e-01 1.900000000000000000e+01 1.850000000000000000e+02 4.000000000000000000e+00
6.647540576272631396e-01 7.988832638207431502e-01 1.000000000000000000e+01 8.200000000000000000e+01 4.000000000000000000e+00
2.118643427618265296e-01 4.927222183350380424e-01 6.000000000000000000e+00 5.400000000000000000e+01 4.000000000000000000e+00
5.204609353344240574e-01 1.790371455408803048e+00 3.000000000000000000e+00 1.760000000000000000e+02 4.000000000000000000e+00
3.573459037691779638e-01 2.070013701262816586e+00 1.800000000000000000e+01 1.400000000000000000e+02 4.000000000000000000e+00
6.997219930308412605e-01 5.804763088572887364e-01 6.000000000000000000e+00 6.800000000000000000e+01 4.000000000000000000e+00
5.887520869100892895e-01 1.716746563537019155e+00 4.000000000000000000e+00 1.730000000000000000e+02 4.000000000000000000e+00
6.548975040821317650e-01 4.345277760464266725e-01 3.000000000000000000e+00 4.600000000000000000e+01 4.000000000000000000e+00
3.597986482026086508e-01 6.378370814012138679e-01 1.300000000000000000e+01 1.110000000000000000e+02 4.000000000000000000e+00
1.637891506725855928e-01 2.003963416206979709e+00 1.800000000000000000e+01 8.500000000000000000e+01 4.000000000000000000e+00
