4.094607187769455647e-01 2.439276773719211422e-01 1.800000000000000000e+01 9.600000000000000000e+01 0.000000000000000000e+00
8.096832279829226930e-01 3.054853764167021479e-01 1.600000000000000000e+01 2.200000000000000000e+01 0.000000000000000000e+00
8.908257170616992182e-01 9.871412214951479358e-01 1.800000000000000000e+01 1.310000000000000000e+02 0.000000000000000000e+00
7.168508428010242906e-01 4.402463022721970765e-01 1.700000000000000000e+01 1.750000000000000000e+02 0.000000000000000000e+00
8.552891246214174847e-01 2.022828425604254188e-01 6.000000000000000000e+00 1.430000000000000000e+02 0.000000000000000000e+00
6.844462775151878287e-01 1.774450616128573133e+00 1.700000000000000000e+01 7.500000000000000000e+01 0.000000000000000000e+00
5.300639930294683833e-01 4.971224677856681540e-01 1.300000000000000000e+01 6.500000000000000000e+01 0.000000000000000000e+00
9.087359976550354324e-01 2.094339502694821054e+00 1.800000000000000000e+01 1.360000000000000000e+02 0.000000000000000000e+00
7.550312643833378967e-01 8.006437264968143674e-01 2.000000000000000000e+00 1.510000000000000000e+02 0.000000000000000000e+00
5.757988453327386180e-01 3.755652372238492687e-01 3.000000000000000000e+00 1.620000000000000000e+02 0.000000000000000000e+00
5.844470642332055821e-01 5.590936210539877438e-01 1.900000000000000000e+01 1.740000000000000000e+02 0.000000000000000000e+00
4.493655031677268319e-01 6.189995367655981573e-01 7.000000000000000000e+00 1.140000000000000000e+02 0.000000000000000000e+00
8.925836108411284719e-01 1.637004278957477021e+00 1.400000000000000000e+01 1.800000000000000000e+01 0.000000000000000000e+00
6.023631227392259868e-01 1.643172556450375410e+00 1.200000000000000000e+01 1.610000000000000000e+02 0.000000000000000000e+00
5.776437551423344585e-01 2.492391350183155441e-01 8.000000000000000000e+00 1.580000000000000000e+02 0.000000000000000000e+00
1.629460746893706541e-02 2.696291402139158189e-01 9.000000000000000000e+00 8.800000000000000000e+01 0.000000000000000000e+00
8.650349339602133591e-01 4.985594865279577848e-01 1.000000000000000000e+01 1.200000000000000000e+02 0.000000000000000000e+00
3.241612839840635196e-01 1.809427625618090785e+00 1.000000000000000000e+01 1.200000000000000000e+02 0.000000000000000000e+00
2.093170175566563262e-01 8.139494071445970702e-01 1.700000000000000000e+01 1.660000000000000000e+02 0.000000000000000000e+00
5.790663911681828147e-01 1.092621161442060229e+00 7.000000000000000000e+00 1.020000000000000000e+02 0.000000000000000000e+00
7.235706965893188292e-01 2.423563047535809700e-01 1.200000000000000000e+01 2.800000000000000000e+01 0.000000000000000000e+00
4.616965135916003549e-01 6.279243943350726331e-01 4.000000000000000000e+00 7.900000000000000000e+01 0.000000000000000000e+00
4.519425733413212631e-01 2.973275309349728834e-01 2.000000000000000000e+01 1.140000000000000000e+02 0.000000000000000000e+00
1.943930632865099595e-01 2.013991575053102334e+00 1.600000000000000000e+01 3.900000000000000000e+01 0.000000000000000000e+00
1.286722606326727858e-01 9.555844936625320640e-01 5.000000000000000000e+00 1.810000000000000000e+02 0.000000000000000000e+00
2.544581149040725521e-01 4.601613916976853291e-01 1.400000000000000000e+01 8.000000000000000000e+00 0.000000000000000000e+00
8.160956793853215707e-01 8.495232780853209098e-01 1.600000000000000000e+01 1.440000000000000000e+02 0.000000000000000000e+00
8.534625554070141007e-01 7.250508928267910269e-01 1.900000000000000000e+01 7.400000000000000000e+01 0.000000000000000000e+00
5.221996840930580586e-01 6.484613757677565316e-01 1.800000000000000000e+01 9.200000000000000000e+01 0.000000000000000000e+00
7.103077114975439033e-01 1.966159150299432723e-01 2.000000000000000000e+01 1.830000000000000000e+02 0.000000000000000000e+00
4.904389605353681736e-01 6.078519801043028581e-01 1.600000000000000000e+01 1.600000000000000000e+02 0.000000000000000000e+00
8.809674535421782027e-01 1.966684945981804766e+00 1.200000000000000000e+01 1.900000000000000000e+02 0.000000000000000000e+00
9.938137581057535641e-01 9.917585993935894573e-01 9.000000000000000000e+00 1.450000000000000000e+02 0.000000000000000000e+00
6.519056733455976804e-01 4.144354169159404355e-01 5.000000000000000000e+00 2.100000000000000000e+01 0.000000000000000000e+00
6.225619541241576016e-01 1.955985780760226111e+00 1.600000000000000000e+01 1.580000000000000000e+02 0.000000000000000000e+00
6.929717153935223140e-01 9.050838095332521815e-01 2.000000000000000000e+00 5.600000000000000000e+01 0.000000000000000000e+00
9.299733376600737011e-02 1.317414652585862989e+00 5.000000000000000000e+00 1.900000000000000000e+02 0.000000000000000000e+00
4.327294149607239238e-01 1.867080022890260871e+00 1.900000000000000000e+01 7.000000000000000000e+01 0.000000000000000000e+00
6.575525393807951646e-01 8.393519095613305447e-01 1.300000000000000000e+01 4.900000000000000000e+01 0.000000000000000000e+00
7.892951512388800550e-01 1.552330179368772045e+00 1.100000000000000000e+01 8.000000000000000000e+00 0.000000000000000000e+00
5.943201358629240927e-01 2.008979679325131773e+00 6.000000000000000000e+00 5.900000000000000000e+01 0.000000000000000000e+00
7.567063400039849563e-01 8.012853361481936387e-01 2.000000000000000000e+01 2.300000000000000000e+01 0.000000000000000000e+00
7.728479207195390055e-01 1.013832560502132329e+00 1.000000000000000000e+00 4.300000000000000000e+01 0.000000000000000000e+00
1.306585187923047231e-01 2.755421097247069406e-01 1.400000000000000000e+01 1.840000000000000000e+02 0.000000000000000000e+00
9.880221393326457102e-01 9.810391033009727701e-01 4.000000000000000000e+00 1.680000000000000000e+02 0.000000000000000000e+00
8.741180722549711513e-02 8.724925835418456677e-01 5.000000000000000000e+00 1.950000000000000000e+02 0.000000000000000000e+00
8.869097487002570723e-01 1.752306565739848443e+00 1.800000000000000000e+01 1.810000000000000000e+02 0.000000000000000000e+00
4.440933373353574964e-01 1.068148975031095738e+00 1.900000000000000000e+01 2.200000000000000000e+01 0.000000000000000000e+00
3.494401310304003916e-01 1.478964134981281653e+00 1.300000000000000000e+01 1.280000000000000000e+02 0.000000000000000000e+00
9.484095387685329559e-01 1.665576800640582444e+00 1.700000000000000000e+01 1.900000000000000000e+01 0.000000000000000000e+00
2.602686959562854341e-01 8.680625657953714436e-01 1.700000000000000000e+01 1.780000000000000000e+02 1.000000000000000000e+00
3.627549226415767158e-01 1.985382066959972658e+00 9.000000000000000000e+00 1.110000000000000000e+02 1.000000000000000000e+00
5.519399089512827539e-01 3.054209540298667980e-01 9.000000000000000000e+00 5.600000000000000000e+01 1.000000000000000000e+00
3.137396534294223382e-01 1.378713853906285314e+00 1.900000000000000000e+01 3.300000000000000000e+01 1.000000000000000000e+00
8.962801949973464577e-01 1.847160756236844614e+00 1.300000000000000000e+01 1.380000000000000000e+02 1.000000000000000000e+00
9.076328774868100968e-01 1.835301797976685023e+00 2.000000000000000000e+01 1.860000000000000000e+02 1.000000000000000000e+00
4.628516386099601476e-01 8.190286553486662013e-01 1.800000000000000000e+01 7.900000000000000000e+01 1.000000000000000000e+00
5.017709640027234047e-02 3.236710527067042653e-01 1.700000000000000000e+01 1.700000000000000000e+02 1.000000000000000000e+00
2.938217981015471825e-01 1.915814522414797993e+00 7.000000000000000000e+00 6.700000000000000000e+01 1.000000000000000000e+00
9.511365438749282974e-01 1.687516604791167441e-01 1.000000000000000000e+01 8.300000000000000000e+01 1.000000000000000000e+00
7.365805476328363133e-01 1.152152292919270016e+00 1.000000000000000000e+00 1.890000000000000000e+02 1.000000000000000000e+00
1.799213666690078206e-01 1.022898964000571009e+00 9.000000000000000000e+00 1.910000000000000000e+02 1.000000000000000000e+00
2.833158704192838551e-01 1.352133152722889031e+00 5.000000000000000000e+00 7.800000000000000000e+01 1.000000000000000000e+00
8.831803756448631804e-01 2.134642233042830795e-01 1.800000000000000000e+01 8.000000000000000000e+01 1.000000000000000000e+00
9.059261556047124575e-01 5.947871676216339720e-01 2.000000000000000000e+00 8.300000000000000000e+01 1.000000000000000000e+00
6.920263003605907348e-02 1.636642623621325399e+00 2.000000000000000000e+00 6.100000000000000000e+01 1.000000000000000000e+00
4.623713050641548028e-01 1.481013848788388376e+00 1.100000000000000000e+01 5.400000000000000000e+01 1.000000000000000000e+00
7.032271599076721502e-01 1.351740861897898105e+00 8.000000000000000000e+00 1.500000000000000000e+02 1.000000000000000000e+00
9.990231110135080472e-01 1.749882680779733413e+00 8.000000000000000000e+00 2.400000000000000000e+01 1.000000000000000000e+00
7.253613435751746774e-01 6.935820699249540811e-01 1.300000000000000000e+01 1.510000000000000000e+02 1.000000000000000000e+00
6.448314871744951216e-01 1.251522617851327679e+00 2.000000000000000000e+01 7.600000000000000000e+01 1.000000000000000000e+00
5.800830436176350746e-01 1.161771704690486517e+00 1.400000000000000000e+01 1.530000000000000000e+02 1.000000000000000000e+00
6.974533046639934675e-01 1.595961091721323832e+00 1.500000000000000000e+01 9.200000000000000000e+01 1.000000000000000000e+00
4.862532741939061820e-01 3.959433690750141510e-01 1.300000000000000000e+01 1.560000000000000000e+02 1.000000000000000000e+00
9.622978243564096479e-01 2.038199098085139715e-01 1.400000000000000000e+01 1.140000000000000000e+02 1.000000000000000000e+00
9.016249938620573001e-01 9.592280174834749706e-01 3.000000000000000000e+00 1.410000000000000000e+02 1.000000000000000000e+00
2.740781715319386969e-01 1.744276517165359364e+00 4.000000000000000000e+00 1.450000000000000000e+02 1.000000000000000000e+00
8.178742368217269965e-01 2.096694177237829582e+00 1.600000000000000000e+01 7.800000000000000000e+01 1.000000000000000000e+00
3.053981130272599431e-01 5.647057631448130222e-01 1.800000000000000000e+01 1.720000000000000000e+02 1.000000000000000000e+00
6.058291597632669417e-02 1.727370444508949499e+00 1.300000000000000000e+01 1.380000000000000000e+02 1.000000000000000000e+00
8.696011956080657024e-01 2.775139164759093946e-01 4.000000000000000000e+00 5.500000000000000000e+01 1.000000000000000000e+00
6.657186330628743764e-01 1.485368723320452000e+00 1.200000000000000000e+01 9.400000000000000000e+01 1.000000000000000000e+00
2.455763830910946410e-01 1.136786696818691933e+00 1.800000000000000000e+01 6.000000000000000000e+01 1.000000000000000000e+00
8.817036826761668333e-01 1.077184793756598591e+00 1.400000000000000000e+01 1.000000000000000000e+02 1.000000000000000000e+00
1.243232713229084213e-01 1.594717547227880283e+00 1.700000000000000000e+01 1.580000000000000000e+02 1.000000000000000000e+00
6.099005179186287595e-01 1.207649491275664122e+00 2.000000000000000000e+00 1.550000000000000000e+02 1.000000000000000000e+00
7.052185784890231401e-01 1.054478519704811434e+00 1.800000000000000000e+01 1.190000000000000000e+02 1.000000000000000000e+00
4.721364458724740532e-01 6.071339887324002094e-01 8.000000000000000000e+00 1.600000000000000000e+01 1.000000000000000000e+00
5.991337939109426802e-01 1.499055685547073802e+00 7.000000000000000000e+00 1.670000000000000000e+02 1.000000000000000000e+00
1.706557196937991128e-01 7.440807160451193836e-01 6.000000000000000000e+00 1.210000000000000000e+02 1.000000000000000000e+00
6.064653682053678940e-01 7.422317126229901474e-01 1.400000000000000000e+01 1.760000000000000000e+02 1.000000000000000000e+00
9.432630994972005523e-01 2.000843367422888708e+00 1.500000000000000000e+01 8.400000000000000000e+01 1.000000000000000000e+00
9.982301213730243594e-01 6.316084984522770673e-01 1.200000000000000000e+01 7.000000000000000000e+01 1.000000000000000000e+00
6.686986793847164989e-01 5.756765081199749501e-01 1.100000000000000000e+01 4.800000000000000000e+01 1.000000000000000000e+00
4.841557155282210090e-01 1.444670278234455874e-01 1.300000000000000000e+01 7.800000000000000000e+01 1.000000000000000000e+00
7.468240187380418282e-01 1.599016812419453704e+00 1.700000000000000000e+01 1.920000000000000000e+02 1.000000000000000000e+00
9.271746468557749976e-01 1.717753060107728713e-01 1.000000000000000000e+01 1.210000000000000000e+02 1.000000000000000000e+00
9.493985297258676903e-01 1.028556959404688609e+00 8.000000000000000000e+00 1.990000000000000000e+02 1.000000000000000000e+00
4.730535941818935219e-01 1.235373346399567751e+00 1.500000000000000000e+01 1.700000000000000000e+02 1.000000000000000000e+00
5.182579536544370535e-01 5.076639621056667773e-01 1.700000000000000000e+01 1.770000000000000000e+02 1.000000000000000000e+00
5.999679565787494617e-01 5.360015068534481619e-01 1.400000000000000000e+01 8.600000000000000000e+01 2.000000000000000000e+00
3.438136923984891347e-01 1.184472716236081968e+00 5.000000000000000000e+00 5.900000000000000000e+01 2.000000000000000000e+00
5.922628042873400167e-01 1.010485535613550256e+00 8.000000000000000000e+00 1.660000000000000000e+02 2.000000000000000000e+00
3.199749571303514006e-01 5.089801146879918692e-01 1.500000000000000000e+01 1.240000000000000000e+02 2.000000000000000000e+00
4.692217936134878142e-01 7.228437696775610322e-01 1.200000000000000000e+01 7.800000000000000000e+01 2.000000000000000000e+00
4.595417005571176272e-01 1.719908087670981800e+00 1.900000000000000000e+01 7.600000000000000000e+01 2.000000000000000000e+00
5.298134863668823441e-02 1.138232651883985369e+00 1.400000000000000000e+01 1.700000000000000000e+01 2.000000000000000000e+00
9.152360260207343945e-01 1.145987895470578888e+00 7.000000000000000000e+00 6.600000000000000000e+01 2.000000000000000000e+00
8.169443463071819345e-01 1.806412310128591603e+00 1.800000000000000000e+01 1.890000000000000000e+02 2.000000000000000000e+00
6.903528601279493859e-01 1.546464989936380707e+00 6.000000000000000000e+00 3.000000000000000000e+01 2.000000000000000000e+00
9.263263422444896200e-01 6.756583976884874554e-01 1.900000000000000000e+01 1.900000000000000000e+01 2.000000000000000000e+00
5.773896659684430999e-01 1.465532625507934006e-01 1.700000000000000000e+01 2.000000000000000000e+01 2.000000000000000000e+00
8.748702031099585552e-01 2.138762042940779706e-01 5.000000000000000000e+00 2.000000000000000000e+01 2.000000000000000000e+00
2.121148379353646751e-01 2.083310208577230149e+00 8.000000000000000000e+00 6.200000000000000000e+01 2.000000000000000000e+00
1.732780325280180306e-02 9.840738244035019955e-01 5.000000000000000000e+00 4.500000000000000000e+01 2.000000000000000000e+00
4.719718470630861473e-01 1.749238319279521336e+00 5.000000000000000000e+00 2.300000000000000000e+01 2.000000000000000000e+00
8.042111878204435405e-01 1.739597134971330616e+00 4.000000000000000000e+00 1.720000000000000000e+02 2.000000000000000000e+00
9.507004299935895020e-01 8.565229757122837517e-01 1.800000000000000000e+01 1.100000000000000000e+01 2.000000000000000000e+00
5.969751424577727228e-01 2.071336617320923779e+00 6.000000000000000000e+00 6.100000000000000000e+01 2.000000000000000000e+00
3.198587547990179303e-01 1.024177881507510213e+00 1.500000000000000000e+01 1.990000000000000000e+02 2.000000000000000000e+00
6.769111532734327363e-02 1.037333672487952940e+00 1.200000000000000000e+01 1.550000000000000000e+02 2.000000000000000000e+00
6.614288706418575137e-01 1.274832784808897612e+00 1.000000000000000000e+00 6.600000000000000000e+01 2.000000000000000000e+00
2.410743352790682970e-01 1.610339587872825717e+00 1.000000000000000000e+01 1.440000000000000000e+02 2.000000000000000000e+00
8.648872928802008031e-02 1.249671287358812055e+00 1.200000000000000000e+01 1.640000000000000000e+02 2.000000000000000000e+00
1.129364648850030711e-01 8.688722244577727905e-01 1.200000000000000000e+01 1.650000000000000000e+02 2.000000000000000000e+00
9.306624442022132238e-01 1.330469712999074794e+00 1.600000000000000000e+01 1.020000000000000000e+02 2.000000000000000000e+00
2.468100435481233035e-01 7.559279570768308032e-01 1.200000000000000000e+01 6.000000000000000000e+01 2.000000000000000000e+00
1.003398784879351302e+00 6.809879818032583687e-01 1.500000000000000000e+01 1.590000000000000000e+02 2.000000000000000000e+00
6.659510323647691576e-01 7.442981206009101625e-01 8.000000000000000000e+00 1.130000000000000000e+02 2.000000000000000000e+00
9.319279128002620760e-02 3.016218117124501719e-01 1.400000000000000000e+01 1.530000000000000000e+02 2.000000000000000000e+00
2.276278213268738693e-01 1.317521521979166721e+00 4.000000000000000000e+00 1.060000000000000000e+02 2.000000000000000000e+00
5.181437496648063634e-01 5.952738468482184908e-01 1.400000000000000000e+01 1.290000000000000000e+02 2.000000000000000000e+00
6.295649057032225160e-02 1.270822152370727487e+00 5.000000000000000000e+00 4.400000000000000000e+01 2.000000000000000000e+00
9.766250954928484829e-01 1.014824998110527288e+00 5.000000000000000000e+00 5.100000000000000000e+01 2.000000000000000000e+00
6.110745847730957719e-02 1.164784222168750549e+00 1.400000000000000000e+01 1.500000000000000000e+02 2.000000000000000000e+00
6.333998549588805149e-01 6.467878059481210196e-01 6.000000000000000000e+00 1.420000000000000000e+02 2.000000000000000000e+00
1.566393015374599740e-01 9.971293847255341403e-01 1.000000000000000000e+00 6.600000000000000000e+01 2.000000000000000000e+00
9.076071816332463571e-02 1.326711851509638773e+00 9.000000000000000000e+00 3.700000000000000000e+01 2.000000000000000000e+00
1.678730470083944493e-01 1.609671438201108140e+00 5.000000000000000000e+00 1.210000000000000000e+02 2.000000000000000000e+00
3.534167356168183005e-01 1.400051823426434749e+00 1.800000000000000000e+01 1.710000000000000000e+02 2.000000000000000000e+00
5.887693067554480297e-01 8.091778510696977511e-01 1.000000000000000000e+01 1.330000000000000000e+02 2.000000000000000000e+00
1.863659900477478981e-01 1.802509890434534245e+00 1.100000000000000000e+01 6.000000000000000000e+00 2.000000000000000000e+00
5.191141609973525251e-01 2.068280480743311944e+00 1.600000000000000000e+01 2.100000000000000000e+01 2.000000000000000000e+00
5.205011066545325304e-01 1.379622076927332852e+00 1.000000000000000000e+00 3.300000000000000000e+01 2.000000000000000000e+00
9.442510369497179035e-01 1.150265652645085235e-01 4.000000000000000000e+00 1.780000000000000000e+02 2.000000000000000000e+00
6.708542086159660078e-01 5.588332346616261548e-01 1.100000000000000000e+01 1.540000000000000000e+02 2.000000000000000000e+00
5.248324946110968225e-01 4.746168849251629629e-01 1.000000000000000000e+01 5.600000000000000000e+01 2.000000000000000000e+00
8.750419759518239804e-01 1.401212869692637586e+00 1.200000000000000000e+01 7.700000000000000000e+01 2.000000000000000000e+00
1.046930344288027198e-01 1.386283354369990617e+00 1.600000000000000000e+01 1.760000000000000000e+02 2.000000000000000000e+00
5.961057623399742544e-01 5.274320219321325665e-01 1.200000000000000000e+01 6.300000000000000000e+01 2.000000000000000000e+00
6.896316267989713866e-01 4.395491058316766120e-01 1.000000000000000000e+01 1.300000000000000000e+02 3.000000000000000000e+00
3.647333060571502639e-01 9.182806819615502159e-01 5.000000000000000000e+00 4.200000000000000000e+01 3.000000000000000000e+00
4.905429827404482745e-01 4.969343026863209944e-01 5.000000000000000000e+00 1.960000000000000000e+02 3.000000000000000000e+00
4.029582757402482285e-01 7.115414863267822687e-01 1.900000000000000000e+01 1.490000000000000000e+02 3.000000000000000000e+00
4.819384184360678836e-01 6.000294383489329642e-01 2.000000000000000000e+01 1.200000000000000000e+02 3.000000000000000000e+00
8.890853264382776455e-01 2.092537672616520406e-01 2.000000000000000000e+00 1.620000000000000000e+02 3.000000000000000000e+00
4.900535335559205175e-01 6.055505208177937027e-01 1.800000000000000000e+01 1.080000000000000000e+02 3.000000000000000000e+00
2.356370362698253507e-01 1.673073993679259130e+00 1.000000000000000000e+00 8.200000000000000000e+01 3.000000000000000000e+00
2.654559069343768174e-01 8.496809186643582423e-01 1.500000000000000000e+01 1.630000000000000000e+02 3.000000000000000000e+00
2.965318835937927888e-01 1.610584131861860779e+00 4.000000000000000000e+00 9.100000000000000000e+01 3.000000000000000000e+00
4.065235503944533146e-01 8.455454381596027025e-01 1.300000000000000000e+01 1.460000000000000000e+02 3.000000000000000000e+00
6.239019422952771787e-01 1.637133929249813491e+00 4.000000000000000000e+00 1.750000000000000000e+02 3.000000000000000000e+00
6.662945925432216532e-01 7.790088903614927895e-01 1.300000000000000000e+01 7.700000000000000000e+01 3.000000000000000000e+00
8.744178950711690712e-01 1.560384869909147598e+00 1.500000000000000000e+01 6.400000000000000000e+01 3.000000000000000000e+00
6.927757275744982346e-01 1.372122759295514749e+00 1.000000000000000000e+00 1.010000000000000000e+02 3.000000000000000000e+00
5.906353776269503975e-01 7.083623342242072463e-01 1.800000000000000000e+01 8.000000000000000000e+01 3.000000000000000000e+00
8.849481129649393596e-01 7.377212391278514803e-01 1.300000000000000000e+01 3.200000000000000000e+01 3.000000000000000000e+00
3.763790567131041626e-02 1.952095219028040063e+00 1.900000000000000000e+01 3.000000000000000000e+01 3.000000000000000000e+00
4.388172310719694602e-01 2.115535853025244661e-01 1.800000000000000000e+01 1.030000000000000000e+02 3.000000000000000000e+00
2.441232806590790672e-01 8.156686285583832907e-01 1.000000000000000000e+01 9.000000000000000000e+00 3.000000000000000000e+00
1.351550292300002232e-01 1.830191110701076873e+00 1.500000000000000000e+01 1.410000000000000000e+02 3.000000000000000000e+00
7.010481789738256531e-01 9.297430438254982166e-01 1.900000000000000000e+01 1.800000000000000000e+02 3.000000000000000000e+00
5.548917270843373162e-01 1.230644415880943532e+00 1.100000000000000000e+01 4.400000000000000000e+01 3.000000000000000000e+00
9.962398450107878833e-01 1.739716121866636378e+00 7.000000000000000000e+00 2.900000000000000000e+01 3.000000000000000000e+00
5.629707503181159423e-01 8.335860496630825844e-01 4.000000000000000000e+00 1.490000000000000000e+02 3.000000000000000000e+00
5.476525169714180352e-01 1.465980541781119140e+00 2.000000000000000000e+00 4.400000000000000000e+01 3.000000000000000000e+00
1.973136610385424206e-01 1.509607052996465859e-01 1.700000000000000000e+01 3.000000000000000000e+00 3.000000000000000000e+00
9.622020635694383817e-01 9.184063008678696738e-01 1.400000000000000000e+01 1.800000000000000000e+01 3.000000000000000000e+00
2.741037261882244280e-01 6.570424233628880950e-01 1.900000000000000000e+01 5.900000000000000000e+01 3.000000000000000000e+00
3.635006972480234744e-01 1.212187808995983662e+00 1.000000000000000000e+01 1.560000000000000000e+02 3.000000000000000000e+00
1.377925390884273682e-01 2.022940757631042086e+00 4.000000000000000000e+00 2.900000000000000000e+01 3.000000000000000000e+00
8.098111528069978915e-01 5.923084660220735431e-01 7.000000000000000000e+00 6.700000000000000000e+01 3.000000000000000000e+00
8.019411763713917285e-01 1.155749328111934426e+00 1.900000000000000000e+01 2.000000000000000000e+02 3.000000000000000000e+00
3.687222421606831668e-01 9.531435277640568637e-01 3.000000000000000000e+00 1.990000000000000000e+02 3.000000000000000000e+00
7.017472431101623442e-01 1.432204090170881683e+00 1.500000000000000000e+01 5.800000000000000000e+01 3.000000000000000000e+00
1.907759378179295640e-01 2.698687547766945860e-01 1.300000000000000000e+01 1.700000000000000000e+02 3.000000000000000000e+00
7.867653298997699662e-02 1.650223173357768136e+00 6.000000000000000000e+00 8.100000000000000000e+01 3.000000000000000000e+00
7.284919078049265639e-01 1.243576971601246139e+00 1.100000000000000000e+01 1.130000000000000000e+02 3.000000000000000000e+00
9.413919447902122650e-01 1.247415090789283365e+00 1.400000000000000000e+01 1.740000000000000000e+02 3.000000000000000000e+00
9.327247104015841117e-01 1.562476114432409746e+00 1.400000000000000000e+01 1.280000000000000000e+02 3.000000000000000000e+00
2.433393105057777284e-01 1.062473403393460192e+00 1.400000000000000000e+01 8.800000000000000000e+01 3.000000000000000000e+00
4.985689162567883415e-01 8.913955460724102275e-01 1.100000000000000000e+01 3.500000000000000000e+01 3.000000000000000000e+00
4.855247834737829588e-02 1.319535250248431213e+00 6.000000000000000000e+00 1.300000000000000000e+01 3.000000000000000000e+00
3.437070521348919439e-01 9.558518057636732346e-01 1.900000000000000000e+01 8.900000000000000000e+01 3.000000000000000000e+00
7.764258894864765059e-01 1.043686411851908469e+00 4.000000000000000000e+00 2.000000000000000000e+00 3.000000000000000000e+00
5.732777734229989042e-01 2.096111909300199638e+00 1.500000000000000000e+01 7.100000000000000000e+01 3.000000000000000000e+00
8.986100052354654144e-01 3.926103774589529971e-01 1.000000000000000000e+01 9.400000000000000000e+01 3.000000000000000000e+00
1.923726531065421685e-01 1.573999809050097509e+00 6.000000000000000000e+00 1.490000000000000000e+02 3.000000000000000000e+00
5.615673501739749662e-01 2.098212625118977215e+00 1.200000000000000000e+01 1.570000000000000000e+02 3.000000000000000000e+00
8.207733287035181569e-01 1.756273102979851064e+00 2.000000000000000000e+01 6.500000000000000000e+01 3.000000000000000000e+00
1.657200562672552779e-01 1.444545359536731910e+00 1.000000000000000000e+01 8.000000000000000000e+01 4.000000000000000000e+00
9.081368571161811953e-01 4.762080032342835834e-01 1.900000000000000000e+01 1.900000000000000000e+02 4.000000000000000000e+00
8.708720470035192784e-01 4.600352155025407841e-01 7.000000000000000000e+00 9.900000000000000000e+01 4.000000000000000000e+00
6.576699036324656911e-01 1.990817856518231732e+00 1.000000000000000000e+00 5.600000000000000000e+01 4.000000000000000000e+00
6.054576479351033713e-01 8.554162722011441344e-01 1.000000000000000000e+01 4.300000000000000000e+01 4.000000000000000000e+00
4.313758069224100655e-01 1.835111463207973914e+00 3.000000000000000000e+00 7.500000000000000000e+01 4.000000000000000000e+00
8.813497197370128156e-01 1.814523214674509832e+00 3.000000000000000000e+00 7.600000000000000000e+01 4.000000000000000000e+00
1.575427835781927771e-02 1.802894868762637159e+00 6.000000000000000000e+00 2.500000000000000000e+01 4.000000000000000000e+00
4.389842055169774770e-01 2.593998449337083789e-01 3.000000000000000000e+00 1.830000000000000000e+02 4.000000000000000000e+00
6.429427920154929810e-01 1.883796500476999203e+00 1.400000000000000000e+01 6.300000000000000000e+01 4.000000000000000000e+00
7.418497997602874205e-01 3.575005629491651016e-01 1.200000000000000000e+01 1.750000000000000000e+02 4.000000000000000000e+00
4.782666972283877022e-02 1.730477248472504836e+00 1.700000000000000000e+01 1.600000000000000000e+01 4.000000000000000000e+00
7.888494640001668667e-01 3.722971138438849747e-01 1.000000000000000000e+00 2.900000000000000000e+01 4.000000000000000000e+00
1.180250115796673688e-01 1.225945215516654196e-01 1.700000000000000000e+01 1.380000000000000000e+02 4.000000000000000000e+00
8.784422683245686203e-01 4.239713264209165056e-01 1.600000000000000000e+01 1.440000000000000000e+02 4.000000000000000000e+00
7.546822949357462340e-01 8.759230597920656392e-01 1.100000000000000000e+01 2.000000000000000000e+01 4.000000000000000000e+00
4.924633894750640728e-01 1.025734014857832277e-01 7.000000000000000000e+00 1.300000000000000000e+02 4.000000000000000000e+00
8.674688706452147180e-01 6.190326710302557212e-01 9.000000000000000000e+00 1.220000000000000000e+02 4.000000000000000000e+00
1.567898679499282188e-01 1.967826074416525683e+00 1.300000000000000000e+01 1.550000000000000000e+02 4.000000000000000000e+00
5.048269006863178587e-01 2.463929104957812977e-01 2.000000000000000000e+00 6.300000000000000000e+01 4.000000000000000000e+00
5.241962929728153364e-01 1.646792963173723257e+00 1.800000000000000000e+01 1.770000000000000000e+02 4.000000000000000000e+00
2.738980955019930663e-01 7.945654412448385218e-01 1.200000000000000000e+01 2.100000000000000000e+01 4.000000000000000000e+00
8.515820844241805965e-01 2.092140963760819705e+00 1.500000000000000000e+01 1.950000000000000000e+02 4.000000000000000000e+00
3.754691103930822837e-01 1.972541111945427028e+00 7.000000000000000000e+00 3.400000000000000000e+01 4.000000000000000000e+00
5.823541259699879236e-01 6.841567233958300021e-01 4.000000000000000000e+00 1.090000000000000000e+02 4.000000000000000000e+00
9.473836858508467573e-01 1.945325064228123679e+00 1.800000000000000000e+01 5.200000000000000000e+01 4.000000000000000000e+00
8.039755872486045174e-01 3.747257824299677909e-01 5.000000000000000000e+00 5.900000000000000000e+01 4.000000000000000000e+00
6.892544138867105763e-02 1.669177686334878841e+00 1.000000000000000000e+00 1.020000000000000000e+02 4.000000000000000000e+00
8.157473616512201930e-01 2.202966925611275217e-01 1.600000000000000000e+01 1.440000000000000000e+02 4.000000000000000000e+00
1.265664084015897251e-01 9.480129408189547080e-01 1.500000000000000000e+01 3.800000000000000000e+01 4.000000000000000000e+00
3.107833463952104358e-01 8.922535106809691419e-01 1.000000000000000000e+00 1.650000000000000000e+02 4.000000000000000000e+00
1.232891084860974068e-01 3.974496137182618183e-01 9.000000000000000000e+00 1.510000000000000000e+02 4.000000000000000000e+00
4.276472119056319299e-01 5.091133306745224685e-01 1.100000000000000000e+01 1.180000000000000000e+02 4.000000000000000000e+00
8.984162442019810735e-01 1.588230419843334185e-01 5.000000000000000000e+00 8.000000000000000000e+01 4.000000000000000000e+00
9.991476861112050800e-01 9.092191308304334862e-01 1.200000000000000000e+01 1.410000000000000000e+02 4.000000000000000000e+00
5.229145172666022079e-01 1.061456085403344796e+00 2.000000000000000000e+01 9.300000000000000000e+01 4.000000000000000000e+00
6.504357407876493191e-01 2.003760451860614467e+00 1.700000000000000000e+01 6.800000000000000000e+01 4.000000000000000000e+00
2.173828823986813097e-01 1.690815042158770432e+00 1.000000000000000000e+01 1.870000000000000000e+02 4.000000000000000000e+00
3.069793757029651848e-01 1.442760344081630786e+00 6.000000000000000000e+00 1.000000000000000000e+00 4.000000000000000000e+00
9.901184780849029421e-01 5.912878238782423024e-01 1.100000000000000000e+01 8.800000000000000000e+01 4.000000000000000000e+00
5.910530486026339680e-01 2.781995321043683189e-01 1.700000000000000000e+01 9.000000000000000000e+01 4.000000000000000000e+00
1.991875869603139115e-01 2.145662850236732810e-01 1.300000000000000000e+01 1.700000000000000000e+02 4.000000000000000000e+00
7.340568456941375108e-02 4.819439213009516498e-01 1.100000000000000000e+01 1.500000000000000000e+02 4.000000000000000000e+00
5.355950867573705532e-01 6.393246811061318313e-01 3.000000000000000000e+00 9.100000000000000000e+01 4.000000000000000000e+00
2.911310850781883008e-01 3.320766084421128417e-01 1.000000000000000000e+00 1.920000000000000000e+02 4.000000000000000000e+00
5.553361485391515862e-01 1.225144358933910382e+00 1.300000000000000000e+01 1.200000000000000000e+02 4.000000000000000000e+00
7.771947053568216690e-01 3.263732833288096602e-01 1.400000000000000000e+01 1.210000000000000000e+02 4.000000000000000000e+00
6.779292091915024576e-01 1.375762838124378939e+00 1.600000000000000000e+01 1.950000000000000000e+02 4.000000000000000000e+00
6.241276771071121443e-01 7.313730100719896265e-01 1.500000000000000000e+01 1.100000000000000000e+01 4.000000000000000000e+00
6.673041111755728672e-01 1.642062751507714413e+00 5.000000000000000000e+00 1.570000000000000000e+02 4.000000000000000000e+00
