2.286450501472060415e-01 1.628054390051611178e-01 1.500000000000000000e+01 5.100000000000000000e+01 0.000000000000000000e+00
2.286450501472060415e-01 1.628054390051611178e-01 1.500000000000000000e+01 5.100000000000000000e+01 1.000000000000000000e+00
2.286450501472060415e-01 1.628054390051611178e-01 1.500000000000000000e+01 5.100000000000000000e+01 2.000000000000000000e+00
2.286450501472060415e-01 1.628054390051611178e-01 1.500000000000000000e+01 5.100000000000000000e+01 3.000000000000000000e+00
2.286450501472060415e-01 1.628054390051611178e-01 1.500000000000000000e+01 5.100000000000000000e+01 4.000000000000000000e+00
2.971252773397033975e-01 4.452893111104129220e-01 6.000000000000000000e+00 1.140000000000000000e+02 0.000000000000000000e+00
2.971252773397033975e-01 4.452893111104129220e-01 6.000000000000000000e+00 1.140000000000000000e+02 1.000000000000000000e+00
2.971252773397033975e-01 4.452893111104129220e-01 6.000000000000000000e+00 1.140000000000000000e+02 2.000000000000000000e+00
2.971252773397033975e-01 4.452893111104129220e-01 6.000000000000000000e+00 1.140000000000000000e+02 3.000000000000000000e+00
2.971252773397033975e-01 4.452893111104129220e-01 6.000000000000000000e+00 1.140000000000000000e+02 4.000000000000000000e+00
3.133763808784103544e-01 4.259004450141766762e-01 1.300000000000000000e+01 7.100000000000000000e+01 0.000000000000000000e+00
3.133763808784103544e-01 4.259004450141766762e-01 1.300000000000000000e+01 7.100000000000000000e+01 1.000000000000000000e+00
3.133763808784103544e-01 4.259004450141766762e-01 1.300000000000000000e+01 7.100000000000000000e+01 2.000000000000000000e+00
3.133763808784103544e-01 4.259004450141766762e-01 1.300000000000000000e+01 7.100000000000000000e+01 3.000000000000000000e+00
3.133763808784103544e-01 4.259004450141766762e-01 1.300000000000000000e+01 7.100000000000000000e+01 4.000000000000000000e+00
7.093137532277665747e-01 1.643021663336386551e+00 4.000000000000000000e+00 4.700000000000000000e+01 0.000000000000000000e+00
7.093137532277665747e-01 1.643021663336386551e+00 4.000000000000000000e+00 4.700000000000000000e+01 1.000000000000000000e+00
7.093137532277665747e-01 1.643021663336386551e+00 4.000000000000000000e+00 4.700000000000000000e+01 2.000000000000000000e+00
7.093137532277665747e-01 1.643021663336386551e+00 4.000000000000000000e+00 4.700000000000000000e+01 3.000000000000000000e+00
7.093137532277665747e-01 1.643021663336386551e+00 4.000000000000000000e+00 4.700000000000000000e+01 4.000000000000000000e+00
5.245524476282669157e-01 5.716137762351262142e-01 8.000000000000000000e+00 4.200000000000000000e+01 0.000000000000000000e+00
5.245524476282669157e-01 5.716137762351262142e-01 8.000000000000000000e+00 4.200000000000000000e+01 1.000000000000000000e+00
5.245524476282669157e-01 5.716137762351262142e-01 8.000000000000000000e+00 4.200000000000000000e+01 2.000000000000000000e+00
5.245524476282669157e-01 5.716137762351262142e-01 8.000000000000000000e+00 4.200000000000000000e+01 3.000000000000000000e+00
5.245524476282669157e-01 5.716137762351262142e-01 8.000000000000000000e+00 4.200000000000000000e+01 4.000000000000000000e+00
2.400396265987742028e-01 1.111430332724117065e+00 1.000000000000000000e+00 1.720000000000000000e+02 0.000000000000000000e+00
2.400396265987742028e-01 1.111430332724117065e+00 1.000000000000000000e+00 1.720000000000000000e+02 1.000000000000000000e+00
2.400396265987742028e-01 1.111430332724117065e+00 1.000000000000000000e+00 1.720000000000000000e+02 2.000000000000000000e+00
2.400396265987742028e-01 1.111430332724117065e+00 1.000000000000000000e+00 1.720000000000000000e+02 3.000000000000000000e+00
2.400396265987742028e-01 1.111430332724117065e+00 1.000000000000000000e+00 1.720000000000000000e+02 4.000000000000000000e+00
1.441849629873491745e-01 1.222924525969927068e+00 1.800000000000000000e+01 1.900000000000000000e+02 0.000000000000000000e+00
1.441849629873491745e-01 1.222924525969927068e+00 1.800000000000000000e+01 1.900000000000000000e+02 1.000000000000000000e+00
1.441849629873491745e-01 1.222924525969927068e+00 1.800000000000000000e+01 1.900000000000000000e+02 2.000000000000000000e+00
1.441849629873491745e-01 1.222924525969927068e+00 1.800000000000000000e+01 1.900000000000000000e+02 3.000000000000000000e+00
1.441849629873491745e-01 1.222924525969927068e+00 1.800000000000000000e+01 1.900000000000000000e+02 4.000000000000000000e+00
4.920002031050398905e-01 1.459337511291287415e+00 1.700000000000000000e+01 1.000000000000000000e+02 0.000000000000000000e+00
4.920002031050398905e-01 1.459337511291287415e+00 1.700000000000000000e+01 1.000000000000000000e+02 1.000000000000000000e+00
4.920002031050398905e-01 1.459337511291287415e+00 1.700000000000000000e+01 1.000000000000000000e+02 2.000000000000000000e+00
4.920002031050398905e-01 1.459337511291287415e+00 1.700000000000000000e+01 1.000000000000000000e+02 3.000000000000000000e+00
4.920002031050398905e-01 1.459337511291287415e+00 1.700000000000000000e+01 1.000000000000000000e+02 4.000000000000000000e+00
7.487072919303251473e-01 4.302813113425080216e-01 6.000000000000000000e+00 1.800000000000000000e+01 0.000000000000000000e+00
7.487072919303251473e-01 4.302813113425080216e-01 6.000000000000000000e+00 1.800000000000000000e+01 1.000000000000000000e+00
7.487072919303251473e-01 4.302813113425080216e-01 6.000000000000000000e+00 1.800000000000000000e+01 2.000000000000000000e+00
7.487072919303251473e-01 4.302813113425080216e-01 6.000000000000000000e+00 1.800000000000000000e+01 3.000000000000000000e+00
7.487072919303251473e-01 4.302813113425080216e-01 6.000000000000000000e+00 1.800000000000000000e+01 4.000000000000000000e+00
1.106937072650404502e-01 1.955175147222858456e+00 1.900000000000000000e+01 1.970000000000000000e+02 0.000000000000000000e+00
1.106937072650404502e-01 1.955175147222858456e+00 1.900000000000000000e+01 1.970000000000000000e+02 1.000000000000000000e+00
1.106937072650404502e-01 1.955175147222858456e+00 1.900000000000000000e+01 1.970000000000000000e+02 2.000000000000000000e+00
1.106937072650404502e-01 1.955175147222858456e+00 1.900000000000000000e+01 1.970000000000000000e+02 3.000000000000000000e+00
1.106937072650404502e-01 1.955175147222858456e+00 1.900000000000000000e+01 1.970000000000000000e+02 4.000000000000000000e+00
2.302715309733464055e-01 3.004161430000676924e-01 1.600000000000000000e+01 7.000000000000000000e+01 0.000000000000000000e+00
2.302715309733464055e-01 3.004161430000676924e-01 1.600000000000000000e+01 7.000000000000000000e+01 1.000000000000000000e+00
2.302715309733464055e-01 3.004161430000676924e-01 1.600000000000000000e+01 7.000000000000000000e+01 2.000000000000000000e+00
2.302715309733464055e-01 3.004161430000676924e-01 1.600000000000000000e+01 7.000000000000000000e+01 3.000000000000000000e+00
2.302715309733464055e-01 3.004161430000676924e-01 1.600000000000000000e+01 7.000000000000000000e+01 4.000000000000000000e+00
8.030562921829903500e-01 3.148528533672064755e-01 8.000000000000000000e+00 1.410000000000000000e+02 0.000000000000000000e+00
8.030562921829903500e-01 3.148528533672064755e-01 8.000000000000000000e+00 1.410000000000000000e+02 1.000000000000000000e+00
8.030562921829903500e-01 3.148528533672064755e-01 8.000000000000000000e+00 1.410000000000000000e+02 2.000000000000000000e+00
8.030562921829903500e-01 3.148528533672064755e-01 8.000000000000000000e+00 1.410000000000000000e+02 3.000000000000000000e+00
8.030562921829903500e-01 3.148528533672064755e-01 8.000000000000000000e+00 1.410000000000000000e+02 4.000000000000000000e+00
4.657409056422127103e-01 3.142322588859173260e-01 1.900000000000000000e+01 7.100000000000000000e+01 0.000000000000000000e+00
4.657409056422127103e-01 3.142322588859173260e-01 1.900000000000000000e+01 7.100000000000000000e+01 1.000000000000000000e+00
4.657409056422127103e-01 3.142322588859173260e-01 1.900000000000000000e+01 7.100000000000000000e+01 2.000000000000000000e+00
4.657409056422127103e-01 3.142322588859173260e-01 1.900000000000000000e+01 7.100000000000000000e+01 3.000000000000000000e+00
4.657409056422127103e-01 3.142322588859173260e-01 1.900000000000000000e+01 7.100000000000000000e+01 4.000000000000000000e+00
5.425725784867405643e-01 9.921496223230180656e-01 1.200000000000000000e+01 5.500000000000000000e+01 0.000000000000000000e+00
5.425725784867405643e-01 9.921496223230180656e-01 1.200000000000000000e+01 5.500000000000000000e+01 1.000000000000000000e+00
5.425725784867405643e-01 9.921496223230180656e-01 1.200000000000000000e+01 5.500000000000000000e+01 2.000000000000000000e+00
5.425725784867405643e-01 9.921496223230180656e-01 1.200000000000000000e+01 5.500000000000000000e+01 3.000000000000000000e+00
5.425725784867405643e-01 9.921496223230180656e-01 1.200000000000000000e+01 5.500000000000000000e+01 4.000000000000000000e+00
1.897202172595294778e-01 2.070081054338371640e+00 2.000000000000000000e+00 8.000000000000000000e+00 0.000000000000000000e+00
1.897202172595294778e-01 2.070081054338371640e+00 2.000000000000000000e+00 8.000000000000000000e+00 1.000000000000000000e+00
1.897202172595294778e-01 2.070081054338371640e+00 2.000000000000000000e+00 8.000000000000000000e+00 2.000000000000000000e+00
1.897202172595294778e-01 2.070081054338371640e+00 2.000000000000000000e+00 8.000000000000000000e+00 3.000000000000000000e+00
1.897202172595294778e-01 2.070081054338371640e+00 2.000000000000000000e+00 8.000000000000000000e+00 4.000000000000000000e+00
6.732264927658747622e-01 1.360256769852407288e+00 9.000000000000000000e+00 8.700000000000000000e+01 0.000000000000000000e+00
6.732264927658747622e-01 1.360256769852407288e+00 9.000000000000000000e+00 8.700000000000000000e+01 1.000000000000000000e+00
6.732264927658747622e-01 1.360256769852407288e+00 9.000000000000000000e+00 8.700000000000000000e+01 2.000000000000000000e+00
6.732264927658747622e-01 1.360256769852407288e+00 9.000000000000000000e+00 8.700000000000000000e+01 3.000000000000000000e+00
6.732264927658747622e-01 1.360256769852407288e+00 9.000000000000000000e+00 8.700000000000000000e+01 4.000000000000000000e+00
5.602706458064410366e-01 1.598747309629992286e-01 9.000000000000000000e+00 7.600000000000000000e+01 0.000000000000000000e+00
5.602706458064410366e-01 1.598747309629992286e-01 9.000000000000000000e+00 7.600000000000000000e+01 1.000000000000000000e+00
5.602706458064410366e-01 1.598747309629992286e-01 9.000000000000000000e+00 7.600000000000000000e+01 2.000000000000000000e+00
5.602706458064410366e-01 1.598747309629992286e-01 9.000000000000000000e+00 7.600000000000000000e+01 3.000000000000000000e+00
5.602706458064410366e-01 1.598747309629992286e-01 9.000000000000000000e+00 7.600000000000000000e+01 4.000000000000000000e+00
1.157911735410800252e-01 7.996173646112377797e-01 8.000000000000000000e+00 7.300000000000000000e+01 0.000000000000000000e+00
1.157911735410800252e-01 7.996173646112377797e-01 8.000000000000000000e+00 7.300000000000000000e+01 1.000000000000000000e+00
1.157911735410800252e-01 7.996173646112377797e-01 8.000000000000000000e+00 7.300000000000000000e+01 2.000000000000000000e+00
1.157911735410800252e-01 7.996173646112377797e-01 8.000000000000000000e+00 7.300000000000000000e+01 3.000000000000000000e+00
1.157911735410800252e-01 7.996173646112377797e-01 8.000000000000000000e+00 7.300000000000000000e+01 4.000000000000000000e+00
6.040405473854259383e-02 1.203309030050311312e+00 1.500000000000000000e+01 8.200000000000000000e+01 0.000000000000000000e+00
6.040405473854259383e-02 1.203309030050311312e+00 1.500000000000000000e+01 8.200000000000000000e+01 1.000000000000000000e+00
6.040405473854259383e-02 1.203309030050311312e+00 1.500000000000000000e+01 8.200000000000000000e+01 2.000000000000000000e+00
6.040405473854259383e-02 1.203309030050311312e+00 1.500000000000000000e+01 8.200000000000000000e+01 3.000000000000000000e+00
6.040405473854259383e-02 1.203309030050311312e+00 1.500000000000000000e+01 8.200000000000000000e+01 4.000000000000000000e+00
8.168721140242718448e-01 8.532705973723341275e-01 1.900000000000000000e+01 1.370000000000000000e+02 0.000000000000000000e+00
8.168721140242718448e-01 8.532705973723341275e-01 1.900000000000000000e+01 1.370000000000000000e+02 1.000000000000000000e+00
8.168721140242718448e-01 8.532705973723341275e-01 1.900000000000000000e+01 1.370000000000000000e+02 2.000000000000000000e+00
8.168721140242718448e-01 8.532705973723341275e-01 1.900000000000000000e+01 1.370000000000000000e+02 3.000000000000000000e+00
8.168721140242718448e-01 8.532705973723341275e-01 1.900000000000000000e+01 1.370000000000000000e+02 4.000000000000000000e+00
9.413053143523365529e-01 7.079250325929909993e-01 1.200000000000000000e+01 1.770000000000000000e+02 0.000000000000000000e+00
9.413053143523365529e-01 7.079250325929909993e-01 1.200000000000000000e+01 1.770000000000000000e+02 1.000000000000000000e+00
9.413053143523365529e-01 7.079250325929909993e-01 1.200000000000000000e+01 1.770000000000000000e+02 2.000000000000000000e+00
9.413053143523365529e-01 7.079250325929909993e-01 1.200000000000000000e+01 1.770000000000000000e+02 3.000000000000000000e+00
9.413053143523365529e-01 7.079250325929909993e-01 1.200000000000000000e+01 1.770000000000000000e+02 4.000000000000000000e+00
4.207905542838616952e-01 5.234373015243071192e-01 1.000000000000000000e+01 1.930000000000000000e+02 0.000000000000000000e+00
4.207905542838616952e-01 5.234373015243071192e-01 1.000000000000000000e+01 1.930000000000000000e+02 1.000000000000000000e+00
4.207905542838616952e-01 5.234373015243071192e-01 1.000000000000000000e+01 1.930000000000000000e+02 2.000000000000000000e+00
4.207905542838616952e-01 5.234373015243071192e-01 1.000000000000000000e+01 1.930000000000000000e+02 3.000000000000000000e+00
4.207905542838616952e-01 5.234373015243071192e-01 1.000000000000000000e+01 1.930000000000000000e+02 4.000000000000000000e+00
4.206564273648406571e-01 2.857208171335764435e-01 4.000000000000000000e+00 6.600000000000000000e+01 0.000000000000000000e+00
4.206564273648406571e-01 2.857208171335764435e-01 4.000000000000000000e+00 6.600000000000000000e+01 1.000000000000000000e+00
4.206564273648406571e-01 2.857208171335764435e-01 4.000000000000000000e+00 6.600000000000000000e+01 2.000000000000000000e+00
4.206564273648406571e-01 2.857208171335764435e-01 4.000000000000000000e+00 6.600000000000000000e+01 3.000000000000000000e+00
4.206564273648406571e-01 2.857208171335764435e-01 4.000000000000000000e+00 6.600000000000000000e+01 4.000000000000000000e+00
8.805882636197971403e-01 7.635702731440902058e-01 5.000000000000000000e+00 9.300000000000000000e+01 0.000000000000000000e+00
8.805882636197971403e-01 7.635702731440902058e-01 5.000000000000000000e+00 9.300000000000000000e+01 1.000000000000000000e+00
8.805882636197971403e-01 7.635702731440902058e-01 5.000000000000000000e+00 9.300000000000000000e+01 2.000000000000000000e+00
8.805882636197971403e-01 7.635702731440902058e-01 5.000000000000000000e+00 9.300000000000000000e+01 3.000000000000000000e+00
8.805882636197971403e-01 7.635702731440902058e-01 5.000000000000000000e+00 9.300000000000000000e+01 4.000000000000000000e+00
9.455849135956261309e-01 1.381142163538559897e+00 1.900000000000000000e+01 8.400000000000000000e+01 0.000000000000000000e+00
9.455849135956261309e-01 1.381142163538559897e+00 1.900000000000000000e+01 8.400000000000000000e+01 1.000000000000000000e+00
9.455849135956261309e-01 1.381142163538559897e+00 1.900000000000000000e+01 8.400000000000000000e+01 2.000000000000000000e+00
9.455849135956261309e-01 1.381142163538559897e+00 1.900000000000000000e+01 8.400000000000000000e+01 3.000000000000000000e+00
9.455849135956261309e-01 1.381142163538559897e+00 1.900000000000000000e+01 8.400000000000000000e+01 4.000000000000000000e+00
7.251671369760158414e-02 1.012950531739537086e+00 1.000000000000000000e+01 1.940000000000000000e+02 0.000000000000000000e+00
7.251671369760158414e-02 1.012950531739537086e+00 1.000000000000000000e+01 1.940000000000000000e+02 1.000000000000000000e+00
7.251671369760158414e-02 1.012950531739537086e+00 1.000000000000000000e+01 1.940000000000000000e+02 2.000000000000000000e+00
7.251671369760158414e-02 1.012950531739537086e+00 1.000000000000000000e+01 1.940000000000000000e+02 3.000000000000000000e+00
7.251671369760158414e-02 1.012950531739537086e+00 1.000000000000000000e+01 1.940000000000000000e+02 4.000000000000000000e+00
7.077895867039767364e-01 1.452793933398164983e+00 1.600000000000000000e+01 1.500000000000000000e+01 0.000000000000000000e+00
7.077895867039767364e-01 1.452793933398164983e+00 1.600000000000000000e+01 1.500000000000000000e+01 1.000000000000000000e+00
7.077895867039767364e-01 1.452793933398164983e+00 1.600000000000000000e+01 1.500000000000000000e+01 2.000000000000000000e+00
7.077895867039767364e-01 1.452793933398164983e+00 1.600000000000000000e+01 1.500000000000000000e+01 3.000000000000000000e+00
7.077895867039767364e-01 1.452793933398164983e+00 1.600000000000000000e+01 1.500000000000000000e+01 4.000000000000000000e+00
5.985557330863310738e-02 1.540423726777365498e+00 1.100000000000000000e+01 8.400000000000000000e+01 0.000000000000000000e+00
5.985557330863310738e-02 1.540423726777365498e+00 1.100000000000000000e+01 8.400000000000000000e+01 1.000000000000000000e+00
5.985557330863310738e-02 1.540423726777365498e+00 1.100000000000000000e+01 8.400000000000000000e+01 2.000000000000000000e+00
5.985557330863310738e-02 1.540423726777365498e+00 1.100000000000000000e+01 8.400000000000000000e+01 3.000000000000000000e+00
5.985557330863310738e-02 1.540423726777365498e+00 1.100000000000000000e+01 8.400000000000000000e+01 4.000000000000000000e+00
8.947327667025417597e-01 1.614426582290752477e-01 2.000000000000000000e+01 9.000000000000000000e+00 0.000000000000000000e+00
8.947327667025417597e-01 1.614426582290752477e-01 2.000000000000000000e+01 9.000000000000000000e+00 1.000000000000000000e+00
8.947327667025417597e-01 1.614426582290752477e-01 2.000000000000000000e+01 9.000000000000000000e+00 2.000000000000000000e+00
8.947327667025417597e-01 1.614426582290752477e-01 2.000000000000000000e+01 9.000000000000000000e+00 3.000000000000000000e+00
8.947327667025417597e-01 1.614426582290752477e-01 2.000000000000000000e+01 9.000000000000000000e+00 4.000000000000000000e+00
8.217711027806888779e-01 3.158224151315282002e-01 1.000000000000000000e+01 1.100000000000000000e+02 0.000000000000000000e+00
8.217711027806888779e-01 3.158224151315282002e-01 1.000000000000000000e+01 1.100000000000000000e+02 1.000000000000000000e+00
8.217711027806888779e-01 3.158224151315282002e-01 1.000000000000000000e+01 1.100000000000000000e+02 2.000000000000000000e+00
8.217711027806888779e-01 3.158224151315282002e-01 1.000000000000000000e+01 1.100000000000000000e+02 3.000000000000000000e+00
8.217711027806888779e-01 3.158224151315282002e-01 1.000000000000000000e+01 1.100000000000000000e+02 4.000000000000000000e+00
9.626681423342556831e-01 1.295121582953705053e+00 6.000000000000000000e+00 6.600000000000000000e+01 0.000000000000000000e+00
9.626681423342556831e-01 1.295121582953705053e+00 6.000000000000000000e+00 6.600000000000000000e+01 1.000000000000000000e+00
9.626681423342556831e-01 1.295121582953705053e+00 6.000000000000000000e+00 6.600000000000000000e+01 2.000000000000000000e+00
9.626681423342556831e-01 1.295121582953705053e+00 6.000000000000000000e+00 6.600000000000000000e+01 3.000000000000000000e+00
9.626681423342556831e-01 1.295121582953705053e+00 6.000000000000000000e+00 6.600000000000000000e+01 4.000000000000000000e+00
5.409502648501146593e-01 8.084087753628222961e-01 1.800000000000000000e+01 1.150000000000000000e+02 0.000000000000000000e+00
5.409502648501146593e-01 8.084087753628222961e-01 1.800000000000000000e+01 1.150000000000000000e+02 1.000000000000000000e+00
5.409502648501146593e-01 8.084087753628222961e-01 1.800000000000000000e+01 1.150000000000000000e+02 2.000000000000000000e+00
5.409502648501146593e-01 8.084087753628222961e-01 1.800000000000000000e+01 1.150000000000000000e+02 3.000000000000000000e+00
5.409502648501146593e-01 8.084087753628222961e-01 1.800000000000000000e+01 1.150000000000000000e+02 4.000000000000000000e+00
2.954206970108058661e-01 6.572711844814164150e-01 2.000000000000000000e+00 1.160000000000000000e+02 0.000000000000000000e+00
2.954206970108058661e-01 6.572711844814164150e-01 2.000000000000000000e+00 1.160000000000000000e+02 1.000000000000000000e+00
2.954206970108058661e-01 6.572711844814164150e-01 2.000000000000000000e+00 1.160000000000000000e+02 2.000000000000000000e+00
2.954206970108058661e-01 6.572711844814164150e-01 2.000000000000000000e+00 1.160000000000000000e+02 3.000000000000000000e+00
2.954206970108058661e-01 6.572711844814164150e-01 2.000000000000000000e+00 1.160000000000000000e+02 4.000000000000000000e+00
9.047384269293868853e-01 1.447029614666505148e+00 2.000000000000000000e+01 1.640000000000000000e+02 0.000000000000000000e+00
9.047384269293868853e-01 1.447029614666505148e+00 2.000000000000000000e+01 1.640000000000000000e+02 1.000000000000000000e+00
9.047384269293868853e-01 1.447029614666505148e+00 2.000000000000000000e+01 1.640000000000000000e+02 2.000000000000000000e+00
9.047384269293868853e-01 1.447029614666505148e+00 2.000000000000000000e+01 1.640000000000000000e+02 3.000000000000000000e+00
9.047384269293868853e-01 1.447029614666505148e+00 2.000000000000000000e+01 1.640000000000000000e+02 4.000000000000000000e+00
3.278943221515346895e-01 3.863812375554181999e-01 1.200000000000000000e+01 3.200000000000000000e+01 0.000000000000000000e+00
3.278943221515346895e-01 3.863812375554181999e-01 1.200000000000000000e+01 3.200000000000000000e+01 1.000000000000000000e+00
3.278943221515346895e-01 3.863812375554181999e-01 1.200000000000000000e+01 3.200000000000000000e+01 2.000000000000000000e+00
3.278943221515346895e-01 3.863812375554181999e-01 1.200000000000000000e+01 3.200000000000000000e+01 3.000000000000000000e+00
3.278943221515346895e-01 3.863812375554181999e-01 1.200000000000000000e+01 3.200000000000000000e+01 4.000000000000000000e+00
5.208975435279538518e-02 1.451403465916034641e+00 8.000000000000000000e+00 8.000000000000000000e+00 0.000000000000000000e+00
5.208975435279538518e-02 1.451403465916034641e+00 8.000000000000000000e+00 8.000000000000000000e+00 1.000000000000000000e+00
5.208975435279538518e-02 1.451403465916034641e+00 8.000000000000000000e+00 8.000000000000000000e+00 2.000000000000000000e+00
5.208975435279538518e-02 1.451403465916034641e+00 8.000000000000000000e+00 8.000000000000000000e+00 3.000000000000000000e+00
5.208975435279538518e-02 1.451403465916034641e+00 8.000000000000000000e+00 8.000000000000000000e+00 4.000000000000000000e+00
1.710045641186577203e-01 2.912654938775615099e-01 1.900000000000000000e+01 8.000000000000000000e+00 0.000000000000000000e+00
1.710045641186577203e-01 2.912654938775615099e-01 1.900000000000000000e+01 8.000000000000000000e+00 1.000000000000000000e+00
1.710045641186577203e-01 2.912654938775615099e-01 1.900000000000000000e+01 8.000000000000000000e+00 2.000000000000000000e+00
1.710045641186577203e-01 2.912654938775615099e-01 1.900000000000000000e+01 8.000000000000000000e+00 3.000000000000000000e+00
1.710045641186577203e-01 2.912654938775615099e-01 1.900000000000000000e+01 8.000000000000000000e+00 4.000000000000000000e+00
6.357329924323715797e-01 3.548682928642507006e-01 8.000000000000000000e+00 1.550000000000000000e+02 0.000000000000000000e+00
6.357329924323715797e-01 3.548682928642507006e-01 8.000000000000000000e+00 1.550000000000000000e+02 1.000000000000000000e+00
6.357329924323715797e-01 3.548682928642507006e-01 8.000000000000000000e+00 1.550000000000000000e+02 2.000000000000000000e+00
6.357329924323715797e-01 3.548682928642507006e-01 8.000000000000000000e+00 1.550000000000000000e+02 3.000000000000000000e+00
6.357329924323715797e-01 3.548682928642507006e-01 8.000000000000000000e+00 1.550000000000000000e+02 4.000000000000000000e+00
9.500325457461102907e-01 1.033989246879081891e+00 1.000000000000000000e+01 8.300000000000000000e+01 0.000000000000000000e+00
9.500325457461102907e-01 1.033989246879081891e+00 1.000000000000000000e+01 8.300000000000000000e+01 1.000000000000000000e+00
9.500325457461102907e-01 1.033989246879081891e+00 1.000000000000000000e+01 8.300000000000000000e+01 2.000000000000000000e+00
9.500325457461102907e-01 1.033989246879081891e+00 1.000000000000000000e+01 8.300000000000000000e+01 3.000000000000000000e+00
9.500325457461102907e-01 1.033989246879081891e+00 1.000000000000000000e+01 8.300000000000000000e+01 4.000000000000000000e+00
9.412952816079139806e-01 1.166920575705271856e+00 7.000000000000000000e+00 1.360000000000000000e+02 0.000000000000000000e+00
9.412952816079139806e-01 1.166920575705271856e+00 7.000000000000000000e+00 1.360000000000000000e+02 1.000000000000000000e+00
9.412952816079139806e-01 1.166920575705271856e+00 7.000000000000000000e+00 1.360000000000000000e+02 2.000000000000000000e+00
9.412952816079139806e-01 1.166920575705271856e+00 7.000000000000000000e+00 1.360000000000000000e+02 3.000000000000000000e+00
9.412952816079139806e-01 1.166920575705271856e+00 7.000000000000000000e+00 1.360000000000000000e+02 4.000000000000000000e+00
6.116500124386200499e-01 1.337099908657085889e-01 3.000000000000000000e+00 8.000000000000000000e+01 0.000000000000000000e+00
6.116500124386200499e-01 1.337099908657085889e-01 3.000000000000000000e+00 8.000000000000000000e+01 1.000000000000000000e+00
6.116500124386200499e-01 1.337099908657085889e-01 3.000000000000000000e+00 8.000000000000000000e+01 2.000000000000000000e+00
6.116500124386200499e-01 1.337099908657085889e-01 3.000000000000000000e+00 8.000000000000000000e+01 3.000000000000000000e+00
6.116500124386200499e-01 1.337099908657085889e-01 3.000000000000000000e+00 8.000000000000000000e+01 4.000000000000000000e+00
6.031091560723264022e-01 1.604217375013098357e+00 1.000000000000000000e+00 4.000000000000000000e+01 0.000000000000000000e+00
6.031091560723264022e-01 1.604217375013098357e+00 1.000000000000000000e+00 4.000000000000000000e+01 1.000000000000000000e+00
6.031091560723264022e-01 1.604217375013098357e+00 1.000000000000000000e+00 4.000000000000000000e+01 2.000000000000000000e+00
6.031091560723264022e-01 1.604217375013098357e+00 1.000000000000000000e+00 4.000000000000000000e+01 3.000000000000000000e+00
6.031091560723264022e-01 1.604217375013098357e+00 1.000000000000000000e+00 4.000000000000000000e+01 4.000000000000000000e+00
4.001670761545124133e-01 1.342536977670898857e+00 3.000000000000000000e+00 4.200000000000000000e+01 0.000000000000000000e+00
4.001670761545124133e-01 1.342536977670898857e+00 3.000000000000000000e+00 4.200000000000000000e+01 1.000000000000000000e+00
4.001670761545124133e-01 1.342536977670898857e+00 3.000000000000000000e+00 4.200000000000000000e+01 2.000000000000000000e+00
4.001670761545124133e-01 1.342536977670898857e+00 3.000000000000000000e+00 4.200000000000000000e+01 3.000000000000000000e+00
4.001670761545124133e-01 1.342536977670898857e+00 3.000000000000000000e+00 4.200000000000000000e+01 4.000000000000000000e+00
3.646109378449469141e-01 5.998267346548228351e-01 8.000000000000000000e+00 1.720000000000000000e+02 0.000000000000000000e+00
3.646109378449469141e-01 5.998267346548228351e-01 8.000000000000000000e+00 1.720000000000000000e+02 1.000000000000000000e+00
3.646109378449469141e-01 5.998267346548228351e-01 8.000000000000000000e+00 1.720000000000000000e+02 2.000000000000000000e+00
3.646109378449469141e-01 5.998267346548228351e-01 8.000000000000000000e+00 1.720000000000000000e+02 3.000000000000000000e+00
3.646109378449469141e-01 5.998267346548228351e-01 8.000000000000000000e+00 1.720000000000000000e+02 4.000000000000000000e+00
1.998026122933210802e-01 1.031654868226169253e+00 7.000000000000000000e+00 1.240000000000000000e+02 0.000000000000000000e+00
1.998026122933210802e-01 1.031654868226169253e+00 7.000000000000000000e+00 1.240000000000000000e+02 1.000000000000000000e+00
1.998026122933210802e-01 1.031654868226169253e+00 7.000000000000000000e+00 1.240000000000000000e+02 2.000000000000000000e+00
1.998026122933210802e-01 1.031654868226169253e+00 7.000000000000000000e+00 1.240000000000000000e+02 3.000000000000000000e+00
1.998026122933210802e-01 1.031654868226169253e+00 7.000000000000000000e+00 1.240000000000000000e+02 4.000000000000000000e+00
1.968979807291197925e-01 7.431833037765503969e-01 2.000000000000000000e+01 5.500000000000000000e+01 0.000000000000000000e+00
1.968979807291197925e-01 7.431833037765503969e-01 2.000000000000000000e+01 5.500000000000000000e+01 1.000000000000000000e+00
1.968979807291197925e-01 7.431833037765503969e-01 2.000000000000000000e+01 5.500000000000000000e+01 2.000000000000000000e+00
1.968979807291197925e-01 7.431833037765503969e-01 2.000000000000000000e+01 5.500000000000000000e+01 3.000000000000000000e+00
1.968979807291197925e-01 7.431833037765503969e-01 2.000000000000000000e+01 5.500000000000000000e+01 4.000000000000000000e+00
2.425193129406274517e-01 1.028050501780424897e+00 7.000000000000000000e+00 1.520000000000000000e+02 0.000000000000000000e+00
2.425193129406274517e-01 1.028050501780424897e+00 7.000000000000000000e+00 1.520000000000000000e+02 1.000000000000000000e+00
2.425193129406274517e-01 1.028050501780424897e+00 7.000000000000000000e+00 1.520000000000000000e+02 2.000000000000000000e+00
2.425193129406274517e-01 1.028050501780424897e+00 7.000000000000000000e+00 1.520000000000000000e+02 3.000000000000000000e+00
2.425193129406274517e-01 1.028050501780424897e+00 7.000000000000000000e+00 1.520000000000000000e+02 4.000000000000000000e+00
9.896839998454155518e-01 1.114153025037044609e+00 1.600000000000000000e+01 1.480000000000000000e+02 0.000000000000000000e+00
9.896839998454155518e-01 1.114153025037044609e+00 1.600000000000000000e+01 1.480000000000000000e+02 1.000000000000000000e+00
9.896839998454155518e-01 1.114153025037044609e+00 1.600000000000000000e+01 1.480000000000000000e+02 2.000000000000000000e+00
9.896839998454155518e-01 1.114153025037044609e+00 1.600000000000000000e+01 1.480000000000000000e+02 3.000000000000000000e+00
9.896839998454155518e-01 1.114153025037044609e+00 1.600000000000000000e+01 1.480000000000000000e+02 4.000000000000000000e+00
8.061046809941092572e-01 9.048854113707894831e-01 1.900000000000000000e+01 1.560000000000000000e+02 0.000000000000000000e+00
8.061046809941092572e-01 9.048854113707894831e-01 1.900000000000000000e+01 1.560000000000000000e+02 1.000000000000000000e+00
8.061046809941092572e-01 9.048854113707894831e-01 1.900000000000000000e+01 1.560000000000000000e+02 2.000000000000000000e+00
8.061046809941092572e-01 9.048854113707894831e-01 1.900000000000000000e+01 1.560000000000000000e+02 3.000000000000000000e+00
8.061046809941092572e-01 9.048854113707894831e-01 1.900000000000000000e+01 1.560000000000000000e+02 4.000000000000000000e+00
1.849734906138186252e-01 1.410030620928239387e+00 2.000000000000000000e+01 1.360000000000000000e+02 0.000000000000000000e+00
1.849734906138186252e-01 1.410030620928239387e+00 2.000000000000000000e+01 1.360000000000000000e+02 1.000000000000000000e+00
1.849734906138186252e-01 1.410030620928239387e+00 2.000000000000000000e+01 1.360000000000000000e+02 2.000000000000000000e+00
1.849734906138186252e-01 1.410030620928239387e+00 2.000000000000000000e+01 1.360000000000000000e+02 3.000000000000000000e+00
1.849734906138186252e-01 1.410030620928239387e+00 2.000000000000000000e+01 1.360000000000000000e+02 4.000000000000000000e+00
