-1.111838451202328315e+02
-1.088028991808093480e+02
-1.054246569753185128e+02
-1.060805811761868540e+02
-1.078947350181498308e+02
-9.275830366795122472e+01
-9.120669777843581016e+01
-8.880151812278558054e+01
-8.844964958849810444e+01
-8.986289550468457321e+01
-1.330967897975766903e+02
-1.278399302993720141e+02
-1.235615112041150923e+02
-1.239422960207503479e+02
-1.251434325528248905e+02
-9.322503026715263275e+01
-9.164013180679845050e+01
-8.944290595556167034e+01
-8.881103770731610325e+01
-9.020060528005676304e+01
-1.330886434890975352e+02
-1.278261939786308261e+02
-1.235206837855595410e+02
-1.239058182002053883e+02
-1.251249406641629349e+02
-9.372947338029314324e+01
-9.065195299709375831e+01
-8.914589524184683000e+01
-8.942516391479364302e+01
-9.095118502743993361e+01
-9.085853909096221059e+01
-8.860054862206914095e+01
-8.654136900946235755e+01
-8.622549376970211199e+01
-8.814513560511176138e+01
-1.139021017238149227e+02
-1.107436229563823531e+02
-1.075414864025098183e+02
-1.078538309198270753e+02
-1.096935409507735102e+02
-1.330964246565569624e+02
-1.278392718532481638e+02
-1.235594035528510233e+02
-1.239417272422094385e+02
-1.251427498581316797e+02
-1.329223512550803719e+02
-1.276529033288570361e+02
-1.232766847230895308e+02
-1.236678639453770785e+02
-1.249069787361142545e+02
-1.235916240523269067e+02
-1.194906625526783728e+02
-1.155345831840935489e+02
-1.158712844384732961e+02
-1.175130582210202306e+02
-1.328368694053137915e+02
-1.275476914712621692e+02
-1.230922622410046188e+02
-1.234983621101704898e+02
-1.247202655394708017e+02
-9.044904331448138635e+01
-8.828479212052928915e+01
-8.638268858234047798e+01
-8.560635086238771407e+01
-8.692681318403127477e+01
-1.330968280293287762e+02
-1.278399938399975753e+02
-1.235614935969646382e+02
-1.239422783320334673e+02
-1.251434367919888757e+02
-1.330622294706900561e+02
-1.277934068273016237e+02
-1.234692216367011781e+02
-1.238527556288674560e+02
-1.250818490643879244e+02
-1.330968837485945357e+02
-1.278400304602479451e+02
-1.235613958582202372e+02
-1.239422671045563078e+02
-1.251433807678088499e+02
-1.267069416835187070e+02
-1.219417221325546734e+02
-1.177711595569223846e+02
-1.183337812599406789e+02
-1.197635953481834861e+02
-9.210156191996875918e+01
-9.015635729621700989e+01
-8.828625929781732395e+01
-8.756686600362750994e+01
-8.894002267554955665e+01
-9.446835351645360390e+01
-9.283964529326944159e+01
-9.058076527189086846e+01
-9.005625519154946801e+01
-9.137323600637091658e+01
-1.328961614941592870e+02
-1.278041464497531337e+02
-1.234897435904114928e+02
-1.237328444888104144e+02
-1.250823968500382364e+02
-1.330967062998488473e+02
-1.278399319119470903e+02
-1.235614192540160445e+02
-1.239422138059089775e+02
-1.251433991329577964e+02
-9.498290833310059611e+01
-9.295858219555167068e+01
-9.088236775181077576e+01
-9.013342494983004372e+01
-9.113512661076286747e+01
-1.096221532749438836e+02
-1.065547430154016268e+02
-1.038564744431831741e+02
-1.040473057229583986e+02
-1.056030547219021400e+02
-9.476760807634575201e+01
-9.311862275185262661e+01
-9.130226623939448416e+01
-9.070781907027416935e+01
-9.214754951764226121e+01
-1.028978924599665419e+02
-1.013425226618769983e+02
-9.933849012418455970e+01
-9.871363385114382538e+01
-1.002414241624722138e+02
-1.330968373975348982e+02
-1.278400879889463511e+02
-1.235615308052988865e+02
-1.239422781048375271e+02
-1.251434394300378017e+02
-1.196188915663595651e+02
-1.157246310765121819e+02
-1.122526077949624010e+02
-1.126677203676203334e+02
-1.144832583098310863e+02
-1.111412169075440772e+02
-1.070935130468192824e+02
-1.047223083959537320e+02
-1.045167513944897024e+02
-1.059303574463970676e+02
-9.195014975079523367e+01
-8.991965161033748188e+01
-8.792497755755903199e+01
-8.715936916423477498e+01
-8.866611907556489314e+01
-1.330960145462088917e+02
-1.278392211247048067e+02
-1.235575125050498997e+02
-1.239384486690290714e+02
-1.251413728955587317e+02
-9.266223053854290015e+01
-9.100713408700903528e+01
-8.879371526433918405e+01
-8.816533322410452911e+01
-8.960635993862290150e+01
-9.639310603258199706e+01
-9.448044553512602306e+01
-9.228675200911391130e+01
-9.188874641286209055e+01
-9.334893948552382881e+01
-9.618281314359030887e+01
-9.403134887637752115e+01
-9.186148619965942430e+01
-9.149709622949015397e+01
-9.274485973965882124e+01
-1.324866881706161621e+02
-1.269173276927000131e+02
-1.225236675058026634e+02
-1.226798376631633261e+02
-1.240002821167746987e+02
-1.134485744600022201e+02
-1.105958336124308374e+02
-1.075034191550751359e+02
-1.077534548507823331e+02
-1.095368839971714294e+02
-1.163694229524112842e+02
-1.129565011196480526e+02
-1.093971130972649632e+02
-1.098937062119842949e+02
-1.117845915714554224e+02
-1.330094361884441980e+02
-1.276853307768635233e+02
-1.233765565242701570e+02
-1.237226177121327311e+02
-1.249905920668613675e+02
-1.320233972532707583e+02
-1.263910083060380884e+02
-1.218323271265897318e+02
-1.223751559478032789e+02
-1.235992099100401589e+02
-1.330812957888799133e+02
-1.278187150500641707e+02
-1.234909312372411705e+02
-1.238712312098670765e+02
-1.251066060422312916e+02
-1.330968307172977632e+02
-1.278334717666086391e+02
-1.235500113373336575e+02
-1.239339518781771119e+02
-1.251423332139429476e+02
-1.119909904260754274e+02
-1.093804370120242879e+02
-1.059308891024488304e+02
-1.061062881427307474e+02
-1.077601356702419224e+02
-1.007768701169520824e+02
-9.842292341273687839e+01
-9.594721302091519988e+01
-9.584619858139008386e+01
-9.725926220959918567e+01
-1.032787811830636002e+02
-1.007761975848563907e+02
-9.821097352538544101e+01
-9.803339031975194473e+01
-9.961851363450163888e+01
-1.325833078570068722e+02
-1.273430484061232306e+02
-1.226710230508908381e+02
-1.230760246676360339e+02
-1.244270932040430750e+02
-1.249424269844366933e+02
-1.204156062497803816e+02
-1.163211557659182347e+02
-1.169483121413743305e+02
-1.183279423065022939e+02
-9.446452991752430250e+01
-9.181915437766812715e+01
-8.950417473222036335e+01
-8.855916290200242713e+01
-9.037176106389279084e+01
-1.330968144264256807e+02
-1.278400661277438815e+02
-1.235614932726980584e+02
-1.239422915175914000e+02
-1.251434440230014644e+02
-1.330967665566563767e+02
-1.278400736867332057e+02
-1.235614425396885707e+02
-1.239421975021278257e+02
-1.251434493992131536e+02
-1.330966785448881353e+02
-1.278402111593117212e+02
-1.235614734271733681e+02
-1.239421492777783556e+02
-1.251433701153972891e+02
-1.304100833246016578e+02
-1.243000820371171926e+02
-1.198562189136388696e+02
-1.202779672859608269e+02
-1.216607664388232593e+02
