9.341441149445456338e-01 3.678658908475490597e-01 1.600000000000000000e+01 1.590000000000000000e+02 0.000000000000000000e+00
1.138550573265251081e-01 5.978734932501384991e-01 1.300000000000000000e+01 1.000000000000000000e+02 0.000000000000000000e+00
2.080623895446588323e-01 3.285320573486788520e-01 4.000000000000000000e+00 1.750000000000000000e+02 0.000000000000000000e+00
2.920296964760848296e-02 4.242283878435325617e-01 8.000000000000000000e+00 5.500000000000000000e+01 0.000000000000000000e+00
7.856781689912326616e-01 2.846470427902897393e-01 1.500000000000000000e+01 3.000000000000000000e+01 0.000000000000000000e+00
7.376678680108493813e-01 1.254087344097065460e+00 1.600000000000000000e+01 1.610000000000000000e+02 0.000000000000000000e+00
6.909958867794401272e-01 9.057584229872587267e-01 6.000000000000000000e+00 5.700000000000000000e+01 0.000000000000000000e+00
8.907953818921425793e-01 1.416700229011102208e-01 1.200000000000000000e+01 1.750000000000000000e+02 0.000000000000000000e+00
7.415788886380044742e-01 4.530691639809182325e-01 5.000000000000000000e+00 4.000000000000000000e+00 0.000000000000000000e+00
5.627034773089952813e-01 4.519329037222946654e-01 1.500000000000000000e+01 5.200000000000000000e+01 0.000000000000000000e+00
7.415402664568980784e-01 3.898513246005624877e-01 9.000000000000000000e+00 7.000000000000000000e+00 0.000000000000000000e+00
5.332346300268741013e-01 1.296488689271179995e+00 1.000000000000000000e+01 1.330000000000000000e+02 0.000000000000000000e+00
2.098852532755030031e-01 1.353409647397735727e+00 2.000000000000000000e+01 1.300000000000000000e+01 0.000000000000000000e+00
7.637820250667664013e-01 1.197359729341534784e+00 4.000000000000000000e+00 7.300000000000000000e+01 0.000000000000000000e+00
9.848299930466850594e-01 1.253204245837973074e+00 9.000000000000000000e+00 2.000000000000000000e+01 0.000000000000000000e+00
1.055067367089161795e-01 8.595392487649197166e-01 5.000000000000000000e+00 2.000000000000000000e+00 0.000000000000000000e+00
7.746672175865963739e-02 6.647571445687122660e-01 1.700000000000000000e+01 3.800000000000000000e+01 0.000000000000000000e+00
2.396060470858559777e-01 1.465743655424027958e+00 1.300000000000000000e+01 2.700000000000000000e+01 0.000000000000000000e+00
4.077929490486013053e-01 1.575939993276314954e+00 1.300000000000000000e+01 1.540000000000000000e+02 0.000000000000000000e+00
5.917342975880810485e-01 1.896180794281163928e+00 1.300000000000000000e+01 1.830000000000000000e+02 0.000000000000000000e+00
5.199658213927857986e-01 2.229726300638409653e-01 1.100000000000000000e+01 1.940000000000000000e+02 0.000000000000000000e+00
1.744800532756021205e-01 9.458050298202057560e-01 2.000000000000000000e+00 4.400000000000000000e+01 0.000000000000000000e+00
5.991819448600189668e-01 5.262380009550090554e-01 1.500000000000000000e+01 1.290000000000000000e+02 0.000000000000000000e+00
9.487020964488677155e-01 9.724200392455456532e-01 6.000000000000000000e+00 1.530000000000000000e+02 0.000000000000000000e+00
4.531124304432772032e-01 6.066541885001902612e-01 1.000000000000000000e+01 3.900000000000000000e+01 0.000000000000000000e+00
2.859381163018203525e-02 6.548856541690507571e-01 1.600000000000000000e+01 1.160000000000000000e+02 0.000000000000000000e+00
8.006424201427518594e-02 1.208833845908433791e+00 1.700000000000000000e+01 8.600000000000000000e+01 0.000000000000000000e+00
6.328597713026951066e-01 4.906949409280939589e-01 1.200000000000000000e+01 1.950000000000000000e+02 0.000000000000000000e+00
2.126385748470284165e-01 1.627221850375381473e+00 7.000000000000000000e+00 1.890000000000000000e+02 0.000000000000000000e+00
1.430826668373137434e-01 2.662774152702626074e-01 1.200000000000000000e+01 1.430000000000000000e+02 0.000000000000000000e+00
6.746010699598106175e-01 1.521495915416444022e+00 6.000000000000000000e+00 1.210000000000000000e+02 0.000000000000000000e+00
6.231286388465793191e-01 6.701404140323282688e-01 2.000000000000000000e+01 3.300000000000000000e+01 0.000000000000000000e+00
1.690444187620046002e-01 9.261471033983487144e-01 1.300000000000000000e+01 1.750000000000000000e+02 0.000000000000000000e+00
1.856022609375603816e-01 2.612843084189814258e-01 3.000000000000000000e+00 1.390000000000000000e+02 0.000000000000000000e+00
7.585753319855962351e-01 1.169505778860599199e-01 1.200000000000000000e+01 1.380000000000000000e+02 0.000000000000000000e+00
1.350722208234743649e-01 1.940872969163130346e+00 1.200000000000000000e+01 3.700000000000000000e+01 0.000000000000000000e+00
3.442935224816728867e-01 2.235536901239853214e-01 1.200000000000000000e+01 1.510000000000000000e+02 0.000000000000000000e+00
1.620552816442603072e-01 3.835379715944245982e-01 3.000000000000000000e+00 1.680000000000000000e+02 0.000000000000000000e+00
1.708273136936671044e-01 1.614827475893373387e+00 1.800000000000000000e+01 4.400000000000000000e+01 0.000000000000000000e+00
7.459159040650563399e-02 1.551532860237653244e+00 1.500000000000000000e+01 4.300000000000000000e+01 0.000000000000000000e+00
9.881991619858137010e-01 1.138712168322796980e+00 1.300000000000000000e+01 1.320000000000000000e+02 0.000000000000000000e+00
9.130510076457301061e-01 1.815686120326452269e+00 8.000000000000000000e+00 1.260000000000000000e+02 0.000000000000000000e+00
6.767403955379491798e-01 1.583994711703132774e+00 1.400000000000000000e+01 6.400000000000000000e+01 0.000000000000000000e+00
5.767289232885515204e-01 1.917905588506324810e-01 1.000000000000000000e+00 6.300000000000000000e+01 0.000000000000000000e+00
1.032883333813549263e-02 1.401242941086610516e+00 1.700000000000000000e+01 9.000000000000000000e+01 0.000000000000000000e+00
9.967486072485685078e-01 8.849839507765785429e-01 1.100000000000000000e+01 9.200000000000000000e+01 0.000000000000000000e+00
5.753856287651707424e-01 1.204977642070307553e+00 1.800000000000000000e+01 1.390000000000000000e+02 0.000000000000000000e+00
1.494886577936037873e-02 6.632339669477754773e-01 4.000000000000000000e+00 1.660000000000000000e+02 0.000000000000000000e+00
9.019409025769437038e-01 2.034877324077914107e+00 1.800000000000000000e+01 1.030000000000000000e+02 0.000000000000000000e+00
2.876571563540181176e-01 9.772815110006382033e-01 1.700000000000000000e+01 5.400000000000000000e+01 0.000000000000000000e+00
5.462281530820284337e-01 5.824823697976014847e-01 4.000000000000000000e+00 2.800000000000000000e+01 1.000000000000000000e+00
5.776422655392903227e-01 1.779368098584762414e+00 8.000000000000000000e+00 1.780000000000000000e+02 1.000000000000000000e+00
4.923820731720794930e-01 1.941571678278767754e+00 5.000000000000000000e+00 1.810000000000000000e+02 1.000000000000000000e+00
9.108985921217284121e-01 1.698837565951986373e-01 5.000000000000000000e+00 1.890000000000000000e+02 1.000000000000000000e+00
6.374530759603573848e-01 4.616661230882727063e-01 9.000000000000000000e+00 9.800000000000000000e+01 1.000000000000000000e+00
4.702010752130753035e-01 1.218638992113190822e+00 2.000000000000000000e+00 1.210000000000000000e+02 1.000000000000000000e+00
3.832655869422334494e-01 8.690027692747620547e-01 1.100000000000000000e+01 9.400000000000000000e+01 1.000000000000000000e+00
3.131690137179743427e-01 9.909185174386673234e-01 2.000000000000000000e+01 1.100000000000000000e+01 1.000000000000000000e+00
1.398449522634802600e-01 1.415255124259303887e+00 1.000000000000000000e+00 1.240000000000000000e+02 1.000000000000000000e+00
5.509578958169297769e-01 6.422721295681236287e-01 1.100000000000000000e+01 2.900000000000000000e+01 1.000000000000000000e+00
1.002797183121927199e-01 1.588705371611058181e+00 1.600000000000000000e+01 1.200000000000000000e+01 1.000000000000000000e+00
1.647744408636115931e-01 2.064981400504992681e+00 9.000000000000000000e+00 2.200000000000000000e+01 1.000000000000000000e+00
4.602419080197265311e-01 5.006653784331706047e-01 2.000000000000000000e+00 1.260000000000000000e+02 1.000000000000000000e+00
4.144614661398736688e-01 8.095749753379765101e-01 8.000000000000000000e+00 1.350000000000000000e+02 1.000000000000000000e+00
1.869376929399031440e-01 2.155214611101247402e-01 1.500000000000000000e+01 1.560000000000000000e+02 1.000000000000000000e+00
2.164737607116418161e-01 1.327390386080420592e+00 4.000000000000000000e+00 1.520000000000000000e+02 1.000000000000000000e+00
9.633245642512359153e-01 1.797357170468527165e+00 8.000000000000000000e+00 1.950000000000000000e+02 1.000000000000000000e+00
1.157959946562918535e-01 5.493294879977316247e-01 9.000000000000000000e+00 1.400000000000000000e+01 1.000000000000000000e+00
9.450767906062447210e-01 1.615548174245870605e+00 1.000000000000000000e+00 2.700000000000000000e+01 1.000000000000000000e+00
1.073325028780922480e-01 4.289639887238744231e-01 1.400000000000000000e+01 1.890000000000000000e+02 1.000000000000000000e+00
1.802215144514335288e-01 1.374133430845483783e+00 7.000000000000000000e+00 1.610000000000000000e+02 1.000000000000000000e+00
1.655648798763329488e-01 5.711106284626593643e-01 4.000000000000000000e+00 1.960000000000000000e+02 1.000000000000000000e+00
7.378715325473784725e-01 2.086153544432812090e+00 4.000000000000000000e+00 1.800000000000000000e+02 1.000000000000000000e+00
9.542105930851406681e-01 9.934967504705179975e-01 1.600000000000000000e+01 1.080000000000000000e+02 1.000000000000000000e+00
9.445380054284141513e-01 1.845966632371857763e+00 1.500000000000000000e+01 1.060000000000000000e+02 1.000000000000000000e+00
4.340289686035526673e-01 1.257431236769381011e-01 4.000000000000000000e+00 4.900000000000000000e+01 1.000000000000000000e+00
5.868883103499521470e-01 1.182880401912503654e+00 6.000000000000000000e+00 1.670000000000000000e+02 1.000000000000000000e+00
9.287380701153906681e-01 6.762068805629705137e-01 1.800000000000000000e+01 9.300000000000000000e+01 1.000000000000000000e+00
5.165057361814631154e-01 1.033232685456263733e-01 8.000000000000000000e+00 8.200000000000000000e+01 1.000000000000000000e+00
7.232234592513731020e-01 6.155885170683453866e-01 1.600000000000000000e+01 1.770000000000000000e+02 1.000000000000000000e+00
2.037871432206114219e-01 4.065974490495657401e-01 9.000000000000000000e+00 1.790000000000000000e+02 1.000000000000000000e+00
4.075686268501910181e-01 1.208888650011449295e+00 1.100000000000000000e+01 1.270000000000000000e+02 1.000000000000000000e+00
6.309693484199651037e-01 1.180618356888854414e+00 4.000000000000000000e+00 8.100000000000000000e+01 1.000000000000000000e+00
6.847314379909780202e-01 4.803069154205635849e-01 7.000000000000000000e+00 2.500000000000000000e+01 1.000000000000000000e+00
2.899172925615960406e-01 8.093855850116479234e-01 4.000000000000000000e+00 1.320000000000000000e+02 1.000000000000000000e+00
3.337823128807010375e-01 1.263377952545379435e+00 1.400000000000000000e+01 1.000000000000000000e+01 1.000000000000000000e+00
6.647739647694737020e-01 1.448192846655166621e-01 4.000000000000000000e+00 1.180000000000000000e+02 1.000000000000000000e+00
9.276804848182884644e-01 4.615038673670067704e-01 1.700000000000000000e+01 1.620000000000000000e+02 1.000000000000000000e+00
7.326975008954960122e-01 1.075377693188147799e+00 1.500000000000000000e+01 1.730000000000000000e+02 1.000000000000000000e+00
1.936286584600404037e-01 4.967716345754383811e-01 8.000000000000000000e+00 4.000000000000000000e+00 1.000000000000000000e+00
6.526945484638454476e-01 1.181543520448427920e+00 1.000000000000000000e+00 8.600000000000000000e+01 1.000000000000000000e+00
5.663595843307139832e-01 3.561530651685979043e-01 1.000000000000000000e+01 9.400000000000000000e+01 1.000000000000000000e+00
4.579537262909082890e-02 1.166779240480985802e+00 1.500000000000000000e+01 1.090000000000000000e+02 1.000000000000000000e+00
5.461175313304829082e-01 1.631370413858460156e+00 8.000000000000000000e+00 1.390000000000000000e+02 1.000000000000000000e+00
7.078522099094378683e-01 2.136645881429732052e-01 1.400000000000000000e+01 1.900000000000000000e+01 1.000000000000000000e+00
5.599912607062590419e-01 6.462071280845388399e-01 1.500000000000000000e+01 7.700000000000000000e+01 1.000000000000000000e+00
8.851371344119132178e-01 1.232121134035948584e+00 1.000000000000000000e+01 3.100000000000000000e+01 1.000000000000000000e+00
5.468728638775791628e-01 4.645316202744654843e-01 1.900000000000000000e+01 6.500000000000000000e+01 1.000000000000000000e+00
1.621520922725208091e-01 1.590687870464433828e+00 1.800000000000000000e+01 2.400000000000000000e+01 1.000000000000000000e+00
1.408818738339034926e-01 8.102437642688639086e-01 5.000000000000000000e+00 1.600000000000000000e+01 1.000000000000000000e+00
4.950739441899136839e-01 1.173360762339945795e+00 1.900000000000000000e+01 1.570000000000000000e+02 2.000000000000000000e+00
7.927853218459852691e-01 7.647238434984052757e-01 1.500000000000000000e+01 1.080000000000000000e+02 2.000000000000000000e+00
3.863700333268803577e-01 9.324673311803767239e-01 1.300000000000000000e+01 8.500000000000000000e+01 2.000000000000000000e+00
4.239402414502553285e-01 2.338136106757683630e-01 1.600000000000000000e+01 1.780000000000000000e+02 2.000000000000000000e+00
9.630820214882502839e-01 9.166398553625819678e-01 1.700000000000000000e+01 7.400000000000000000e+01 2.000000000000000000e+00
2.154280985413288274e-01 9.960117993966056682e-01 1.000000000000000000e+01 1.970000000000000000e+02 2.000000000000000000e+00
1.086968831071135483e-01 8.200903448100961279e-01 7.000000000000000000e+00 3.100000000000000000e+01 2.000000000000000000e+00
2.629254577656020553e-01 5.177701495531809028e-01 1.000000000000000000e+01 1.020000000000000000e+02 2.000000000000000000e+00
1.367162803868386955e-01 3.985968373162768197e-01 1.000000000000000000e+00 1.430000000000000000e+02 2.000000000000000000e+00
4.078807137665675375e-01 1.166702287835344576e+00 3.000000000000000000e+00 1.570000000000000000e+02 2.000000000000000000e+00
8.487648824372078238e-01 5.910576630116407548e-01 1.300000000000000000e+01 1.310000000000000000e+02 2.000000000000000000e+00
2.565194634067354817e-01 6.125877791650550241e-01 1.600000000000000000e+01 2.000000000000000000e+00 2.000000000000000000e+00
8.699653271842476554e-02 1.776043257419650079e+00 1.000000000000000000e+00 1.900000000000000000e+02 2.000000000000000000e+00
4.335212988201483375e-01 1.531001908741390916e-01 3.000000000000000000e+00 1.450000000000000000e+02 2.000000000000000000e+00
3.687866724451448891e-02 1.652273008242985286e+00 1.800000000000000000e+01 1.410000000000000000e+02 2.000000000000000000e+00
3.497737808762843015e-01 1.600585468246618959e+00 1.000000000000000000e+01 1.240000000000000000e+02 2.000000000000000000e+00
6.400200181332106331e-01 9.270652283050041520e-01 1.000000000000000000e+00 6.400000000000000000e+01 2.000000000000000000e+00
9.162229198770002192e-01 9.781736799843766539e-01 1.400000000000000000e+01 3.200000000000000000e+01 2.000000000000000000e+00
7.170820757572879955e-01 3.180705425590862889e-01 1.000000000000000000e+00 6.600000000000000000e+01 2.000000000000000000e+00
1.058871841005361997e-01 1.574655514082001995e+00 1.300000000000000000e+01 4.700000000000000000e+01 2.000000000000000000e+00
7.878784017867287437e-01 1.745689239687655991e+00 4.000000000000000000e+00 2.800000000000000000e+01 2.000000000000000000e+00
8.445496766289571633e-02 4.591916970836745771e-01 2.000000000000000000e+00 3.300000000000000000e+01 2.000000000000000000e+00
4.183589685277144116e-02 8.789934006955589796e-01 2.000000000000000000e+00 1.400000000000000000e+01 2.000000000000000000e+00
8.460326980723027468e-01 9.044704761649514646e-01 9.000000000000000000e+00 1.100000000000000000e+01 2.000000000000000000e+00
8.458108374027160925e-02 7.570387849127505620e-01 2.000000000000000000e+00 1.300000000000000000e+02 2.000000000000000000e+00
1.095072881181714392e-01 1.294656596284671224e+00 2.000000000000000000e+00 5.400000000000000000e+01 2.000000000000000000e+00
6.736883985764381411e-01 5.922276053645513239e-01 1.200000000000000000e+01 7.500000000000000000e+01 2.000000000000000000e+00
5.932188185976259298e-01 1.760310802596344093e+00 2.000000000000000000e+01 1.570000000000000000e+02 2.000000000000000000e+00
6.519124264316320527e-01 7.929465575176405379e-01 1.300000000000000000e+01 6.200000000000000000e+01 2.000000000000000000e+00
4.042496377501010318e-01 1.361399620001349176e+00 1.400000000000000000e+01 6.800000000000000000e+01 2.000000000000000000e+00
8.561228314269263562e-01 1.411931961350624487e+00 7.000000000000000000e+00 4.900000000000000000e+01 2.000000000000000000e+00
3.927645091853120274e-01 1.074180214779782760e+00 1.200000000000000000e+01 4.800000000000000000e+01 2.000000000000000000e+00
9.796367283967725159e-01 1.648370301750822497e-01 1.400000000000000000e+01 8.300000000000000000e+01 2.000000000000000000e+00
4.391360699382353960e-01 1.601244306607805923e+00 1.900000000000000000e+01 4.500000000000000000e+01 2.000000000000000000e+00
3.103836046647329150e-01 3.611384212563842899e-01 5.000000000000000000e+00 9.400000000000000000e+01 2.000000000000000000e+00
2.058820750892554896e-01 1.657587297626351042e+00 5.000000000000000000e+00 9.500000000000000000e+01 2.000000000000000000e+00
6.644700294005177754e-02 1.356278491332195968e-01 9.000000000000000000e+00 5.800000000000000000e+01 2.000000000000000000e+00
6.980828705576506144e-01 1.812443911738876867e+00 1.500000000000000000e+01 8.700000000000000000e+01 2.000000000000000000e+00
2.641113117370398333e-01 1.782092358079034877e+00 1.400000000000000000e+01 6.500000000000000000e+01 2.000000000000000000e+00
8.871652713456668060e-01 1.527896799530816363e+00 8.000000000000000000e+00 5.100000000000000000e+01 2.000000000000000000e+00
3.952158817471477237e-01 2.142039379252730635e-01 1.000000000000000000e+00 5.000000000000000000e+01 2.000000000000000000e+00
4.718903653658431674e-01 1.044697166685061573e-01 1.000000000000000000e+01 1.990000000000000000e+02 2.000000000000000000e+00
7.145106806527268262e-01 1.042455206357813191e+00 1.200000000000000000e+01 1.080000000000000000e+02 2.000000000000000000e+00
7.874466719969100970e-01 5.600008327915128037e-01 1.900000000000000000e+01 1.580000000000000000e+02 2.000000000000000000e+00
1.339009662653947164e-01 1.061594870446027850e+00 3.000000000000000000e+00 1.040000000000000000e+02 2.000000000000000000e+00
3.523825177519239737e-01 6.401088636998101267e-01 1.300000000000000000e+01 3.800000000000000000e+01 2.000000000000000000e+00
6.929498629695574063e-01 4.655339566961550490e-01 3.000000000000000000e+00 1.820000000000000000e+02 2.000000000000000000e+00
8.326488849117741342e-01 2.091582720450500421e+00 8.000000000000000000e+00 3.500000000000000000e+01 2.000000000000000000e+00
3.161045853317598908e-01 8.465187613640386965e-01 1.500000000000000000e+01 3.900000000000000000e+01 2.000000000000000000e+00
6.881345088912747820e-02 3.969589842124409129e-01 1.100000000000000000e+01 7.000000000000000000e+00 2.000000000000000000e+00
3.995197365826829577e-02 8.688222344690929022e-01 2.000000000000000000e+01 9.300000000000000000e+01 3.000000000000000000e+00
3.878535684980691789e-01 9.600606849320437730e-01 2.000000000000000000e+00 1.010000000000000000e+02 3.000000000000000000e+00
5.357137391078795607e-01 1.725815319820020122e+00 1.600000000000000000e+01 3.200000000000000000e+01 3.000000000000000000e+00
7.358304052915350946e-01 1.858590261712192326e+00 1.100000000000000000e+01 1.690000000000000000e+02 3.000000000000000000e+00
3.419678870077753619e-01 5.423671418362082663e-01 3.000000000000000000e+00 2.200000000000000000e+01 3.000000000000000000e+00
8.134177297501727910e-01 5.170660171496658242e-01 1.300000000000000000e+01 1.530000000000000000e+02 3.000000000000000000e+00
4.457471831836682385e-01 1.056324499039911657e+00 1.500000000000000000e+01 8.200000000000000000e+01 3.000000000000000000e+00
2.453336452713585913e-01 1.442095303328995437e-01 6.000000000000000000e+00 6.600000000000000000e+01 3.000000000000000000e+00
8.326849833681070068e-02 9.520555940452787302e-01 1.500000000000000000e+01 5.700000000000000000e+01 3.000000000000000000e+00
7.192883696650811398e-01 1.863571156552141561e+00 5.000000000000000000e+00 4.800000000000000000e+01 3.000000000000000000e+00
4.501845733546629980e-01 6.615395625677947811e-01 5.000000000000000000e+00 1.080000000000000000e+02 3.000000000000000000e+00
6.767649555369240622e-01 7.759224809010923929e-01 1.900000000000000000e+01 1.610000000000000000e+02 3.000000000000000000e+00
7.945660670292885308e-02 1.884423163457622952e+00 1.200000000000000000e+01 1.250000000000000000e+02 3.000000000000000000e+00
5.151339728906412230e-01 1.036364221343301972e+00 1.300000000000000000e+01 1.180000000000000000e+02 3.000000000000000000e+00
6.845736822650309028e-01 4.483002522476536855e-01 1.400000000000000000e+01 9.700000000000000000e+01 3.000000000000000000e+00
8.904479088477668114e-01 7.095596155941975569e-01 3.000000000000000000e+00 1.150000000000000000e+02 3.000000000000000000e+00
6.494722815525402204e-01 7.403655022553038423e-01 3.000000000000000000e+00 6.000000000000000000e+00 3.000000000000000000e+00
9.277762074124820124e-01 1.156228988368726007e+00 1.600000000000000000e+01 1.030000000000000000e+02 3.000000000000000000e+00
3.922088074038828642e-01 1.481877974101974305e+00 7.000000000000000000e+00 1.520000000000000000e+02 3.000000000000000000e+00
1.132768977972884311e-01 1.066692002792053673e+00 1.400000000000000000e+01 1.820000000000000000e+02 3.000000000000000000e+00
5.057216150335398508e-01 6.716358505041349902e-01 4.000000000000000000e+00 5.100000000000000000e+01 3.000000000000000000e+00
1.675965535033621112e-01 1.798931044281290914e+00 1.200000000000000000e+01 1.450000000000000000e+02 3.000000000000000000e+00
5.016682551069947538e-01 1.273541633751785751e+00 9.000000000000000000e+00 3.400000000000000000e+01 3.000000000000000000e+00
2.850192108939637592e-01 1.258087332131196945e+00 9.000000000000000000e+00 7.000000000000000000e+00 3.000000000000000000e+00
3.966388084544193449e-01 1.467215942488220515e+00 1.700000000000000000e+01 3.600000000000000000e+01 3.000000000000000000e+00
2.369326438661671919e-01 7.733668954317093336e-01 4.000000000000000000e+00 1.460000000000000000e+02 3.000000000000000000e+00
5.097368297002008442e-01 5.358269794390323471e-01 1.600000000000000000e+01 1.020000000000000000e+02 3.000000000000000000e+00
5.000882334220612541e-02 1.414471678669113830e+00 1.600000000000000000e+01 9.000000000000000000e+00 3.000000000000000000e+00
6.924507216181530200e-01 7.807300634310850862e-01 2.000000000000000000e+00 1.650000000000000000e+02 3.000000000000000000e+00
5.887348111751361524e-01 1.755198789910852319e+00 1.000000000000000000e+00 6.800000000000000000e+01 3.000000000000000000e+00
7.469870096180870611e-01 1.110002995757227717e+00 7.000000000000000000e+00 1.960000000000000000e+02 3.000000000000000000e+00
6.202014171329661707e-01 9.784232384367225199e-01 1.200000000000000000e+01 1.180000000000000000e+02 3.000000000000000000e+00
8.146504720870177962e-01 4.731048751355398929e-01 1.600000000000000000e+01 9.400000000000000000e+01 3.000000000000000000e+00
4.785309041475908076e-01 5.900499078226782990e-01 3.000000000000000000e+00 2.500000000000000000e+01 3.000000000000000000e+00
9.829288831593528675e-02 1.876658627972110027e+00 1.800000000000000000e+01 1.000000000000000000e+01 3.000000000000000000e+00
5.298889381395742726e-01 1.739948665553595619e+00 1.100000000000000000e+01 1.180000000000000000e+02 3.000000000000000000e+00
3.820833328378622218e-01 2.282407155062022019e-01 1.600000000000000000e+01 1.600000000000000000e+02 3.000000000000000000e+00
2.524287314650375258e-01 5.159454432129800816e-01 1.000000000000000000e+00 6.300000000000000000e+01 3.000000000000000000e+00
6.641713266701290141e-01 4.684638428438113733e-01 9.000000000000000000e+00 1.430000000000000000e+02 3.000000000000000000e+00
8.354013666237671831e-01 5.051276213201797427e-01 1.400000000000000000e+01 7.600000000000000000e+01 3.000000000000000000e+00
4.454662116730769839e-01 1.407059870925742029e+00 1.000000000000000000e+01 1.410000000000000000e+02 3.000000000000000000e+00
2.746059635618949279e-01 1.938178515918304479e+00 3.000000000000000000e+00 6.200000000000000000e+01 3.000000000000000000e+00
1.065898093109331896e-01 1.353663755091258025e+00 6.000000000000000000e+00 9.100000000000000000e+01 3.000000000000000000e+00
3.687786956972455288e-01 2.165057366249262538e-01 1.700000000000000000e+01 1.680000000000000000e+02 3.000000000000000000e+00
6.159117800649818175e-01 1.540192180409362122e+00 1.500000000000000000e+01 1.520000000000000000e+02 3.000000000000000000e+00
7.179950680367767069e-01 6.020230399490286155e-01 1.500000000000000000e+01 3.000000000000000000e+00 3.000000000000000000e+00
3.009452629045324956e-01 1.912903526664818665e+00 9.000000000000000000e+00 9.600000000000000000e+01 3.000000000000000000e+00
4.689005449746609377e-01 1.103693685982515493e+00 6.000000000000000000e+00 1.840000000000000000e+02 3.000000000000000000e+00
9.575239285439224313e-01 3.639566956338490256e-01 1.900000000000000000e+01 3.700000000000000000e+01 3.000000000000000000e+00
3.646451634888239202e-01 1.282611955378370361e+00 1.400000000000000000e+01 5.000000000000000000e+01 3.000000000000000000e+00
5.011823347338996149e-01 2.786471025251132660e-01 9.000000000000000000e+00 1.210000000000000000e+02 4.000000000000000000e+00
4.471831641200468832e-01 5.824065222812887521e-01 1.300000000000000000e+01 4.800000000000000000e+01 4.000000000000000000e+00
2.760870656089737807e-01 1.780852430363300209e+00 4.000000000000000000e+00 1.300000000000000000e+01 4.000000000000000000e+00
7.742008460375958412e-02 9.026333348047691496e-01 6.000000000000000000e+00 8.700000000000000000e+01 4.000000000000000000e+00
4.190235355865635780e-01 1.569038256607025117e+00 8.000000000000000000e+00 1.200000000000000000e+02 4.000000000000000000e+00
5.485300575855317495e-01 1.318499717856729925e+00 3.000000000000000000e+00 8.300000000000000000e+01 4.000000000000000000e+00
5.998083501890874025e-01 1.912078028491806858e+00 1.000000000000000000e+01 1.500000000000000000e+02 4.000000000000000000e+00
7.149103785671330202e-01 5.897232470237981916e-01 9.000000000000000000e+00 5.100000000000000000e+01 4.000000000000000000e+00
6.374419525255057284e-01 9.261038784387126688e-01 3.000000000000000000e+00 1.690000000000000000e+02 4.000000000000000000e+00
7.061179334615609315e-01 3.155060327211561821e-01 4.000000000000000000e+00 1.970000000000000000e+02 4.000000000000000000e+00
2.913209481855719707e-01 7.978388167352808980e-01 1.700000000000000000e+01 1.340000000000000000e+02 4.000000000000000000e+00
8.576130611231176371e-01 7.414948797100723299e-01 1.600000000000000000e+01 1.280000000000000000e+02 4.000000000000000000e+00
3.815274606997610674e-01 2.919841577340248628e-01 1.000000000000000000e+00 9.900000000000000000e+01 4.000000000000000000e+00
7.319113080182219067e-01 1.492666459269502477e+00 1.500000000000000000e+01 1.250000000000000000e+02 4.000000000000000000e+00
2.225834651856827689e-02 1.258837918500735453e+00 1.400000000000000000e+01 1.770000000000000000e+02 4.000000000000000000e+00
1.816141417755211540e-01 1.118406779058023437e+00 1.800000000000000000e+01 1.530000000000000000e+02 4.000000000000000000e+00
5.834141927551231843e-01 1.704588172419408298e+00 1.500000000000000000e+01 6.000000000000000000e+00 4.000000000000000000e+00
1.949194818962407538e-01 1.353959237178832486e+00 6.000000000000000000e+00 2.600000000000000000e+01 4.000000000000000000e+00
6.518788069393244289e-01 2.004535478379924296e+00 2.000000000000000000e+01 1.080000000000000000e+02 4.000000000000000000e+00
4.764558533110363481e-01 9.820835725757072199e-01 1.600000000000000000e+01 3.200000000000000000e+01 4.000000000000000000e+00
9.244759975106008054e-02 1.148583246967207483e+00 2.000000000000000000e+01 1.730000000000000000e+02 4.000000000000000000e+00
5.225247507223731436e-01 6.872012348088579747e-01 2.000000000000000000e+00 2.000000000000000000e+01 4.000000000000000000e+00
3.970025058922914685e-01 1.693839241484345504e+00 1.100000000000000000e+01 1.360000000000000000e+02 4.000000000000000000e+00
3.052885000160837636e-01 6.479666792193249369e-01 1.900000000000000000e+01 1.100000000000000000e+01 4.000000000000000000e+00
4.624282468109144340e-01 1.625686723911522025e+00 4.000000000000000000e+00 6.500000000000000000e+01 4.000000000000000000e+00
9.924905912309299749e-01 6.988455678962482986e-01 5.000000000000000000e+00 6.100000000000000000e+01 4.000000000000000000e+00
3.246944300118025789e-02 7.945058323822576929e-01 7.000000000000000000e+00 1.700000000000000000e+02 4.000000000000000000e+00
7.334993503823747929e-01 6.494575489350243869e-01 2.000000000000000000e+01 8.300000000000000000e+01 4.000000000000000000e+00
6.891794394792262191e-01 1.476571186538415681e+00 3.000000000000000000e+00 1.100000000000000000e+02 4.000000000000000000e+00
5.429062950990221070e-01 4.843320666706808497e-01 1.400000000000000000e+01 1.450000000000000000e+02 4.000000000000000000e+00
9.330647401751441805e-01 1.332566493990523515e+00 1.000000000000000000e+00 1.560000000000000000e+02 4.000000000000000000e+00
7.644766570879512058e-01 1.278684767086841312e+00 1.400000000000000000e+01 1.670000000000000000e+02 4.000000000000000000e+00
9.626348140811800957e-02 1.409399893174775320e+00 9.000000000000000000e+00 8.000000000000000000e+01 4.000000000000000000e+00
6.607541589405591109e-01 1.569845061852793044e+00 1.300000000000000000e+01 1.140000000000000000e+02 4.000000000000000000e+00
2.356742395678001339e-02 1.248626184119680849e+00 1.300000000000000000e+01 1.800000000000000000e+02 4.000000000000000000e+00
5.751948378371198878e-01 1.434716511744985379e+00 1.000000000000000000e+00 7.800000000000000000e+01 4.000000000000000000e+00
3.895372920281833240e-01 4.598063900851799835e-01 1.800000000000000000e+01 1.270000000000000000e+02 4.000000000000000000e+00
4.401401584636190911e-01 1.846129698220042137e+00 1.500000000000000000e+01 2.100000000000000000e+01 4.000000000000000000e+00
3.403666073747303455e-01 4.870375512026187126e-01 1.400000000000000000e+01 1.340000000000000000e+02 4.000000000000000000e+00
6.857597244389564972e-01 1.304527113636775759e+00 1.500000000000000000e+01 9.600000000000000000e+01 4.000000000000000000e+00
4.819521389999715799e-01 1.722382292967872042e+00 2.000000000000000000e+01 1.220000000000000000e+02 4.000000000000000000e+00
9.633152235616886383e-01 9.784954888361551140e-01 7.000000000000000000e+00 1.090000000000000000e+02 4.000000000000000000e+00
6.491468059041806127e-01 1.808456675328511620e+00 6.000000000000000000e+00 1.690000000000000000e+02 4.000000000000000000e+00
3.344683820182023926e-01 4.277124437714684424e-01 1.400000000000000000e+01 1.860000000000000000e+02 4.000000000000000000e+00
1.662282914611731277e-01 1.281979925598426995e+00 2.000000000000000000e+00 6.800000000000000000e+01 4.000000000000000000e+00
5.061506303599319079e-01 4.688440029910249107e-01 1.200000000000000000e+01 1.660000000000000000e+02 4.000000000000000000e+00
1.038197381108229983e-01 5.536807960960773434e-01 8.000000000000000000e+00 1.520000000000000000e+02 4.000000000000000000e+00
4.013438667367336121e-01 1.631695864860724265e+00 1.200000000000000000e+01 4.500000000000000000e+01 4.000000000000000000e+00
2.363024538256589535e-01 8.098647959314725364e-01 1.500000000000000000e+01 1.530000000000000000e+02 4.000000000000000000e+00
5.323168137098862607e-01 1.748561691378361038e+00 1.400000000000000000e+01 9.000000000000000000e+01 4.000000000000000000e+00
