-1.330965797395118670e+02
-1.330914517641753037e+02
-9.630568059658344282e+01
-1.330175595082994846e+02
-1.330955071714444387e+02
-1.058734459233137812e+02
-1.330947705952411866e+02
-1.261123338844649879e+02
-1.267985625537761081e+02
-1.330964651929457432e+02
-1.325099252866192501e+02
-1.006693477769503318e+02
-1.330967943229851187e+02
-1.248744912514643914e+02
-8.972385833558411150e+01
-1.330967603612754431e+02
-1.330954780482400679e+02
-9.114596432005241411e+01
-1.188068117106992645e+02
-1.325875911395784215e+02
-1.330333588723934497e+02
-1.111385857419240750e+02
-1.238022491477195075e+02
-1.175300535560884612e+02
-1.330969266036604495e+02
-1.311710516008171510e+02
-1.020704707384232393e+02
-9.387180425657240335e+01
-9.777434529659259965e+01
-1.330962887786040199e+02
-1.053473689632501191e+02
-1.057587806963884702e+02
-9.639092277028399280e+01
-1.090936882116160689e+02
-1.330858347306372877e+02
-1.061598723598460765e+02
-1.280804466939941619e+02
-1.330963454779758308e+02
-1.067289804977407925e+02
-9.761104804975715865e+01
-1.330967900551850107e+02
-1.330957034529411374e+02
-9.059695417809358275e+01
-1.330948814851162467e+02
-1.330948748956225529e+02
-1.300807204062201947e+02
-1.330963878939591893e+02
-1.330813996824587662e+02
-1.327321725602081699e+02
-1.330511833791761944e+02
-1.276793702214051791e+02
-1.212113944987497121e+02
-1.278400850372670874e+02
-1.167593999545343735e+02
-9.488913331345675317e+01
-1.253205536285881578e+02
-1.278400623918835066e+02
-1.051572219512083848e+02
-1.093991003163124986e+02
-1.249209690531996699e+02
-1.199587279122698646e+02
-1.278399474432276435e+02
-1.278402087456539817e+02
-1.278158726735403974e+02
-1.220482278800017752e+02
-9.061519671597038439e+01
-8.943455052455124132e+01
-1.021089035001143941e+02
-1.276315163401023938e+02
-1.278218897707354955e+02
-1.278399287633371557e+02
-1.184416681132743179e+02
-9.303539575848257925e+01
-1.190954952021908042e+02
-9.386292415987233539e+01
-1.278397690912815818e+02
-9.772969584655972142e+01
-1.005118720979566689e+02
-1.265108040185788809e+02
-1.278363857622324815e+02
-1.113615276851795670e+02
-1.228183082342938661e+02
-1.278402332940673318e+02
-1.278400188809834219e+02
-1.165870550749219348e+02
-1.277850803390565488e+02
-1.230108549263499782e+02
-1.269257034275182292e+02
-1.057761287173811411e+02
-1.277488396363234671e+02
-1.185294770045582311e+02
-1.201919400913534588e+02
-1.266865072319190517e+02
-8.895771163195804832e+01
-8.871236295433476471e+01
-1.249710435239117743e+02
-1.211189437097961843e+02
-1.278382448223162982e+02
-1.200824191740038174e+02
-1.273181668558036819e+02
-8.829868658627614764e+01
-1.035228263290928368e+02
-1.092394830748419423e+02
-1.134832407779890531e+02
-1.235442310755306039e+02
-9.933428711414387635e+01
-1.235611196948700297e+02
-1.230761121310840451e+02
-9.027486972355784189e+01
-9.687091092973886930e+01
-1.235615645373522540e+02
-1.235596118053736916e+02
-1.007994157781955948e+02
-1.080004366534448366e+02
-1.215307012024919260e+02
-1.235557149527559204e+02
-1.232339832421579899e+02
-1.235610544889052846e+02
-1.139058588241962866e+02
-1.181418640991816176e+02
-1.117926770843222073e+02
-1.235613514599140643e+02
-1.140336418348074261e+02
-1.235586337880847196e+02
-1.235607317631429538e+02
-9.287981256917991857e+01
-1.235615286074848171e+02
-1.227983497642740787e+02
-1.235615476282555534e+02
-9.741430551100651769e+01
-1.194240460439141174e+02
-1.130098840457956584e+02
-1.235379963269627126e+02
-1.224132159772013608e+02
-1.135212265835319698e+02
-8.740656360057695906e+01
-8.570908434286209854e+01
-1.183179827416090717e+02
-9.273068918970352570e+01
-9.140384271732941102e+01
-1.078485102396606692e+02
-1.039849751118361070e+02
-1.081804886330425717e+02
-1.235601699023985702e+02
-1.235600567552475724e+02
-1.235615399466383622e+02
-1.096384804902499326e+02
-1.232871861344344779e+02
-8.822468048458837586e+01
-1.235596113354365855e+02
-8.552274864568205714e+01
-1.170308092943007807e+02
-1.239419134336223465e+02
-1.239422252001560736e+02
-1.239422398346333694e+02
-1.025956377198406528e+02
-1.239423121460389723e+02
-1.239363883779363960e+02
-1.239421265326205628e+02
-1.217586970066601708e+02
-9.281525009536017023e+01
-1.239421050232652135e+02
-1.239415312818873218e+02
-1.192146762283308590e+02
-1.239420571659031367e+02
-1.090219673715816242e+02
-8.723600269981972133e+01
-9.296220929614436557e+01
-1.239101445154120853e+02
-1.237322894853548121e+02
-1.239392690312453027e+02
-1.050267518269151452e+02
-1.228791203541384647e+02
-1.239423611014455133e+02
-1.239407900950996577e+02
-1.002876057164006056e+02
-1.227678458986702452e+02
-1.231245974605150906e+02
-1.002146770504087243e+02
-1.239404177829784430e+02
-1.227513839545322298e+02
-1.239049190535342007e+02
-1.239115209102111805e+02
-1.239422075172446540e+02
-8.832934145202445109e+01
-1.196604824063625330e+02
-9.091211066522720330e+01
-8.784877613056892187e+01
-8.522586915562357035e+01
-1.239424658786076492e+02
-1.239422144636654650e+02
-8.738263862592468456e+01
-1.239413819895031992e+02
-1.238639959143224871e+02
-1.065938889224508301e+02
-1.239422545031035270e+02
-8.687674604939927292e+01
-1.239422864594692157e+02
-1.136147244772538869e+02
-1.239421482286687848e+02
-1.250592334767407010e+02
-1.251434822479305495e+02
-1.250416013955447170e+02
-1.083329463555821945e+02
-1.223326128479713617e+02
-1.106364629859218667e+02
-8.690933517142475750e+01
-9.669925368773765229e+01
-1.247099384080595286e+02
-1.251433665916481317e+02
-1.153656434172632714e+02
-1.251434581229316336e+02
-1.171177793045989688e+02
-1.251424503815746760e+02
-1.143738404918209142e+02
-1.204133186238823328e+02
-1.204071172404842969e+02
-9.713336214252942113e+01
-9.678590584133812058e+01
-8.798522122199749163e+01
-9.966916213538256386e+01
-1.251430239070730863e+02
-8.879280942304649216e+01
-9.033008310241088168e+01
-1.134026892063345144e+02
-1.083920721305816812e+02
-1.188877796054926108e+02
-1.242739170576845140e+02
-9.286348654313052009e+01
-1.250015450552243834e+02
-1.188505247143079941e+02
-1.169127637013612713e+02
-1.216273777793498709e+02
-9.602766996486153062e+01
-8.979966309547619119e+01
-1.187360012003562559e+02
-1.236599929793139410e+02
-9.105882607491977865e+01
-1.251421395798444109e+02
-9.445939009237774542e+01
-1.047206237852945634e+02
-1.251132919136924073e+02
-1.227885396575871795e+02
-1.251434064572173952e+02
-1.251435245956507458e+02
-1.251433363421180758e+02
-1.220609643547647067e+02
-1.251433583411528900e+02
-9.585881591629549803e+01
-1.000076375348944993e+02
