-1.265212268015257564e+02
-1.330966404123107338e+02
-1.119850273162807923e+02
-9.123622596716897704e+01
-1.188836639156433108e+02
-1.322731539377650449e+02
-1.330967903874013700e+02
-1.330966762347802614e+02
-1.010299393659730356e+02
-9.342205754617937430e+01
-1.193359613961547865e+02
-1.330968052314292152e+02
-1.330766794413084426e+02
-1.003251210271843803e+02
-1.330939379100888402e+02
-1.330968578853353961e+02
-1.142822168427444041e+02
-1.283223013437192890e+02
-1.055351217468255101e+02
-1.330967989927343353e+02
-9.570655637645603520e+01
-8.921921369835924054e+01
-1.330589957254610169e+02
-9.249297629275741883e+01
-1.330961735950819218e+02
-1.330951260106929794e+02
-1.330902592927997432e+02
-1.055014857396839005e+02
-1.330596379992428524e+02
-1.326631790830810473e+02
-1.330968173618522314e+02
-9.472400389409351362e+01
-1.281336147381442743e+02
-1.069910612650598409e+02
-1.004277024983798299e+02
-1.323654308352026590e+02
-1.330965948061408710e+02
-1.330964437617524823e+02
-1.093417649954615314e+02
-1.330402637090222981e+02
-9.623405312341132856e+01
-1.330966761712999471e+02
-1.330966939332136860e+02
-1.330571416213107625e+02
-1.125908487946534251e+02
-1.330965551155373419e+02
-1.180284795966489497e+02
-1.329657789153951626e+02
-9.101404509461696080e+01
-9.100035032217971320e+01
-1.278402027736658795e+02
-1.278376657034860102e+02
-1.270365405571063775e+02
-1.278401011636001670e+02
-1.278400067847980353e+02
-1.264515382987483179e+02
-1.278392756350447570e+02
-1.261180754534903201e+02
-8.798846430894090531e+01
-1.278289632191191885e+02
-9.438675943329771201e+01
-1.278327877606093637e+02
-1.278400645557047994e+02
-1.278167794230674872e+02
-9.226104412899267970e+01
-1.278399868323798216e+02
-1.275583974585281481e+02
-1.072248640646953959e+02
-9.864142780494584883e+01
-1.212206973105169254e+02
-1.091626806347837402e+02
-9.266080112688051429e+01
-1.278245250221498992e+02
-1.066493446278217903e+02
-1.020922005763318623e+02
-1.278330198462394236e+02
-8.899937860834452863e+01
-1.278287278607761266e+02
-8.864829669422550751e+01
-9.108238998854685065e+01
-9.766052220928118288e+01
-1.277527793168483896e+02
-1.277051855327997316e+02
-1.269096131355916413e+02
-1.275502861287217513e+02
-1.267772011397826333e+02
-1.278400928076136154e+02
-1.278401040564881299e+02
-8.881950247608727977e+01
-1.085979571457047683e+02
-1.117649197785302704e+02
-1.058430001504936655e+02
-1.278400896635199331e+02
-1.090677233472548124e+02
-1.047731105931034108e+02
-1.233923982723721622e+02
-8.886022895231144503e+01
-1.278400056831423797e+02
-9.931320098067473623e+01
-1.278399238560566005e+02
-1.229489828394350468e+02
-1.080414922332428915e+02
-1.235611200989562377e+02
-1.235614499467025098e+02
-1.065504159386460543e+02
-9.518681155952106110e+01
-1.235329706256952420e+02
-1.127716376137173171e+02
-1.230140897225046501e+02
-1.027654561477549606e+02
-1.234997390024569910e+02
-1.235440860651535644e+02
-1.235614692899402343e+02
-1.235522388276372112e+02
-1.041169701226687323e+02
-9.686434676689687251e+01
-1.230993715122876324e+02
-1.235610124401338226e+02
-1.235613128077410323e+02
-9.478827484908605072e+01
-1.113247224026551407e+02
-1.179926650984232310e+02
-1.223091226999710130e+02
-1.149453638396375368e+02
-8.750691215118986577e+01
-1.235607528733918770e+02
-9.878601296230070261e+01
-1.222941814527021904e+02
-8.737229455404836642e+01
-1.235608918850049207e+02
-1.114433755582355587e+02
-1.098252443690607834e+02
-9.331131226319193672e+01
-1.084340231835894741e+02
-1.008225920953522916e+02
-1.235605444942086422e+02
-1.234722423103308273e+02
-1.234552817176914630e+02
-1.235422088719849540e+02
-1.235615322570711356e+02
-9.637135225464355415e+01
-1.184060090254593689e+02
-1.235588050917542517e+02
-1.214777812457223689e+02
-1.235608588776658792e+02
-9.419347001458551460e+01
-1.202217284890849243e+02
-1.178895057926172285e+02
-1.100018024256357307e+02
-1.234538968414480280e+02
-1.235501119758986874e+02
-1.238040693915995121e+02
-1.239422308731871141e+02
-9.928806482366631769e+01
-9.966252262831707753e+01
-1.113170907954740017e+02
-8.615637403101655423e+01
-1.238075564982924277e+02
-1.239422892160993825e+02
-1.238937752299145529e+02
-8.766687415706797992e+01
-9.500501854017171866e+01
-1.231970130857320811e+02
-1.054661193906786991e+02
-9.431777681127731228e+01
-1.203883999861139955e+02
-1.239420621664145870e+02
-1.231034734564821633e+02
-8.949973536174329070e+01
-1.239422990092463976e+02
-1.134726652876795896e+02
-1.239306214650733438e+02
-1.218805551853532734e+02
-1.015908308733188790e+02
-1.239422097542249475e+02
-1.239423109972360919e+02
-1.076911924088713448e+02
-1.239421783183167349e+02
-1.208171078686484918e+02
-8.627593497898838848e+01
-1.174109135740575738e+02
-1.239419121735930673e+02
-1.046896267174244173e+02
-1.239253135412096753e+02
-8.703938644579372408e+01
-1.238700264900248698e+02
-9.640110236797887922e+01
-8.773012365046599825e+01
-1.192393182807222445e+02
-1.239421530375666407e+02
-9.248795279889075971e+01
-1.239422480304785239e+02
-1.239081506877560912e+02
-1.236556431999909762e+02
-1.190974435828888289e+02
-1.126540436614833709e+02
-1.239393903919382893e+02
-8.622059391583782428e+01
-1.239410600011815404e+02
-1.127351669568781745e+02
-1.247896339648550565e+02
-1.251431449366247790e+02
-1.250816862354884336e+02
-1.249023732873899633e+02
-1.251434203367419542e+02
-8.656637317002244458e+01
-1.251268703896521401e+02
-1.250943180116418745e+02
-1.251433668176062923e+02
-1.050787962703408880e+02
-1.238617438039112812e+02
-1.063368527261368257e+02
-1.171519933283239538e+02
-1.204443800526460109e+02
-1.211561289710097640e+02
-1.106623147240266292e+02
-1.149577523413770592e+02
-1.242994921044179790e+02
-1.237621039958481930e+02
-8.628568856443274626e+01
-1.081542702558191849e+02
-1.251430250442209626e+02
-1.173167326740584002e+02
-8.754061297994518043e+01
-9.828506834288536709e+01
-1.248899234466949224e+02
-1.240543702460697091e+02
-1.221611125438808898e+02
-1.251432520985053003e+02
-1.233550343638727185e+02
-8.858448026540197873e+01
-1.251427045892264687e+02
-8.942166878304107058e+01
-1.125989137763743031e+02
-8.916094570579109302e+01
-1.056413725422231380e+02
-1.246297204909022582e+02
-1.087118394999002930e+02
-1.251433741460406139e+02
-1.250365036237425471e+02
-1.251428593078383926e+02
-1.251428101460269744e+02
-1.022418701676738095e+02
-8.803407678791134572e+01
-1.220253081892608122e+02
-9.495186235528436214e+01
-9.376375475504808321e+01
-1.251436706033315431e+02
-8.914111205844452002e+01
-1.251408157182972900e+02
