7.593422613186887604e-01 1.510460223027829008e+00 7.000000000000000000e+00 1.340000000000000000e+02 0.000000000000000000e+00
7.593422613186887604e-01 1.510460223027829008e+00 7.000000000000000000e+00 1.340000000000000000e+02 1.000000000000000000e+00
7.593422613186887604e-01 1.510460223027829008e+00 7.000000000000000000e+00 1.340000000000000000e+02 2.000000000000000000e+00
7.593422613186887604e-01 1.510460223027829008e+00 7.000000000000000000e+00 1.340000000000000000e+02 3.000000000000000000e+00
7.593422613186887604e-01 1.510460223027829008e+00 7.000000000000000000e+00 1.340000000000000000e+02 4.000000000000000000e+00
3.340275277438762291e-01 2.004476879146684265e+00 4.000000000000000000e+00 7.200000000000000000e+01 0.000000000000000000e+00
3.340275277438762291e-01 2.004476879146684265e+00 4.000000000000000000e+00 7.200000000000000000e+01 1.000000000000000000e+00
3.340275277438762291e-01 2.004476879146684265e+00 4.000000000000000000e+00 7.200000000000000000e+01 2.000000000000000000e+00
3.340275277438762291e-01 2.004476879146684265e+00 4.000000000000000000e+00 7.200000000000000000e+01 3.000000000000000000e+00
3.340275277438762291e-01 2.004476879146684265e+00 4.000000000000000000e+00 7.200000000000000000e+01 4.000000000000000000e+00
8.501008250536686850e-01 2.551690309357897979e-01 1.400000000000000000e+01 1.370000000000000000e+02 0.000000000000000000e+00
8.501008250536686850e-01 2.551690309357897979e-01 1.400000000000000000e+01 1.370000000000000000e+02 1.000000000000000000e+00
8.501008250536686850e-01 2.551690309357897979e-01 1.400000000000000000e+01 1.370000000000000000e+02 2.000000000000000000e+00
8.501008250536686850e-01 2.551690309357897979e-01 1.400000000000000000e+01 1.370000000000000000e+02 3.000000000000000000e+00
8.501008250536686850e-01 2.551690309357897979e-01 1.400000000000000000e+01 1.370000000000000000e+02 4.000000000000000000e+00
3.945640901096065800e-01 4.902489236978321285e-01 1.600000000000000000e+01 1.800000000000000000e+02 0.000000000000000000e+00
3.945640901096065800e-01 4.902489236978321285e-01 1.600000000000000000e+01 1.800000000000000000e+02 1.000000000000000000e+00
3.945640901096065800e-01 4.902489236978321285e-01 1.600000000000000000e+01 1.800000000000000000e+02 2.000000000000000000e+00
3.945640901096065800e-01 4.902489236978321285e-01 1.600000000000000000e+01 1.800000000000000000e+02 3.000000000000000000e+00
3.945640901096065800e-01 4.902489236978321285e-01 1.600000000000000000e+01 1.800000000000000000e+02 4.000000000000000000e+00
9.329589942596203667e-01 1.152601897515030061e+00 1.200000000000000000e+01 1.810000000000000000e+02 0.000000000000000000e+00
9.329589942596203667e-01 1.152601897515030061e+00 1.200000000000000000e+01 1.810000000000000000e+02 1.000000000000000000e+00
9.329589942596203667e-01 1.152601897515030061e+00 1.200000000000000000e+01 1.810000000000000000e+02 2.000000000000000000e+00
9.329589942596203667e-01 1.152601897515030061e+00 1.200000000000000000e+01 1.810000000000000000e+02 3.000000000000000000e+00
9.329589942596203667e-01 1.152601897515030061e+00 1.200000000000000000e+01 1.810000000000000000e+02 4.000000000000000000e+00
3.918385906356572912e-01 2.130793497932793878e-01 4.000000000000000000e+00 1.840000000000000000e+02 0.000000000000000000e+00
3.918385906356572912e-01 2.130793497932793878e-01 4.000000000000000000e+00 1.840000000000000000e+02 1.000000000000000000e+00
3.918385906356572912e-01 2.130793497932793878e-01 4.000000000000000000e+00 1.840000000000000000e+02 2.000000000000000000e+00
3.918385906356572912e-01 2.130793497932793878e-01 4.000000000000000000e+00 1.840000000000000000e+02 3.000000000000000000e+00
3.918385906356572912e-01 2.130793497932793878e-01 4.000000000000000000e+00 1.840000000000000000e+02 4.000000000000000000e+00
9.115128535377824415e-01 2.451021358016728657e-01 6.000000000000000000e+00 1.590000000000000000e+02 0.000000000000000000e+00
9.115128535377824415e-01 2.451021358016728657e-01 6.000000000000000000e+00 1.590000000000000000e+02 1.000000000000000000e+00
9.115128535377824415e-01 2.451021358016728657e-01 6.000000000000000000e+00 1.590000000000000000e+02 2.000000000000000000e+00
9.115128535377824415e-01 2.451021358016728657e-01 6.000000000000000000e+00 1.590000000000000000e+02 3.000000000000000000e+00
9.115128535377824415e-01 2.451021358016728657e-01 6.000000000000000000e+00 1.590000000000000000e+02 4.000000000000000000e+00
2.332790103782625968e-01 6.439225960117601621e-01 7.000000000000000000e+00 4.900000000000000000e+01 0.000000000000000000e+00
2.332790103782625968e-01 6.439225960117601621e-01 7.000000000000000000e+00 4.900000000000000000e+01 1.000000000000000000e+00
2.332790103782625968e-01 6.439225960117601621e-01 7.000000000000000000e+00 4.900000000000000000e+01 2.000000000000000000e+00
2.332790103782625968e-01 6.439225960117601621e-01 7.000000000000000000e+00 4.900000000000000000e+01 3.000000000000000000e+00
2.332790103782625968e-01 6.439225960117601621e-01 7.000000000000000000e+00 4.900000000000000000e+01 4.000000000000000000e+00
9.733882007671017522e-01 1.869247993994388013e+00 1.700000000000000000e+01 1.290000000000000000e+02 0.000000000000000000e+00
9.733882007671017522e-01 1.869247993994388013e+00 1.700000000000000000e+01 1.290000000000000000e+02 1.000000000000000000e+00
9.733882007671017522e-01 1.869247993994388013e+00 1.700000000000000000e+01 1.290000000000000000e+02 2.000000000000000000e+00
9.733882007671017522e-01 1.869247993994388013e+00 1.700000000000000000e+01 1.290000000000000000e+02 3.000000000000000000e+00
9.733882007671017522e-01 1.869247993994388013e+00 1.700000000000000000e+01 1.290000000000000000e+02 4.000000000000000000e+00
6.696966316343716530e-01 1.979343100172360037e+00 1.000000000000000000e+00 1.490000000000000000e+02 0.000000000000000000e+00
6.696966316343716530e-01 1.979343100172360037e+00 1.000000000000000000e+00 1.490000000000000000e+02 1.000000000000000000e+00
6.696966316343716530e-01 1.979343100172360037e+00 1.000000000000000000e+00 1.490000000000000000e+02 2.000000000000000000e+00
6.696966316343716530e-01 1.979343100172360037e+00 1.000000000000000000e+00 1.490000000000000000e+02 3.000000000000000000e+00
6.696966316343716530e-01 1.979343100172360037e+00 1.000000000000000000e+00 1.490000000000000000e+02 4.000000000000000000e+00
7.754232340408982738e-02 1.835005559558973598e+00 1.800000000000000000e+01 1.610000000000000000e+02 0.000000000000000000e+00
7.754232340408982738e-02 1.835005559558973598e+00 1.800000000000000000e+01 1.610000000000000000e+02 1.000000000000000000e+00
7.754232340408982738e-02 1.835005559558973598e+00 1.800000000000000000e+01 1.610000000000000000e+02 2.000000000000000000e+00
7.754232340408982738e-02 1.835005559558973598e+00 1.800000000000000000e+01 1.610000000000000000e+02 3.000000000000000000e+00
7.754232340408982738e-02 1.835005559558973598e+00 1.800000000000000000e+01 1.610000000000000000e+02 4.000000000000000000e+00
1.330381427128103367e-01 5.566159701392671133e-01 1.100000000000000000e+01 5.800000000000000000e+01 0.000000000000000000e+00
1.330381427128103367e-01 5.566159701392671133e-01 1.100000000000000000e+01 5.800000000000000000e+01 1.000000000000000000e+00
1.330381427128103367e-01 5.566159701392671133e-01 1.100000000000000000e+01 5.800000000000000000e+01 2.000000000000000000e+00
1.330381427128103367e-01 5.566159701392671133e-01 1.100000000000000000e+01 5.800000000000000000e+01 3.000000000000000000e+00
1.330381427128103367e-01 5.566159701392671133e-01 1.100000000000000000e+01 5.800000000000000000e+01 4.000000000000000000e+00
3.470907054143778508e-02 1.684297769587876081e-01 5.000000000000000000e+00 4.600000000000000000e+01 0.000000000000000000e+00
3.470907054143778508e-02 1.684297769587876081e-01 5.000000000000000000e+00 4.600000000000000000e+01 1.000000000000000000e+00
3.470907054143778508e-02 1.684297769587876081e-01 5.000000000000000000e+00 4.600000000000000000e+01 2.000000000000000000e+00
3.470907054143778508e-02 1.684297769587876081e-01 5.000000000000000000e+00 4.600000000000000000e+01 3.000000000000000000e+00
3.470907054143778508e-02 1.684297769587876081e-01 5.000000000000000000e+00 4.600000000000000000e+01 4.000000000000000000e+00
1.686293544900611119e-01 5.424093223591522905e-01 3.000000000000000000e+00 1.850000000000000000e+02 0.000000000000000000e+00
1.686293544900611119e-01 5.424093223591522905e-01 3.000000000000000000e+00 1.850000000000000000e+02 1.000000000000000000e+00
1.686293544900611119e-01 5.424093223591522905e-01 3.000000000000000000e+00 1.850000000000000000e+02 2.000000000000000000e+00
1.686293544900611119e-01 5.424093223591522905e-01 3.000000000000000000e+00 1.850000000000000000e+02 3.000000000000000000e+00
1.686293544900611119e-01 5.424093223591522905e-01 3.000000000000000000e+00 1.850000000000000000e+02 4.000000000000000000e+00
7.321923586379673887e-01 1.816681896441435073e+00 1.200000000000000000e+01 1.970000000000000000e+02 0.000000000000000000e+00
7.321923586379673887e-01 1.816681896441435073e+00 1.200000000000000000e+01 1.970000000000000000e+02 1.000000000000000000e+00
7.321923586379673887e-01 1.816681896441435073e+00 1.200000000000000000e+01 1.970000000000000000e+02 2.000000000000000000e+00
7.321923586379673887e-01 1.816681896441435073e+00 1.200000000000000000e+01 1.970000000000000000e+02 3.000000000000000000e+00
7.321923586379673887e-01 1.816681896441435073e+00 1.200000000000000000e+01 1.970000000000000000e+02 4.000000000000000000e+00
1.130738760705572860e-01 1.373984908506881819e+00 8.000000000000000000e+00 5.000000000000000000e+00 0.000000000000000000e+00
1.130738760705572860e-01 1.373984908506881819e+00 8.000000000000000000e+00 5.000000000000000000e+00 1.000000000000000000e+00
1.130738760705572860e-01 1.373984908506881819e+00 8.000000000000000000e+00 5.000000000000000000e+00 2.000000000000000000e+00
1.130738760705572860e-01 1.373984908506881819e+00 8.000000000000000000e+00 5.000000000000000000e+00 3.000000000000000000e+00
1.130738760705572860e-01 1.373984908506881819e+00 8.000000000000000000e+00 5.000000000000000000e+00 4.000000000000000000e+00
4.816909579869697033e-01 9.228103213340396183e-01 1.800000000000000000e+01 1.850000000000000000e+02 0.000000000000000000e+00
4.816909579869697033e-01 9.228103213340396183e-01 1.800000000000000000e+01 1.850000000000000000e+02 1.000000000000000000e+00
4.816909579869697033e-01 9.228103213340396183e-01 1.800000000000000000e+01 1.850000000000000000e+02 2.000000000000000000e+00
4.816909579869697033e-01 9.228103213340396183e-01 1.800000000000000000e+01 1.850000000000000000e+02 3.000000000000000000e+00
4.816909579869697033e-01 9.228103213340396183e-01 1.800000000000000000e+01 1.850000000000000000e+02 4.000000000000000000e+00
5.792743510885568492e-01 1.481244994700158024e+00 1.200000000000000000e+01 2.000000000000000000e+01 0.000000000000000000e+00
5.792743510885568492e-01 1.481244994700158024e+00 1.200000000000000000e+01 2.000000000000000000e+01 1.000000000000000000e+00
5.792743510885568492e-01 1.481244994700158024e+00 1.200000000000000000e+01 2.000000000000000000e+01 2.000000000000000000e+00
5.792743510885568492e-01 1.481244994700158024e+00 1.200000000000000000e+01 2.000000000000000000e+01 3.000000000000000000e+00
5.792743510885568492e-01 1.481244994700158024e+00 1.200000000000000000e+01 2.000000000000000000e+01 4.000000000000000000e+00
2.383308921623507048e-01 8.964124386753730134e-01 1.500000000000000000e+01 1.880000000000000000e+02 0.000000000000000000e+00
2.383308921623507048e-01 8.964124386753730134e-01 1.500000000000000000e+01 1.880000000000000000e+02 1.000000000000000000e+00
2.383308921623507048e-01 8.964124386753730134e-01 1.500000000000000000e+01 1.880000000000000000e+02 2.000000000000000000e+00
2.383308921623507048e-01 8.964124386753730134e-01 1.500000000000000000e+01 1.880000000000000000e+02 3.000000000000000000e+00
2.383308921623507048e-01 8.964124386753730134e-01 1.500000000000000000e+01 1.880000000000000000e+02 4.000000000000000000e+00
6.386628619935189599e-01 1.088667313463409281e+00 9.000000000000000000e+00 1.300000000000000000e+01 0.000000000000000000e+00
6.386628619935189599e-01 1.088667313463409281e+00 9.000000000000000000e+00 1.300000000000000000e+01 1.000000000000000000e+00
6.386628619935189599e-01 1.088667313463409281e+00 9.000000000000000000e+00 1.300000000000000000e+01 2.000000000000000000e+00
6.386628619935189599e-01 1.088667313463409281e+00 9.000000000000000000e+00 1.300000000000000000e+01 3.000000000000000000e+00
6.386628619935189599e-01 1.088667313463409281e+00 9.000000000000000000e+00 1.300000000000000000e+01 4.000000000000000000e+00
1.684887936061481017e-01 6.510115895541824793e-01 1.200000000000000000e+01 1.010000000000000000e+02 0.000000000000000000e+00
1.684887936061481017e-01 6.510115895541824793e-01 1.200000000000000000e+01 1.010000000000000000e+02 1.000000000000000000e+00
1.684887936061481017e-01 6.510115895541824793e-01 1.200000000000000000e+01 1.010000000000000000e+02 2.000000000000000000e+00
1.684887936061481017e-01 6.510115895541824793e-01 1.200000000000000000e+01 1.010000000000000000e+02 3.000000000000000000e+00
1.684887936061481017e-01 6.510115895541824793e-01 1.200000000000000000e+01 1.010000000000000000e+02 4.000000000000000000e+00
1.513938531658238773e-01 1.688798517695623280e+00 2.000000000000000000e+01 1.920000000000000000e+02 0.000000000000000000e+00
1.513938531658238773e-01 1.688798517695623280e+00 2.000000000000000000e+01 1.920000000000000000e+02 1.000000000000000000e+00
1.513938531658238773e-01 1.688798517695623280e+00 2.000000000000000000e+01 1.920000000000000000e+02 2.000000000000000000e+00
1.513938531658238773e-01 1.688798517695623280e+00 2.000000000000000000e+01 1.920000000000000000e+02 3.000000000000000000e+00
1.513938531658238773e-01 1.688798517695623280e+00 2.000000000000000000e+01 1.920000000000000000e+02 4.000000000000000000e+00
4.517045663065661909e-01 7.390303577240276978e-01 1.300000000000000000e+01 3.200000000000000000e+01 0.000000000000000000e+00
4.517045663065661909e-01 7.390303577240276978e-01 1.300000000000000000e+01 3.200000000000000000e+01 1.000000000000000000e+00
4.517045663065661909e-01 7.390303577240276978e-01 1.300000000000000000e+01 3.200000000000000000e+01 2.000000000000000000e+00
4.517045663065661909e-01 7.390303577240276978e-01 1.300000000000000000e+01 3.200000000000000000e+01 3.000000000000000000e+00
4.517045663065661909e-01 7.390303577240276978e-01 1.300000000000000000e+01 3.200000000000000000e+01 4.000000000000000000e+00
3.651942798442779914e-01 1.490267226459162986e+00 2.000000000000000000e+00 1.590000000000000000e+02 0.000000000000000000e+00
3.651942798442779914e-01 1.490267226459162986e+00 2.000000000000000000e+00 1.590000000000000000e+02 1.000000000000000000e+00
3.651942798442779914e-01 1.490267226459162986e+00 2.000000000000000000e+00 1.590000000000000000e+02 2.000000000000000000e+00
3.651942798442779914e-01 1.490267226459162986e+00 2.000000000000000000e+00 1.590000000000000000e+02 3.000000000000000000e+00
3.651942798442779914e-01 1.490267226459162986e+00 2.000000000000000000e+00 1.590000000000000000e+02 4.000000000000000000e+00
9.967569880669387983e-01 1.678716199055925840e+00 8.000000000000000000e+00 4.200000000000000000e+01 0.000000000000000000e+00
9.967569880669387983e-01 1.678716199055925840e+00 8.000000000000000000e+00 4.200000000000000000e+01 1.000000000000000000e+00
9.967569880669387983e-01 1.678716199055925840e+00 8.000000000000000000e+00 4.200000000000000000e+01 2.000000000000000000e+00
9.967569880669387983e-01 1.678716199055925840e+00 8.000000000000000000e+00 4.200000000000000000e+01 3.000000000000000000e+00
9.967569880669387983e-01 1.678716199055925840e+00 8.000000000000000000e+00 4.200000000000000000e+01 4.000000000000000000e+00
6.062180137979926720e-01 1.869872216906971918e+00 8.000000000000000000e+00 1.900000000000000000e+01 0.000000000000000000e+00
6.062180137979926720e-01 1.869872216906971918e+00 8.000000000000000000e+00 1.900000000000000000e+01 1.000000000000000000e+00
6.062180137979926720e-01 1.869872216906971918e+00 8.000000000000000000e+00 1.900000000000000000e+01 2.000000000000000000e+00
6.062180137979926720e-01 1.869872216906971918e+00 8.000000000000000000e+00 1.900000000000000000e+01 3.000000000000000000e+00
6.062180137979926720e-01 1.869872216906971918e+00 8.000000000000000000e+00 1.900000000000000000e+01 4.000000000000000000e+00
7.772875942357377888e-01 1.903323047684423841e+00 1.200000000000000000e+01 1.340000000000000000e+02 0.000000000000000000e+00
7.772875942357377888e-01 1.903323047684423841e+00 1.200000000000000000e+01 1.340000000000000000e+02 1.000000000000000000e+00
7.772875942357377888e-01 1.903323047684423841e+00 1.200000000000000000e+01 1.340000000000000000e+02 2.000000000000000000e+00
7.772875942357377888e-01 1.903323047684423841e+00 1.200000000000000000e+01 1.340000000000000000e+02 3.000000000000000000e+00
7.772875942357377888e-01 1.903323047684423841e+00 1.200000000000000000e+01 1.340000000000000000e+02 4.000000000000000000e+00
9.833744773073621603e-01 1.998219501891942640e+00 1.600000000000000000e+01 1.160000000000000000e+02 0.000000000000000000e+00
9.833744773073621603e-01 1.998219501891942640e+00 1.600000000000000000e+01 1.160000000000000000e+02 1.000000000000000000e+00
9.833744773073621603e-01 1.998219501891942640e+00 1.600000000000000000e+01 1.160000000000000000e+02 2.000000000000000000e+00
9.833744773073621603e-01 1.998219501891942640e+00 1.600000000000000000e+01 1.160000000000000000e+02 3.000000000000000000e+00
9.833744773073621603e-01 1.998219501891942640e+00 1.600000000000000000e+01 1.160000000000000000e+02 4.000000000000000000e+00
6.846062461065038907e-01 1.103285471331662437e+00 6.000000000000000000e+00 1.980000000000000000e+02 0.000000000000000000e+00
6.846062461065038907e-01 1.103285471331662437e+00 6.000000000000000000e+00 1.980000000000000000e+02 1.000000000000000000e+00
6.846062461065038907e-01 1.103285471331662437e+00 6.000000000000000000e+00 1.980000000000000000e+02 2.000000000000000000e+00
6.846062461065038907e-01 1.103285471331662437e+00 6.000000000000000000e+00 1.980000000000000000e+02 3.000000000000000000e+00
6.846062461065038907e-01 1.103285471331662437e+00 6.000000000000000000e+00 1.980000000000000000e+02 4.000000000000000000e+00
8.255601165735088065e-01 2.081380495376274065e-01 1.400000000000000000e+01 1.100000000000000000e+02 0.000000000000000000e+00
8.255601165735088065e-01 2.081380495376274065e-01 1.400000000000000000e+01 1.100000000000000000e+02 1.000000000000000000e+00
8.255601165735088065e-01 2.081380495376274065e-01 1.400000000000000000e+01 1.100000000000000000e+02 2.000000000000000000e+00
8.255601165735088065e-01 2.081380495376274065e-01 1.400000000000000000e+01 1.100000000000000000e+02 3.000000000000000000e+00
8.255601165735088065e-01 2.081380495376274065e-01 1.400000000000000000e+01 1.100000000000000000e+02 4.000000000000000000e+00
7.509081567432719373e-01 1.699601874268558355e+00 4.000000000000000000e+00 4.800000000000000000e+01 0.000000000000000000e+00
7.509081567432719373e-01 1.699601874268558355e+00 4.000000000000000000e+00 4.800000000000000000e+01 1.000000000000000000e+00
7.509081567432719373e-01 1.699601874268558355e+00 4.000000000000000000e+00 4.800000000000000000e+01 2.000000000000000000e+00
7.509081567432719373e-01 1.699601874268558355e+00 4.000000000000000000e+00 4.800000000000000000e+01 3.000000000000000000e+00
7.509081567432719373e-01 1.699601874268558355e+00 4.000000000000000000e+00 4.800000000000000000e+01 4.000000000000000000e+00
5.442683184606055685e-02 3.365900021708559953e-01 4.000000000000000000e+00 7.500000000000000000e+01 0.000000000000000000e+00
5.442683184606055685e-02 3.365900021708559953e-01 4.000000000000000000e+00 7.500000000000000000e+01 1.000000000000000000e+00
5.442683184606055685e-02 3.365900021708559953e-01 4.000000000000000000e+00 7.500000000000000000e+01 2.000000000000000000e+00
5.442683184606055685e-02 3.365900021708559953e-01 4.000000000000000000e+00 7.500000000000000000e+01 3.000000000000000000e+00
5.442683184606055685e-02 3.365900021708559953e-01 4.000000000000000000e+00 7.500000000000000000e+01 4.000000000000000000e+00
4.209246962588317764e-01 8.676086632790519504e-01 6.000000000000000000e+00 9.700000000000000000e+01 0.000000000000000000e+00
4.209246962588317764e-01 8.676086632790519504e-01 6.000000000000000000e+00 9.700000000000000000e+01 1.000000000000000000e+00
4.209246962588317764e-01 8.676086632790519504e-01 6.000000000000000000e+00 9.700000000000000000e+01 2.000000000000000000e+00
4.209246962588317764e-01 8.676086632790519504e-01 6.000000000000000000e+00 9.700000000000000000e+01 3.000000000000000000e+00
4.209246962588317764e-01 8.676086632790519504e-01 6.000000000000000000e+00 9.700000000000000000e+01 4.000000000000000000e+00
2.944155316486903873e-01 1.394053478949410563e+00 2.000000000000000000e+00 5.900000000000000000e+01 0.000000000000000000e+00
2.944155316486903873e-01 1.394053478949410563e+00 2.000000000000000000e+00 5.900000000000000000e+01 1.000000000000000000e+00
2.944155316486903873e-01 1.394053478949410563e+00 2.000000000000000000e+00 5.900000000000000000e+01 2.000000000000000000e+00
2.944155316486903873e-01 1.394053478949410563e+00 2.000000000000000000e+00 5.900000000000000000e+01 3.000000000000000000e+00
2.944155316486903873e-01 1.394053478949410563e+00 2.000000000000000000e+00 5.900000000000000000e+01 4.000000000000000000e+00
2.898105811023841127e-01 1.588765305904731973e+00 2.000000000000000000e+01 6.400000000000000000e+01 0.000000000000000000e+00
2.898105811023841127e-01 1.588765305904731973e+00 2.000000000000000000e+01 6.400000000000000000e+01 1.000000000000000000e+00
2.898105811023841127e-01 1.588765305904731973e+00 2.000000000000000000e+01 6.400000000000000000e+01 2.000000000000000000e+00
2.898105811023841127e-01 1.588765305904731973e+00 2.000000000000000000e+01 6.400000000000000000e+01 3.000000000000000000e+00
2.898105811023841127e-01 1.588765305904731973e+00 2.000000000000000000e+01 6.400000000000000000e+01 4.000000000000000000e+00
6.702504954264012493e-01 1.932761358873311019e+00 1.800000000000000000e+01 9.200000000000000000e+01 0.000000000000000000e+00
6.702504954264012493e-01 1.932761358873311019e+00 1.800000000000000000e+01 9.200000000000000000e+01 1.000000000000000000e+00
6.702504954264012493e-01 1.932761358873311019e+00 1.800000000000000000e+01 9.200000000000000000e+01 2.000000000000000000e+00
6.702504954264012493e-01 1.932761358873311019e+00 1.800000000000000000e+01 9.200000000000000000e+01 3.000000000000000000e+00
6.702504954264012493e-01 1.932761358873311019e+00 1.800000000000000000e+01 9.200000000000000000e+01 4.000000000000000000e+00
2.438469543378516402e-01 1.223248885608121173e+00 1.200000000000000000e+01 1.400000000000000000e+02 0.000000000000000000e+00
2.438469543378516402e-01 1.223248885608121173e+00 1.200000000000000000e+01 1.400000000000000000e+02 1.000000000000000000e+00
2.438469543378516402e-01 1.223248885608121173e+00 1.200000000000000000e+01 1.400000000000000000e+02 2.000000000000000000e+00
2.438469543378516402e-01 1.223248885608121173e+00 1.200000000000000000e+01 1.400000000000000000e+02 3.000000000000000000e+00
2.438469543378516402e-01 1.223248885608121173e+00 1.200000000000000000e+01 1.400000000000000000e+02 4.000000000000000000e+00
6.296412244139441006e-01 1.448879527982604332e+00 1.900000000000000000e+01 8.700000000000000000e+01 0.000000000000000000e+00
6.296412244139441006e-01 1.448879527982604332e+00 1.900000000000000000e+01 8.700000000000000000e+01 1.000000000000000000e+00
6.296412244139441006e-01 1.448879527982604332e+00 1.900000000000000000e+01 8.700000000000000000e+01 2.000000000000000000e+00
6.296412244139441006e-01 1.448879527982604332e+00 1.900000000000000000e+01 8.700000000000000000e+01 3.000000000000000000e+00
6.296412244139441006e-01 1.448879527982604332e+00 1.900000000000000000e+01 8.700000000000000000e+01 4.000000000000000000e+00
1.380865148056580338e-01 1.413586780180019042e+00 3.000000000000000000e+00 2.000000000000000000e+02 0.000000000000000000e+00
1.380865148056580338e-01 1.413586780180019042e+00 3.000000000000000000e+00 2.000000000000000000e+02 1.000000000000000000e+00
1.380865148056580338e-01 1.413586780180019042e+00 3.000000000000000000e+00 2.000000000000000000e+02 2.000000000000000000e+00
1.380865148056580338e-01 1.413586780180019042e+00 3.000000000000000000e+00 2.000000000000000000e+02 3.000000000000000000e+00
1.380865148056580338e-01 1.413586780180019042e+00 3.000000000000000000e+00 2.000000000000000000e+02 4.000000000000000000e+00
6.006165573107516975e-01 2.098231744041298974e+00 1.300000000000000000e+01 6.800000000000000000e+01 0.000000000000000000e+00
6.006165573107516975e-01 2.098231744041298974e+00 1.300000000000000000e+01 6.800000000000000000e+01 1.000000000000000000e+00
6.006165573107516975e-01 2.098231744041298974e+00 1.300000000000000000e+01 6.800000000000000000e+01 2.000000000000000000e+00
6.006165573107516975e-01 2.098231744041298974e+00 1.300000000000000000e+01 6.800000000000000000e+01 3.000000000000000000e+00
6.006165573107516975e-01 2.098231744041298974e+00 1.300000000000000000e+01 6.800000000000000000e+01 4.000000000000000000e+00
4.080846824623525215e-01 1.387619269684813306e+00 9.000000000000000000e+00 8.800000000000000000e+01 0.000000000000000000e+00
4.080846824623525215e-01 1.387619269684813306e+00 9.000000000000000000e+00 8.800000000000000000e+01 1.000000000000000000e+00
4.080846824623525215e-01 1.387619269684813306e+00 9.000000000000000000e+00 8.800000000000000000e+01 2.000000000000000000e+00
4.080846824623525215e-01 1.387619269684813306e+00 9.000000000000000000e+00 8.800000000000000000e+01 3.000000000000000000e+00
4.080846824623525215e-01 1.387619269684813306e+00 9.000000000000000000e+00 8.800000000000000000e+01 4.000000000000000000e+00
1.004957931446012198e+00 6.759098938236655085e-01 6.000000000000000000e+00 5.300000000000000000e+01 0.000000000000000000e+00
1.004957931446012198e+00 6.759098938236655085e-01 6.000000000000000000e+00 5.300000000000000000e+01 1.000000000000000000e+00
1.004957931446012198e+00 6.759098938236655085e-01 6.000000000000000000e+00 5.300000000000000000e+01 2.000000000000000000e+00
1.004957931446012198e+00 6.759098938236655085e-01 6.000000000000000000e+00 5.300000000000000000e+01 3.000000000000000000e+00
1.004957931446012198e+00 6.759098938236655085e-01 6.000000000000000000e+00 5.300000000000000000e+01 4.000000000000000000e+00
9.757885026477484125e-01 1.982866829583820101e+00 4.000000000000000000e+00 1.670000000000000000e+02 0.000000000000000000e+00
9.757885026477484125e-01 1.982866829583820101e+00 4.000000000000000000e+00 1.670000000000000000e+02 1.000000000000000000e+00
9.757885026477484125e-01 1.982866829583820101e+00 4.000000000000000000e+00 1.670000000000000000e+02 2.000000000000000000e+00
9.757885026477484125e-01 1.982866829583820101e+00 4.000000000000000000e+00 1.670000000000000000e+02 3.000000000000000000e+00
9.757885026477484125e-01 1.982866829583820101e+00 4.000000000000000000e+00 1.670000000000000000e+02 4.000000000000000000e+00
4.140707729118513480e-01 1.347041438065629260e+00 1.100000000000000000e+01 9.100000000000000000e+01 0.000000000000000000e+00
4.140707729118513480e-01 1.347041438065629260e+00 1.100000000000000000e+01 9.100000000000000000e+01 1.000000000000000000e+00
4.140707729118513480e-01 1.347041438065629260e+00 1.100000000000000000e+01 9.100000000000000000e+01 2.000000000000000000e+00
4.140707729118513480e-01 1.347041438065629260e+00 1.100000000000000000e+01 9.100000000000000000e+01 3.000000000000000000e+00
4.140707729118513480e-01 1.347041438065629260e+00 1.100000000000000000e+01 9.100000000000000000e+01 4.000000000000000000e+00
5.634160899449316418e-01 5.029066908405323000e-01 7.000000000000000000e+00 1.930000000000000000e+02 0.000000000000000000e+00
5.634160899449316418e-01 5.029066908405323000e-01 7.000000000000000000e+00 1.930000000000000000e+02 1.000000000000000000e+00
5.634160899449316418e-01 5.029066908405323000e-01 7.000000000000000000e+00 1.930000000000000000e+02 2.000000000000000000e+00
5.634160899449316418e-01 5.029066908405323000e-01 7.000000000000000000e+00 1.930000000000000000e+02 3.000000000000000000e+00
5.634160899449316418e-01 5.029066908405323000e-01 7.000000000000000000e+00 1.930000000000000000e+02 4.000000000000000000e+00
6.497784826891596088e-01 1.390364013545265953e+00 5.000000000000000000e+00 6.900000000000000000e+01 0.000000000000000000e+00
6.497784826891596088e-01 1.390364013545265953e+00 5.000000000000000000e+00 6.900000000000000000e+01 1.000000000000000000e+00
6.497784826891596088e-01 1.390364013545265953e+00 5.000000000000000000e+00 6.900000000000000000e+01 2.000000000000000000e+00
6.497784826891596088e-01 1.390364013545265953e+00 5.000000000000000000e+00 6.900000000000000000e+01 3.000000000000000000e+00
6.497784826891596088e-01 1.390364013545265953e+00 5.000000000000000000e+00 6.900000000000000000e+01 4.000000000000000000e+00
4.014663426954412362e-01 8.962946890026820546e-01 2.000000000000000000e+00 7.500000000000000000e+01 0.000000000000000000e+00
4.014663426954412362e-01 8.962946890026820546e-01 2.000000000000000000e+00 7.500000000000000000e+01 1.000000000000000000e+00
4.014663426954412362e-01 8.962946890026820546e-01 2.000000000000000000e+00 7.500000000000000000e+01 2.000000000000000000e+00
4.014663426954412362e-01 8.962946890026820546e-01 2.000000000000000000e+00 7.500000000000000000e+01 3.000000000000000000e+00
4.014663426954412362e-01 8.962946890026820546e-01 2.000000000000000000e+00 7.500000000000000000e+01 4.000000000000000000e+00
6.898778542425867411e-01 1.981787290811857005e+00 2.000000000000000000e+01 8.300000000000000000e+01 0.000000000000000000e+00
6.898778542425867411e-01 1.981787290811857005e+00 2.000000000000000000e+01 8.300000000000000000e+01 1.000000000000000000e+00
6.898778542425867411e-01 1.981787290811857005e+00 2.000000000000000000e+01 8.300000000000000000e+01 2.000000000000000000e+00
6.898778542425867411e-01 1.981787290811857005e+00 2.000000000000000000e+01 8.300000000000000000e+01 3.000000000000000000e+00
6.898778542425867411e-01 1.981787290811857005e+00 2.000000000000000000e+01 8.300000000000000000e+01 4.000000000000000000e+00
4.497753198954895781e-01 7.066124595187291968e-01 3.000000000000000000e+00 7.200000000000000000e+01 0.000000000000000000e+00
4.497753198954895781e-01 7.066124595187291968e-01 3.000000000000000000e+00 7.200000000000000000e+01 1.000000000000000000e+00
4.497753198954895781e-01 7.066124595187291968e-01 3.000000000000000000e+00 7.200000000000000000e+01 2.000000000000000000e+00
4.497753198954895781e-01 7.066124595187291968e-01 3.000000000000000000e+00 7.200000000000000000e+01 3.000000000000000000e+00
4.497753198954895781e-01 7.066124595187291968e-01 3.000000000000000000e+00 7.200000000000000000e+01 4.000000000000000000e+00
8.108294325097864519e-01 1.836809127238611394e-01 1.000000000000000000e+01 5.200000000000000000e+01 0.000000000000000000e+00
8.108294325097864519e-01 1.836809127238611394e-01 1.000000000000000000e+01 5.200000000000000000e+01 1.000000000000000000e+00
8.108294325097864519e-01 1.836809127238611394e-01 1.000000000000000000e+01 5.200000000000000000e+01 2.000000000000000000e+00
8.108294325097864519e-01 1.836809127238611394e-01 1.000000000000000000e+01 5.200000000000000000e+01 3.000000000000000000e+00
8.108294325097864519e-01 1.836809127238611394e-01 1.000000000000000000e+01 5.200000000000000000e+01 4.000000000000000000e+00
