1.613393480582687722e-01 1.077709958409680091e+00 1.900000000000000000e+01 9.200000000000000000e+01 0.000000000000000000e+00
6.725868435993255234e-01 1.221962500077363067e+00 1.300000000000000000e+01 1.250000000000000000e+02 0.000000000000000000e+00
8.415720915189242035e-01 9.393641185975959429e-01 6.000000000000000000e+00 1.510000000000000000e+02 0.000000000000000000e+00
3.402515255207165801e-01 1.808323637500576009e+00 2.000000000000000000e+01 1.970000000000000000e+02 0.000000000000000000e+00
3.557766461834831473e-01 1.934833980852164403e+00 3.000000000000000000e+00 1.290000000000000000e+02 0.000000000000000000e+00
5.379527501963817793e-01 1.803650990908521656e+00 7.000000000000000000e+00 1.190000000000000000e+02 0.000000000000000000e+00
8.973918219904865046e-01 6.957252038639606395e-01 1.900000000000000000e+01 4.700000000000000000e+01 0.000000000000000000e+00
6.716560479948809892e-01 1.349416566148229801e+00 2.000000000000000000e+00 1.800000000000000000e+01 0.000000000000000000e+00
2.161516176146284218e-01 1.958515862652643769e+00 1.200000000000000000e+01 1.850000000000000000e+02 0.000000000000000000e+00
2.781508461021965362e-01 1.873466676410737275e+00 1.000000000000000000e+00 3.100000000000000000e+01 0.000000000000000000e+00
7.454564255478026702e-01 1.277608879438693723e+00 1.300000000000000000e+01 5.700000000000000000e+01 0.000000000000000000e+00
8.941540732591836127e-01 6.910602477321775572e-01 8.000000000000000000e+00 2.900000000000000000e+01 0.000000000000000000e+00
7.141029018677619300e-01 1.222161421327620845e+00 1.800000000000000000e+01 9.400000000000000000e+01 0.000000000000000000e+00
2.379898805932171291e-01 1.462672579949571672e+00 1.200000000000000000e+01 1.750000000000000000e+02 0.000000000000000000e+00
5.421638033759711844e-02 4.482080617446638771e-01 7.000000000000000000e+00 1.310000000000000000e+02 0.000000000000000000e+00
9.060897610442888439e-01 1.417061702023665992e+00 4.000000000000000000e+00 1.930000000000000000e+02 0.000000000000000000e+00
5.952045203791255651e-02 1.203698106896666564e+00 1.100000000000000000e+01 1.910000000000000000e+02 0.000000000000000000e+00
3.666853714259510344e-01 6.098475613083252922e-01 1.200000000000000000e+01 1.610000000000000000e+02 0.000000000000000000e+00
8.833328803339188795e-01 1.716865081613974109e+00 2.000000000000000000e+01 2.700000000000000000e+01 0.000000000000000000e+00
8.700636821364081674e-01 1.138979375794095805e+00 1.100000000000000000e+01 4.300000000000000000e+01 0.000000000000000000e+00
6.685425379248280953e-01 5.867554040776438162e-01 5.000000000000000000e+00 2.400000000000000000e+01 0.000000000000000000e+00
5.022476322127646942e-01 1.315740522001679569e+00 1.400000000000000000e+01 3.500000000000000000e+01 0.000000000000000000e+00
1.277604987579903373e-01 9.841883348303656076e-01 1.700000000000000000e+01 8.700000000000000000e+01 0.000000000000000000e+00
4.862179966688646715e-01 1.179884783854471042e+00 6.000000000000000000e+00 3.000000000000000000e+01 0.000000000000000000e+00
3.708399424207120543e-01 6.502845675903891065e-01 1.200000000000000000e+01 1.500000000000000000e+02 0.000000000000000000e+00
5.115819815522670844e-01 4.953855740103069172e-01 1.000000000000000000e+01 1.400000000000000000e+01 0.000000000000000000e+00
9.871906905383149855e-01 3.351694096847998017e-01 9.000000000000000000e+00 7.900000000000000000e+01 0.000000000000000000e+00
1.025825466963251470e-01 1.007727729865985911e+00 1.800000000000000000e+01 1.060000000000000000e+02 0.000000000000000000e+00
9.483750082098111323e-01 4.644938069128866642e-01 9.000000000000000000e+00 1.400000000000000000e+01 0.000000000000000000e+00
6.779549762176494132e-02 1.867136338942802620e+00 1.500000000000000000e+01 1.130000000000000000e+02 0.000000000000000000e+00
9.462666302649332950e-01 1.365606087049045847e+00 2.000000000000000000e+00 5.000000000000000000e+01 0.000000000000000000e+00
3.984274003161308864e-01 9.291728209301396424e-01 1.900000000000000000e+01 1.180000000000000000e+02 0.000000000000000000e+00
7.231275183142785723e-01 5.925265945745087359e-01 7.000000000000000000e+00 4.600000000000000000e+01 0.000000000000000000e+00
9.173192225371444852e-01 1.526771250858653506e+00 2.000000000000000000e+00 1.960000000000000000e+02 0.000000000000000000e+00
1.940953084198554501e-01 9.524266081082825020e-01 6.000000000000000000e+00 1.340000000000000000e+02 0.000000000000000000e+00
1.319567242101831184e-01 1.133196510311826888e+00 1.900000000000000000e+01 2.400000000000000000e+01 0.000000000000000000e+00
4.044933761614399187e-02 5.942220132228460683e-01 1.000000000000000000e+00 6.100000000000000000e+01 0.000000000000000000e+00
2.119015413773281953e-01 7.450354199254355381e-01 1.800000000000000000e+01 1.380000000000000000e+02 0.000000000000000000e+00
2.687744818883196496e-01 7.491864725263824853e-01 9.000000000000000000e+00 1.690000000000000000e+02 0.000000000000000000e+00
5.756471141749356368e-01 1.648919711693992873e+00 1.100000000000000000e+01 1.270000000000000000e+02 0.000000000000000000e+00
8.901906315915215639e-01 1.064870847044340207e+00 1.000000000000000000e+01 1.800000000000000000e+02 0.000000000000000000e+00
4.581554245332725150e-01 2.839520294379217491e-01 1.400000000000000000e+01 1.160000000000000000e+02 0.000000000000000000e+00
2.811847166246140839e-01 4.163016031094054492e-01 3.000000000000000000e+00 2.300000000000000000e+01 0.000000000000000000e+00
5.281701326783255768e-01 1.990670333470962783e+00 1.900000000000000000e+01 1.840000000000000000e+02 0.000000000000000000e+00
5.774494619023704534e-01 9.061492821512525664e-01 1.800000000000000000e+01 1.670000000000000000e+02 0.000000000000000000e+00
5.056936043449945517e-01 1.283279824688109694e-01 1.100000000000000000e+01 1.190000000000000000e+02 0.000000000000000000e+00
3.866103818290403948e-01 1.717233282009616113e+00 8.000000000000000000e+00 1.360000000000000000e+02 0.000000000000000000e+00
8.793636099619401847e-01 5.169765493761325770e-01 1.000000000000000000e+00 6.400000000000000000e+01 0.000000000000000000e+00
8.828339710359546233e-01 1.526845700019294982e+00 8.000000000000000000e+00 1.540000000000000000e+02 0.000000000000000000e+00
5.412143257362821425e-01 2.087624221391484181e+00 1.800000000000000000e+01 1.880000000000000000e+02 0.000000000000000000e+00
5.663583781071301892e-01 1.908478465688262071e+00 3.000000000000000000e+00 1.510000000000000000e+02 1.000000000000000000e+00
3.981935728426811982e-01 1.887794312292247201e-01 7.000000000000000000e+00 1.380000000000000000e+02 1.000000000000000000e+00
3.161640646526642229e-01 3.827187822272298812e-01 2.000000000000000000e+01 1.830000000000000000e+02 1.000000000000000000e+00
4.353820459051642722e-01 1.954620474124797003e+00 9.000000000000000000e+00 1.000000000000000000e+00 1.000000000000000000e+00
8.976858001015318722e-01 1.018824292841933765e+00 4.000000000000000000e+00 1.880000000000000000e+02 1.000000000000000000e+00
1.238294298841735447e-01 6.983400369317501744e-01 1.700000000000000000e+01 7.300000000000000000e+01 1.000000000000000000e+00
5.237621048793618117e-01 2.051445548405911590e-01 1.300000000000000000e+01 1.640000000000000000e+02 1.000000000000000000e+00
9.074270393532089807e-02 1.716727446379341160e+00 9.000000000000000000e+00 1.600000000000000000e+02 1.000000000000000000e+00
9.735978429542029300e-01 4.867095878356396677e-01 1.600000000000000000e+01 1.490000000000000000e+02 1.000000000000000000e+00
2.452494841900961786e-01 1.391542728103980275e+00 1.000000000000000000e+00 2.700000000000000000e+01 1.000000000000000000e+00
4.935219094211399371e-01 3.768891242623469973e-01 5.000000000000000000e+00 4.000000000000000000e+00 1.000000000000000000e+00
7.873788127811830462e-01 2.039937556007341168e+00 1.600000000000000000e+01 1.990000000000000000e+02 1.000000000000000000e+00
5.886525898312630067e-01 1.154413774000883075e+00 8.000000000000000000e+00 3.700000000000000000e+01 1.000000000000000000e+00
7.534814603483859230e-01 1.618572541695098899e+00 6.000000000000000000e+00 1.750000000000000000e+02 1.000000000000000000e+00
4.718429142228888207e-01 1.881575672357963969e+00 1.400000000000000000e+01 1.760000000000000000e+02 1.000000000000000000e+00
6.749036476799845641e-01 8.660965021019760846e-01 1.100000000000000000e+01 1.900000000000000000e+01 1.000000000000000000e+00
6.290967199870969306e-01 1.952689401521589874e+00 5.000000000000000000e+00 2.000000000000000000e+00 1.000000000000000000e+00
5.340045656209770897e-01 8.913657559661555263e-01 1.200000000000000000e+01 6.900000000000000000e+01 1.000000000000000000e+00
2.606366954275427528e-01 1.402615188908672705e-01 1.600000000000000000e+01 1.910000000000000000e+02 1.000000000000000000e+00
7.664970955410007614e-01 6.546484806674769397e-01 5.000000000000000000e+00 1.660000000000000000e+02 1.000000000000000000e+00
8.574663028015588884e-01 8.023650015441278205e-01 1.100000000000000000e+01 2.000000000000000000e+01 1.000000000000000000e+00
5.147504582533107831e-01 1.750042206770695830e-01 1.500000000000000000e+01 9.500000000000000000e+01 1.000000000000000000e+00
9.896320429699588528e-02 6.238857505004603565e-01 4.000000000000000000e+00 1.460000000000000000e+02 1.000000000000000000e+00
2.540248429972971067e-01 1.165843201732835954e+00 1.600000000000000000e+01 4.100000000000000000e+01 1.000000000000000000e+00
3.669462335714281931e-01 1.998601348604035266e+00 1.700000000000000000e+01 1.700000000000000000e+02 1.000000000000000000e+00
6.818159051725489750e-01 1.394731279732405849e+00 2.000000000000000000e+01 1.410000000000000000e+02 1.000000000000000000e+00
6.278159629083116533e-01 2.325162371247508075e-01 5.000000000000000000e+00 1.780000000000000000e+02 1.000000000000000000e+00
4.641000708837497157e-01 1.809720216891030686e+00 1.100000000000000000e+01 2.800000000000000000e+01 1.000000000000000000e+00
8.992930067301437846e-01 3.191900091459033417e-01 1.000000000000000000e+00 6.600000000000000000e+01 1.000000000000000000e+00
8.659630070617654329e-01 1.194881066114374946e+00 5.000000000000000000e+00 1.260000000000000000e+02 1.000000000000000000e+00
5.863788976652727358e-01 3.727825855164158542e-01 2.000000000000000000e+00 1.060000000000000000e+02 1.000000000000000000e+00
6.042266325526481907e-01 7.745151826587123312e-01 1.200000000000000000e+01 5.000000000000000000e+01 1.000000000000000000e+00
1.126126898686916483e-01 1.128961876096870043e+00 1.800000000000000000e+01 1.440000000000000000e+02 1.000000000000000000e+00
9.184812513275117940e-01 3.526777384333162901e-01 1.800000000000000000e+01 1.080000000000000000e+02 1.000000000000000000e+00
2.806989879575446656e-01 1.177420353874539138e+00 1.200000000000000000e+01 1.280000000000000000e+02 1.000000000000000000e+00
8.828338338105685690e-01 1.612232897585636371e+00 3.000000000000000000e+00 3.600000000000000000e+01 1.000000000000000000e+00
5.072451329553259169e-01 1.251429579880096510e+00 1.400000000000000000e+01 2.800000000000000000e+01 1.000000000000000000e+00
5.770947819140906931e-01 8.233626391629108587e-01 1.400000000000000000e+01 9.900000000000000000e+01 1.000000000000000000e+00
9.000894201918370197e-01 1.579021520566951997e+00 1.900000000000000000e+01 1.410000000000000000e+02 1.000000000000000000e+00
5.013598118664339687e-01 6.336146558609730972e-01 9.000000000000000000e+00 1.610000000000000000e+02 1.000000000000000000e+00
2.006996292064107124e-01 1.602550124094021644e+00 5.000000000000000000e+00 9.400000000000000000e+01 1.000000000000000000e+00
1.143698088120502637e-01 1.480464913219933509e-01 1.800000000000000000e+01 1.790000000000000000e+02 1.000000000000000000e+00
2.487208608732061066e-01 1.683300376934134146e+00 7.000000000000000000e+00 7.400000000000000000e+01 1.000000000000000000e+00
8.697820110286311746e-01 1.367714867819497693e+00 1.900000000000000000e+01 3.000000000000000000e+01 1.000000000000000000e+00
1.765292303489583992e-01 1.252231957638543003e+00 6.000000000000000000e+00 1.730000000000000000e+02 1.000000000000000000e+00
2.730638203789157448e-01 1.773160113959123541e+00 1.500000000000000000e+01 6.000000000000000000e+01 1.000000000000000000e+00
6.760254008953824334e-01 1.831451778509313399e+00 2.000000000000000000e+01 1.210000000000000000e+02 1.000000000000000000e+00
4.570439630406992748e-01 1.972335498264959686e+00 7.000000000000000000e+00 7.900000000000000000e+01 1.000000000000000000e+00
8.415376818270965398e-01 1.288121322190910745e-01 4.000000000000000000e+00 9.900000000000000000e+01 1.000000000000000000e+00
1.351273687227449137e-02 5.071761809114031516e-01 1.400000000000000000e+01 1.000000000000000000e+00 1.000000000000000000e+00
5.574329124642852795e-01 1.696836628901736477e+00 4.000000000000000000e+00 1.870000000000000000e+02 2.000000000000000000e+00
8.279091134082368075e-01 2.059432088430127872e-01 1.200000000000000000e+01 7.100000000000000000e+01 2.000000000000000000e+00
4.124474519688344776e-01 5.854075242606758822e-01 1.900000000000000000e+01 1.700000000000000000e+01 2.000000000000000000e+00
1.154167043113325380e-01 1.453456550520001223e+00 1.000000000000000000e+00 1.210000000000000000e+02 2.000000000000000000e+00
3.554602252802478990e-01 3.689396742981593258e-01 7.000000000000000000e+00 1.460000000000000000e+02 2.000000000000000000e+00
1.795622192024673991e-01 1.913592909755416960e+00 1.600000000000000000e+01 9.000000000000000000e+01 2.000000000000000000e+00
7.783848968473287000e-01 8.896760712298751317e-01 1.500000000000000000e+01 6.100000000000000000e+01 2.000000000000000000e+00
7.937054449356770736e-01 1.220140890354689756e+00 7.000000000000000000e+00 1.270000000000000000e+02 2.000000000000000000e+00
1.727036326292451934e-02 6.715833252046113921e-01 4.000000000000000000e+00 1.080000000000000000e+02 2.000000000000000000e+00
8.967726853218437322e-01 1.189123356320429759e+00 8.000000000000000000e+00 9.600000000000000000e+01 2.000000000000000000e+00
2.092046554515153423e-01 4.632054467864933356e-01 1.000000000000000000e+00 2.100000000000000000e+01 2.000000000000000000e+00
6.863403880618359487e-01 5.635829545631464432e-01 1.200000000000000000e+01 1.900000000000000000e+01 2.000000000000000000e+00
9.433645489813252683e-01 1.156317170883089274e+00 7.000000000000000000e+00 8.000000000000000000e+01 2.000000000000000000e+00
5.242048686847268213e-01 1.443475624727836637e+00 6.000000000000000000e+00 2.700000000000000000e+01 2.000000000000000000e+00
5.254445625188347568e-01 1.213634306297968646e+00 4.000000000000000000e+00 7.400000000000000000e+01 2.000000000000000000e+00
9.428694967296328278e-01 1.940258405129581920e+00 1.500000000000000000e+01 5.300000000000000000e+01 2.000000000000000000e+00
2.198419539100159303e-01 1.448306745093509706e-01 1.800000000000000000e+01 1.660000000000000000e+02 2.000000000000000000e+00
4.521576761943680856e-01 1.319706690571472996e-01 1.100000000000000000e+01 7.000000000000000000e+00 2.000000000000000000e+00
8.060836024651828469e-01 1.123325653489394060e+00 2.000000000000000000e+01 9.500000000000000000e+01 2.000000000000000000e+00
7.758173721991958871e-01 1.783312552944862794e+00 2.000000000000000000e+01 1.800000000000000000e+02 2.000000000000000000e+00
7.953544808863161064e-01 1.093322311007041803e+00 1.900000000000000000e+01 1.560000000000000000e+02 2.000000000000000000e+00
5.955077125439920405e-01 5.791844088649943378e-01 6.000000000000000000e+00 1.980000000000000000e+02 2.000000000000000000e+00
9.799619844064354213e-02 3.422952166246119310e-01 6.000000000000000000e+00 1.710000000000000000e+02 2.000000000000000000e+00
3.103223383069025898e-01 1.673935613205169037e+00 2.000000000000000000e+01 7.000000000000000000e+01 2.000000000000000000e+00
3.322594582636666516e-01 1.121577743022191598e+00 9.000000000000000000e+00 1.760000000000000000e+02 2.000000000000000000e+00
4.363514362451168527e-01 1.841438266988113082e+00 3.000000000000000000e+00 1.840000000000000000e+02 2.000000000000000000e+00
4.595530461535894950e-01 3.258090604035274174e-01 8.000000000000000000e+00 1.790000000000000000e+02 2.000000000000000000e+00
8.765352861425664832e-01 1.973932611640854651e+00 1.400000000000000000e+01 1.090000000000000000e+02 2.000000000000000000e+00
9.479004270990882830e-01 2.683292821415678153e-01 1.100000000000000000e+01 1.800000000000000000e+01 2.000000000000000000e+00
5.341244279334080858e-01 6.322953301592956210e-01 1.000000000000000000e+01 1.300000000000000000e+02 2.000000000000000000e+00
1.836177994770854527e-01 6.212261101487149828e-01 1.300000000000000000e+01 1.840000000000000000e+02 2.000000000000000000e+00
5.033156514278294136e-01 5.331626102242360554e-01 1.200000000000000000e+01 5.000000000000000000e+00 2.000000000000000000e+00
8.075707677608577884e-01 1.931589526781646082e+00 1.900000000000000000e+01 1.930000000000000000e+02 2.000000000000000000e+00
4.888726871565207688e-01 1.606013118648562887e+00 1.800000000000000000e+01 1.440000000000000000e+02 2.000000000000000000e+00
4.430698950318306961e-01 1.148835259804930509e+00 5.000000000000000000e+00 9.200000000000000000e+01 2.000000000000000000e+00
1.966044266158922804e-01 1.753738545066664545e-01 2.000000000000000000e+00 1.810000000000000000e+02 2.000000000000000000e+00
8.519418772368357873e-01 6.718570115077836524e-01 1.500000000000000000e+01 1.630000000000000000e+02 2.000000000000000000e+00
2.690812377206507761e-02 4.239527187184418677e-01 2.000000000000000000e+00 7.700000000000000000e+01 2.000000000000000000e+00
4.307248191936656756e-01 1.916704705643107742e-01 1.800000000000000000e+01 4.500000000000000000e+01 2.000000000000000000e+00
9.820857735406256506e-01 1.837157036279815525e+00 1.400000000000000000e+01 1.100000000000000000e+02 2.000000000000000000e+00
8.135795836841430706e-01 1.376844889286998219e+00 1.000000000000000000e+00 1.830000000000000000e+02 2.000000000000000000e+00
7.488150535880627734e-01 1.983640791515522084e+00 1.700000000000000000e+01 2.600000000000000000e+01 2.000000000000000000e+00
8.358840814380495976e-01 2.007440191793268269e+00 3.000000000000000000e+00 1.890000000000000000e+02 2.000000000000000000e+00
6.533738479645281316e-01 1.641319353210363596e+00 4.000000000000000000e+00 7.600000000000000000e+01 2.000000000000000000e+00
3.190315976086349758e-01 1.120139966378411289e+00 1.100000000000000000e+01 5.300000000000000000e+01 2.000000000000000000e+00
8.217515401171102685e-01 1.150326894776220632e+00 1.600000000000000000e+01 1.660000000000000000e+02 2.000000000000000000e+00
5.902730651782714943e-01 1.436129999536630786e+00 1.000000000000000000e+01 1.500000000000000000e+01 2.000000000000000000e+00
6.020550686850760780e-01 5.691309882034946144e-01 1.100000000000000000e+01 6.700000000000000000e+01 2.000000000000000000e+00
1.475316036863815426e-02 1.469686881309548943e+00 1.000000000000000000e+01 1.270000000000000000e+02 2.000000000000000000e+00
5.594295913299011103e-01 3.927445027095252117e-01 1.000000000000000000e+01 1.270000000000000000e+02 2.000000000000000000e+00
4.574560736307192732e-01 7.707964964800629870e-01 2.000000000000000000e+01 1.910000000000000000e+02 3.000000000000000000e+00
2.413927637820427741e-01 1.072065390119875561e+00 1.500000000000000000e+01 1.760000000000000000e+02 3.000000000000000000e+00
6.856406313540216457e-01 1.023682422461977382e+00 1.400000000000000000e+01 1.890000000000000000e+02 3.000000000000000000e+00
6.499759239220863627e-01 5.552212527822765198e-01 1.400000000000000000e+01 9.000000000000000000e+01 3.000000000000000000e+00
2.101410263950298507e-01 1.160920387077287286e+00 1.800000000000000000e+01 1.580000000000000000e+02 3.000000000000000000e+00
1.427446147524446228e-02 1.920469136595728044e+00 1.400000000000000000e+01 1.300000000000000000e+02 3.000000000000000000e+00
1.798903211516044154e-01 1.519547451200327082e+00 9.000000000000000000e+00 1.000000000000000000e+00 3.000000000000000000e+00
9.926966779129191565e-01 1.736769312594441228e+00 9.000000000000000000e+00 1.630000000000000000e+02 3.000000000000000000e+00
6.613447039383726356e-01 1.609223273040045532e+00 1.400000000000000000e+01 1.500000000000000000e+01 3.000000000000000000e+00
8.056368249318386354e-01 8.344374016976140451e-01 1.800000000000000000e+01 1.900000000000000000e+02 3.000000000000000000e+00
7.380141703532466790e-01 1.879479658343727211e+00 6.000000000000000000e+00 1.430000000000000000e+02 3.000000000000000000e+00
8.699501128582238785e-01 1.483670180808106309e+00 6.000000000000000000e+00 1.940000000000000000e+02 3.000000000000000000e+00
2.537648761012495369e-01 1.177360191891974495e+00 1.300000000000000000e+01 1.460000000000000000e+02 3.000000000000000000e+00
6.495465677157351292e-02 1.383101693013672195e-01 5.000000000000000000e+00 5.600000000000000000e+01 3.000000000000000000e+00
5.925196990543837305e-01 1.182967841507059692e+00 1.700000000000000000e+01 1.000000000000000000e+00 3.000000000000000000e+00
6.584061562301927184e-01 2.017709413013323572e-01 3.000000000000000000e+00 3.000000000000000000e+00 3.000000000000000000e+00
2.745948115499927678e-01 9.569320937218405154e-01 1.200000000000000000e+01 3.800000000000000000e+01 3.000000000000000000e+00
9.386586467790728472e-01 1.309200977857108761e+00 1.100000000000000000e+01 8.600000000000000000e+01 3.000000000000000000e+00
1.598388210764430939e-01 1.617199373247596716e-01 1.500000000000000000e+01 1.180000000000000000e+02 3.000000000000000000e+00
8.091989888530359831e-01 9.821898162228402951e-01 2.000000000000000000e+00 4.900000000000000000e+01 3.000000000000000000e+00
5.683990141393081563e-01 1.669760271139230368e-01 1.000000000000000000e+00 1.540000000000000000e+02 3.000000000000000000e+00
5.589391236137407626e-01 5.877733112261697146e-01 8.000000000000000000e+00 9.300000000000000000e+01 3.000000000000000000e+00
4.609110257193818061e-01 1.781266230720095267e+00 1.000000000000000000e+00 2.000000000000000000e+02 3.000000000000000000e+00
4.086218003253774267e-01 1.525252138356698151e+00 1.400000000000000000e+01 5.100000000000000000e+01 3.000000000000000000e+00
3.548035027060996160e-01 7.984406005692027408e-01 2.000000000000000000e+00 2.900000000000000000e+01 3.000000000000000000e+00
8.578438799029703965e-01 1.059647650018588960e+00 1.600000000000000000e+01 9.600000000000000000e+01 3.000000000000000000e+00
8.346457658889726572e-01 1.913719637248513239e+00 1.600000000000000000e+01 1.720000000000000000e+02 3.000000000000000000e+00
7.173187963451662652e-01 6.971605851886842897e-01 9.000000000000000000e+00 1.560000000000000000e+02 3.000000000000000000e+00
1.006746678606407430e+00 9.386263238633915096e-01 1.000000000000000000e+00 6.000000000000000000e+01 3.000000000000000000e+00
9.101550919861639555e-01 5.431353827623831565e-01 1.600000000000000000e+01 1.090000000000000000e+02 3.000000000000000000e+00
6.220609235492264855e-01 1.613778494620270232e+00 3.000000000000000000e+00 1.090000000000000000e+02 3.000000000000000000e+00
2.843669823248492490e-01 9.454917534016725744e-01 1.800000000000000000e+01 1.520000000000000000e+02 3.000000000000000000e+00
3.442439446758401855e-01 7.406158810661095382e-01 1.900000000000000000e+01 1.740000000000000000e+02 3.000000000000000000e+00
6.534195349326937796e-01 1.698110904524922360e-01 5.000000000000000000e+00 1.030000000000000000e+02 3.000000000000000000e+00
5.634642341564304324e-01 1.388470006335361939e-01 4.000000000000000000e+00 1.200000000000000000e+02 3.000000000000000000e+00
3.482080867750210196e-01 1.142471451676745575e+00 4.000000000000000000e+00 1.940000000000000000e+02 3.000000000000000000e+00
3.013669498531301033e-02 4.397064098557946776e-01 1.000000000000000000e+00 1.530000000000000000e+02 3.000000000000000000e+00
7.798181136987860640e-01 1.621487227428844990e+00 1.100000000000000000e+01 8.900000000000000000e+01 3.000000000000000000e+00
1.684383732687104729e-01 8.099724566465510422e-01 1.000000000000000000e+01 6.800000000000000000e+01 3.000000000000000000e+00
6.528377162557326141e-01 8.571661121165917718e-01 1.600000000000000000e+01 1.300000000000000000e+02 3.000000000000000000e+00
6.552335361067516961e-02 6.966536974946458960e-01 1.400000000000000000e+01 4.100000000000000000e+01 3.000000000000000000e+00
1.949175779081524507e-01 7.440787217714724955e-01 1.300000000000000000e+01 1.000000000000000000e+02 3.000000000000000000e+00
4.670302430427336615e-01 1.677184300519800830e+00 2.000000000000000000e+01 1.170000000000000000e+02 3.000000000000000000e+00
3.559879279315301126e-01 1.739201214461071787e+00 1.300000000000000000e+01 1.810000000000000000e+02 3.000000000000000000e+00
7.513210069795718260e-01 1.692479921103909879e+00 1.300000000000000000e+01 2.500000000000000000e+01 3.000000000000000000e+00
4.544573281842878565e-01 3.018422949714839598e-01 1.000000000000000000e+00 2.500000000000000000e+01 3.000000000000000000e+00
7.260494475496835631e-02 1.981944783134621302e+00 1.000000000000000000e+01 8.500000000000000000e+01 3.000000000000000000e+00
5.016887565335278465e-01 1.229267374397282175e+00 5.000000000000000000e+00 6.000000000000000000e+01 3.000000000000000000e+00
2.409223826393412926e-01 1.367990858605107496e+00 2.000000000000000000e+01 2.100000000000000000e+01 3.000000000000000000e+00
3.501963951134180464e-01 8.180528539192458704e-01 9.000000000000000000e+00 6.300000000000000000e+01 3.000000000000000000e+00
6.430604916606222909e-01 1.341922750071983028e+00 1.600000000000000000e+01 6.000000000000000000e+01 4.000000000000000000e+00
1.005749322770144394e+00 3.858271990045804012e-01 6.000000000000000000e+00 9.400000000000000000e+01 4.000000000000000000e+00
1.946774897623724243e-01 9.152714394565432121e-01 1.700000000000000000e+01 1.610000000000000000e+02 4.000000000000000000e+00
4.356394556953614439e-01 1.189272877608986922e+00 1.600000000000000000e+01 9.000000000000000000e+01 4.000000000000000000e+00
7.044383004982989194e-01 1.175231518423972110e+00 6.000000000000000000e+00 2.300000000000000000e+01 4.000000000000000000e+00
6.210059818244889618e-01 7.645497647801257068e-01 6.000000000000000000e+00 1.400000000000000000e+02 4.000000000000000000e+00
1.034837562696348939e-01 3.529270004714289977e-01 5.000000000000000000e+00 1.640000000000000000e+02 4.000000000000000000e+00
5.456340325221602505e-01 1.200787572280887616e+00 6.000000000000000000e+00 1.310000000000000000e+02 4.000000000000000000e+00
1.947456648659526834e-01 1.019744960439466608e+00 1.000000000000000000e+00 5.500000000000000000e+01 4.000000000000000000e+00
7.461769284051792406e-01 5.049219327530588552e-01 1.400000000000000000e+01 8.200000000000000000e+01 4.000000000000000000e+00
8.910856301465582829e-01 1.355660944861063921e+00 9.000000000000000000e+00 4.200000000000000000e+01 4.000000000000000000e+00
3.255601034681818717e-01 1.628286851460891915e+00 1.300000000000000000e+01 1.440000000000000000e+02 4.000000000000000000e+00
5.967203304725418045e-01 6.768922646213472172e-01 1.600000000000000000e+01 1.260000000000000000e+02 4.000000000000000000e+00
1.005342666319432476e+00 7.154805004461980422e-01 1.800000000000000000e+01 8.000000000000000000e+00 4.000000000000000000e+00
7.314350812015504300e-01 4.978185005813037245e-01 1.100000000000000000e+01 1.840000000000000000e+02 4.000000000000000000e+00
3.460866365166622716e-01 1.388338125220592634e+00 1.100000000000000000e+01 1.500000000000000000e+01 4.000000000000000000e+00
7.208907292643597087e-01 1.715277222368670085e+00 9.000000000000000000e+00 8.700000000000000000e+01 4.000000000000000000e+00
1.329181391800841050e-01 1.630826347433328882e+00 1.400000000000000000e+01 1.350000000000000000e+02 4.000000000000000000e+00
4.711605918606350807e-01 4.819234411800789042e-01 1.100000000000000000e+01 1.280000000000000000e+02 4.000000000000000000e+00
5.847108954056070562e-01 4.023878315387717786e-01 1.100000000000000000e+01 1.910000000000000000e+02 4.000000000000000000e+00
4.186584312143518671e-01 1.469457489477651757e+00 1.600000000000000000e+01 6.000000000000000000e+01 4.000000000000000000e+00
1.912362919575160136e-01 1.274222269119704931e+00 5.000000000000000000e+00 1.600000000000000000e+02 4.000000000000000000e+00
3.650646797933114751e-01 7.322334787102992015e-01 1.900000000000000000e+01 1.100000000000000000e+02 4.000000000000000000e+00
2.998715186175527903e-01 2.796481719198172788e-01 1.400000000000000000e+01 1.470000000000000000e+02 4.000000000000000000e+00
3.761597417105013719e-01 1.078976794265346373e-01 1.000000000000000000e+01 5.900000000000000000e+01 4.000000000000000000e+00
9.847976018322259772e-01 5.047270998435483547e-01 3.000000000000000000e+00 9.700000000000000000e+01 4.000000000000000000e+00
4.959172204658094385e-01 1.837521764775732258e+00 1.600000000000000000e+01 1.900000000000000000e+02 4.000000000000000000e+00
4.653541695549917590e-01 1.720502701625362896e+00 1.000000000000000000e+01 1.330000000000000000e+02 4.000000000000000000e+00
5.726988388157508991e-01 8.493466043861287451e-01 1.500000000000000000e+01 5.000000000000000000e+00 4.000000000000000000e+00
6.339653109004771137e-02 2.068870411362905948e+00 2.000000000000000000e+00 1.840000000000000000e+02 4.000000000000000000e+00
4.908419778176497522e-02 1.737174823378051292e+00 1.900000000000000000e+01 1.900000000000000000e+02 4.000000000000000000e+00
6.239203450620269820e-01 4.354785798874508673e-01 4.000000000000000000e+00 1.350000000000000000e+02 4.000000000000000000e+00
4.897158284012873564e-01 2.755994602886747691e-01 1.700000000000000000e+01 1.740000000000000000e+02 4.000000000000000000e+00
5.201001344244027269e-01 1.664621892116671109e+00 1.500000000000000000e+01 1.430000000000000000e+02 4.000000000000000000e+00
9.169133613343112277e-01 8.795322301254139274e-01 3.000000000000000000e+00 4.800000000000000000e+01 4.000000000000000000e+00
2.612410917925064302e-01 1.221750170857213158e+00 3.000000000000000000e+00 1.810000000000000000e+02 4.000000000000000000e+00
5.224958989065116022e-01 1.520519299808046565e+00 1.200000000000000000e+01 1.920000000000000000e+02 4.000000000000000000e+00
9.254007593301903922e-01 4.357841178721589825e-01 1.800000000000000000e+01 1.770000000000000000e+02 4.000000000000000000e+00
1.284557674605583122e-01 8.766245434674636572e-01 5.000000000000000000e+00 6.800000000000000000e+01 4.000000000000000000e+00
8.667652901087519179e-01 8.467909070945779382e-01 7.000000000000000000e+00 5.900000000000000000e+01 4.000000000000000000e+00
1.136696313184509671e-01 1.884200522164182490e-01 4.000000000000000000e+00 1.140000000000000000e+02 4.000000000000000000e+00
9.924419494239312689e-01 1.380754033057622454e+00 1.300000000000000000e+01 1.300000000000000000e+01 4.000000000000000000e+00
9.254680791609619650e-01 1.963707561354584685e+00 8.000000000000000000e+00 6.800000000000000000e+01 4.000000000000000000e+00
2.600817264471037005e-01 1.996248968356213904e+00 8.000000000000000000e+00 7.600000000000000000e+01 4.000000000000000000e+00
4.023923627485910259e-01 3.900862760712803246e-01 1.000000000000000000e+00 1.390000000000000000e+02 4.000000000000000000e+00
3.004122707581640128e-01 1.297404225390951515e-01 1.200000000000000000e+01 1.890000000000000000e+02 4.000000000000000000e+00
5.863097040635028012e-01 2.037978318719825044e+00 4.000000000000000000e+00 1.130000000000000000e+02 4.000000000000000000e+00
7.311128456325748370e-01 6.058125238373096577e-01 9.000000000000000000e+00 1.720000000000000000e+02 4.000000000000000000e+00
3.824634100550217131e-01 3.748517814138997428e-01 1.700000000000000000e+01 1.140000000000000000e+02 4.000000000000000000e+00
7.945634325899329775e-02 1.595089978788985396e+00 1.500000000000000000e+01 9.600000000000000000e+01 4.000000000000000000e+00
