-1.311201976483771148e+02
-1.258282954324993312e+02
-1.214233640648050283e+02
-1.219457336181991849e+02
-1.232285358162198179e+02
-1.330952998562306675e+02
-1.278380438399663319e+02
-1.235588817508559458e+02
-1.239402769144794405e+02
-1.251424240724751513e+02
-9.234230040677766738e+01
-9.044740942919776217e+01
-8.833798237354733374e+01
-8.810619269723807179e+01
-8.939288402366275932e+01
-1.196103024919816278e+02
-1.160207457191239087e+02
-1.122510953382666230e+02
-1.127335329101424151e+02
-1.144395351537425825e+02
-9.062230589701715644e+01
-8.894814766151742447e+01
-8.656339469953731225e+01
-8.608014992292464740e+01
-8.798630496939856016e+01
-1.207178469198774167e+02
-1.168712192368270593e+02
-1.131595446877739164e+02
-1.137028193485317047e+02
-1.152885130255020272e+02
-1.092242713224419646e+02
-1.065574731604167766e+02
-1.037517904225966561e+02
-1.037408684998686539e+02
-1.054218797453857093e+02
-1.330968406091567147e+02
-1.278400470344823248e+02
-1.235615209726112766e+02
-1.239422821720138472e+02
-1.251434455235735896e+02
-1.330953466999260399e+02
-1.278376797198067720e+02
-1.235588571969969536e+02
-1.239404395738526574e+02
-1.251411465806090462e+02
-1.239288927580484199e+02
-1.194829736083983391e+02
-1.157124843491005493e+02
-1.160661192718748254e+02
-1.175153398967753446e+02
-1.095259564634508536e+02
-1.068460556386873890e+02
-1.038602543630971127e+02
-1.040149086320373044e+02
-1.056357628619009290e+02
-1.330942852394566671e+02
-1.278353600579932703e+02
-1.235072103352033537e+02
-1.239008846388040581e+02
-1.251117922615296010e+02
-1.052682814768930939e+02
-1.032239953873251892e+02
-1.009590427516359910e+02
-1.005537159905644842e+02
-1.021274832021891399e+02
-1.330679134247856439e+02
-1.278134822623886180e+02
-1.235328166317433869e+02
-1.239139014041329858e+02
-1.251109642519158314e+02
-1.325462939835105942e+02
-1.273244176515860175e+02
-1.229031213049868683e+02
-1.233249299451872218e+02
-1.245667434803290519e+02
-1.303409426835121394e+02
-1.252482438495588610e+02
-1.208200799424676859e+02
-1.213264571290454228e+02
-1.227580881834704911e+02
-1.327160348279123525e+02
-1.275191281609929490e+02
-1.229334465005512698e+02
-1.231089744245267923e+02
-1.244022266412188458e+02
-1.330920820693454232e+02
-1.278366257575050469e+02
-1.235553388281396678e+02
-1.239319983839394297e+02
-1.251354058128339517e+02
-1.326192929256484376e+02
-1.273685292060209235e+02
-1.230933150817986359e+02
-1.234950918128241426e+02
-1.246751138724116856e+02
-1.330961628623706190e+02
-1.278396322639983254e+02
-1.235589879778999034e+02
-1.239403664873578208e+02
-1.251429258617626772e+02
-1.330787491386196280e+02
-1.278345955308512174e+02
-1.235286428217050343e+02
-1.239057540617813231e+02
-1.251269305648252015e+02
-9.051545022211666947e+01
-8.828542460860441565e+01
-8.655062565543383357e+01
-8.641534671235801568e+01
-8.814071078469875431e+01
-8.870285249449753451e+01
-8.760195622141519323e+01
-8.890655833365089222e+01
-8.558181360060039822e+01
-8.914222801689905396e+01
-9.615390615207343217e+01
-9.445804629961432397e+01
-9.202930479051215684e+01
-9.170858782841447976e+01
-9.310024812161842078e+01
-9.592657406563685640e+01
-9.251900125648626272e+01
-9.092708045874753964e+01
-9.174460416471859503e+01
-9.223454332009075074e+01
-1.319518160105451159e+02
-1.267848333830952754e+02
-1.223235635824193537e+02
-1.228124063725589963e+02
-1.240276411141681763e+02
-1.130808888907334477e+02
-1.098317120838225378e+02
-1.067438826969443255e+02
-1.070408348663695222e+02
-1.088276969901126279e+02
-9.378373895011019101e+01
-8.987562531857187764e+01
-8.859798546961835086e+01
-8.848274706116382049e+01
-9.054810895725641728e+01
-1.008199351744481760e+02
-9.852669911047119911e+01
-9.671500619878972316e+01
-9.624364220754810617e+01
-9.754644043513131635e+01
-1.239452866936215543e+02
-1.187696888427704351e+02
-1.150235685430158554e+02
-1.153224910993566397e+02
-1.167801326020774724e+02
-8.945276121501098032e+01
-8.721254256301878627e+01
-8.523587209515166307e+01
-8.484551774980619143e+01
-8.559052932442226336e+01
-1.187791340824616384e+02
-1.148099579094759264e+02
-1.110825985975176735e+02
-1.114761992845915302e+02
-1.130770770402492502e+02
-1.177965907328871538e+02
-1.142838487278733766e+02
-1.109633009912281096e+02
-1.112584820820597287e+02
-1.129244707633427822e+02
-1.257458842949180422e+02
-1.206599761591697018e+02
-1.165190461312350436e+02
-1.170033972357548180e+02
-1.187195548231741498e+02
-1.092643272768437441e+02
-1.064777160601577037e+02
-1.035517910000102120e+02
-1.038583526739310656e+02
-1.054946267691551753e+02
-1.176807751599504570e+02
-1.142542293605607995e+02
-1.106887504111660974e+02
-1.111011460468998422e+02
-1.128761350778035677e+02
-1.133164775950360053e+02
-1.104181532396577410e+02
-1.073433728200426458e+02
-1.072116574555628290e+02
-1.091547876992153192e+02
-1.330648500922302730e+02
-1.278153823676906597e+02
-1.235413940259153804e+02
-1.239218732730424506e+02
-1.251194839577541842e+02
-1.327959101039780592e+02
-1.273707842548786289e+02
-1.230394807590647872e+02
-1.234401838292899640e+02
-1.246249669993818401e+02
-1.192878316931007276e+02
-1.144874893102934834e+02
-1.109224105767536770e+02
-1.120416050734148996e+02
-1.126968832360200281e+02
-9.844741235829341974e+01
-9.647355988104631308e+01
-9.422624630492164499e+01
-9.389713570143197785e+01
-9.538332431085626695e+01
-1.329991798426391654e+02
-1.277374042482362029e+02
-1.233887917174992310e+02
-1.237574561090372356e+02
-1.250085978177471304e+02
-1.201803283764114099e+02
-1.164340165263225089e+02
-1.126625877532328843e+02
-1.132188165300398168e+02
-1.148754848549670555e+02
-1.330968485676708042e+02
-1.278400708548918203e+02
-1.235615359133704203e+02
-1.239422716193913345e+02
-1.251434506034222949e+02
-9.440041386421476943e+01
-9.256803605343117169e+01
-9.038897896394092868e+01
-8.994914573091685384e+01
-9.134344941579458066e+01
-1.066869988989336093e+02
-1.041569817507456861e+02
-1.012514859858691096e+02
-1.014367550465818226e+02
-1.030934395111064532e+02
-1.330967814710010089e+02
-1.278401838560741908e+02
-1.235615424777597298e+02
-1.239422474150579205e+02
-1.251434179514590852e+02
-1.129148418389407880e+02
-1.099361254891847040e+02
-1.066726869452609492e+02
-1.069922080457078408e+02
-1.087075836749449138e+02
-9.197964178280096803e+01
-9.001724365015473950e+01
-8.781825038781704507e+01
-8.751103102624594499e+01
-8.906893713532491574e+01
-1.203430477741818834e+02
-1.165646906689609779e+02
-1.130901635180205886e+02
-1.133543399701971737e+02
-1.150254276292518369e+02
