6.303738145532560289e-01 1.117906137290814117e+00 1.700000000000000000e+01 1.980000000000000000e+02 0.000000000000000000e+00
6.303738145532560289e-01 1.117906137290814117e+00 1.700000000000000000e+01 1.980000000000000000e+02 1.000000000000000000e+00
6.303738145532560289e-01 1.117906137290814117e+00 1.700000000000000000e+01 1.980000000000000000e+02 2.000000000000000000e+00
6.303738145532560289e-01 1.117906137290814117e+00 1.700000000000000000e+01 1.980000000000000000e+02 3.000000000000000000e+00
6.303738145532560289e-01 1.117906137290814117e+00 1.700000000000000000e+01 1.980000000000000000e+02 4.000000000000000000e+00
3.082448417587286826e-01 1.407597424785191675e+00 1.900000000000000000e+01 6.600000000000000000e+01 0.000000000000000000e+00
3.082448417587286826e-01 1.407597424785191675e+00 1.900000000000000000e+01 6.600000000000000000e+01 1.000000000000000000e+00
3.082448417587286826e-01 1.407597424785191675e+00 1.900000000000000000e+01 6.600000000000000000e+01 2.000000000000000000e+00
3.082448417587286826e-01 1.407597424785191675e+00 1.900000000000000000e+01 6.600000000000000000e+01 3.000000000000000000e+00
3.082448417587286826e-01 1.407597424785191675e+00 1.900000000000000000e+01 6.600000000000000000e+01 4.000000000000000000e+00
2.835065343522665815e-01 1.146252156700068525e+00 1.600000000000000000e+01 7.300000000000000000e+01 0.000000000000000000e+00
2.835065343522665815e-01 1.146252156700068525e+00 1.600000000000000000e+01 7.300000000000000000e+01 1.000000000000000000e+00
2.835065343522665815e-01 1.146252156700068525e+00 1.600000000000000000e+01 7.300000000000000000e+01 2.000000000000000000e+00
2.835065343522665815e-01 1.146252156700068525e+00 1.600000000000000000e+01 7.300000000000000000e+01 3.000000000000000000e+00
2.835065343522665815e-01 1.146252156700068525e+00 1.600000000000000000e+01 7.300000000000000000e+01 4.000000000000000000e+00
3.832497420992767578e-01 8.385571871464730931e-01 6.000000000000000000e+00 9.200000000000000000e+01 0.000000000000000000e+00
3.832497420992767578e-01 8.385571871464730931e-01 6.000000000000000000e+00 9.200000000000000000e+01 1.000000000000000000e+00
3.832497420992767578e-01 8.385571871464730931e-01 6.000000000000000000e+00 9.200000000000000000e+01 2.000000000000000000e+00
3.832497420992767578e-01 8.385571871464730931e-01 6.000000000000000000e+00 9.200000000000000000e+01 3.000000000000000000e+00
3.832497420992767578e-01 8.385571871464730931e-01 6.000000000000000000e+00 9.200000000000000000e+01 4.000000000000000000e+00
7.446936014095040246e-01 1.397277751290598724e+00 4.000000000000000000e+00 2.700000000000000000e+01 0.000000000000000000e+00
7.446936014095040246e-01 1.397277751290598724e+00 4.000000000000000000e+00 2.700000000000000000e+01 1.000000000000000000e+00
7.446936014095040246e-01 1.397277751290598724e+00 4.000000000000000000e+00 2.700000000000000000e+01 2.000000000000000000e+00
7.446936014095040246e-01 1.397277751290598724e+00 4.000000000000000000e+00 2.700000000000000000e+01 3.000000000000000000e+00
7.446936014095040246e-01 1.397277751290598724e+00 4.000000000000000000e+00 2.700000000000000000e+01 4.000000000000000000e+00
9.357967341788213655e-01 5.542962870098021577e-01 1.200000000000000000e+01 1.420000000000000000e+02 0.000000000000000000e+00
9.357967341788213655e-01 5.542962870098021577e-01 1.200000000000000000e+01 1.420000000000000000e+02 1.000000000000000000e+00
9.357967341788213655e-01 5.542962870098021577e-01 1.200000000000000000e+01 1.420000000000000000e+02 2.000000000000000000e+00
9.357967341788213655e-01 5.542962870098021577e-01 1.200000000000000000e+01 1.420000000000000000e+02 3.000000000000000000e+00
9.357967341788213655e-01 5.542962870098021577e-01 1.200000000000000000e+01 1.420000000000000000e+02 4.000000000000000000e+00
4.155527537070624611e-01 1.867361480801531970e+00 2.000000000000000000e+00 6.000000000000000000e+01 0.000000000000000000e+00
4.155527537070624611e-01 1.867361480801531970e+00 2.000000000000000000e+00 6.000000000000000000e+01 1.000000000000000000e+00
4.155527537070624611e-01 1.867361480801531970e+00 2.000000000000000000e+00 6.000000000000000000e+01 2.000000000000000000e+00
4.155527537070624611e-01 1.867361480801531970e+00 2.000000000000000000e+00 6.000000000000000000e+01 3.000000000000000000e+00
4.155527537070624611e-01 1.867361480801531970e+00 2.000000000000000000e+00 6.000000000000000000e+01 4.000000000000000000e+00
2.189011155551913168e-01 5.275745253149223268e-01 1.000000000000000000e+01 1.530000000000000000e+02 0.000000000000000000e+00
2.189011155551913168e-01 5.275745253149223268e-01 1.000000000000000000e+01 1.530000000000000000e+02 1.000000000000000000e+00
2.189011155551913168e-01 5.275745253149223268e-01 1.000000000000000000e+01 1.530000000000000000e+02 2.000000000000000000e+00
2.189011155551913168e-01 5.275745253149223268e-01 1.000000000000000000e+01 1.530000000000000000e+02 3.000000000000000000e+00
2.189011155551913168e-01 5.275745253149223268e-01 1.000000000000000000e+01 1.530000000000000000e+02 4.000000000000000000e+00
2.934403513776855377e-01 1.006257678029717884e+00 6.000000000000000000e+00 3.000000000000000000e+00 0.000000000000000000e+00
2.934403513776855377e-01 1.006257678029717884e+00 6.000000000000000000e+00 3.000000000000000000e+00 1.000000000000000000e+00
2.934403513776855377e-01 1.006257678029717884e+00 6.000000000000000000e+00 3.000000000000000000e+00 2.000000000000000000e+00
2.934403513776855377e-01 1.006257678029717884e+00 6.000000000000000000e+00 3.000000000000000000e+00 3.000000000000000000e+00
2.934403513776855377e-01 1.006257678029717884e+00 6.000000000000000000e+00 3.000000000000000000e+00 4.000000000000000000e+00
3.475713868508168991e-01 1.234745296055853869e-01 1.100000000000000000e+01 5.500000000000000000e+01 0.000000000000000000e+00
3.475713868508168991e-01 1.234745296055853869e-01 1.100000000000000000e+01 5.500000000000000000e+01 1.000000000000000000e+00
3.475713868508168991e-01 1.234745296055853869e-01 1.100000000000000000e+01 5.500000000000000000e+01 2.000000000000000000e+00
3.475713868508168991e-01 1.234745296055853869e-01 1.100000000000000000e+01 5.500000000000000000e+01 3.000000000000000000e+00
3.475713868508168991e-01 1.234745296055853869e-01 1.100000000000000000e+01 5.500000000000000000e+01 4.000000000000000000e+00
4.069468728569585192e-01 1.478284620305715169e+00 9.000000000000000000e+00 3.200000000000000000e+01 0.000000000000000000e+00
4.069468728569585192e-01 1.478284620305715169e+00 9.000000000000000000e+00 3.200000000000000000e+01 1.000000000000000000e+00
4.069468728569585192e-01 1.478284620305715169e+00 9.000000000000000000e+00 3.200000000000000000e+01 2.000000000000000000e+00
4.069468728569585192e-01 1.478284620305715169e+00 9.000000000000000000e+00 3.200000000000000000e+01 3.000000000000000000e+00
4.069468728569585192e-01 1.478284620305715169e+00 9.000000000000000000e+00 3.200000000000000000e+01 4.000000000000000000e+00
8.452033058845981328e-01 7.315769711984857482e-01 6.000000000000000000e+00 8.600000000000000000e+01 0.000000000000000000e+00
8.452033058845981328e-01 7.315769711984857482e-01 6.000000000000000000e+00 8.600000000000000000e+01 1.000000000000000000e+00
8.452033058845981328e-01 7.315769711984857482e-01 6.000000000000000000e+00 8.600000000000000000e+01 2.000000000000000000e+00
8.452033058845981328e-01 7.315769711984857482e-01 6.000000000000000000e+00 8.600000000000000000e+01 3.000000000000000000e+00
8.452033058845981328e-01 7.315769711984857482e-01 6.000000000000000000e+00 8.600000000000000000e+01 4.000000000000000000e+00
7.291891106459885696e-01 1.109979712700938537e+00 9.000000000000000000e+00 1.280000000000000000e+02 0.000000000000000000e+00
7.291891106459885696e-01 1.109979712700938537e+00 9.000000000000000000e+00 1.280000000000000000e+02 1.000000000000000000e+00
7.291891106459885696e-01 1.109979712700938537e+00 9.000000000000000000e+00 1.280000000000000000e+02 2.000000000000000000e+00
7.291891106459885696e-01 1.109979712700938537e+00 9.000000000000000000e+00 1.280000000000000000e+02 3.000000000000000000e+00
7.291891106459885696e-01 1.109979712700938537e+00 9.000000000000000000e+00 1.280000000000000000e+02 4.000000000000000000e+00
3.774921996072312380e-01 4.659217009608594973e-01 1.800000000000000000e+01 4.700000000000000000e+01 0.000000000000000000e+00
3.774921996072312380e-01 4.659217009608594973e-01 1.800000000000000000e+01 4.700000000000000000e+01 1.000000000000000000e+00
3.774921996072312380e-01 4.659217009608594973e-01 1.800000000000000000e+01 4.700000000000000000e+01 2.000000000000000000e+00
3.774921996072312380e-01 4.659217009608594973e-01 1.800000000000000000e+01 4.700000000000000000e+01 3.000000000000000000e+00
3.774921996072312380e-01 4.659217009608594973e-01 1.800000000000000000e+01 4.700000000000000000e+01 4.000000000000000000e+00
5.466591608123116952e-01 1.632199645167157487e-01 5.000000000000000000e+00 2.600000000000000000e+01 0.000000000000000000e+00
5.466591608123116952e-01 1.632199645167157487e-01 5.000000000000000000e+00 2.600000000000000000e+01 1.000000000000000000e+00
5.466591608123116952e-01 1.632199645167157487e-01 5.000000000000000000e+00 2.600000000000000000e+01 2.000000000000000000e+00
5.466591608123116952e-01 1.632199645167157487e-01 5.000000000000000000e+00 2.600000000000000000e+01 3.000000000000000000e+00
5.466591608123116952e-01 1.632199645167157487e-01 5.000000000000000000e+00 2.600000000000000000e+01 4.000000000000000000e+00
6.085921421565810840e-01 1.652189878244072041e+00 1.800000000000000000e+01 1.770000000000000000e+02 0.000000000000000000e+00
6.085921421565810840e-01 1.652189878244072041e+00 1.800000000000000000e+01 1.770000000000000000e+02 1.000000000000000000e+00
6.085921421565810840e-01 1.652189878244072041e+00 1.800000000000000000e+01 1.770000000000000000e+02 2.000000000000000000e+00
6.085921421565810840e-01 1.652189878244072041e+00 1.800000000000000000e+01 1.770000000000000000e+02 3.000000000000000000e+00
6.085921421565810840e-01 1.652189878244072041e+00 1.800000000000000000e+01 1.770000000000000000e+02 4.000000000000000000e+00
2.337245295062926331e-01 1.352545781817088955e+00 1.500000000000000000e+01 1.530000000000000000e+02 0.000000000000000000e+00
2.337245295062926331e-01 1.352545781817088955e+00 1.500000000000000000e+01 1.530000000000000000e+02 1.000000000000000000e+00
2.337245295062926331e-01 1.352545781817088955e+00 1.500000000000000000e+01 1.530000000000000000e+02 2.000000000000000000e+00
2.337245295062926331e-01 1.352545781817088955e+00 1.500000000000000000e+01 1.530000000000000000e+02 3.000000000000000000e+00
2.337245295062926331e-01 1.352545781817088955e+00 1.500000000000000000e+01 1.530000000000000000e+02 4.000000000000000000e+00
4.223201060762875603e-01 1.342145145448367938e+00 3.000000000000000000e+00 1.790000000000000000e+02 0.000000000000000000e+00
4.223201060762875603e-01 1.342145145448367938e+00 3.000000000000000000e+00 1.790000000000000000e+02 1.000000000000000000e+00
4.223201060762875603e-01 1.342145145448367938e+00 3.000000000000000000e+00 1.790000000000000000e+02 2.000000000000000000e+00
4.223201060762875603e-01 1.342145145448367938e+00 3.000000000000000000e+00 1.790000000000000000e+02 3.000000000000000000e+00
4.223201060762875603e-01 1.342145145448367938e+00 3.000000000000000000e+00 1.790000000000000000e+02 4.000000000000000000e+00
2.495797414567980654e-01 7.145145241562048666e-01 1.000000000000000000e+00 7.000000000000000000e+00 0.000000000000000000e+00
2.495797414567980654e-01 7.145145241562048666e-01 1.000000000000000000e+00 7.000000000000000000e+00 1.000000000000000000e+00
2.495797414567980654e-01 7.145145241562048666e-01 1.000000000000000000e+00 7.000000000000000000e+00 2.000000000000000000e+00
2.495797414567980654e-01 7.145145241562048666e-01 1.000000000000000000e+00 7.000000000000000000e+00 3.000000000000000000e+00
2.495797414567980654e-01 7.145145241562048666e-01 1.000000000000000000e+00 7.000000000000000000e+00 4.000000000000000000e+00
2.682926644176140130e-01 2.875306438866503944e-01 1.900000000000000000e+01 1.440000000000000000e+02 0.000000000000000000e+00
2.682926644176140130e-01 2.875306438866503944e-01 1.900000000000000000e+01 1.440000000000000000e+02 1.000000000000000000e+00
2.682926644176140130e-01 2.875306438866503944e-01 1.900000000000000000e+01 1.440000000000000000e+02 2.000000000000000000e+00
2.682926644176140130e-01 2.875306438866503944e-01 1.900000000000000000e+01 1.440000000000000000e+02 3.000000000000000000e+00
2.682926644176140130e-01 2.875306438866503944e-01 1.900000000000000000e+01 1.440000000000000000e+02 4.000000000000000000e+00
5.341494731362275150e-01 1.833503922223006066e+00 1.600000000000000000e+01 1.330000000000000000e+02 0.000000000000000000e+00
5.341494731362275150e-01 1.833503922223006066e+00 1.600000000000000000e+01 1.330000000000000000e+02 1.000000000000000000e+00
5.341494731362275150e-01 1.833503922223006066e+00 1.600000000000000000e+01 1.330000000000000000e+02 2.000000000000000000e+00
5.341494731362275150e-01 1.833503922223006066e+00 1.600000000000000000e+01 1.330000000000000000e+02 3.000000000000000000e+00
5.341494731362275150e-01 1.833503922223006066e+00 1.600000000000000000e+01 1.330000000000000000e+02 4.000000000000000000e+00
4.296324025516577993e-01 5.397681453185313449e-01 1.600000000000000000e+01 1.100000000000000000e+02 0.000000000000000000e+00
4.296324025516577993e-01 5.397681453185313449e-01 1.600000000000000000e+01 1.100000000000000000e+02 1.000000000000000000e+00
4.296324025516577993e-01 5.397681453185313449e-01 1.600000000000000000e+01 1.100000000000000000e+02 2.000000000000000000e+00
4.296324025516577993e-01 5.397681453185313449e-01 1.600000000000000000e+01 1.100000000000000000e+02 3.000000000000000000e+00
4.296324025516577993e-01 5.397681453185313449e-01 1.600000000000000000e+01 1.100000000000000000e+02 4.000000000000000000e+00
9.995864702641518162e-01 3.007381951462465564e-01 9.000000000000000000e+00 1.800000000000000000e+01 0.000000000000000000e+00
9.995864702641518162e-01 3.007381951462465564e-01 9.000000000000000000e+00 1.800000000000000000e+01 1.000000000000000000e+00
9.995864702641518162e-01 3.007381951462465564e-01 9.000000000000000000e+00 1.800000000000000000e+01 2.000000000000000000e+00
9.995864702641518162e-01 3.007381951462465564e-01 9.000000000000000000e+00 1.800000000000000000e+01 3.000000000000000000e+00
9.995864702641518162e-01 3.007381951462465564e-01 9.000000000000000000e+00 1.800000000000000000e+01 4.000000000000000000e+00
1.163988114286151031e-02 1.307461488378417913e+00 1.000000000000000000e+01 1.890000000000000000e+02 0.000000000000000000e+00
1.163988114286151031e-02 1.307461488378417913e+00 1.000000000000000000e+01 1.890000000000000000e+02 1.000000000000000000e+00
1.163988114286151031e-02 1.307461488378417913e+00 1.000000000000000000e+01 1.890000000000000000e+02 2.000000000000000000e+00
1.163988114286151031e-02 1.307461488378417913e+00 1.000000000000000000e+01 1.890000000000000000e+02 3.000000000000000000e+00
1.163988114286151031e-02 1.307461488378417913e+00 1.000000000000000000e+01 1.890000000000000000e+02 4.000000000000000000e+00
9.881610533071001345e-01 1.441464293772846794e+00 9.000000000000000000e+00 1.850000000000000000e+02 0.000000000000000000e+00
9.881610533071001345e-01 1.441464293772846794e+00 9.000000000000000000e+00 1.850000000000000000e+02 1.000000000000000000e+00
9.881610533071001345e-01 1.441464293772846794e+00 9.000000000000000000e+00 1.850000000000000000e+02 2.000000000000000000e+00
9.881610533071001345e-01 1.441464293772846794e+00 9.000000000000000000e+00 1.850000000000000000e+02 3.000000000000000000e+00
9.881610533071001345e-01 1.441464293772846794e+00 9.000000000000000000e+00 1.850000000000000000e+02 4.000000000000000000e+00
6.334418216936240631e-01 7.235568510187818658e-01 1.000000000000000000e+00 7.900000000000000000e+01 0.000000000000000000e+00
6.334418216936240631e-01 7.235568510187818658e-01 1.000000000000000000e+00 7.900000000000000000e+01 1.000000000000000000e+00
6.334418216936240631e-01 7.235568510187818658e-01 1.000000000000000000e+00 7.900000000000000000e+01 2.000000000000000000e+00
6.334418216936240631e-01 7.235568510187818658e-01 1.000000000000000000e+00 7.900000000000000000e+01 3.000000000000000000e+00
6.334418216936240631e-01 7.235568510187818658e-01 1.000000000000000000e+00 7.900000000000000000e+01 4.000000000000000000e+00
8.278489629566785357e-01 2.592471360187950102e-01 1.200000000000000000e+01 4.600000000000000000e+01 0.000000000000000000e+00
8.278489629566785357e-01 2.592471360187950102e-01 1.200000000000000000e+01 4.600000000000000000e+01 1.000000000000000000e+00
8.278489629566785357e-01 2.592471360187950102e-01 1.200000000000000000e+01 4.600000000000000000e+01 2.000000000000000000e+00
8.278489629566785357e-01 2.592471360187950102e-01 1.200000000000000000e+01 4.600000000000000000e+01 3.000000000000000000e+00
8.278489629566785357e-01 2.592471360187950102e-01 1.200000000000000000e+01 4.600000000000000000e+01 4.000000000000000000e+00
8.748263695435428700e-01 1.497748976473777249e+00 7.000000000000000000e+00 5.400000000000000000e+01 0.000000000000000000e+00
8.748263695435428700e-01 1.497748976473777249e+00 7.000000000000000000e+00 5.400000000000000000e+01 1.000000000000000000e+00
8.748263695435428700e-01 1.497748976473777249e+00 7.000000000000000000e+00 5.400000000000000000e+01 2.000000000000000000e+00
8.748263695435428700e-01 1.497748976473777249e+00 7.000000000000000000e+00 5.400000000000000000e+01 3.000000000000000000e+00
8.748263695435428700e-01 1.497748976473777249e+00 7.000000000000000000e+00 5.400000000000000000e+01 4.000000000000000000e+00
7.085688052002194759e-01 2.008999965282131317e+00 5.000000000000000000e+00 8.800000000000000000e+01 0.000000000000000000e+00
7.085688052002194759e-01 2.008999965282131317e+00 5.000000000000000000e+00 8.800000000000000000e+01 1.000000000000000000e+00
7.085688052002194759e-01 2.008999965282131317e+00 5.000000000000000000e+00 8.800000000000000000e+01 2.000000000000000000e+00
7.085688052002194759e-01 2.008999965282131317e+00 5.000000000000000000e+00 8.800000000000000000e+01 3.000000000000000000e+00
7.085688052002194759e-01 2.008999965282131317e+00 5.000000000000000000e+00 8.800000000000000000e+01 4.000000000000000000e+00
8.926470430204613837e-01 1.189972157642047446e+00 9.000000000000000000e+00 1.580000000000000000e+02 0.000000000000000000e+00
8.926470430204613837e-01 1.189972157642047446e+00 9.000000000000000000e+00 1.580000000000000000e+02 1.000000000000000000e+00
8.926470430204613837e-01 1.189972157642047446e+00 9.000000000000000000e+00 1.580000000000000000e+02 2.000000000000000000e+00
8.926470430204613837e-01 1.189972157642047446e+00 9.000000000000000000e+00 1.580000000000000000e+02 3.000000000000000000e+00
8.926470430204613837e-01 1.189972157642047446e+00 9.000000000000000000e+00 1.580000000000000000e+02 4.000000000000000000e+00
6.916976657513556059e-01 4.856183321962083133e-01 4.000000000000000000e+00 1.010000000000000000e+02 0.000000000000000000e+00
6.916976657513556059e-01 4.856183321962083133e-01 4.000000000000000000e+00 1.010000000000000000e+02 1.000000000000000000e+00
6.916976657513556059e-01 4.856183321962083133e-01 4.000000000000000000e+00 1.010000000000000000e+02 2.000000000000000000e+00
6.916976657513556059e-01 4.856183321962083133e-01 4.000000000000000000e+00 1.010000000000000000e+02 3.000000000000000000e+00
6.916976657513556059e-01 4.856183321962083133e-01 4.000000000000000000e+00 1.010000000000000000e+02 4.000000000000000000e+00
8.329606463697873941e-01 2.793679390777573657e-01 8.000000000000000000e+00 1.240000000000000000e+02 0.000000000000000000e+00
8.329606463697873941e-01 2.793679390777573657e-01 8.000000000000000000e+00 1.240000000000000000e+02 1.000000000000000000e+00
8.329606463697873941e-01 2.793679390777573657e-01 8.000000000000000000e+00 1.240000000000000000e+02 2.000000000000000000e+00
8.329606463697873941e-01 2.793679390777573657e-01 8.000000000000000000e+00 1.240000000000000000e+02 3.000000000000000000e+00
8.329606463697873941e-01 2.793679390777573657e-01 8.000000000000000000e+00 1.240000000000000000e+02 4.000000000000000000e+00
9.219227846939826998e-01 1.822328520854263667e+00 7.000000000000000000e+00 3.700000000000000000e+01 0.000000000000000000e+00
9.219227846939826998e-01 1.822328520854263667e+00 7.000000000000000000e+00 3.700000000000000000e+01 1.000000000000000000e+00
9.219227846939826998e-01 1.822328520854263667e+00 7.000000000000000000e+00 3.700000000000000000e+01 2.000000000000000000e+00
9.219227846939826998e-01 1.822328520854263667e+00 7.000000000000000000e+00 3.700000000000000000e+01 3.000000000000000000e+00
9.219227846939826998e-01 1.822328520854263667e+00 7.000000000000000000e+00 3.700000000000000000e+01 4.000000000000000000e+00
6.194352933191975552e-01 3.750418667023779351e-01 1.900000000000000000e+01 2.200000000000000000e+01 0.000000000000000000e+00
6.194352933191975552e-01 3.750418667023779351e-01 1.900000000000000000e+01 2.200000000000000000e+01 1.000000000000000000e+00
6.194352933191975552e-01 3.750418667023779351e-01 1.900000000000000000e+01 2.200000000000000000e+01 2.000000000000000000e+00
6.194352933191975552e-01 3.750418667023779351e-01 1.900000000000000000e+01 2.200000000000000000e+01 3.000000000000000000e+00
6.194352933191975552e-01 3.750418667023779351e-01 1.900000000000000000e+01 2.200000000000000000e+01 4.000000000000000000e+00
3.845706386770335605e-01 5.433232422694757036e-01 5.000000000000000000e+00 1.020000000000000000e+02 0.000000000000000000e+00
3.845706386770335605e-01 5.433232422694757036e-01 5.000000000000000000e+00 1.020000000000000000e+02 1.000000000000000000e+00
3.845706386770335605e-01 5.433232422694757036e-01 5.000000000000000000e+00 1.020000000000000000e+02 2.000000000000000000e+00
3.845706386770335605e-01 5.433232422694757036e-01 5.000000000000000000e+00 1.020000000000000000e+02 3.000000000000000000e+00
3.845706386770335605e-01 5.433232422694757036e-01 5.000000000000000000e+00 1.020000000000000000e+02 4.000000000000000000e+00
7.927329865237311424e-01 1.166074379813952566e+00 8.000000000000000000e+00 1.080000000000000000e+02 0.000000000000000000e+00
7.927329865237311424e-01 1.166074379813952566e+00 8.000000000000000000e+00 1.080000000000000000e+02 1.000000000000000000e+00
7.927329865237311424e-01 1.166074379813952566e+00 8.000000000000000000e+00 1.080000000000000000e+02 2.000000000000000000e+00
7.927329865237311424e-01 1.166074379813952566e+00 8.000000000000000000e+00 1.080000000000000000e+02 3.000000000000000000e+00
7.927329865237311424e-01 1.166074379813952566e+00 8.000000000000000000e+00 1.080000000000000000e+02 4.000000000000000000e+00
3.784990920599859976e-01 2.554685162791808795e-01 5.000000000000000000e+00 1.590000000000000000e+02 0.000000000000000000e+00
3.784990920599859976e-01 2.554685162791808795e-01 5.000000000000000000e+00 1.590000000000000000e+02 1.000000000000000000e+00
3.784990920599859976e-01 2.554685162791808795e-01 5.000000000000000000e+00 1.590000000000000000e+02 2.000000000000000000e+00
3.784990920599859976e-01 2.554685162791808795e-01 5.000000000000000000e+00 1.590000000000000000e+02 3.000000000000000000e+00
3.784990920599859976e-01 2.554685162791808795e-01 5.000000000000000000e+00 1.590000000000000000e+02 4.000000000000000000e+00
5.479855975511549460e-01 3.249559662540063565e-01 1.400000000000000000e+01 7.200000000000000000e+01 0.000000000000000000e+00
5.479855975511549460e-01 3.249559662540063565e-01 1.400000000000000000e+01 7.200000000000000000e+01 1.000000000000000000e+00
5.479855975511549460e-01 3.249559662540063565e-01 1.400000000000000000e+01 7.200000000000000000e+01 2.000000000000000000e+00
5.479855975511549460e-01 3.249559662540063565e-01 1.400000000000000000e+01 7.200000000000000000e+01 3.000000000000000000e+00
5.479855975511549460e-01 3.249559662540063565e-01 1.400000000000000000e+01 7.200000000000000000e+01 4.000000000000000000e+00
6.059073132273540274e-01 9.153421836456329119e-01 4.000000000000000000e+00 1.270000000000000000e+02 0.000000000000000000e+00
6.059073132273540274e-01 9.153421836456329119e-01 4.000000000000000000e+00 1.270000000000000000e+02 1.000000000000000000e+00
6.059073132273540274e-01 9.153421836456329119e-01 4.000000000000000000e+00 1.270000000000000000e+02 2.000000000000000000e+00
6.059073132273540274e-01 9.153421836456329119e-01 4.000000000000000000e+00 1.270000000000000000e+02 3.000000000000000000e+00
6.059073132273540274e-01 9.153421836456329119e-01 4.000000000000000000e+00 1.270000000000000000e+02 4.000000000000000000e+00
5.688052494443260887e-01 1.453001982261907576e+00 4.000000000000000000e+00 9.000000000000000000e+01 0.000000000000000000e+00
5.688052494443260887e-01 1.453001982261907576e+00 4.000000000000000000e+00 9.000000000000000000e+01 1.000000000000000000e+00
5.688052494443260887e-01 1.453001982261907576e+00 4.000000000000000000e+00 9.000000000000000000e+01 2.000000000000000000e+00
5.688052494443260887e-01 1.453001982261907576e+00 4.000000000000000000e+00 9.000000000000000000e+01 3.000000000000000000e+00
5.688052494443260887e-01 1.453001982261907576e+00 4.000000000000000000e+00 9.000000000000000000e+01 4.000000000000000000e+00
9.709035794642378869e-01 1.948137454712822292e+00 2.000000000000000000e+00 1.500000000000000000e+02 0.000000000000000000e+00
9.709035794642378869e-01 1.948137454712822292e+00 2.000000000000000000e+00 1.500000000000000000e+02 1.000000000000000000e+00
9.709035794642378869e-01 1.948137454712822292e+00 2.000000000000000000e+00 1.500000000000000000e+02 2.000000000000000000e+00
9.709035794642378869e-01 1.948137454712822292e+00 2.000000000000000000e+00 1.500000000000000000e+02 3.000000000000000000e+00
9.709035794642378869e-01 1.948137454712822292e+00 2.000000000000000000e+00 1.500000000000000000e+02 4.000000000000000000e+00
1.041653509822915019e-01 3.626790363057273980e-01 9.000000000000000000e+00 1.550000000000000000e+02 0.000000000000000000e+00
1.041653509822915019e-01 3.626790363057273980e-01 9.000000000000000000e+00 1.550000000000000000e+02 1.000000000000000000e+00
1.041653509822915019e-01 3.626790363057273980e-01 9.000000000000000000e+00 1.550000000000000000e+02 2.000000000000000000e+00
1.041653509822915019e-01 3.626790363057273980e-01 9.000000000000000000e+00 1.550000000000000000e+02 3.000000000000000000e+00
1.041653509822915019e-01 3.626790363057273980e-01 9.000000000000000000e+00 1.550000000000000000e+02 4.000000000000000000e+00
4.191596850278846986e-01 2.046829765631438924e+00 2.000000000000000000e+01 7.800000000000000000e+01 0.000000000000000000e+00
4.191596850278846986e-01 2.046829765631438924e+00 2.000000000000000000e+01 7.800000000000000000e+01 1.000000000000000000e+00
4.191596850278846986e-01 2.046829765631438924e+00 2.000000000000000000e+01 7.800000000000000000e+01 2.000000000000000000e+00
4.191596850278846986e-01 2.046829765631438924e+00 2.000000000000000000e+01 7.800000000000000000e+01 3.000000000000000000e+00
4.191596850278846986e-01 2.046829765631438924e+00 2.000000000000000000e+01 7.800000000000000000e+01 4.000000000000000000e+00
3.532451119545141349e-01 1.847222029218554606e+00 1.000000000000000000e+01 8.700000000000000000e+01 0.000000000000000000e+00
3.532451119545141349e-01 1.847222029218554606e+00 1.000000000000000000e+01 8.700000000000000000e+01 1.000000000000000000e+00
3.532451119545141349e-01 1.847222029218554606e+00 1.000000000000000000e+01 8.700000000000000000e+01 2.000000000000000000e+00
3.532451119545141349e-01 1.847222029218554606e+00 1.000000000000000000e+01 8.700000000000000000e+01 3.000000000000000000e+00
3.532451119545141349e-01 1.847222029218554606e+00 1.000000000000000000e+01 8.700000000000000000e+01 4.000000000000000000e+00
7.053018611847593211e-02 1.016007020203720357e+00 1.200000000000000000e+01 8.900000000000000000e+01 0.000000000000000000e+00
7.053018611847593211e-02 1.016007020203720357e+00 1.200000000000000000e+01 8.900000000000000000e+01 1.000000000000000000e+00
7.053018611847593211e-02 1.016007020203720357e+00 1.200000000000000000e+01 8.900000000000000000e+01 2.000000000000000000e+00
7.053018611847593211e-02 1.016007020203720357e+00 1.200000000000000000e+01 8.900000000000000000e+01 3.000000000000000000e+00
7.053018611847593211e-02 1.016007020203720357e+00 1.200000000000000000e+01 8.900000000000000000e+01 4.000000000000000000e+00
8.413706189737549801e-01 7.719922245823539475e-01 1.700000000000000000e+01 9.700000000000000000e+01 0.000000000000000000e+00
8.413706189737549801e-01 7.719922245823539475e-01 1.700000000000000000e+01 9.700000000000000000e+01 1.000000000000000000e+00
8.413706189737549801e-01 7.719922245823539475e-01 1.700000000000000000e+01 9.700000000000000000e+01 2.000000000000000000e+00
8.413706189737549801e-01 7.719922245823539475e-01 1.700000000000000000e+01 9.700000000000000000e+01 3.000000000000000000e+00
8.413706189737549801e-01 7.719922245823539475e-01 1.700000000000000000e+01 9.700000000000000000e+01 4.000000000000000000e+00
9.530365931446088679e-01 5.943580617271050359e-01 1.400000000000000000e+01 1.100000000000000000e+02 0.000000000000000000e+00
9.530365931446088679e-01 5.943580617271050359e-01 1.400000000000000000e+01 1.100000000000000000e+02 1.000000000000000000e+00
9.530365931446088679e-01 5.943580617271050359e-01 1.400000000000000000e+01 1.100000000000000000e+02 2.000000000000000000e+00
9.530365931446088679e-01 5.943580617271050359e-01 1.400000000000000000e+01 1.100000000000000000e+02 3.000000000000000000e+00
9.530365931446088679e-01 5.943580617271050359e-01 1.400000000000000000e+01 1.100000000000000000e+02 4.000000000000000000e+00
1.560797717309432286e-01 1.421121632769971888e-01 9.000000000000000000e+00 4.000000000000000000e+01 0.000000000000000000e+00
1.560797717309432286e-01 1.421121632769971888e-01 9.000000000000000000e+00 4.000000000000000000e+01 1.000000000000000000e+00
1.560797717309432286e-01 1.421121632769971888e-01 9.000000000000000000e+00 4.000000000000000000e+01 2.000000000000000000e+00
1.560797717309432286e-01 1.421121632769971888e-01 9.000000000000000000e+00 4.000000000000000000e+01 3.000000000000000000e+00
1.560797717309432286e-01 1.421121632769971888e-01 9.000000000000000000e+00 4.000000000000000000e+01 4.000000000000000000e+00
8.921673328928807489e-01 3.292454606399176642e-01 1.200000000000000000e+01 1.710000000000000000e+02 0.000000000000000000e+00
8.921673328928807489e-01 3.292454606399176642e-01 1.200000000000000000e+01 1.710000000000000000e+02 1.000000000000000000e+00
8.921673328928807489e-01 3.292454606399176642e-01 1.200000000000000000e+01 1.710000000000000000e+02 2.000000000000000000e+00
8.921673328928807489e-01 3.292454606399176642e-01 1.200000000000000000e+01 1.710000000000000000e+02 3.000000000000000000e+00
8.921673328928807489e-01 3.292454606399176642e-01 1.200000000000000000e+01 1.710000000000000000e+02 4.000000000000000000e+00
7.117533614715072510e-01 1.252900524328819598e+00 1.000000000000000000e+01 5.500000000000000000e+01 0.000000000000000000e+00
7.117533614715072510e-01 1.252900524328819598e+00 1.000000000000000000e+01 5.500000000000000000e+01 1.000000000000000000e+00
7.117533614715072510e-01 1.252900524328819598e+00 1.000000000000000000e+01 5.500000000000000000e+01 2.000000000000000000e+00
7.117533614715072510e-01 1.252900524328819598e+00 1.000000000000000000e+01 5.500000000000000000e+01 3.000000000000000000e+00
7.117533614715072510e-01 1.252900524328819598e+00 1.000000000000000000e+01 5.500000000000000000e+01 4.000000000000000000e+00
