-9.478549413991204631e+01
-9.307909096694938000e+01
-9.085569606660074271e+01
-9.028601966796453837e+01
-9.167424416732615100e+01
-9.476275717140288180e+01
-9.307105088321313247e+01
-9.093129157882154345e+01
-9.037493240865926225e+01
-9.185126345636301437e+01
-1.156508415371754381e+02
-1.124409801729434832e+02
-1.089670278445960463e+02
-1.092978337017417942e+02
-1.111427334612032496e+02
-1.268951536055012781e+02
-1.220528954833377497e+02
-1.177610868726980158e+02
-1.182974835220653063e+02
-1.197857218961480896e+02
-9.329430518733428812e+01
-9.149490261883263997e+01
-8.971658610307471804e+01
-8.908106645690190817e+01
-9.054861662552849566e+01
-1.318052065727397633e+02
-1.263742621716339443e+02
-1.220035688164771415e+02
-1.224614628546517565e+02
-1.236893461730215478e+02
-1.330958619297527434e+02
-1.278393518756346054e+02
-1.235597788939752633e+02
-1.239414943556402307e+02
-1.251432875440269328e+02
-9.125744453105740206e+01
-8.953545978083587897e+01
-8.739643019183566253e+01
-8.712763869308095366e+01
-8.872876023882243146e+01
-8.981592682850457265e+01
-8.878450272003671273e+01
-8.583222746943673087e+01
-8.509404927357127235e+01
-8.734754269572567864e+01
-1.072455116768534964e+02
-1.016962521340848014e+02
-1.015449187810193195e+02
-1.012041724207478666e+02
-1.026079039277658609e+02
-1.034183771802705820e+02
-1.009165578803258683e+02
-9.854142903045720914e+01
-9.844931956493785208e+01
-9.995812991744678300e+01
-1.317958124225424683e+02
-1.265441032904984553e+02
-1.223475222547642858e+02
-1.225508351507948817e+02
-1.238552652286260241e+02
-1.330967560625459782e+02
-1.278401772339345541e+02
-1.235614255345672774e+02
-1.239420672420815492e+02
-1.251431462624544793e+02
-1.330966256373347392e+02
-1.278401084754196404e+02
-1.235614120670392992e+02
-1.239421643825271673e+02
-1.251433595317247551e+02
-1.330968533689401738e+02
-1.278400079658078994e+02
-1.235614550805590000e+02
-1.239422468823118351e+02
-1.251433973230421799e+02
-1.330969558846251459e+02
-1.278399534288242592e+02
-1.235614851606628974e+02
-1.239422455077972387e+02
-1.251433405749917966e+02
-1.330773653571511090e+02
-1.277590387603488580e+02
-1.234599782577278262e+02
-1.238371735798119175e+02
-1.250819973316213094e+02
-1.250823107534695566e+02
-1.206353208924292488e+02
-1.166540127199337604e+02
-1.171858371354418438e+02
-1.186109449149576278e+02
-1.258677743658596029e+02
-1.210511616616606716e+02
-1.170370779954613738e+02
-1.176780207948755219e+02
-1.191543868311462546e+02
-1.330968053016690646e+02
-1.278400752738455282e+02
-1.235614908511625885e+02
-1.239422842716056294e+02
-1.251434507392712447e+02
-1.330968616496637082e+02
-1.278399362535581361e+02
-1.235615175120981206e+02
-1.239423041024327148e+02
-1.251434555828052595e+02
-1.328040006230480969e+02
-1.274878258184586315e+02
-1.230998211453634923e+02
-1.235989620349583333e+02
-1.247817332217472881e+02
-1.176211567489028056e+02
-1.141643693038967058e+02
-1.105754609697222151e+02
-1.109630194785479915e+02
-1.128824826073610410e+02
-1.088053914184190774e+02
-1.059845255691260064e+02
-1.031972917323442260e+02
-1.033655891986209099e+02
-1.049906452423368535e+02
-1.330942366106921781e+02
-1.278338733865095378e+02
-1.235591862928174578e+02
-1.239385056930179445e+02
-1.251395360258231051e+02
-1.330834158980219968e+02
-1.278296284655760644e+02
-1.235319708039994850e+02
-1.239224128331173773e+02
-1.251171239394852819e+02
-9.528784463445811070e+01
-9.217400810266013877e+01
-9.076976640162267529e+01
-9.060952865258106215e+01
-9.283243723963175853e+01
-1.104747806590435317e+02
-1.074300732238878453e+02
-1.044240374735505412e+02
-1.046971379431293201e+02
-1.064614315904069031e+02
-9.172113259332671475e+01
-9.007845968336705766e+01
-8.779572915842751968e+01
-8.671595669069577639e+01
-8.848808379431272897e+01
-1.330792256150741650e+02
-1.278250790635121916e+02
-1.235116940964265098e+02
-1.238785836572057661e+02
-1.251050751545504909e+02
-1.058736351277818528e+02
-1.035267744837716748e+02
-1.013368808045014902e+02
-9.966011539418457232e+01
-1.021409204720605430e+02
-1.324834174015205122e+02
-1.272737500047921060e+02
-1.227924155564782609e+02
-1.232507521794926362e+02
-1.244696989528870148e+02
-1.330920698800984212e+02
-1.278306328280712734e+02
-1.235545555700180671e+02
-1.239302176618755311e+02
-1.251320567044695906e+02
-1.306918610072227978e+02
-1.255269695659422950e+02
-1.210620896903752453e+02
-1.215348036650922410e+02
-1.229049997661035150e+02
-1.195673149850976245e+02
-1.157644663062325634e+02
-1.121719821602366096e+02
-1.125820195983988441e+02
-1.142646750040172634e+02
-1.003797221045299608e+02
-9.808415850692848892e+01
-9.569669389726416853e+01
-9.544171000173889752e+01
-9.698379334542090646e+01
-1.120695277826527274e+02
-1.067365741045817060e+02
-1.058388315815509202e+02
-1.044717200510798705e+02
-1.068418430966933528e+02
-1.321949209832441454e+02
-1.267559571453075478e+02
-1.222620409161726798e+02
-1.227461475286216768e+02
-1.240023635511812188e+02
-1.298669048870056315e+02
-1.242901343110125651e+02
-1.197001525289343107e+02
-1.201239673435472923e+02
-1.214371131400568515e+02
-1.329833191796743961e+02
-1.277019786499280940e+02
-1.234255425831617856e+02
-1.238060100344869880e+02
-1.250159877190064321e+02
-1.330968968043620180e+02
-1.278400402240495595e+02
-1.235615125265275225e+02
-1.239422720683029269e+02
-1.251434093408724664e+02
-1.330968592984157226e+02
-1.278400757427482972e+02
-1.235614815373206881e+02
-1.239423197944564237e+02
-1.251433351030597976e+02
-1.282834336290719648e+02
-1.232050691082368559e+02
-1.189470691192956053e+02
-1.194983200913822543e+02
-1.209745727455812698e+02
-1.330968462381058828e+02
-1.278400566417863473e+02
-1.235615534342645532e+02
-1.239422809311101474e+02
-1.251434397000128200e+02
-1.330778423474791907e+02
-1.278243314387740952e+02
-1.235461861529532683e+02
-1.239235585608901431e+02
-1.251261039085839570e+02
-1.330953039790005903e+02
-1.278391525718902528e+02
-1.235614792930014261e+02
-1.239408601580885829e+02
-1.251430028159585817e+02
-1.130385626626649440e+02
-1.100155757518205064e+02
-1.071776859504647916e+02
-1.070906428411382478e+02
-1.090665166519857650e+02
-1.330786627425548829e+02
-1.278260093905948764e+02
-1.235141489072127712e+02
-1.238857220271923296e+02
-1.251255539305288664e+02
-1.330615143996743086e+02
-1.278087274354773371e+02
-1.235264567636974675e+02
-1.239107158118736294e+02
-1.251097670009294660e+02
-1.330775120997999466e+02
-1.278207767822383119e+02
-1.235430519998637777e+02
-1.239248221129740415e+02
-1.251271293955828128e+02
