4.373242428826379369e-01 1.069782336918055243e+00 1.800000000000000000e+01 1.200000000000000000e+02 0.000000000000000000e+00
5.572631354848233548e-02 1.263415553070308839e+00 4.000000000000000000e+00 1.260000000000000000e+02 0.000000000000000000e+00
8.949049792337346876e-01 1.347624372648323021e+00 1.600000000000000000e+01 1.070000000000000000e+02 0.000000000000000000e+00
1.818961428354923804e-01 1.436927106988636682e+00 7.000000000000000000e+00 2.000000000000000000e+01 0.000000000000000000e+00
4.617502922097285190e-01 6.097720841632948696e-01 1.400000000000000000e+01 1.110000000000000000e+02 0.000000000000000000e+00
9.459023576508899245e-01 1.030937422705548556e+00 1.900000000000000000e+01 5.800000000000000000e+01 0.000000000000000000e+00
3.388586405748595931e-01 5.628321675966952986e-01 1.600000000000000000e+01 6.000000000000000000e+00 0.000000000000000000e+00
2.579100046466630686e-02 4.943893847639467820e-01 6.000000000000000000e+00 1.900000000000000000e+01 0.000000000000000000e+00
7.642698498418215580e-01 7.025799602840893110e-01 1.300000000000000000e+01 1.160000000000000000e+02 0.000000000000000000e+00
7.018145957959428527e-01 1.230513395534551968e+00 7.000000000000000000e+00 1.210000000000000000e+02 0.000000000000000000e+00
2.696079872912405806e-01 1.052988452558566879e+00 1.600000000000000000e+01 1.720000000000000000e+02 0.000000000000000000e+00
6.848178293024227425e-01 9.911237450971820406e-01 1.300000000000000000e+01 1.000000000000000000e+01 0.000000000000000000e+00
2.692324523109266288e-01 6.896820286009658352e-01 1.800000000000000000e+01 7.700000000000000000e+01 0.000000000000000000e+00
4.647496411590692489e-01 5.831994733896633809e-01 6.000000000000000000e+00 1.540000000000000000e+02 0.000000000000000000e+00
3.667303248374317315e-01 1.133075975244503208e+00 1.300000000000000000e+01 1.640000000000000000e+02 0.000000000000000000e+00
6.845451659072403494e-01 4.730207945017635973e-01 1.500000000000000000e+01 6.200000000000000000e+01 0.000000000000000000e+00
6.094733556185931711e-01 6.243837053912349999e-01 7.000000000000000000e+00 1.810000000000000000e+02 0.000000000000000000e+00
4.906057429438116513e-01 1.375446561580976557e+00 3.000000000000000000e+00 1.040000000000000000e+02 0.000000000000000000e+00
4.821640038332368761e-01 2.226330869854745986e-01 7.000000000000000000e+00 1.000000000000000000e+01 0.000000000000000000e+00
7.945237470977982719e-01 3.977337777491242177e-01 6.000000000000000000e+00 1.700000000000000000e+02 0.000000000000000000e+00
1.876649612303600279e-01 1.750969816116726641e+00 1.600000000000000000e+01 1.840000000000000000e+02 0.000000000000000000e+00
6.036104123600126714e-01 5.008463010365077350e-01 1.000000000000000000e+00 1.660000000000000000e+02 0.000000000000000000e+00
2.341957040846898153e-01 3.079030209842398280e-01 2.000000000000000000e+00 4.000000000000000000e+00 0.000000000000000000e+00
6.842778119881208765e-01 1.454863153976158063e+00 1.500000000000000000e+01 1.000000000000000000e+00 0.000000000000000000e+00
9.138787963412596804e-01 4.737577859123781598e-01 8.000000000000000000e+00 1.340000000000000000e+02 0.000000000000000000e+00
9.411094958344707884e-01 5.560315670662568932e-01 1.000000000000000000e+00 4.700000000000000000e+01 0.000000000000000000e+00
1.592008677115622772e-01 1.006890033734980872e+00 1.000000000000000000e+00 9.000000000000000000e+01 0.000000000000000000e+00
5.406349031363384405e-01 8.201677227347047294e-01 1.400000000000000000e+01 5.800000000000000000e+01 0.000000000000000000e+00
8.878501869625701204e-01 1.138298613608228260e+00 1.000000000000000000e+00 1.510000000000000000e+02 0.000000000000000000e+00
5.160231698211241724e-01 1.687154209417991213e+00 2.000000000000000000e+01 1.140000000000000000e+02 0.000000000000000000e+00
5.072960239267562121e-01 1.416131279426058764e+00 9.000000000000000000e+00 1.500000000000000000e+01 0.000000000000000000e+00
9.659771137662044316e-01 9.408666222134757229e-01 3.000000000000000000e+00 8.000000000000000000e+01 0.000000000000000000e+00
5.717731339579311678e-01 1.269024928515481765e+00 1.700000000000000000e+01 5.300000000000000000e+01 0.000000000000000000e+00
7.510891684706531846e-02 1.805366781486036354e+00 4.000000000000000000e+00 1.910000000000000000e+02 0.000000000000000000e+00
2.823921699238772787e-01 8.894329209618468957e-01 2.000000000000000000e+01 3.000000000000000000e+01 0.000000000000000000e+00
2.591914735917160151e-01 1.328954796535112559e-01 1.200000000000000000e+01 9.000000000000000000e+01 0.000000000000000000e+00
6.916989944408888924e-01 1.810145213030220024e+00 1.400000000000000000e+01 5.900000000000000000e+01 0.000000000000000000e+00
3.804919165570894712e-01 6.593058761916591459e-01 1.000000000000000000e+00 1.590000000000000000e+02 0.000000000000000000e+00
6.939076290638406252e-01 1.545494332738231780e+00 4.000000000000000000e+00 1.750000000000000000e+02 0.000000000000000000e+00
8.595637818657710927e-01 1.500465088656520063e+00 1.500000000000000000e+01 1.400000000000000000e+01 0.000000000000000000e+00
2.073013196355111276e-01 2.037173881634362971e+00 8.000000000000000000e+00 1.720000000000000000e+02 0.000000000000000000e+00
8.853224925415957569e-02 2.043836965996925770e+00 2.000000000000000000e+01 1.230000000000000000e+02 0.000000000000000000e+00
4.873295222079110367e-01 9.788670303236094439e-01 5.000000000000000000e+00 3.900000000000000000e+01 0.000000000000000000e+00
2.209546898392377584e-02 1.996402286336677934e+00 1.300000000000000000e+01 1.790000000000000000e+02 0.000000000000000000e+00
4.742861979094581404e-01 4.146643401071664625e-01 2.000000000000000000e+00 7.400000000000000000e+01 0.000000000000000000e+00
4.174162975133314246e-01 1.660830728353056784e+00 1.500000000000000000e+01 1.440000000000000000e+02 0.000000000000000000e+00
8.459983131490816932e-01 1.667195563929742219e+00 2.000000000000000000e+00 9.300000000000000000e+01 0.000000000000000000e+00
3.767508786659181652e-01 3.361176962289417203e-01 3.000000000000000000e+00 8.400000000000000000e+01 0.000000000000000000e+00
3.234924029591218497e-01 1.919438168374746623e-01 4.000000000000000000e+00 7.700000000000000000e+01 0.000000000000000000e+00
3.895757740789409507e-01 1.559218461095553065e+00 1.400000000000000000e+01 4.100000000000000000e+01 0.000000000000000000e+00
6.088576102300343740e-01 1.630108743621188516e+00 1.600000000000000000e+01 7.200000000000000000e+01 1.000000000000000000e+00
2.852651879679123786e-02 1.336854954460988232e+00 1.800000000000000000e+01 1.510000000000000000e+02 1.000000000000000000e+00
7.701320006656591222e-01 9.498523933277128739e-01 1.600000000000000000e+01 1.350000000000000000e+02 1.000000000000000000e+00
1.009700686447697837e+00 3.341668100805564867e-01 3.000000000000000000e+00 1.900000000000000000e+01 1.000000000000000000e+00
5.460615613056206685e-01 8.423553638618525019e-01 1.800000000000000000e+01 1.770000000000000000e+02 1.000000000000000000e+00
4.482792459819475717e-01 1.969614975594418338e+00 1.400000000000000000e+01 1.940000000000000000e+02 1.000000000000000000e+00
6.216315800169346789e-02 1.477744901649631570e+00 1.300000000000000000e+01 2.000000000000000000e+00 1.000000000000000000e+00
7.835816144593696908e-01 7.310980898034266096e-01 3.000000000000000000e+00 1.840000000000000000e+02 1.000000000000000000e+00
1.760298442905963157e-01 1.866849361110955563e+00 1.700000000000000000e+01 1.010000000000000000e+02 1.000000000000000000e+00
3.548721226108774163e-01 1.939388793029836355e+00 1.800000000000000000e+01 8.000000000000000000e+01 1.000000000000000000e+00
9.247238442751756216e-01 7.360681143507367130e-01 4.000000000000000000e+00 1.300000000000000000e+01 1.000000000000000000e+00
7.015611202113104516e-01 1.599063243391843914e+00 1.200000000000000000e+01 2.800000000000000000e+01 1.000000000000000000e+00
9.885526605885022189e-01 2.025682083378316012e+00 1.100000000000000000e+01 1.110000000000000000e+02 1.000000000000000000e+00
9.199036481079032601e-01 7.020985503564262098e-01 1.600000000000000000e+01 1.890000000000000000e+02 1.000000000000000000e+00
6.851681812451485554e-01 1.116786330857676646e+00 5.000000000000000000e+00 1.580000000000000000e+02 1.000000000000000000e+00
4.139577170871068246e-01 1.332504400210216433e+00 1.700000000000000000e+01 1.710000000000000000e+02 1.000000000000000000e+00
6.559822418883851647e-01 4.693546722029336982e-01 9.000000000000000000e+00 1.250000000000000000e+02 1.000000000000000000e+00
6.017413340294347490e-01 9.450507377947555687e-01 7.000000000000000000e+00 7.400000000000000000e+01 1.000000000000000000e+00
1.462087778843940145e-01 1.514774408944479456e+00 1.100000000000000000e+01 3.000000000000000000e+00 1.000000000000000000e+00
5.735014496241449544e-01 1.434004126835395798e+00 9.000000000000000000e+00 1.730000000000000000e+02 1.000000000000000000e+00
6.911337773796994988e-01 7.420262155296278861e-01 1.100000000000000000e+01 3.000000000000000000e+00 1.000000000000000000e+00
3.506084685439380538e-02 4.116085870571998262e-01 1.000000000000000000e+00 1.430000000000000000e+02 1.000000000000000000e+00
2.998636295702492571e-01 9.750872508607871803e-01 1.000000000000000000e+01 1.290000000000000000e+02 1.000000000000000000e+00
5.635978826035455969e-01 4.196714579842112380e-01 1.700000000000000000e+01 8.500000000000000000e+01 1.000000000000000000e+00
8.879117256961609195e-02 9.631763054016649894e-01 1.200000000000000000e+01 2.000000000000000000e+00 1.000000000000000000e+00
4.111981583573125487e-01 7.976091273382440727e-01 5.000000000000000000e+00 4.300000000000000000e+01 1.000000000000000000e+00
5.214166915723709161e-01 1.680107030181901884e+00 1.900000000000000000e+01 1.970000000000000000e+02 1.000000000000000000e+00
2.905066556153129698e-01 2.051584506190700985e+00 1.000000000000000000e+01 6.100000000000000000e+01 1.000000000000000000e+00
4.935424817922392515e-01 1.813510113759371212e+00 1.800000000000000000e+01 3.700000000000000000e+01 1.000000000000000000e+00
7.513204416158769661e-01 1.319666867577507618e+00 1.300000000000000000e+01 4.600000000000000000e+01 1.000000000000000000e+00
8.890910715110849072e-01 8.007816070996357505e-01 1.900000000000000000e+01 1.570000000000000000e+02 1.000000000000000000e+00
3.667925938035654365e-01 3.198252632599557499e-01 1.300000000000000000e+01 7.400000000000000000e+01 1.000000000000000000e+00
6.715826021327396533e-02 1.819193947330296934e+00 1.600000000000000000e+01 1.780000000000000000e+02 1.000000000000000000e+00
2.971414442422550817e-01 1.349363943975253832e+00 1.500000000000000000e+01 1.610000000000000000e+02 1.000000000000000000e+00
8.093438085873247978e-01 2.430050747874660522e-01 1.900000000000000000e+01 3.800000000000000000e+01 1.000000000000000000e+00
6.821770566572109562e-01 1.467783258709013383e+00 1.800000000000000000e+01 9.000000000000000000e+00 1.000000000000000000e+00
6.059640533115996375e-01 9.279208639221726562e-01 6.000000000000000000e+00 1.280000000000000000e+02 1.000000000000000000e+00
9.152209656050840358e-01 7.191153301475580184e-01 6.000000000000000000e+00 1.930000000000000000e+02 1.000000000000000000e+00
6.910619539816197365e-01 5.413363163911201204e-01 1.600000000000000000e+01 1.800000000000000000e+02 1.000000000000000000e+00
3.766103958594458900e-01 1.278094254882978342e+00 1.000000000000000000e+00 1.910000000000000000e+02 1.000000000000000000e+00
1.544846835400478513e-01 3.265758387330889301e-01 9.000000000000000000e+00 2.000000000000000000e+02 1.000000000000000000e+00
7.809430498982936619e-01 8.212249593032058259e-01 9.000000000000000000e+00 1.700000000000000000e+02 1.000000000000000000e+00
2.441928962391551883e-01 5.405662116342558887e-01 1.900000000000000000e+01 1.100000000000000000e+01 1.000000000000000000e+00
6.735695692745126140e-01 1.706477328359756074e+00 1.800000000000000000e+01 1.900000000000000000e+01 1.000000000000000000e+00
7.584733196900690366e-01 2.065787457318120524e+00 4.000000000000000000e+00 1.100000000000000000e+02 1.000000000000000000e+00
8.626422527554440389e-01 1.799041687800174927e+00 7.000000000000000000e+00 4.200000000000000000e+01 1.000000000000000000e+00
2.447629549291256978e-01 1.246261716186791269e+00 2.000000000000000000e+00 5.700000000000000000e+01 1.000000000000000000e+00
9.354078481150636115e-01 1.323657917600979061e+00 2.000000000000000000e+00 1.560000000000000000e+02 1.000000000000000000e+00
7.533051299113977528e-01 3.121149869364961971e-01 2.000000000000000000e+00 1.960000000000000000e+02 1.000000000000000000e+00
6.262179825444565973e-01 1.002358741661219244e-01 1.300000000000000000e+01 1.060000000000000000e+02 1.000000000000000000e+00
3.835023202884753069e-01 2.005349455027888972e+00 1.900000000000000000e+01 1.290000000000000000e+02 2.000000000000000000e+00
9.912985720913334298e-01 1.383543456666280980e+00 2.000000000000000000e+01 7.800000000000000000e+01 2.000000000000000000e+00
4.841930879159506151e-01 1.706832617190750856e+00 1.000000000000000000e+01 1.470000000000000000e+02 2.000000000000000000e+00
8.191182070850455688e-01 8.889564100283046111e-01 6.000000000000000000e+00 8.000000000000000000e+01 2.000000000000000000e+00
1.239595124279323744e-02 1.551063279047971699e+00 1.200000000000000000e+01 1.630000000000000000e+02 2.000000000000000000e+00
3.418751954960822514e-01 2.511388003284061865e-01 6.000000000000000000e+00 1.310000000000000000e+02 2.000000000000000000e+00
3.212302955049486375e-01 9.861214431840109595e-01 5.000000000000000000e+00 1.900000000000000000e+02 2.000000000000000000e+00
7.519395628906534457e-01 6.379798718349926068e-01 1.300000000000000000e+01 2.600000000000000000e+01 2.000000000000000000e+00
1.720443046391355590e-01 1.306560322963302934e+00 8.000000000000000000e+00 3.800000000000000000e+01 2.000000000000000000e+00
1.400547663831120948e-01 1.505604072060286347e+00 1.500000000000000000e+01 6.600000000000000000e+01 2.000000000000000000e+00
3.392779894265051527e-02 5.083582386306374490e-01 1.400000000000000000e+01 1.610000000000000000e+02 2.000000000000000000e+00
5.620297247325410916e-01 1.001267407548375843e+00 2.000000000000000000e+01 1.450000000000000000e+02 2.000000000000000000e+00
3.086524833221637731e-01 2.717572783143905601e-01 5.000000000000000000e+00 5.000000000000000000e+00 2.000000000000000000e+00
9.164828252466723502e-01 4.229008890074351656e-01 1.600000000000000000e+01 1.140000000000000000e+02 2.000000000000000000e+00
3.826394749045696209e-01 1.927851104360069068e-01 2.000000000000000000e+00 9.300000000000000000e+01 2.000000000000000000e+00
6.726766256003467725e-02 4.273938670075271284e-01 3.000000000000000000e+00 1.780000000000000000e+02 2.000000000000000000e+00
2.262232287714385226e-01 2.700678019593288903e-01 1.500000000000000000e+01 1.030000000000000000e+02 2.000000000000000000e+00
4.147858434781643844e-01 1.972357796918187578e+00 1.000000000000000000e+01 3.700000000000000000e+01 2.000000000000000000e+00
9.972917885088515566e-02 2.761431801056796198e-01 4.000000000000000000e+00 1.430000000000000000e+02 2.000000000000000000e+00
4.384833454914700557e-01 7.990644362039883708e-01 1.400000000000000000e+01 7.000000000000000000e+01 2.000000000000000000e+00
4.269534502600808024e-01 2.030889261398208578e+00 1.900000000000000000e+01 1.470000000000000000e+02 2.000000000000000000e+00
6.045806652811506199e-01 4.357014491636751474e-01 1.500000000000000000e+01 1.570000000000000000e+02 2.000000000000000000e+00
4.725515251401154471e-01 1.588179027042025959e+00 1.900000000000000000e+01 1.400000000000000000e+01 2.000000000000000000e+00
8.309829998020695774e-01 1.097051576772745562e+00 9.000000000000000000e+00 1.210000000000000000e+02 2.000000000000000000e+00
6.915301654632485251e-01 1.081493769334478827e+00 7.000000000000000000e+00 1.870000000000000000e+02 2.000000000000000000e+00
1.584230650955533726e-01 1.204930879733199234e+00 1.400000000000000000e+01 3.100000000000000000e+01 2.000000000000000000e+00
6.591716975228553155e-01 1.335219665814645629e-01 7.000000000000000000e+00 9.600000000000000000e+01 2.000000000000000000e+00
5.636251757195556156e-01 3.166013196808256103e-01 1.800000000000000000e+01 1.690000000000000000e+02 2.000000000000000000e+00
3.327016783050964488e-01 1.728303400492830377e+00 6.000000000000000000e+00 7.000000000000000000e+01 2.000000000000000000e+00
2.832490751830295944e-02 3.523389434558016342e-01 1.700000000000000000e+01 1.310000000000000000e+02 2.000000000000000000e+00
3.168908440713639196e-01 1.377819210671977990e+00 7.000000000000000000e+00 4.100000000000000000e+01 2.000000000000000000e+00
1.392126510998077382e-01 2.018225103104439366e+00 2.000000000000000000e+00 9.800000000000000000e+01 2.000000000000000000e+00
5.628081837046217117e-01 7.313461557046013750e-01 1.600000000000000000e+01 5.700000000000000000e+01 2.000000000000000000e+00
1.678830396189373575e-01 1.049376590414539567e+00 1.800000000000000000e+01 2.400000000000000000e+01 2.000000000000000000e+00
7.939848905471279250e-02 5.728976960111465955e-01 9.000000000000000000e+00 1.630000000000000000e+02 2.000000000000000000e+00
5.108938510634027930e-01 1.685690286022327289e+00 2.000000000000000000e+00 1.720000000000000000e+02 2.000000000000000000e+00
9.750591644417311299e-01 1.746254611950226465e+00 1.400000000000000000e+01 1.210000000000000000e+02 2.000000000000000000e+00
4.674943599363863278e-01 1.935470086660917799e+00 4.000000000000000000e+00 1.260000000000000000e+02 2.000000000000000000e+00
9.589723976609956235e-01 2.026717165962296008e+00 8.000000000000000000e+00 1.400000000000000000e+01 2.000000000000000000e+00
9.702116080563634171e-01 9.900397276450890738e-01 5.000000000000000000e+00 1.100000000000000000e+01 2.000000000000000000e+00
5.438687438814514968e-02 2.963720741257095392e-01 1.000000000000000000e+01 1.410000000000000000e+02 2.000000000000000000e+00
1.660735820614522157e-02 2.026251331891551821e+00 3.000000000000000000e+00 8.500000000000000000e+01 2.000000000000000000e+00
4.331236749204162573e-01 1.335010111384258069e+00 3.000000000000000000e+00 5.900000000000000000e+01 2.000000000000000000e+00
6.799904082669742111e-01 7.697346241954695634e-01 1.900000000000000000e+01 3.100000000000000000e+01 2.000000000000000000e+00
9.304626305894792004e-01 3.296413356340369694e-01 2.000000000000000000e+00 1.370000000000000000e+02 2.000000000000000000e+00
9.784188626187309001e-01 2.193742700920528199e-01 2.000000000000000000e+01 1.630000000000000000e+02 2.000000000000000000e+00
8.461110713276093209e-01 1.236917263643831921e+00 1.900000000000000000e+01 1.100000000000000000e+01 2.000000000000000000e+00
8.313231230992250698e-01 5.758730773095473987e-01 1.700000000000000000e+01 1.980000000000000000e+02 2.000000000000000000e+00
5.720866013605063055e-02 4.363462982925839784e-01 4.000000000000000000e+00 3.700000000000000000e+01 2.000000000000000000e+00
2.987055951532501252e-01 3.491840321430520477e-01 1.100000000000000000e+01 1.000000000000000000e+00 2.000000000000000000e+00
8.447093516143727721e-01 1.696840856009578902e+00 3.000000000000000000e+00 6.100000000000000000e+01 3.000000000000000000e+00
7.331491015256861310e-01 1.156321333482856206e-01 1.700000000000000000e+01 1.590000000000000000e+02 3.000000000000000000e+00
8.339227306813692397e-01 1.747724308941675408e+00 2.000000000000000000e+00 6.200000000000000000e+01 3.000000000000000000e+00
6.087649467053357633e-01 6.274900884028739023e-01 1.600000000000000000e+01 1.100000000000000000e+01 3.000000000000000000e+00
5.252426703889622184e-01 1.540120299006611404e+00 1.500000000000000000e+01 5.600000000000000000e+01 3.000000000000000000e+00
4.106019018281392013e-02 1.612821733766584276e-01 7.000000000000000000e+00 4.200000000000000000e+01 3.000000000000000000e+00
1.225130334136490390e-01 1.098148906313502149e+00 1.900000000000000000e+01 1.190000000000000000e+02 3.000000000000000000e+00
5.021251793035850230e-01 1.385061945900969649e+00 1.000000000000000000e+01 5.000000000000000000e+01 3.000000000000000000e+00
1.152460515732304097e-01 1.730015961697745741e+00 1.200000000000000000e+01 9.400000000000000000e+01 3.000000000000000000e+00
9.695886768296522185e-01 1.067060095974740497e+00 5.000000000000000000e+00 4.000000000000000000e+01 3.000000000000000000e+00
1.174054934275147420e-02 1.236102156242460115e+00 1.200000000000000000e+01 1.300000000000000000e+01 3.000000000000000000e+00
6.276625081106115278e-01 1.101497293773885833e+00 1.600000000000000000e+01 1.330000000000000000e+02 3.000000000000000000e+00
9.136979144539998376e-01 7.171684178303289192e-01 8.000000000000000000e+00 1.130000000000000000e+02 3.000000000000000000e+00
5.764280411107930435e-01 3.574183973119887670e-01 8.000000000000000000e+00 7.300000000000000000e+01 3.000000000000000000e+00
9.485357144439221511e-01 1.846444672127345976e+00 7.000000000000000000e+00 5.400000000000000000e+01 3.000000000000000000e+00
7.038015195043743066e-01 9.166059273481129699e-01 1.300000000000000000e+01 9.600000000000000000e+01 3.000000000000000000e+00
2.167395204320460289e-01 1.949884579972243737e+00 1.000000000000000000e+01 1.880000000000000000e+02 3.000000000000000000e+00
4.804496064078591644e-01 4.405581297393824647e-01 2.000000000000000000e+00 1.350000000000000000e+02 3.000000000000000000e+00
3.066287582876960904e-01 1.979558920638130770e+00 1.200000000000000000e+01 1.270000000000000000e+02 3.000000000000000000e+00
6.154293925615387240e-01 1.850176005810926672e+00 1.700000000000000000e+01 8.800000000000000000e+01 3.000000000000000000e+00
5.265309121410721022e-02 1.177076011545784839e-01 3.000000000000000000e+00 4.900000000000000000e+01 3.000000000000000000e+00
5.079843458819410101e-02 1.389568106465319364e+00 5.000000000000000000e+00 4.800000000000000000e+01 3.000000000000000000e+00
8.671434805662302236e-02 8.376293798601576190e-01 4.000000000000000000e+00 8.800000000000000000e+01 3.000000000000000000e+00
9.276135097066507962e-01 8.061922722620508130e-01 1.600000000000000000e+01 1.610000000000000000e+02 3.000000000000000000e+00
3.703569783780248370e-01 8.829895932348336141e-01 2.000000000000000000e+01 7.300000000000000000e+01 3.000000000000000000e+00
9.808346256835700494e-01 4.914402729754557830e-01 1.900000000000000000e+01 1.070000000000000000e+02 3.000000000000000000e+00
4.407093026262000057e-01 2.034816417576687242e-01 1.300000000000000000e+01 1.910000000000000000e+02 3.000000000000000000e+00
1.819789303769958622e-01 1.980202032617144781e+00 1.700000000000000000e+01 8.400000000000000000e+01 3.000000000000000000e+00
3.741716862063007021e-01 1.694079366401685771e+00 2.000000000000000000e+01 1.780000000000000000e+02 3.000000000000000000e+00
4.117896105840076482e-01 4.301788716145312774e-01 1.400000000000000000e+01 1.480000000000000000e+02 3.000000000000000000e+00
4.283901127310070223e-01 2.181792379198976006e-01 1.000000000000000000e+01 1.030000000000000000e+02 3.000000000000000000e+00
2.986894953683448817e-01 1.333259448916221279e+00 1.300000000000000000e+01 1.700000000000000000e+02 3.000000000000000000e+00
7.800245479991817499e-01 1.765960904635466511e+00 1.700000000000000000e+01 1.850000000000000000e+02 3.000000000000000000e+00
9.635164442105774718e-01 1.871771923625297485e-01 1.600000000000000000e+01 1.420000000000000000e+02 3.000000000000000000e+00
9.653038812661823842e-01 1.219642151442977163e+00 1.900000000000000000e+01 1.510000000000000000e+02 3.000000000000000000e+00
1.684047620343888108e-01 1.756389521302793133e+00 1.800000000000000000e+01 2.900000000000000000e+01 3.000000000000000000e+00
8.315264558190640365e-01 2.091524900052935898e+00 8.000000000000000000e+00 1.170000000000000000e+02 3.000000000000000000e+00
1.518116127768752710e-01 1.243507000775103899e+00 2.000000000000000000e+00 1.160000000000000000e+02 3.000000000000000000e+00
7.083511697413642505e-01 8.761605000105977537e-01 4.000000000000000000e+00 4.800000000000000000e+01 3.000000000000000000e+00
7.795600091549229615e-01 1.950662566094066852e+00 1.900000000000000000e+01 5.000000000000000000e+01 3.000000000000000000e+00
5.334373139120471841e-01 1.468515569993771308e+00 2.000000000000000000e+00 1.800000000000000000e+02 3.000000000000000000e+00
8.306392279814777124e-01 9.248767617748442360e-01 2.000000000000000000e+00 1.640000000000000000e+02 3.000000000000000000e+00
3.998891663137184027e-01 6.960375687737295758e-01 7.000000000000000000e+00 1.070000000000000000e+02 3.000000000000000000e+00
8.636192611836932542e-01 1.855626602443986306e-01 6.000000000000000000e+00 5.400000000000000000e+01 3.000000000000000000e+00
4.791575968412024045e-01 6.112090919312948012e-01 7.000000000000000000e+00 6.800000000000000000e+01 3.000000000000000000e+00
2.464565719738474048e-01 1.761263481645778839e+00 6.000000000000000000e+00 9.100000000000000000e+01 3.000000000000000000e+00
5.824491573035744940e-01 1.295804670515621204e+00 3.000000000000000000e+00 9.000000000000000000e+00 3.000000000000000000e+00
5.822312445111280654e-01 8.583555510358938934e-01 1.000000000000000000e+00 1.950000000000000000e+02 3.000000000000000000e+00
6.458972176914851149e-01 6.480026411573239775e-01 1.000000000000000000e+00 7.600000000000000000e+01 3.000000000000000000e+00
4.572593514858326325e-01 1.123879091064629243e+00 8.000000000000000000e+00 8.500000000000000000e+01 3.000000000000000000e+00
8.474905974010022991e-01 1.987190434543542272e+00 2.000000000000000000e+00 1.000000000000000000e+02 4.000000000000000000e+00
6.907390402301150090e-01 1.381667590835712112e+00 1.900000000000000000e+01 9.400000000000000000e+01 4.000000000000000000e+00
1.006317391710354281e+00 7.194173499016595086e-01 1.200000000000000000e+01 1.140000000000000000e+02 4.000000000000000000e+00
5.330626442799417664e-01 2.690083492441667223e-01 5.000000000000000000e+00 1.340000000000000000e+02 4.000000000000000000e+00
6.382581039100527764e-01 2.464392884258574112e-01 1.800000000000000000e+01 2.000000000000000000e+00 4.000000000000000000e+00
4.135417867079321796e-01 7.401875386740320861e-01 3.000000000000000000e+00 6.600000000000000000e+01 4.000000000000000000e+00
8.625816764533559278e-01 1.111366612158638301e+00 1.000000000000000000e+00 4.300000000000000000e+01 4.000000000000000000e+00
5.319606485377969401e-02 1.118842784477174002e+00 4.000000000000000000e+00 1.780000000000000000e+02 4.000000000000000000e+00
4.746409746258408724e-01 8.173552122929211849e-01 6.000000000000000000e+00 2.300000000000000000e+01 4.000000000000000000e+00
4.967204881883392487e-01 1.734966002435283094e+00 5.000000000000000000e+00 6.000000000000000000e+01 4.000000000000000000e+00
3.263904764962272109e-01 7.660613947472206808e-01 1.400000000000000000e+01 7.200000000000000000e+01 4.000000000000000000e+00
1.007951947478109567e+00 2.079802018654381135e-01 6.000000000000000000e+00 1.710000000000000000e+02 4.000000000000000000e+00
3.405171255463517177e-01 1.724288631261111204e+00 6.000000000000000000e+00 1.400000000000000000e+01 4.000000000000000000e+00
7.851469714792697063e-01 1.248875341694630992e+00 1.400000000000000000e+01 4.900000000000000000e+01 4.000000000000000000e+00
3.015020182300606200e-01 1.287353894783106745e-01 1.200000000000000000e+01 1.720000000000000000e+02 4.000000000000000000e+00
9.408892902952880055e-01 1.536574414209938899e+00 1.000000000000000000e+00 1.880000000000000000e+02 4.000000000000000000e+00
3.609435271201132805e-02 6.609338187578347457e-01 4.000000000000000000e+00 1.770000000000000000e+02 4.000000000000000000e+00
2.721584853572399654e-01 1.488629787245535407e+00 1.000000000000000000e+00 1.510000000000000000e+02 4.000000000000000000e+00
1.849572623916823089e-01 1.999566425778833256e+00 6.000000000000000000e+00 5.800000000000000000e+01 4.000000000000000000e+00
7.390321155375274564e-01 1.011244402171199985e-01 7.000000000000000000e+00 1.790000000000000000e+02 4.000000000000000000e+00
3.749102057016400202e-01 1.438809770040145875e+00 7.000000000000000000e+00 1.180000000000000000e+02 4.000000000000000000e+00
4.004361303749010004e-01 9.248010074952267567e-01 7.000000000000000000e+00 8.500000000000000000e+01 4.000000000000000000e+00
4.177595040105685359e-02 1.349081667028421583e+00 1.800000000000000000e+01 7.200000000000000000e+01 4.000000000000000000e+00
7.099616679997143576e-02 6.273076607285942297e-01 1.600000000000000000e+01 1.730000000000000000e+02 4.000000000000000000e+00
8.674256247147861254e-01 7.360123661939858009e-01 9.000000000000000000e+00 1.750000000000000000e+02 4.000000000000000000e+00
1.580221053677166587e-01 8.807985936639070035e-01 1.800000000000000000e+01 1.930000000000000000e+02 4.000000000000000000e+00
4.262925630466691818e-01 1.552212850503561503e+00 1.500000000000000000e+01 6.200000000000000000e+01 4.000000000000000000e+00
4.811940612455504196e-01 8.890886727851917692e-01 9.000000000000000000e+00 9.000000000000000000e+01 4.000000000000000000e+00
1.690139005130160132e-01 1.594546321940085720e+00 1.000000000000000000e+01 1.460000000000000000e+02 4.000000000000000000e+00
8.954355835901455229e-01 1.522648807529675574e+00 1.000000000000000000e+01 4.400000000000000000e+01 4.000000000000000000e+00
7.996051016470230310e-01 1.311751474813886154e-01 1.600000000000000000e+01 2.100000000000000000e+01 4.000000000000000000e+00
2.941480395861854058e-01 1.006068463463598794e+00 5.000000000000000000e+00 1.390000000000000000e+02 4.000000000000000000e+00
1.199951896964101955e-01 1.022250525254182030e+00 5.000000000000000000e+00 7.700000000000000000e+01 4.000000000000000000e+00
3.140548764458466202e-01 4.373497100977420393e-01 8.000000000000000000e+00 1.500000000000000000e+01 4.000000000000000000e+00
2.503611276275973657e-02 1.241615914561502887e+00 1.600000000000000000e+01 2.600000000000000000e+01 4.000000000000000000e+00
4.102108429448038107e-01 1.876003353777360605e+00 1.900000000000000000e+01 1.340000000000000000e+02 4.000000000000000000e+00
9.922606984409075848e-01 4.158156436078915830e-01 6.000000000000000000e+00 1.940000000000000000e+02 4.000000000000000000e+00
5.807765563728317648e-01 1.215317123941410005e+00 1.000000000000000000e+00 6.500000000000000000e+01 4.000000000000000000e+00
1.090513835174271445e-01 8.157297270165148051e-01 1.700000000000000000e+01 8.600000000000000000e+01 4.000000000000000000e+00
9.295218310605011247e-01 7.441552956695766108e-01 6.000000000000000000e+00 1.620000000000000000e+02 4.000000000000000000e+00
4.329756151539518871e-01 1.018125038085671452e+00 1.000000000000000000e+01 1.530000000000000000e+02 4.000000000000000000e+00
8.778263493316539323e-01 1.845215913222371995e+00 1.100000000000000000e+01 6.000000000000000000e+00 4.000000000000000000e+00
6.987930213805015889e-01 1.532438863904689530e+00 1.500000000000000000e+01 1.440000000000000000e+02 4.000000000000000000e+00
1.307638239046458040e-01 1.354819312256817287e+00 1.700000000000000000e+01 2.600000000000000000e+01 4.000000000000000000e+00
1.009995211270872106e+00 6.373710864984983848e-01 9.000000000000000000e+00 1.140000000000000000e+02 4.000000000000000000e+00
9.321943266320054100e-01 4.672198974620366263e-01 1.600000000000000000e+01 4.700000000000000000e+01 4.000000000000000000e+00
3.451376882277825686e-01 1.055965078068196839e+00 7.000000000000000000e+00 1.090000000000000000e+02 4.000000000000000000e+00
5.109796964230791660e-01 8.899363800480267761e-01 1.300000000000000000e+01 7.700000000000000000e+01 4.000000000000000000e+00
4.807193028783460775e-01 7.903229888945287884e-01 1.800000000000000000e+01 1.400000000000000000e+01 4.000000000000000000e+00
2.169247114526260400e-01 1.463785729114083889e+00 1.400000000000000000e+01 9.500000000000000000e+01 4.000000000000000000e+00
