2.060923097399394166e-01 1.505548801592834218e+00 5.000000000000000000e+00 1.450000000000000000e+02 0.000000000000000000e+00
2.060923097399394166e-01 1.505548801592834218e+00 5.000000000000000000e+00 1.450000000000000000e+02 1.000000000000000000e+00
2.060923097399394166e-01 1.505548801592834218e+00 5.000000000000000000e+00 1.450000000000000000e+02 2.000000000000000000e+00
2.060923097399394166e-01 1.505548801592834218e+00 5.000000000000000000e+00 1.450000000000000000e+02 3.000000000000000000e+00
2.060923097399394166e-01 1.505548801592834218e+00 5.000000000000000000e+00 1.450000000000000000e+02 4.000000000000000000e+00
4.236917334682508418e-01 1.253601497451606761e+00 6.000000000000000000e+00 7.000000000000000000e+00 0.000000000000000000e+00
4.236917334682508418e-01 1.253601497451606761e+00 6.000000000000000000e+00 7.000000000000000000e+00 1.000000000000000000e+00
4.236917334682508418e-01 1.253601497451606761e+00 6.000000000000000000e+00 7.000000000000000000e+00 2.000000000000000000e+00
4.236917334682508418e-01 1.253601497451606761e+00 6.000000000000000000e+00 7.000000000000000000e+00 3.000000000000000000e+00
4.236917334682508418e-01 1.253601497451606761e+00 6.000000000000000000e+00 7.000000000000000000e+00 4.000000000000000000e+00
7.378717122573453802e-01 4.810808064971258124e-01 8.000000000000000000e+00 8.000000000000000000e+00 0.000000000000000000e+00
7.378717122573453802e-01 4.810808064971258124e-01 8.000000000000000000e+00 8.000000000000000000e+00 1.000000000000000000e+00
7.378717122573453802e-01 4.810808064971258124e-01 8.000000000000000000e+00 8.000000000000000000e+00 2.000000000000000000e+00
7.378717122573453802e-01 4.810808064971258124e-01 8.000000000000000000e+00 8.000000000000000000e+00 3.000000000000000000e+00
7.378717122573453802e-01 4.810808064971258124e-01 8.000000000000000000e+00 8.000000000000000000e+00 4.000000000000000000e+00
5.831181909157037158e-01 1.328385103880508344e+00 7.000000000000000000e+00 2.600000000000000000e+01 0.000000000000000000e+00
5.831181909157037158e-01 1.328385103880508344e+00 7.000000000000000000e+00 2.600000000000000000e+01 1.000000000000000000e+00
5.831181909157037158e-01 1.328385103880508344e+00 7.000000000000000000e+00 2.600000000000000000e+01 2.000000000000000000e+00
5.831181909157037158e-01 1.328385103880508344e+00 7.000000000000000000e+00 2.600000000000000000e+01 3.000000000000000000e+00
5.831181909157037158e-01 1.328385103880508344e+00 7.000000000000000000e+00 2.600000000000000000e+01 4.000000000000000000e+00
5.539880128145588944e-01 1.685269993139970834e+00 1.000000000000000000e+01 8.600000000000000000e+01 0.000000000000000000e+00
5.539880128145588944e-01 1.685269993139970834e+00 1.000000000000000000e+01 8.600000000000000000e+01 1.000000000000000000e+00
5.539880128145588944e-01 1.685269993139970834e+00 1.000000000000000000e+01 8.600000000000000000e+01 2.000000000000000000e+00
5.539880128145588944e-01 1.685269993139970834e+00 1.000000000000000000e+01 8.600000000000000000e+01 3.000000000000000000e+00
5.539880128145588944e-01 1.685269993139970834e+00 1.000000000000000000e+01 8.600000000000000000e+01 4.000000000000000000e+00
5.535677285395278480e-01 9.043298191322085566e-01 8.000000000000000000e+00 8.800000000000000000e+01 0.000000000000000000e+00
5.535677285395278480e-01 9.043298191322085566e-01 8.000000000000000000e+00 8.800000000000000000e+01 1.000000000000000000e+00
5.535677285395278480e-01 9.043298191322085566e-01 8.000000000000000000e+00 8.800000000000000000e+01 2.000000000000000000e+00
5.535677285395278480e-01 9.043298191322085566e-01 8.000000000000000000e+00 8.800000000000000000e+01 3.000000000000000000e+00
5.535677285395278480e-01 9.043298191322085566e-01 8.000000000000000000e+00 8.800000000000000000e+01 4.000000000000000000e+00
9.158688027710358559e-02 1.531513480701876651e+00 1.300000000000000000e+01 1.530000000000000000e+02 0.000000000000000000e+00
9.158688027710358559e-02 1.531513480701876651e+00 1.300000000000000000e+01 1.530000000000000000e+02 1.000000000000000000e+00
9.158688027710358559e-02 1.531513480701876651e+00 1.300000000000000000e+01 1.530000000000000000e+02 2.000000000000000000e+00
9.158688027710358559e-02 1.531513480701876651e+00 1.300000000000000000e+01 1.530000000000000000e+02 3.000000000000000000e+00
9.158688027710358559e-02 1.531513480701876651e+00 1.300000000000000000e+01 1.530000000000000000e+02 4.000000000000000000e+00
1.005630590090787368e+00 3.850557759466378682e-01 4.000000000000000000e+00 7.900000000000000000e+01 0.000000000000000000e+00
1.005630590090787368e+00 3.850557759466378682e-01 4.000000000000000000e+00 7.900000000000000000e+01 1.000000000000000000e+00
1.005630590090787368e+00 3.850557759466378682e-01 4.000000000000000000e+00 7.900000000000000000e+01 2.000000000000000000e+00
1.005630590090787368e+00 3.850557759466378682e-01 4.000000000000000000e+00 7.900000000000000000e+01 3.000000000000000000e+00
1.005630590090787368e+00 3.850557759466378682e-01 4.000000000000000000e+00 7.900000000000000000e+01 4.000000000000000000e+00
1.630180734036540402e-01 5.124280102510242463e-01 1.700000000000000000e+01 1.290000000000000000e+02 0.000000000000000000e+00
1.630180734036540402e-01 5.124280102510242463e-01 1.700000000000000000e+01 1.290000000000000000e+02 1.000000000000000000e+00
1.630180734036540402e-01 5.124280102510242463e-01 1.700000000000000000e+01 1.290000000000000000e+02 2.000000000000000000e+00
1.630180734036540402e-01 5.124280102510242463e-01 1.700000000000000000e+01 1.290000000000000000e+02 3.000000000000000000e+00
1.630180734036540402e-01 5.124280102510242463e-01 1.700000000000000000e+01 1.290000000000000000e+02 4.000000000000000000e+00
9.463490860389699444e-01 1.704061429545226325e+00 6.000000000000000000e+00 1.620000000000000000e+02 0.000000000000000000e+00
9.463490860389699444e-01 1.704061429545226325e+00 6.000000000000000000e+00 1.620000000000000000e+02 1.000000000000000000e+00
9.463490860389699444e-01 1.704061429545226325e+00 6.000000000000000000e+00 1.620000000000000000e+02 2.000000000000000000e+00
9.463490860389699444e-01 1.704061429545226325e+00 6.000000000000000000e+00 1.620000000000000000e+02 3.000000000000000000e+00
9.463490860389699444e-01 1.704061429545226325e+00 6.000000000000000000e+00 1.620000000000000000e+02 4.000000000000000000e+00
9.189852895534800226e-01 2.034040372015040621e+00 2.000000000000000000e+00 1.050000000000000000e+02 0.000000000000000000e+00
9.189852895534800226e-01 2.034040372015040621e+00 2.000000000000000000e+00 1.050000000000000000e+02 1.000000000000000000e+00
9.189852895534800226e-01 2.034040372015040621e+00 2.000000000000000000e+00 1.050000000000000000e+02 2.000000000000000000e+00
9.189852895534800226e-01 2.034040372015040621e+00 2.000000000000000000e+00 1.050000000000000000e+02 3.000000000000000000e+00
9.189852895534800226e-01 2.034040372015040621e+00 2.000000000000000000e+00 1.050000000000000000e+02 4.000000000000000000e+00
7.880688221259325443e-01 1.885884379856547666e+00 1.100000000000000000e+01 1.510000000000000000e+02 0.000000000000000000e+00
7.880688221259325443e-01 1.885884379856547666e+00 1.100000000000000000e+01 1.510000000000000000e+02 1.000000000000000000e+00
7.880688221259325443e-01 1.885884379856547666e+00 1.100000000000000000e+01 1.510000000000000000e+02 2.000000000000000000e+00
7.880688221259325443e-01 1.885884379856547666e+00 1.100000000000000000e+01 1.510000000000000000e+02 3.000000000000000000e+00
7.880688221259325443e-01 1.885884379856547666e+00 1.100000000000000000e+01 1.510000000000000000e+02 4.000000000000000000e+00
3.219750162903074475e-01 1.071345005286713947e+00 2.000000000000000000e+01 4.300000000000000000e+01 0.000000000000000000e+00
3.219750162903074475e-01 1.071345005286713947e+00 2.000000000000000000e+01 4.300000000000000000e+01 1.000000000000000000e+00
3.219750162903074475e-01 1.071345005286713947e+00 2.000000000000000000e+01 4.300000000000000000e+01 2.000000000000000000e+00
3.219750162903074475e-01 1.071345005286713947e+00 2.000000000000000000e+01 4.300000000000000000e+01 3.000000000000000000e+00
3.219750162903074475e-01 1.071345005286713947e+00 2.000000000000000000e+01 4.300000000000000000e+01 4.000000000000000000e+00
7.180991207001208299e-01 1.892401045865375941e+00 5.000000000000000000e+00 9.200000000000000000e+01 0.000000000000000000e+00
7.180991207001208299e-01 1.892401045865375941e+00 5.000000000000000000e+00 9.200000000000000000e+01 1.000000000000000000e+00
7.180991207001208299e-01 1.892401045865375941e+00 5.000000000000000000e+00 9.200000000000000000e+01 2.000000000000000000e+00
7.180991207001208299e-01 1.892401045865375941e+00 5.000000000000000000e+00 9.200000000000000000e+01 3.000000000000000000e+00
7.180991207001208299e-01 1.892401045865375941e+00 5.000000000000000000e+00 9.200000000000000000e+01 4.000000000000000000e+00
7.861689080752274350e-01 6.164576119210801730e-01 1.200000000000000000e+01 4.200000000000000000e+01 0.000000000000000000e+00
7.861689080752274350e-01 6.164576119210801730e-01 1.200000000000000000e+01 4.200000000000000000e+01 1.000000000000000000e+00
7.861689080752274350e-01 6.164576119210801730e-01 1.200000000000000000e+01 4.200000000000000000e+01 2.000000000000000000e+00
7.861689080752274350e-01 6.164576119210801730e-01 1.200000000000000000e+01 4.200000000000000000e+01 3.000000000000000000e+00
7.861689080752274350e-01 6.164576119210801730e-01 1.200000000000000000e+01 4.200000000000000000e+01 4.000000000000000000e+00
2.770245053477077279e-01 2.375868822130752511e-01 1.000000000000000000e+01 7.200000000000000000e+01 0.000000000000000000e+00
2.770245053477077279e-01 2.375868822130752511e-01 1.000000000000000000e+01 7.200000000000000000e+01 1.000000000000000000e+00
2.770245053477077279e-01 2.375868822130752511e-01 1.000000000000000000e+01 7.200000000000000000e+01 2.000000000000000000e+00
2.770245053477077279e-01 2.375868822130752511e-01 1.000000000000000000e+01 7.200000000000000000e+01 3.000000000000000000e+00
2.770245053477077279e-01 2.375868822130752511e-01 1.000000000000000000e+01 7.200000000000000000e+01 4.000000000000000000e+00
2.286908737535927605e-01 1.051803692395814505e+00 1.600000000000000000e+01 5.600000000000000000e+01 0.000000000000000000e+00
2.286908737535927605e-01 1.051803692395814505e+00 1.600000000000000000e+01 5.600000000000000000e+01 1.000000000000000000e+00
2.286908737535927605e-01 1.051803692395814505e+00 1.600000000000000000e+01 5.600000000000000000e+01 2.000000000000000000e+00
2.286908737535927605e-01 1.051803692395814505e+00 1.600000000000000000e+01 5.600000000000000000e+01 3.000000000000000000e+00
2.286908737535927605e-01 1.051803692395814505e+00 1.600000000000000000e+01 5.600000000000000000e+01 4.000000000000000000e+00
1.161486473077548570e-01 2.043403640058123916e+00 1.000000000000000000e+01 1.160000000000000000e+02 0.000000000000000000e+00
1.161486473077548570e-01 2.043403640058123916e+00 1.000000000000000000e+01 1.160000000000000000e+02 1.000000000000000000e+00
1.161486473077548570e-01 2.043403640058123916e+00 1.000000000000000000e+01 1.160000000000000000e+02 2.000000000000000000e+00
1.161486473077548570e-01 2.043403640058123916e+00 1.000000000000000000e+01 1.160000000000000000e+02 3.000000000000000000e+00
1.161486473077548570e-01 2.043403640058123916e+00 1.000000000000000000e+01 1.160000000000000000e+02 4.000000000000000000e+00
1.258457906997206832e-01 8.621190075715462475e-01 6.000000000000000000e+00 1.130000000000000000e+02 0.000000000000000000e+00
1.258457906997206832e-01 8.621190075715462475e-01 6.000000000000000000e+00 1.130000000000000000e+02 1.000000000000000000e+00
1.258457906997206832e-01 8.621190075715462475e-01 6.000000000000000000e+00 1.130000000000000000e+02 2.000000000000000000e+00
1.258457906997206832e-01 8.621190075715462475e-01 6.000000000000000000e+00 1.130000000000000000e+02 3.000000000000000000e+00
1.258457906997206832e-01 8.621190075715462475e-01 6.000000000000000000e+00 1.130000000000000000e+02 4.000000000000000000e+00
5.985880722204763860e-01 8.731612038652273311e-01 2.000000000000000000e+00 7.200000000000000000e+01 0.000000000000000000e+00
5.985880722204763860e-01 8.731612038652273311e-01 2.000000000000000000e+00 7.200000000000000000e+01 1.000000000000000000e+00
5.985880722204763860e-01 8.731612038652273311e-01 2.000000000000000000e+00 7.200000000000000000e+01 2.000000000000000000e+00
5.985880722204763860e-01 8.731612038652273311e-01 2.000000000000000000e+00 7.200000000000000000e+01 3.000000000000000000e+00
5.985880722204763860e-01 8.731612038652273311e-01 2.000000000000000000e+00 7.200000000000000000e+01 4.000000000000000000e+00
4.719009913492334674e-01 2.937119134885276539e-01 1.000000000000000000e+00 1.740000000000000000e+02 0.000000000000000000e+00
4.719009913492334674e-01 2.937119134885276539e-01 1.000000000000000000e+00 1.740000000000000000e+02 1.000000000000000000e+00
4.719009913492334674e-01 2.937119134885276539e-01 1.000000000000000000e+00 1.740000000000000000e+02 2.000000000000000000e+00
4.719009913492334674e-01 2.937119134885276539e-01 1.000000000000000000e+00 1.740000000000000000e+02 3.000000000000000000e+00
4.719009913492334674e-01 2.937119134885276539e-01 1.000000000000000000e+00 1.740000000000000000e+02 4.000000000000000000e+00
6.650043846401770820e-01 1.508970910178248026e+00 9.000000000000000000e+00 1.370000000000000000e+02 0.000000000000000000e+00
6.650043846401770820e-01 1.508970910178248026e+00 9.000000000000000000e+00 1.370000000000000000e+02 1.000000000000000000e+00
6.650043846401770820e-01 1.508970910178248026e+00 9.000000000000000000e+00 1.370000000000000000e+02 2.000000000000000000e+00
6.650043846401770820e-01 1.508970910178248026e+00 9.000000000000000000e+00 1.370000000000000000e+02 3.000000000000000000e+00
6.650043846401770820e-01 1.508970910178248026e+00 9.000000000000000000e+00 1.370000000000000000e+02 4.000000000000000000e+00
8.169472445422273355e-01 2.697035422085315437e-01 3.000000000000000000e+00 1.080000000000000000e+02 0.000000000000000000e+00
8.169472445422273355e-01 2.697035422085315437e-01 3.000000000000000000e+00 1.080000000000000000e+02 1.000000000000000000e+00
8.169472445422273355e-01 2.697035422085315437e-01 3.000000000000000000e+00 1.080000000000000000e+02 2.000000000000000000e+00
8.169472445422273355e-01 2.697035422085315437e-01 3.000000000000000000e+00 1.080000000000000000e+02 3.000000000000000000e+00
8.169472445422273355e-01 2.697035422085315437e-01 3.000000000000000000e+00 1.080000000000000000e+02 4.000000000000000000e+00
3.643503293441350266e-01 1.903553008198564100e+00 1.400000000000000000e+01 1.480000000000000000e+02 0.000000000000000000e+00
3.643503293441350266e-01 1.903553008198564100e+00 1.400000000000000000e+01 1.480000000000000000e+02 1.000000000000000000e+00
3.643503293441350266e-01 1.903553008198564100e+00 1.400000000000000000e+01 1.480000000000000000e+02 2.000000000000000000e+00
3.643503293441350266e-01 1.903553008198564100e+00 1.400000000000000000e+01 1.480000000000000000e+02 3.000000000000000000e+00
3.643503293441350266e-01 1.903553008198564100e+00 1.400000000000000000e+01 1.480000000000000000e+02 4.000000000000000000e+00
1.035431855114354004e-02 6.464951183332955376e-01 1.900000000000000000e+01 1.590000000000000000e+02 0.000000000000000000e+00
1.035431855114354004e-02 6.464951183332955376e-01 1.900000000000000000e+01 1.590000000000000000e+02 1.000000000000000000e+00
1.035431855114354004e-02 6.464951183332955376e-01 1.900000000000000000e+01 1.590000000000000000e+02 2.000000000000000000e+00
1.035431855114354004e-02 6.464951183332955376e-01 1.900000000000000000e+01 1.590000000000000000e+02 3.000000000000000000e+00
1.035431855114354004e-02 6.464951183332955376e-01 1.900000000000000000e+01 1.590000000000000000e+02 4.000000000000000000e+00
2.002592866460484178e-01 8.286180374517745362e-01 1.000000000000000000e+00 1.970000000000000000e+02 0.000000000000000000e+00
2.002592866460484178e-01 8.286180374517745362e-01 1.000000000000000000e+00 1.970000000000000000e+02 1.000000000000000000e+00
2.002592866460484178e-01 8.286180374517745362e-01 1.000000000000000000e+00 1.970000000000000000e+02 2.000000000000000000e+00
2.002592866460484178e-01 8.286180374517745362e-01 1.000000000000000000e+00 1.970000000000000000e+02 3.000000000000000000e+00
2.002592866460484178e-01 8.286180374517745362e-01 1.000000000000000000e+00 1.970000000000000000e+02 4.000000000000000000e+00
6.469446732890976604e-01 1.820427795220397549e+00 1.700000000000000000e+01 1.200000000000000000e+01 0.000000000000000000e+00
6.469446732890976604e-01 1.820427795220397549e+00 1.700000000000000000e+01 1.200000000000000000e+01 1.000000000000000000e+00
6.469446732890976604e-01 1.820427795220397549e+00 1.700000000000000000e+01 1.200000000000000000e+01 2.000000000000000000e+00
6.469446732890976604e-01 1.820427795220397549e+00 1.700000000000000000e+01 1.200000000000000000e+01 3.000000000000000000e+00
6.469446732890976604e-01 1.820427795220397549e+00 1.700000000000000000e+01 1.200000000000000000e+01 4.000000000000000000e+00
8.441286184469903864e-01 5.299928775156957927e-01 3.000000000000000000e+00 1.320000000000000000e+02 0.000000000000000000e+00
8.441286184469903864e-01 5.299928775156957927e-01 3.000000000000000000e+00 1.320000000000000000e+02 1.000000000000000000e+00
8.441286184469903864e-01 5.299928775156957927e-01 3.000000000000000000e+00 1.320000000000000000e+02 2.000000000000000000e+00
8.441286184469903864e-01 5.299928775156957927e-01 3.000000000000000000e+00 1.320000000000000000e+02 3.000000000000000000e+00
8.441286184469903864e-01 5.299928775156957927e-01 3.000000000000000000e+00 1.320000000000000000e+02 4.000000000000000000e+00
1.981161186074329450e-01 1.822801059876942409e+00 1.600000000000000000e+01 2.100000000000000000e+01 0.000000000000000000e+00
1.981161186074329450e-01 1.822801059876942409e+00 1.600000000000000000e+01 2.100000000000000000e+01 1.000000000000000000e+00
1.981161186074329450e-01 1.822801059876942409e+00 1.600000000000000000e+01 2.100000000000000000e+01 2.000000000000000000e+00
1.981161186074329450e-01 1.822801059876942409e+00 1.600000000000000000e+01 2.100000000000000000e+01 3.000000000000000000e+00
1.981161186074329450e-01 1.822801059876942409e+00 1.600000000000000000e+01 2.100000000000000000e+01 4.000000000000000000e+00
2.921962391391993430e-01 4.407978022738513468e-01 1.400000000000000000e+01 1.800000000000000000e+02 0.000000000000000000e+00
2.921962391391993430e-01 4.407978022738513468e-01 1.400000000000000000e+01 1.800000000000000000e+02 1.000000000000000000e+00
2.921962391391993430e-01 4.407978022738513468e-01 1.400000000000000000e+01 1.800000000000000000e+02 2.000000000000000000e+00
2.921962391391993430e-01 4.407978022738513468e-01 1.400000000000000000e+01 1.800000000000000000e+02 3.000000000000000000e+00
2.921962391391993430e-01 4.407978022738513468e-01 1.400000000000000000e+01 1.800000000000000000e+02 4.000000000000000000e+00
6.890607551691955157e-01 6.193070594210018376e-01 1.500000000000000000e+01 1.650000000000000000e+02 0.000000000000000000e+00
6.890607551691955157e-01 6.193070594210018376e-01 1.500000000000000000e+01 1.650000000000000000e+02 1.000000000000000000e+00
6.890607551691955157e-01 6.193070594210018376e-01 1.500000000000000000e+01 1.650000000000000000e+02 2.000000000000000000e+00
6.890607551691955157e-01 6.193070594210018376e-01 1.500000000000000000e+01 1.650000000000000000e+02 3.000000000000000000e+00
6.890607551691955157e-01 6.193070594210018376e-01 1.500000000000000000e+01 1.650000000000000000e+02 4.000000000000000000e+00
9.884891783433312484e-02 1.559539176391088189e+00 5.000000000000000000e+00 1.790000000000000000e+02 0.000000000000000000e+00
9.884891783433312484e-02 1.559539176391088189e+00 5.000000000000000000e+00 1.790000000000000000e+02 1.000000000000000000e+00
9.884891783433312484e-02 1.559539176391088189e+00 5.000000000000000000e+00 1.790000000000000000e+02 2.000000000000000000e+00
9.884891783433312484e-02 1.559539176391088189e+00 5.000000000000000000e+00 1.790000000000000000e+02 3.000000000000000000e+00
9.884891783433312484e-02 1.559539176391088189e+00 5.000000000000000000e+00 1.790000000000000000e+02 4.000000000000000000e+00
5.729626374003932154e-01 8.934320740084017443e-01 1.600000000000000000e+01 5.300000000000000000e+01 0.000000000000000000e+00
5.729626374003932154e-01 8.934320740084017443e-01 1.600000000000000000e+01 5.300000000000000000e+01 1.000000000000000000e+00
5.729626374003932154e-01 8.934320740084017443e-01 1.600000000000000000e+01 5.300000000000000000e+01 2.000000000000000000e+00
5.729626374003932154e-01 8.934320740084017443e-01 1.600000000000000000e+01 5.300000000000000000e+01 3.000000000000000000e+00
5.729626374003932154e-01 8.934320740084017443e-01 1.600000000000000000e+01 5.300000000000000000e+01 4.000000000000000000e+00
1.760490510209512527e-01 2.099695171222220491e+00 1.900000000000000000e+01 3.700000000000000000e+01 0.000000000000000000e+00
1.760490510209512527e-01 2.099695171222220491e+00 1.900000000000000000e+01 3.700000000000000000e+01 1.000000000000000000e+00
1.760490510209512527e-01 2.099695171222220491e+00 1.900000000000000000e+01 3.700000000000000000e+01 2.000000000000000000e+00
1.760490510209512527e-01 2.099695171222220491e+00 1.900000000000000000e+01 3.700000000000000000e+01 3.000000000000000000e+00
1.760490510209512527e-01 2.099695171222220491e+00 1.900000000000000000e+01 3.700000000000000000e+01 4.000000000000000000e+00
5.546134093168049173e-01 1.801405006790025798e+00 1.400000000000000000e+01 1.360000000000000000e+02 0.000000000000000000e+00
5.546134093168049173e-01 1.801405006790025798e+00 1.400000000000000000e+01 1.360000000000000000e+02 1.000000000000000000e+00
5.546134093168049173e-01 1.801405006790025798e+00 1.400000000000000000e+01 1.360000000000000000e+02 2.000000000000000000e+00
5.546134093168049173e-01 1.801405006790025798e+00 1.400000000000000000e+01 1.360000000000000000e+02 3.000000000000000000e+00
5.546134093168049173e-01 1.801405006790025798e+00 1.400000000000000000e+01 1.360000000000000000e+02 4.000000000000000000e+00
4.077508291242615268e-01 1.207373480107063024e+00 1.500000000000000000e+01 1.650000000000000000e+02 0.000000000000000000e+00
4.077508291242615268e-01 1.207373480107063024e+00 1.500000000000000000e+01 1.650000000000000000e+02 1.000000000000000000e+00
4.077508291242615268e-01 1.207373480107063024e+00 1.500000000000000000e+01 1.650000000000000000e+02 2.000000000000000000e+00
4.077508291242615268e-01 1.207373480107063024e+00 1.500000000000000000e+01 1.650000000000000000e+02 3.000000000000000000e+00
4.077508291242615268e-01 1.207373480107063024e+00 1.500000000000000000e+01 1.650000000000000000e+02 4.000000000000000000e+00
2.362263775229771490e-01 1.653424318886963285e+00 8.000000000000000000e+00 2.000000000000000000e+00 0.000000000000000000e+00
2.362263775229771490e-01 1.653424318886963285e+00 8.000000000000000000e+00 2.000000000000000000e+00 1.000000000000000000e+00
2.362263775229771490e-01 1.653424318886963285e+00 8.000000000000000000e+00 2.000000000000000000e+00 2.000000000000000000e+00
2.362263775229771490e-01 1.653424318886963285e+00 8.000000000000000000e+00 2.000000000000000000e+00 3.000000000000000000e+00
2.362263775229771490e-01 1.653424318886963285e+00 8.000000000000000000e+00 2.000000000000000000e+00 4.000000000000000000e+00
6.964263190015427263e-01 1.391782464919088413e+00 6.000000000000000000e+00 2.600000000000000000e+01 0.000000000000000000e+00
6.964263190015427263e-01 1.391782464919088413e+00 6.000000000000000000e+00 2.600000000000000000e+01 1.000000000000000000e+00
6.964263190015427263e-01 1.391782464919088413e+00 6.000000000000000000e+00 2.600000000000000000e+01 2.000000000000000000e+00
6.964263190015427263e-01 1.391782464919088413e+00 6.000000000000000000e+00 2.600000000000000000e+01 3.000000000000000000e+00
6.964263190015427263e-01 1.391782464919088413e+00 6.000000000000000000e+00 2.600000000000000000e+01 4.000000000000000000e+00
8.383513314583722620e-01 1.114075263787211112e+00 1.700000000000000000e+01 1.110000000000000000e+02 0.000000000000000000e+00
8.383513314583722620e-01 1.114075263787211112e+00 1.700000000000000000e+01 1.110000000000000000e+02 1.000000000000000000e+00
8.383513314583722620e-01 1.114075263787211112e+00 1.700000000000000000e+01 1.110000000000000000e+02 2.000000000000000000e+00
8.383513314583722620e-01 1.114075263787211112e+00 1.700000000000000000e+01 1.110000000000000000e+02 3.000000000000000000e+00
8.383513314583722620e-01 1.114075263787211112e+00 1.700000000000000000e+01 1.110000000000000000e+02 4.000000000000000000e+00
7.494073751386195470e-01 1.287384716479770264e+00 1.100000000000000000e+01 3.000000000000000000e+00 0.000000000000000000e+00
7.494073751386195470e-01 1.287384716479770264e+00 1.100000000000000000e+01 3.000000000000000000e+00 1.000000000000000000e+00
7.494073751386195470e-01 1.287384716479770264e+00 1.100000000000000000e+01 3.000000000000000000e+00 2.000000000000000000e+00
7.494073751386195470e-01 1.287384716479770264e+00 1.100000000000000000e+01 3.000000000000000000e+00 3.000000000000000000e+00
7.494073751386195470e-01 1.287384716479770264e+00 1.100000000000000000e+01 3.000000000000000000e+00 4.000000000000000000e+00
2.551937606416686960e-02 5.969355786488098614e-01 1.900000000000000000e+01 7.000000000000000000e+01 0.000000000000000000e+00
2.551937606416686960e-02 5.969355786488098614e-01 1.900000000000000000e+01 7.000000000000000000e+01 1.000000000000000000e+00
2.551937606416686960e-02 5.969355786488098614e-01 1.900000000000000000e+01 7.000000000000000000e+01 2.000000000000000000e+00
2.551937606416686960e-02 5.969355786488098614e-01 1.900000000000000000e+01 7.000000000000000000e+01 3.000000000000000000e+00
2.551937606416686960e-02 5.969355786488098614e-01 1.900000000000000000e+01 7.000000000000000000e+01 4.000000000000000000e+00
9.577817190644742629e-02 1.023646370780428860e+00 1.600000000000000000e+01 6.800000000000000000e+01 0.000000000000000000e+00
9.577817190644742629e-02 1.023646370780428860e+00 1.600000000000000000e+01 6.800000000000000000e+01 1.000000000000000000e+00
9.577817190644742629e-02 1.023646370780428860e+00 1.600000000000000000e+01 6.800000000000000000e+01 2.000000000000000000e+00
9.577817190644742629e-02 1.023646370780428860e+00 1.600000000000000000e+01 6.800000000000000000e+01 3.000000000000000000e+00
9.577817190644742629e-02 1.023646370780428860e+00 1.600000000000000000e+01 6.800000000000000000e+01 4.000000000000000000e+00
1.149111925485028912e-01 1.683728571866902168e+00 7.000000000000000000e+00 3.000000000000000000e+00 0.000000000000000000e+00
1.149111925485028912e-01 1.683728571866902168e+00 7.000000000000000000e+00 3.000000000000000000e+00 1.000000000000000000e+00
1.149111925485028912e-01 1.683728571866902168e+00 7.000000000000000000e+00 3.000000000000000000e+00 2.000000000000000000e+00
1.149111925485028912e-01 1.683728571866902168e+00 7.000000000000000000e+00 3.000000000000000000e+00 3.000000000000000000e+00
1.149111925485028912e-01 1.683728571866902168e+00 7.000000000000000000e+00 3.000000000000000000e+00 4.000000000000000000e+00
4.656020095863552255e-01 6.343355978531440842e-01 1.000000000000000000e+01 3.400000000000000000e+01 0.000000000000000000e+00
4.656020095863552255e-01 6.343355978531440842e-01 1.000000000000000000e+01 3.400000000000000000e+01 1.000000000000000000e+00
4.656020095863552255e-01 6.343355978531440842e-01 1.000000000000000000e+01 3.400000000000000000e+01 2.000000000000000000e+00
4.656020095863552255e-01 6.343355978531440842e-01 1.000000000000000000e+01 3.400000000000000000e+01 3.000000000000000000e+00
4.656020095863552255e-01 6.343355978531440842e-01 1.000000000000000000e+01 3.400000000000000000e+01 4.000000000000000000e+00
5.292970209080074540e-01 1.537053623204787112e+00 1.400000000000000000e+01 1.670000000000000000e+02 0.000000000000000000e+00
5.292970209080074540e-01 1.537053623204787112e+00 1.400000000000000000e+01 1.670000000000000000e+02 1.000000000000000000e+00
5.292970209080074540e-01 1.537053623204787112e+00 1.400000000000000000e+01 1.670000000000000000e+02 2.000000000000000000e+00
5.292970209080074540e-01 1.537053623204787112e+00 1.400000000000000000e+01 1.670000000000000000e+02 3.000000000000000000e+00
5.292970209080074540e-01 1.537053623204787112e+00 1.400000000000000000e+01 1.670000000000000000e+02 4.000000000000000000e+00
9.873618599905610305e-01 1.590295363830090514e+00 3.000000000000000000e+00 1.900000000000000000e+02 0.000000000000000000e+00
9.873618599905610305e-01 1.590295363830090514e+00 3.000000000000000000e+00 1.900000000000000000e+02 1.000000000000000000e+00
9.873618599905610305e-01 1.590295363830090514e+00 3.000000000000000000e+00 1.900000000000000000e+02 2.000000000000000000e+00
9.873618599905610305e-01 1.590295363830090514e+00 3.000000000000000000e+00 1.900000000000000000e+02 3.000000000000000000e+00
9.873618599905610305e-01 1.590295363830090514e+00 3.000000000000000000e+00 1.900000000000000000e+02 4.000000000000000000e+00
2.644996093182749169e-02 6.774448669198768203e-01 1.200000000000000000e+01 8.200000000000000000e+01 0.000000000000000000e+00
2.644996093182749169e-02 6.774448669198768203e-01 1.200000000000000000e+01 8.200000000000000000e+01 1.000000000000000000e+00
2.644996093182749169e-02 6.774448669198768203e-01 1.200000000000000000e+01 8.200000000000000000e+01 2.000000000000000000e+00
2.644996093182749169e-02 6.774448669198768203e-01 1.200000000000000000e+01 8.200000000000000000e+01 3.000000000000000000e+00
2.644996093182749169e-02 6.774448669198768203e-01 1.200000000000000000e+01 8.200000000000000000e+01 4.000000000000000000e+00
8.452709497487623791e-01 2.772770952145290346e-01 1.000000000000000000e+00 5.800000000000000000e+01 0.000000000000000000e+00
8.452709497487623791e-01 2.772770952145290346e-01 1.000000000000000000e+00 5.800000000000000000e+01 1.000000000000000000e+00
8.452709497487623791e-01 2.772770952145290346e-01 1.000000000000000000e+00 5.800000000000000000e+01 2.000000000000000000e+00
8.452709497487623791e-01 2.772770952145290346e-01 1.000000000000000000e+00 5.800000000000000000e+01 3.000000000000000000e+00
8.452709497487623791e-01 2.772770952145290346e-01 1.000000000000000000e+00 5.800000000000000000e+01 4.000000000000000000e+00
7.144618984053321409e-01 1.857000277844017833e-01 1.100000000000000000e+01 4.000000000000000000e+00 0.000000000000000000e+00
7.144618984053321409e-01 1.857000277844017833e-01 1.100000000000000000e+01 4.000000000000000000e+00 1.000000000000000000e+00
7.144618984053321409e-01 1.857000277844017833e-01 1.100000000000000000e+01 4.000000000000000000e+00 2.000000000000000000e+00
7.144618984053321409e-01 1.857000277844017833e-01 1.100000000000000000e+01 4.000000000000000000e+00 3.000000000000000000e+00
7.144618984053321409e-01 1.857000277844017833e-01 1.100000000000000000e+01 4.000000000000000000e+00 4.000000000000000000e+00
7.222124978087430813e-01 3.726358885109463115e-01 1.400000000000000000e+01 1.440000000000000000e+02 0.000000000000000000e+00
7.222124978087430813e-01 3.726358885109463115e-01 1.400000000000000000e+01 1.440000000000000000e+02 1.000000000000000000e+00
7.222124978087430813e-01 3.726358885109463115e-01 1.400000000000000000e+01 1.440000000000000000e+02 2.000000000000000000e+00
7.222124978087430813e-01 3.726358885109463115e-01 1.400000000000000000e+01 1.440000000000000000e+02 3.000000000000000000e+00
7.222124978087430813e-01 3.726358885109463115e-01 1.400000000000000000e+01 1.440000000000000000e+02 4.000000000000000000e+00
