-9.239451603622427456e+01
-9.052245199102253537e+01
-1.330966950756599658e+02
-1.176487487039858735e+02
-1.284250766030543787e+02
-1.330967788585131473e+02
-1.330968586562334508e+02
-1.317541236860956815e+02
-1.209066854750976603e+02
-1.305372743007571330e+02
-1.330966998919991227e+02
-1.330801506761498274e+02
-1.303697172844938450e+02
-1.325390280146809516e+02
-1.330964817405365750e+02
-1.330897414904239326e+02
-1.212570017779558924e+02
-1.330040142485946149e+02
-1.330968267314007392e+02
-9.076374799392820591e+01
-1.330970393859192882e+02
-1.330646770660504217e+02
-1.330967997026794762e+02
-1.276643504295763165e+02
-1.330965927493105028e+02
-1.225522676675338403e+02
-1.109321096613258959e+02
-1.221327512633294816e+02
-1.330967455212987147e+02
-1.039681221747158872e+02
-1.330967396792178477e+02
-1.151418153256005468e+02
-1.029705375019719185e+02
-1.203567110612014943e+02
-1.306118935209113658e+02
-1.113527057496047235e+02
-1.327188620979491986e+02
-1.025069338306926454e+02
-1.330971308670106907e+02
-9.084922898724998674e+01
-1.233448211393035336e+02
-1.277105933578306747e+02
-1.330968205251224958e+02
-1.262845728282584190e+02
-1.221975771000546303e+02
-1.330962501371452618e+02
-9.528497405527940600e+01
-1.310018262944322203e+02
-9.446031620257254247e+01
-1.198167146789780730e+02
-8.783666152865944809e+01
-1.277921995166203573e+02
-8.860550663743913447e+01
-1.246891485009155645e+02
-1.278403634745917969e+02
-1.271467253199756016e+02
-8.879341752318968872e+01
-1.278399210902108933e+02
-1.278400717626478951e+02
-9.005612665357543278e+01
-8.963739409596277596e+01
-1.278350213534472459e+02
-1.278330777360550172e+02
-9.579753253822381964e+01
-1.278399517819825348e+02
-1.050812009304163581e+02
-1.278401680826467555e+02
-1.090144576641787921e+02
-1.179539961318660062e+02
-1.047119228952874295e+02
-8.882097687943100084e+01
-1.278380561528421993e+02
-1.278401009127903194e+02
-1.156018401852581690e+02
-1.278382793714050791e+02
-1.278289596993939909e+02
-1.204940006398478545e+02
-9.134063127585420716e+01
-1.276957119028141392e+02
-1.202097109263325478e+02
-1.274730663790013949e+02
-8.913374830695481421e+01
-1.278400254902332165e+02
-1.278385452345647195e+02
-1.028336367399757165e+02
-1.278318717868517354e+02
-9.741208187364880189e+01
-1.278372496491170693e+02
-1.278400686044792707e+02
-1.233144680152781945e+02
-1.277829659805415901e+02
-9.691008089290717464e+01
-1.188337156406908122e+02
-1.020684008591807128e+02
-1.276453778830038743e+02
-1.268774773286145603e+02
-1.039236732362844151e+02
-9.002542401221757018e+01
-1.278400531707426921e+02
-8.997127952097977754e+01
-1.235578734924576594e+02
-1.235227091165696436e+02
-1.235570947559928783e+02
-1.205517407603811932e+02
-1.204254365301479197e+02
-1.139130790582666464e+02
-1.235607499691641493e+02
-1.224749608017375806e+02
-9.361195536720177302e+01
-1.235614993846014613e+02
-1.233905165285023031e+02
-1.215583143754519284e+02
-1.235610648960328035e+02
-9.907798274807970529e+01
-1.045355786691407189e+02
-1.112457380780617768e+02
-9.727936122171601596e+01
-1.235613739350385885e+02
-1.048525064745910527e+02
-1.224892876889948781e+02
-1.144844758998380172e+02
-8.900615015623972681e+01
-1.234991651570649793e+02
-1.235605733360129364e+02
-1.235616671549587124e+02
-1.210056434843197621e+02
-1.235614741525849638e+02
-1.215454074401344684e+02
-1.235614864598365301e+02
-1.130899691020988342e+02
-1.234983477376789978e+02
-9.888045168530680940e+01
-1.235596266331676389e+02
-1.214974448722033031e+02
-1.110901716683924860e+02
-1.214489217968749131e+02
-1.235615157773988386e+02
-1.235249310685463797e+02
-1.191113935795847993e+02
-1.235553068558407546e+02
-9.373975905905170691e+01
-1.113370761280865224e+02
-1.190042550988722070e+02
-1.235569399276447200e+02
-1.235615175066196372e+02
-1.235615112865684750e+02
-1.229010484528807865e+02
-1.219023208098832356e+02
-1.231803659001011795e+02
-1.226020561407833611e+02
-1.239141257977227610e+02
-1.181217650936401355e+02
-1.142411026670445722e+02
-1.239422921210266963e+02
-8.648343348081743898e+01
-1.239419363807289187e+02
-1.239418241808441223e+02
-8.931799018910921006e+01
-1.175583001071431823e+02
-1.032270973211437450e+02
-1.225725798731549077e+02
-1.239340773126493218e+02
-1.006052954182760288e+02
-1.239422188709176282e+02
-1.239421579009275689e+02
-8.692380654586816036e+01
-9.594701570527760737e+01
-1.229346818589860817e+02
-1.235545704745571101e+02
-1.098939084218320659e+02
-9.093260854408282512e+01
-1.239422846579186057e+02
-1.153072063408768173e+02
-1.239412624498583000e+02
-1.239422578257224075e+02
-1.239423452549612676e+02
-1.061091931097938499e+02
-1.239422635620330340e+02
-8.569808309316961470e+01
-1.230019849965198233e+02
-1.093422187009790179e+02
-1.223116187445073990e+02
-1.053999762712618775e+02
-1.239422970858749693e+02
-1.238567638651315121e+02
-9.675608590212631555e+01
-1.239418947883609690e+02
-1.205353769199945191e+02
-1.214040867300488316e+02
-1.095635175922460576e+02
-1.054209479587934908e+02
-1.225720093667919315e+02
-1.210281836890966645e+02
-9.391982931560444570e+01
-1.239000269944917250e+02
-1.202343125518183342e+02
-1.239353352836688060e+02
-1.075811384907426174e+02
-1.239422426258278307e+02
-9.774483137258225440e+01
-1.251433270433099096e+02
-9.868188519232133160e+01
-1.049427466059213572e+02
-1.251431934818099165e+02
-9.519382426270709630e+01
-1.251434663524942863e+02
-1.042685222088272923e+02
-1.170541264596538724e+02
-1.251433363884024033e+02
-1.218485571121360636e+02
-1.251267496419590231e+02
-8.915382497035925269e+01
-1.214773228791672182e+02
-1.138946861643715494e+02
-1.040160160165491021e+02
-9.286322658986567546e+01
-1.251423904767610509e+02
-1.251432565767896392e+02
-1.200014993176751261e+02
-8.984150785947035445e+01
-9.801597041044603031e+01
-1.237994894116757791e+02
-1.230995504191685797e+02
-9.072717282321308119e+01
-1.251434494353515134e+02
-1.168702095526520424e+02
-1.251433667280440289e+02
-1.187465612922685523e+02
-1.251427876450504897e+02
-1.134993591277568186e+02
-1.251430628184951246e+02
-1.041171677793997929e+02
-1.176725690333737475e+02
-1.247589687524356776e+02
-9.362663538756925163e+01
-1.084512680533868973e+02
-1.251419094123408939e+02
-1.078658659164517104e+02
-1.187623045215185442e+02
-1.251387268568405773e+02
-1.003526587883760754e+02
-9.783387692961869675e+01
-1.231462030918819295e+02
-8.628296431520709575e+01
-1.124847015584375498e+02
-1.250753758916509639e+02
-1.216807673156145455e+02
-9.099016569556201262e+01
-1.251430029059282418e+02
-1.251433039548438728e+02
