-1.277026009604167456e+02
-1.325667746659948989e+02
-1.043761192067373997e+02
-1.330967523605091856e+02
-1.268249083134762998e+02
-9.474959111362113617e+01
-1.070987358680545469e+02
-9.967521841804929750e+01
-1.330203733166933375e+02
-1.330968437049114073e+02
-1.033909254414098911e+02
-9.775138116421973677e+01
-1.330967442153030902e+02
-1.330967806821401780e+02
-1.330957191493581888e+02
-1.330607445602882422e+02
-1.264274922534059726e+02
-1.316532569878984589e+02
-1.133064217301920991e+02
-1.297242854035889650e+02
-1.330961071575944175e+02
-1.330967025135539643e+02
-1.330968190709123462e+02
-1.330948208100801651e+02
-1.330821952762741773e+02
-1.330968182610210135e+02
-1.017018770856029874e+02
-1.330942107034299227e+02
-1.175883585176999304e+02
-9.072921131510145187e+01
-1.330965053175510775e+02
-1.330935237642388529e+02
-1.285493437550993860e+02
-1.328695942814295279e+02
-1.330914586110548612e+02
-9.306433338118438314e+01
-1.273932482483693889e+02
-9.688908120531898760e+01
-1.281778800436641745e+02
-1.330923729058391416e+02
-9.394240866952630142e+01
-1.311512244166028722e+02
-1.330968214002143384e+02
-1.330964019667828779e+02
-1.330967902210010152e+02
-1.325721699496459678e+02
-9.135802836225805379e+01
-1.325875153761969045e+02
-1.304833553657813923e+02
-9.775630392522597845e+01
-1.278399961528270126e+02
-1.169467557567911484e+02
-1.090153203467342848e+02
-1.272594011262922891e+02
-9.238314747317937758e+01
-1.278400576074744066e+02
-9.013581206876210672e+01
-8.993799518849300512e+01
-1.278094553779426548e+02
-1.267251823492573095e+02
-9.561077871039879028e+01
-1.278392067808971717e+02
-1.051795593853916273e+02
-8.910662879652502966e+01
-1.039750899477185584e+02
-1.278400645415440664e+02
-8.879402140757527206e+01
-1.278395866024459195e+02
-1.267841482298240265e+02
-1.278338998774235762e+02
-9.764941909109690243e+01
-8.891454792556405096e+01
-1.147839987156647368e+02
-9.104386553206904864e+01
-1.275652297060518663e+02
-1.100732225441250876e+02
-1.278402393633594443e+02
-1.274466679804294102e+02
-1.278400820964503311e+02
-9.566225111226354727e+01
-1.188531861384714006e+02
-1.277537868136167987e+02
-1.091193030327288511e+02
-1.278399922268315265e+02
-1.187666116698217138e+02
-1.267112254794475774e+02
-1.278400434602822173e+02
-1.278401078856916229e+02
-9.589671522017528105e+01
-1.177574613621237489e+02
-1.278399705972048253e+02
-1.107019309002124601e+02
-1.278259383238706164e+02
-8.774510904468107242e+01
-1.159299232073787351e+02
-1.264032454017059734e+02
-1.278400316245894999e+02
-1.278401888376950950e+02
-9.057991540357521387e+01
-1.278363024843445146e+02
-1.234948333081364922e+02
-9.923071245395469475e+01
-8.659058913967002979e+01
-1.082960887382436113e+02
-1.235607779323066922e+02
-1.235613697151544557e+02
-1.228469315084104210e+02
-1.052286640488425462e+02
-1.203955446730702334e+02
-1.044412050548122721e+02
-1.235615288513884451e+02
-1.056735770321103729e+02
-9.649198875345759063e+01
-9.922380844121200028e+01
-1.120585173424818919e+02
-1.228967531073755310e+02
-1.235578942242373017e+02
-1.199477123330299264e+02
-1.235613329305555084e+02
-1.232235969885709750e+02
-1.235615037541513601e+02
-1.125046960909106701e+02
-9.305206736048231164e+01
-1.235613904272091048e+02
-1.235612305246349933e+02
-1.235615067554892477e+02
-8.692762026692388133e+01
-1.235615344556188404e+02
-1.235615193105149388e+02
-1.101007152283387569e+02
-1.234542902017335280e+02
-1.233665803894116237e+02
-1.234500954481407149e+02
-1.235615568993897853e+02
-1.216805825786956490e+02
-1.141768173773538848e+02
-9.983747438220949277e+01
-1.087050122103608913e+02
-1.235614293835208173e+02
-9.446713138914873298e+01
-9.084414370877441058e+01
-1.131154572374235272e+02
-1.204809799533058197e+02
-9.898557757254702949e+01
-1.181604159533795837e+02
-1.098231023564927114e+02
-1.235402290536654135e+02
-1.235605864270931562e+02
-1.235547569546017002e+02
-1.160985290881616265e+02
-1.078959502685335821e+02
-1.205838694952298766e+02
-1.239422655984164834e+02
-1.143728402670422355e+02
-1.033191629843527153e+02
-1.228670398435673974e+02
-8.711531249149793155e+01
-1.239422824886992345e+02
-1.239423134564947162e+02
-8.694818380639597422e+01
-1.238520782025713771e+02
-1.218243295680601364e+02
-9.572452414273612931e+01
-8.857237471912708315e+01
-1.198399929054888560e+02
-1.134874636238737651e+02
-1.237058751876645317e+02
-8.669935965463355387e+01
-1.233395523877697002e+02
-9.696801694661067472e+01
-1.239422631926376539e+02
-8.809757372705135481e+01
-8.925573419937687447e+01
-1.239422699066630429e+02
-1.239422740665265081e+02
-1.196822836264592098e+02
-1.056810143615273461e+02
-1.239344147315774052e+02
-1.236998363451777152e+02
-9.167572518707184770e+01
-1.239422166050114811e+02
-1.177906719557699944e+02
-1.239419697240844016e+02
-9.009952656159371998e+01
-1.239405029268317833e+02
-1.237463008535684992e+02
-1.118142415048289706e+02
-9.333187675431754826e+01
-1.192595628449142140e+02
-1.239422970817262808e+02
-1.141481359104651716e+02
-8.861844146805678690e+01
-9.127635022188739811e+01
-1.023632484808666874e+02
-1.128535977333173719e+02
-1.221669563266897427e+02
-1.233956155491566591e+02
-1.154427376698723151e+02
-8.778848603895846736e+01
-1.195572972889435164e+02
-1.251432196149168590e+02
-1.251433303903379795e+02
-1.251390205146970231e+02
-1.250831792524106589e+02
-1.251433110601631142e+02
-1.121177899019934330e+02
-1.251434323816577034e+02
-9.659361713866745447e+01
-1.241049447418910177e+02
-1.041605130310032905e+02
-8.819520061498009511e+01
-1.221601463055146155e+02
-9.613326289932415136e+01
-1.251433991015576339e+02
-1.251420674110318885e+02
-1.251435529228901657e+02
-1.234976124416404559e+02
-1.067428236841104336e+02
-1.251428177853391617e+02
-1.251375185978917557e+02
-1.251429952607212073e+02
-1.250820438673133879e+02
-9.618395143550527848e+01
-1.251434361310893308e+02
-1.164443478680516648e+02
-1.206043066169977038e+02
-1.251397863139638105e+02
-1.251434513399675552e+02
-1.057210829542451194e+02
-8.908899168011970460e+01
-9.888443661156787812e+01
-8.980561741071041126e+01
-9.304193949642247219e+01
-8.825990292861926889e+01
-1.251280846206418715e+02
-1.251434201803869115e+02
-1.251436630688038889e+02
-1.251384819980302581e+02
-9.757600167007872471e+01
-1.251439267687335786e+02
-8.817027249889723350e+01
-1.114033660858191297e+02
-9.241134171910184136e+01
-1.243639431188488373e+02
-1.251434334173662393e+02
-1.251433666653799008e+02
-1.251420765106629744e+02
-1.061468617481362742e+02
-1.154366096121189429e+02
-1.250502939599025467e+02
