4.686832830082209300e-01 1.158068675220235377e+00 1.000000000000000000e+00 1.900000000000000000e+01 0.000000000000000000e+00
7.957014828163603282e-01 1.274936672716812547e+00 1.600000000000000000e+01 1.900000000000000000e+01 0.000000000000000000e+00
5.722125297689885093e-01 1.868144244472144333e+00 8.000000000000000000e+00 8.300000000000000000e+01 0.000000000000000000e+00
5.382339506700299925e-01 1.959411636834315518e+00 1.800000000000000000e+01 5.100000000000000000e+01 0.000000000000000000e+00
6.699014721743584699e-01 1.833476837265174686e-01 1.400000000000000000e+01 7.400000000000000000e+01 0.000000000000000000e+00
3.749381804831466436e-01 1.891779473243852205e+00 1.300000000000000000e+01 2.000000000000000000e+00 0.000000000000000000e+00
5.486701902175520340e-01 1.514690739497057015e+00 5.000000000000000000e+00 1.420000000000000000e+02 0.000000000000000000e+00
6.628579246364131317e-01 1.377629163932599710e+00 1.200000000000000000e+01 2.200000000000000000e+01 0.000000000000000000e+00
4.531192003943043112e-01 4.608518880530686479e-01 1.400000000000000000e+01 6.500000000000000000e+01 0.000000000000000000e+00
6.717243377832501361e-01 1.042869977033937579e+00 4.000000000000000000e+00 7.500000000000000000e+01 0.000000000000000000e+00
8.594343315832421171e-01 1.018087205314068600e+00 8.000000000000000000e+00 1.430000000000000000e+02 0.000000000000000000e+00
5.406041423470278051e-01 1.314607559087591859e+00 5.000000000000000000e+00 4.400000000000000000e+01 0.000000000000000000e+00
2.493931867984899159e-02 7.828112647732307083e-01 1.000000000000000000e+00 1.570000000000000000e+02 0.000000000000000000e+00
6.415348615284579559e-01 1.879579478725131203e+00 1.000000000000000000e+01 1.200000000000000000e+01 0.000000000000000000e+00
3.376057188507542994e-01 5.885981014263031996e-01 5.000000000000000000e+00 3.900000000000000000e+01 0.000000000000000000e+00
6.706067018766746768e-02 1.075243579365545932e+00 1.500000000000000000e+01 1.700000000000000000e+01 0.000000000000000000e+00
2.173378637596610208e-01 1.280356362412770344e-01 1.600000000000000000e+01 1.750000000000000000e+02 0.000000000000000000e+00
4.552726704605168928e-01 1.397546882300722437e+00 1.700000000000000000e+01 3.300000000000000000e+01 0.000000000000000000e+00
6.666604817338286360e-01 1.227028019550992610e+00 9.000000000000000000e+00 7.000000000000000000e+00 0.000000000000000000e+00
9.099903734362233543e-01 5.388501684240024625e-01 4.000000000000000000e+00 4.200000000000000000e+01 0.000000000000000000e+00
7.754840288337013776e-01 7.548811529380269336e-01 1.700000000000000000e+01 6.900000000000000000e+01 0.000000000000000000e+00
4.951506821654186874e-01 1.524017902944653502e-01 3.000000000000000000e+00 1.530000000000000000e+02 0.000000000000000000e+00
9.378334899556497462e-01 3.245545396121173320e-01 1.400000000000000000e+01 9.200000000000000000e+01 0.000000000000000000e+00
7.242640725621971587e-01 1.939631767842001198e+00 1.700000000000000000e+01 5.000000000000000000e+01 0.000000000000000000e+00
7.805802101411408733e-01 6.026810604896718493e-01 7.000000000000000000e+00 1.170000000000000000e+02 0.000000000000000000e+00
5.179486002995096205e-01 1.213815567883659574e-01 1.800000000000000000e+01 4.100000000000000000e+01 0.000000000000000000e+00
6.055392576377612857e-01 6.799932745883038310e-01 1.300000000000000000e+01 2.000000000000000000e+02 0.000000000000000000e+00
6.114445993403436752e-01 1.452663910941795145e+00 1.200000000000000000e+01 9.200000000000000000e+01 0.000000000000000000e+00
6.639343954252095725e-02 1.012120143875737954e-01 1.400000000000000000e+01 1.630000000000000000e+02 0.000000000000000000e+00
9.214020265383873198e-01 2.314540017506344916e-01 1.300000000000000000e+01 1.460000000000000000e+02 0.000000000000000000e+00
7.800973015526920795e-01 2.057690081443807717e+00 9.000000000000000000e+00 4.300000000000000000e+01 0.000000000000000000e+00
3.318581699939645580e-01 1.858593219186130130e-01 1.400000000000000000e+01 2.400000000000000000e+01 0.000000000000000000e+00
8.405255347529576593e-01 1.408636161097062134e+00 1.100000000000000000e+01 4.100000000000000000e+01 0.000000000000000000e+00
1.006035467581221088e+00 1.692643617994070482e+00 1.700000000000000000e+01 9.500000000000000000e+01 0.000000000000000000e+00
4.736275875433542115e-01 2.992733705166094049e-01 5.000000000000000000e+00 5.800000000000000000e+01 0.000000000000000000e+00
9.282928765622336931e-01 1.795070902778564292e+00 7.000000000000000000e+00 6.700000000000000000e+01 0.000000000000000000e+00
6.233463563312431344e-01 1.834062305335715015e+00 2.000000000000000000e+00 1.940000000000000000e+02 0.000000000000000000e+00
1.045534783165778941e-01 1.138053910342588626e+00 8.000000000000000000e+00 1.350000000000000000e+02 0.000000000000000000e+00
4.327241555082685931e-01 1.387469106714969147e+00 1.500000000000000000e+01 1.420000000000000000e+02 0.000000000000000000e+00
2.193024479162908325e-01 1.605123843879687540e+00 1.900000000000000000e+01 1.700000000000000000e+01 0.000000000000000000e+00
5.784611271858880466e-01 1.606536538827222804e+00 2.000000000000000000e+00 1.850000000000000000e+02 0.000000000000000000e+00
1.906179770914941951e-01 1.328691489278369886e+00 1.000000000000000000e+01 2.000000000000000000e+02 0.000000000000000000e+00
7.776882472433008786e-01 4.417927369913990931e-01 1.300000000000000000e+01 2.300000000000000000e+01 0.000000000000000000e+00
9.379803661665112591e-01 2.228987830286036920e-01 1.600000000000000000e+01 1.730000000000000000e+02 0.000000000000000000e+00
1.808846254582708868e-01 2.031056401072712347e+00 7.000000000000000000e+00 1.720000000000000000e+02 0.000000000000000000e+00
5.523197027860677899e-01 1.613217909634329539e+00 1.700000000000000000e+01 1.550000000000000000e+02 0.000000000000000000e+00
7.729202851245904338e-01 5.518604373948735597e-01 9.000000000000000000e+00 1.790000000000000000e+02 0.000000000000000000e+00
7.326439518709759735e-01 1.133537326384135513e+00 8.000000000000000000e+00 6.000000000000000000e+01 0.000000000000000000e+00
1.886587920437058363e-01 1.190473957982063791e+00 8.000000000000000000e+00 1.150000000000000000e+02 0.000000000000000000e+00
4.760560181229276377e-01 4.356311751304643431e-01 7.000000000000000000e+00 1.450000000000000000e+02 0.000000000000000000e+00
2.732161475561951658e-01 8.532766993882187068e-01 6.000000000000000000e+00 1.620000000000000000e+02 1.000000000000000000e+00
9.057120695291872581e-01 6.486244232386059183e-01 7.000000000000000000e+00 1.830000000000000000e+02 1.000000000000000000e+00
2.573733297962226274e-01 1.983109841717439537e+00 3.000000000000000000e+00 1.380000000000000000e+02 1.000000000000000000e+00
3.542200351162848593e-01 7.669158019966514361e-01 1.900000000000000000e+01 1.200000000000000000e+01 1.000000000000000000e+00
3.000203691939371531e-01 1.836197448170503899e+00 1.400000000000000000e+01 9.700000000000000000e+01 1.000000000000000000e+00
3.805523544721316487e-01 7.416544135559991480e-01 2.000000000000000000e+00 6.400000000000000000e+01 1.000000000000000000e+00
7.123783350308551254e-01 1.377667631783553670e+00 1.000000000000000000e+00 1.780000000000000000e+02 1.000000000000000000e+00
4.977573581431427030e-01 1.010225860817759891e+00 1.800000000000000000e+01 5.800000000000000000e+01 1.000000000000000000e+00
4.650271290273089164e-01 9.208364327985528730e-01 1.000000000000000000e+00 8.300000000000000000e+01 1.000000000000000000e+00
6.745130250971200780e-01 2.051934722887063689e+00 7.000000000000000000e+00 1.070000000000000000e+02 1.000000000000000000e+00
8.393669463112528317e-02 8.204418171719526365e-01 8.000000000000000000e+00 1.080000000000000000e+02 1.000000000000000000e+00
6.463197559671574055e-01 7.436530300473086497e-01 3.000000000000000000e+00 1.090000000000000000e+02 1.000000000000000000e+00
2.180477466111507834e-01 1.101754085147989282e-01 3.000000000000000000e+00 2.200000000000000000e+01 1.000000000000000000e+00
8.115478061367141782e-01 1.266557510240373219e+00 1.600000000000000000e+01 5.200000000000000000e+01 1.000000000000000000e+00
3.310533592495090022e-02 1.920690998064086497e+00 1.200000000000000000e+01 3.000000000000000000e+01 1.000000000000000000e+00
9.891870694764799410e-01 1.711218117618708900e+00 1.800000000000000000e+01 1.390000000000000000e+02 1.000000000000000000e+00
5.450298064607607129e-01 1.361603034831325498e+00 1.600000000000000000e+01 2.000000000000000000e+01 1.000000000000000000e+00
7.965915915926456981e-01 1.671890564840737836e+00 1.300000000000000000e+01 1.040000000000000000e+02 1.000000000000000000e+00
3.530302637549098677e-01 1.642703350188378375e-01 6.000000000000000000e+00 1.090000000000000000e+02 1.000000000000000000e+00
1.275126533775227111e-01 9.771686668057822933e-01 1.000000000000000000e+00 3.400000000000000000e+01 1.000000000000000000e+00
7.726214203068988429e-01 1.668164564783938708e+00 7.000000000000000000e+00 4.100000000000000000e+01 1.000000000000000000e+00
1.047113471009896019e-01 1.302390590019907590e-01 1.300000000000000000e+01 1.930000000000000000e+02 1.000000000000000000e+00
1.437100378880384020e-02 1.803806092841671926e+00 1.000000000000000000e+00 1.380000000000000000e+02 1.000000000000000000e+00
3.500663097802553247e-01 4.212423677174087500e-01 1.200000000000000000e+01 1.020000000000000000e+02 1.000000000000000000e+00
1.420662343535025185e-01 1.787850595071440285e+00 4.000000000000000000e+00 5.100000000000000000e+01 1.000000000000000000e+00
8.431432736049503385e-01 6.684188052410159342e-01 8.000000000000000000e+00 7.500000000000000000e+01 1.000000000000000000e+00
7.762122459942786268e-01 1.386953562520753858e+00 1.500000000000000000e+01 9.200000000000000000e+01 1.000000000000000000e+00
1.600589015310382307e-02 6.213725574333311963e-01 1.400000000000000000e+01 3.000000000000000000e+01 1.000000000000000000e+00
7.571741347231758512e-01 1.811647711437977259e-01 4.000000000000000000e+00 1.910000000000000000e+02 1.000000000000000000e+00
7.457567698103080289e-01 1.285757444196410582e+00 1.800000000000000000e+01 1.950000000000000000e+02 1.000000000000000000e+00
8.815936877126963056e-01 1.041736464348793634e+00 3.000000000000000000e+00 1.340000000000000000e+02 1.000000000000000000e+00
3.501303616519690215e-02 9.438191361687323644e-01 1.400000000000000000e+01 1.490000000000000000e+02 1.000000000000000000e+00
3.828933461962665818e-01 5.519199809393674494e-01 2.000000000000000000e+00 1.070000000000000000e+02 1.000000000000000000e+00
4.171508837259083613e-01 1.187693855414659660e+00 2.000000000000000000e+01 1.850000000000000000e+02 1.000000000000000000e+00
2.628786976579543522e-01 1.221480375459344847e+00 1.900000000000000000e+01 2.000000000000000000e+00 1.000000000000000000e+00
1.408369296831450956e-01 1.159679406911674926e+00 1.000000000000000000e+01 3.600000000000000000e+01 1.000000000000000000e+00
9.202867254453318546e-01 7.882981522650528428e-01 1.600000000000000000e+01 1.980000000000000000e+02 1.000000000000000000e+00
3.427894870513484848e-01 8.747859085848609384e-01 2.000000000000000000e+00 1.990000000000000000e+02 1.000000000000000000e+00
4.074438499828880039e-02 1.970977100982470587e+00 1.000000000000000000e+01 1.490000000000000000e+02 1.000000000000000000e+00
7.001017524331272224e-01 9.783349412793024280e-01 1.400000000000000000e+01 1.840000000000000000e+02 1.000000000000000000e+00
1.702532786170464219e-01 2.007775198201117384e+00 1.300000000000000000e+01 6.100000000000000000e+01 1.000000000000000000e+00
6.777885449766100079e-01 8.330173941302573271e-01 1.100000000000000000e+01 1.890000000000000000e+02 1.000000000000000000e+00
5.512732658718877410e-01 9.251493927275998841e-01 3.000000000000000000e+00 1.300000000000000000e+01 1.000000000000000000e+00
1.289135892986824627e-01 6.147443938536089059e-01 1.200000000000000000e+01 1.860000000000000000e+02 1.000000000000000000e+00
7.961157813629102797e-01 1.315337951114833537e+00 4.000000000000000000e+00 1.960000000000000000e+02 1.000000000000000000e+00
3.414335269982538001e-01 1.912286366403348925e+00 6.000000000000000000e+00 1.450000000000000000e+02 1.000000000000000000e+00
6.278389922172833426e-01 4.404633734054504979e-01 1.400000000000000000e+01 1.280000000000000000e+02 1.000000000000000000e+00
9.746570076628361390e-01 1.830324695628158249e+00 2.000000000000000000e+00 1.950000000000000000e+02 1.000000000000000000e+00
9.556583949458364868e-01 5.825807098528351657e-01 8.000000000000000000e+00 6.300000000000000000e+01 1.000000000000000000e+00
4.018127251060616967e-01 1.976833707847856392e+00 1.000000000000000000e+00 1.230000000000000000e+02 1.000000000000000000e+00
3.618545809679244440e-01 1.670659963866014008e+00 1.600000000000000000e+01 1.800000000000000000e+02 2.000000000000000000e+00
7.707745527243846650e-01 9.370364249711934379e-01 8.000000000000000000e+00 1.300000000000000000e+02 2.000000000000000000e+00
2.033515350051097181e-01 1.397290380954771871e+00 1.900000000000000000e+01 1.170000000000000000e+02 2.000000000000000000e+00
5.536193614927188422e-01 1.176901288658340317e+00 1.100000000000000000e+01 7.700000000000000000e+01 2.000000000000000000e+00
3.844608424361289911e-01 8.502729335352771090e-01 1.000000000000000000e+00 2.800000000000000000e+01 2.000000000000000000e+00
9.468943861942585860e-01 1.946990034776534317e+00 1.700000000000000000e+01 2.500000000000000000e+01 2.000000000000000000e+00
1.006537775726745965e+00 1.521567454818839593e+00 9.000000000000000000e+00 5.700000000000000000e+01 2.000000000000000000e+00
1.005486837101975173e+00 1.235075875384573196e+00 8.000000000000000000e+00 1.670000000000000000e+02 2.000000000000000000e+00
8.804042714800272007e-01 1.705785378895342763e+00 1.800000000000000000e+01 6.800000000000000000e+01 2.000000000000000000e+00
2.390032404696635915e-01 1.768278461325559325e+00 6.000000000000000000e+00 1.360000000000000000e+02 2.000000000000000000e+00
8.311302879856609094e-01 9.558542326858460170e-01 4.000000000000000000e+00 9.600000000000000000e+01 2.000000000000000000e+00
1.009322789072962800e+00 1.680930182648415983e+00 7.000000000000000000e+00 1.310000000000000000e+02 2.000000000000000000e+00
5.151381551050983054e-01 8.164511157924335683e-01 1.400000000000000000e+01 2.900000000000000000e+01 2.000000000000000000e+00
9.184065291281154897e-01 1.423473456875349319e+00 1.000000000000000000e+00 1.060000000000000000e+02 2.000000000000000000e+00
1.849431651374288527e-02 3.718934323726713620e-01 6.000000000000000000e+00 8.000000000000000000e+00 2.000000000000000000e+00
6.905118829247274270e-01 7.999206022258539273e-01 1.800000000000000000e+01 6.600000000000000000e+01 2.000000000000000000e+00
3.731998081991211302e-01 7.156001234467449512e-01 1.700000000000000000e+01 1.210000000000000000e+02 2.000000000000000000e+00
7.981985419379714619e-01 3.426878629575081936e-01 1.800000000000000000e+01 1.060000000000000000e+02 2.000000000000000000e+00
8.855210225945238101e-01 1.590481749169273762e+00 1.800000000000000000e+01 1.270000000000000000e+02 2.000000000000000000e+00
5.324967080730258484e-01 1.202682722285118411e+00 1.700000000000000000e+01 9.100000000000000000e+01 2.000000000000000000e+00
6.670313972173712580e-01 1.553014869809688392e+00 1.400000000000000000e+01 4.800000000000000000e+01 2.000000000000000000e+00
3.671116960075029301e-01 9.295201146399701964e-01 2.000000000000000000e+01 1.710000000000000000e+02 2.000000000000000000e+00
9.808555910388112586e-01 6.900363331148248180e-01 6.000000000000000000e+00 5.900000000000000000e+01 2.000000000000000000e+00
9.466997655345514850e-01 2.177072617385268638e-01 1.000000000000000000e+01 5.400000000000000000e+01 2.000000000000000000e+00
4.449939971193496158e-01 1.082322677014990076e+00 1.900000000000000000e+01 1.080000000000000000e+02 2.000000000000000000e+00
5.209701114592202309e-01 2.060295468389439666e+00 1.000000000000000000e+01 4.800000000000000000e+01 2.000000000000000000e+00
6.691252594066693371e-01 1.818388938997962834e+00 1.000000000000000000e+01 1.980000000000000000e+02 2.000000000000000000e+00
3.604300427045380451e-01 1.962255413085229661e+00 4.000000000000000000e+00 4.000000000000000000e+01 2.000000000000000000e+00
9.797496799871071582e-01 1.547349145387089342e+00 1.300000000000000000e+01 8.800000000000000000e+01 2.000000000000000000e+00
9.772604563160417479e-01 2.484133680493680052e-01 1.500000000000000000e+01 6.100000000000000000e+01 2.000000000000000000e+00
9.811403048391252602e-02 1.262348503286362833e+00 1.000000000000000000e+01 4.000000000000000000e+01 2.000000000000000000e+00
1.540417600380249441e-01 1.078542015644667007e+00 9.000000000000000000e+00 1.500000000000000000e+02 2.000000000000000000e+00
8.470687872402593577e-01 1.339373430074601856e+00 1.700000000000000000e+01 7.900000000000000000e+01 2.000000000000000000e+00
1.589076381964663609e-01 1.398870195066708844e+00 1.600000000000000000e+01 1.900000000000000000e+01 2.000000000000000000e+00
5.652978815056580730e-01 3.442629924144623432e-01 1.600000000000000000e+01 2.200000000000000000e+01 2.000000000000000000e+00
4.333694883215146731e-01 5.703280276498173818e-01 2.000000000000000000e+01 7.200000000000000000e+01 2.000000000000000000e+00
8.370475285350431616e-01 9.542931014341987650e-01 1.300000000000000000e+01 1.100000000000000000e+01 2.000000000000000000e+00
4.995585550962041710e-01 4.784129715244845871e-01 1.100000000000000000e+01 1.860000000000000000e+02 2.000000000000000000e+00
4.429591516735729151e-01 1.408037873611814206e+00 1.400000000000000000e+01 1.600000000000000000e+01 2.000000000000000000e+00
2.686037738358928451e-01 1.574699167975743830e+00 6.000000000000000000e+00 1.750000000000000000e+02 2.000000000000000000e+00
7.683963792526523617e-01 1.378152718504339180e+00 1.300000000000000000e+01 1.780000000000000000e+02 2.000000000000000000e+00
3.698612469589478424e-01 1.679129647873215392e+00 1.000000000000000000e+00 9.800000000000000000e+01 2.000000000000000000e+00
8.450959957883387164e-01 1.339568787633133029e+00 1.500000000000000000e+01 1.430000000000000000e+02 2.000000000000000000e+00
7.367522204307701550e-01 5.447280655961009854e-01 6.000000000000000000e+00 3.100000000000000000e+01 2.000000000000000000e+00
6.411642954322759047e-02 5.053506388574880992e-01 1.900000000000000000e+01 2.300000000000000000e+01 2.000000000000000000e+00
9.038517939671880663e-01 7.798188992530469266e-01 1.000000000000000000e+01 1.850000000000000000e+02 2.000000000000000000e+00
4.886357865805158740e-01 1.918744633099298547e+00 7.000000000000000000e+00 4.000000000000000000e+00 2.000000000000000000e+00
2.774161402705158652e-01 1.034770040661894264e+00 1.700000000000000000e+01 3.900000000000000000e+01 2.000000000000000000e+00
2.852615947418911668e-01 1.044012721454173231e+00 1.000000000000000000e+01 5.200000000000000000e+01 2.000000000000000000e+00
5.742077979821298417e-01 1.573349062681130839e+00 1.000000000000000000e+01 7.700000000000000000e+01 2.000000000000000000e+00
1.957666282898996579e-01 2.072002609330641398e+00 1.900000000000000000e+01 1.550000000000000000e+02 3.000000000000000000e+00
8.520084240741772064e-01 1.996226060869991381e-01 1.600000000000000000e+01 1.160000000000000000e+02 3.000000000000000000e+00
8.154995782413569927e-01 3.528605456810433028e-01 1.400000000000000000e+01 1.560000000000000000e+02 3.000000000000000000e+00
8.690576372920054693e-01 6.722567989440290104e-01 2.000000000000000000e+00 1.240000000000000000e+02 3.000000000000000000e+00
4.837524429109472113e-01 7.300163491318508724e-01 1.000000000000000000e+01 7.800000000000000000e+01 3.000000000000000000e+00
4.436393085413710136e-01 1.698201831833122455e+00 1.400000000000000000e+01 2.000000000000000000e+02 3.000000000000000000e+00
9.616964746248441998e-01 6.427425338417199763e-01 1.100000000000000000e+01 1.830000000000000000e+02 3.000000000000000000e+00
5.941040172768151661e-01 1.454302399754392905e+00 2.000000000000000000e+01 9.800000000000000000e+01 3.000000000000000000e+00
8.292673123258403889e-01 6.778420373886701045e-01 1.300000000000000000e+01 3.500000000000000000e+01 3.000000000000000000e+00
4.079654663627171329e-01 1.915048123185409290e+00 4.000000000000000000e+00 1.770000000000000000e+02 3.000000000000000000e+00
9.967201525969370257e-01 3.064630222724410435e-01 1.700000000000000000e+01 1.890000000000000000e+02 3.000000000000000000e+00
5.016726002060688527e-01 2.067966915469252154e+00 9.000000000000000000e+00 7.000000000000000000e+01 3.000000000000000000e+00
3.971774752791701335e-01 1.064698920161110784e+00 8.000000000000000000e+00 7.600000000000000000e+01 3.000000000000000000e+00
6.933463867511834022e-02 4.848635681859013724e-01 4.000000000000000000e+00 1.030000000000000000e+02 3.000000000000000000e+00
1.829781289673109157e-01 1.503439157327666864e+00 1.000000000000000000e+01 1.100000000000000000e+02 3.000000000000000000e+00
4.317507896701436865e-01 1.041312635917922336e+00 2.000000000000000000e+01 5.000000000000000000e+01 3.000000000000000000e+00
6.228075257951306565e-01 1.514234160861708534e-01 8.000000000000000000e+00 1.010000000000000000e+02 3.000000000000000000e+00
6.825724646877007196e-01 9.632166004106280655e-01 8.000000000000000000e+00 1.530000000000000000e+02 3.000000000000000000e+00
5.626382771250581366e-02 1.174116358963544826e+00 1.300000000000000000e+01 2.100000000000000000e+01 3.000000000000000000e+00
7.793833405217203136e-01 8.696645048882113427e-01 3.000000000000000000e+00 1.360000000000000000e+02 3.000000000000000000e+00
4.835196708025604195e-01 1.580046995969427881e+00 2.000000000000000000e+01 1.600000000000000000e+01 3.000000000000000000e+00
6.066993234340459784e-01 1.515808694449545024e+00 7.000000000000000000e+00 1.510000000000000000e+02 3.000000000000000000e+00
4.073049163728126310e-01 6.322068239009600576e-01 1.700000000000000000e+01 8.200000000000000000e+01 3.000000000000000000e+00
3.636905843419317996e-01 4.189293798941334801e-01 8.000000000000000000e+00 1.850000000000000000e+02 3.000000000000000000e+00
5.828487531953886469e-01 1.705647604412885876e+00 3.000000000000000000e+00 2.000000000000000000e+00 3.000000000000000000e+00
7.645477538259491945e-01 1.809833451725889164e+00 1.600000000000000000e+01 1.000000000000000000e+02 3.000000000000000000e+00
6.691691856145350892e-01 8.532674652428630102e-01 1.200000000000000000e+01 1.250000000000000000e+02 3.000000000000000000e+00
3.616759273219810611e-01 1.685708972654604176e+00 5.000000000000000000e+00 1.590000000000000000e+02 3.000000000000000000e+00
3.640352511622584331e-01 2.766389883813732409e-01 8.000000000000000000e+00 1.880000000000000000e+02 3.000000000000000000e+00
8.243434338398392125e-01 5.665174018697579639e-01 1.000000000000000000e+01 1.850000000000000000e+02 3.000000000000000000e+00
4.500942597290880087e-01 2.075915278807200615e+00 3.000000000000000000e+00 1.800000000000000000e+01 3.000000000000000000e+00
7.576273275574044730e-01 1.535285436241130785e+00 4.000000000000000000e+00 1.710000000000000000e+02 3.000000000000000000e+00
8.458605966537811882e-02 1.663743957922315886e+00 1.100000000000000000e+01 1.420000000000000000e+02 3.000000000000000000e+00
2.173253115882151087e-01 1.659944114894613909e+00 6.000000000000000000e+00 1.990000000000000000e+02 3.000000000000000000e+00
5.615186635356084199e-01 8.048669864536103224e-01 3.000000000000000000e+00 1.090000000000000000e+02 3.000000000000000000e+00
9.249531609711201252e-01 1.535562691272866820e+00 1.600000000000000000e+01 1.880000000000000000e+02 3.000000000000000000e+00
9.674320010888172172e-01 9.723835732255031727e-01 1.700000000000000000e+01 1.460000000000000000e+02 3.000000000000000000e+00
1.439050286431635683e-01 1.399679619040080925e-01 1.000000000000000000e+01 1.400000000000000000e+02 3.000000000000000000e+00
6.448654738330115155e-01 1.815535924435351056e+00 1.400000000000000000e+01 9.900000000000000000e+01 3.000000000000000000e+00
8.892385668902995643e-01 7.946406100322817023e-01 2.000000000000000000e+00 8.500000000000000000e+01 3.000000000000000000e+00
6.935339475550784671e-01 2.050471805430667427e+00 9.000000000000000000e+00 7.000000000000000000e+00 3.000000000000000000e+00
8.168284784140459331e-01 1.976557191728415541e-01 8.000000000000000000e+00 1.300000000000000000e+01 3.000000000000000000e+00
2.515053504387571026e-01 3.072532484656161911e-01 2.000000000000000000e+00 6.300000000000000000e+01 3.000000000000000000e+00
8.448444578320861709e-01 1.776784029913071050e+00 7.000000000000000000e+00 3.800000000000000000e+01 3.000000000000000000e+00
1.155665523995207632e-02 1.144355161730092885e+00 1.900000000000000000e+01 1.290000000000000000e+02 3.000000000000000000e+00
5.853273231065706517e-01 1.385666732310298466e+00 3.000000000000000000e+00 4.600000000000000000e+01 3.000000000000000000e+00
5.277090298082253161e-01 9.601633776580288382e-01 1.900000000000000000e+01 1.570000000000000000e+02 3.000000000000000000e+00
8.127672402625462089e-01 8.316028164781247289e-01 3.000000000000000000e+00 8.400000000000000000e+01 3.000000000000000000e+00
4.791316037035738828e-01 1.154828224676189619e+00 3.000000000000000000e+00 1.030000000000000000e+02 3.000000000000000000e+00
3.574448538168377709e-01 1.699938027516795014e+00 2.000000000000000000e+00 3.200000000000000000e+01 3.000000000000000000e+00
5.628937915336896802e-01 9.599396758784678463e-01 2.000000000000000000e+00 1.270000000000000000e+02 4.000000000000000000e+00
2.828847698748143680e-01 1.775887167744363282e+00 8.000000000000000000e+00 2.000000000000000000e+02 4.000000000000000000e+00
6.955349180641452467e-01 7.116320158687877706e-01 1.400000000000000000e+01 5.200000000000000000e+01 4.000000000000000000e+00
3.996559987495285071e-01 1.313950431037774313e+00 2.000000000000000000e+00 4.600000000000000000e+01 4.000000000000000000e+00
8.689792473433095576e-01 9.334871080525511955e-01 6.000000000000000000e+00 1.790000000000000000e+02 4.000000000000000000e+00
9.464376085865866539e-01 7.038060701930454188e-01 1.800000000000000000e+01 3.300000000000000000e+01 4.000000000000000000e+00
2.015461098981110588e-01 1.434224077587022306e+00 1.500000000000000000e+01 1.160000000000000000e+02 4.000000000000000000e+00
9.250813325410258692e-01 3.754397401468240192e-01 1.100000000000000000e+01 1.780000000000000000e+02 4.000000000000000000e+00
5.596338795537096900e-01 9.146072508659254252e-01 1.600000000000000000e+01 1.600000000000000000e+01 4.000000000000000000e+00
1.881230547102010764e-01 1.296089428770322405e+00 7.000000000000000000e+00 1.680000000000000000e+02 4.000000000000000000e+00
3.769046840892095185e-01 5.364729958655952702e-01 1.800000000000000000e+01 1.530000000000000000e+02 4.000000000000000000e+00
1.613849344461416591e-01 1.054434920346062621e-01 1.100000000000000000e+01 4.000000000000000000e+01 4.000000000000000000e+00
3.881230530581240012e-01 9.292048966881737426e-01 7.000000000000000000e+00 1.030000000000000000e+02 4.000000000000000000e+00
1.279290038084736070e-01 6.484034774161125947e-01 6.000000000000000000e+00 3.200000000000000000e+01 4.000000000000000000e+00
5.219108296298967664e-01 1.681231708772433997e+00 1.200000000000000000e+01 5.800000000000000000e+01 4.000000000000000000e+00
5.488188035935419595e-01 1.772709820262424518e+00 8.000000000000000000e+00 1.950000000000000000e+02 4.000000000000000000e+00
5.842563569419755298e-01 1.102151900951383878e-01 4.000000000000000000e+00 4.200000000000000000e+01 4.000000000000000000e+00
6.890317084983026419e-01 1.500644598305459931e+00 5.000000000000000000e+00 3.200000000000000000e+01 4.000000000000000000e+00
6.558355098511354786e-01 6.414966343951812311e-01 1.700000000000000000e+01 8.900000000000000000e+01 4.000000000000000000e+00
9.640127488603207340e-01 5.281911939623650243e-01 1.800000000000000000e+01 7.000000000000000000e+01 4.000000000000000000e+00
3.482646477992324963e-01 1.771040174726242755e+00 1.400000000000000000e+01 1.600000000000000000e+01 4.000000000000000000e+00
2.828626528565876264e-01 1.198367376738017409e+00 5.000000000000000000e+00 3.300000000000000000e+01 4.000000000000000000e+00
5.548101301304345645e-01 2.935729728792536575e-01 1.600000000000000000e+01 1.000000000000000000e+02 4.000000000000000000e+00
3.067097839442143314e-01 1.021866392827167846e+00 1.100000000000000000e+01 4.200000000000000000e+01 4.000000000000000000e+00
7.363228316518366512e-01 1.142709164116010534e+00 1.500000000000000000e+01 4.000000000000000000e+00 4.000000000000000000e+00
9.660556516389753323e-01 4.694084762575744252e-01 5.000000000000000000e+00 1.600000000000000000e+02 4.000000000000000000e+00
3.108548266094580681e-01 1.720218040089172895e+00 1.500000000000000000e+01 8.000000000000000000e+01 4.000000000000000000e+00
5.600847485638794643e-01 2.056376766834875802e+00 3.000000000000000000e+00 1.920000000000000000e+02 4.000000000000000000e+00
7.707875855399531906e-01 6.208286017076781738e-01 1.000000000000000000e+00 3.100000000000000000e+01 4.000000000000000000e+00
6.882980887797439384e-02 1.837182999365261526e+00 1.300000000000000000e+01 9.400000000000000000e+01 4.000000000000000000e+00
9.137743803730058456e-01 2.415802761205053939e-01 1.400000000000000000e+01 1.770000000000000000e+02 4.000000000000000000e+00
8.618913403650284577e-01 1.354790032149528534e+00 1.500000000000000000e+01 8.500000000000000000e+01 4.000000000000000000e+00
8.853451695527254639e-01 1.818834919711145082e+00 1.300000000000000000e+01 1.740000000000000000e+02 4.000000000000000000e+00
6.011176892627558832e-01 2.878178053323291463e-01 7.000000000000000000e+00 1.410000000000000000e+02 4.000000000000000000e+00
1.395830729371856371e-01 1.376836321321934564e+00 1.900000000000000000e+01 1.190000000000000000e+02 4.000000000000000000e+00
7.687749888332290338e-01 2.058612177338074167e-01 1.000000000000000000e+01 1.220000000000000000e+02 4.000000000000000000e+00
3.102800264110130435e-01 6.018451528593272704e-01 7.000000000000000000e+00 1.330000000000000000e+02 4.000000000000000000e+00
6.518529208679326725e-01 7.985523946100406834e-01 1.000000000000000000e+01 1.070000000000000000e+02 4.000000000000000000e+00
9.178833571070048603e-01 1.529713283900680842e+00 1.600000000000000000e+01 1.300000000000000000e+02 4.000000000000000000e+00
7.186210179588445879e-01 1.807787924277477698e+00 6.000000000000000000e+00 1.650000000000000000e+02 4.000000000000000000e+00
5.827122434314506716e-01 1.518608495202462327e+00 7.000000000000000000e+00 8.300000000000000000e+01 4.000000000000000000e+00
4.458744096147146951e-01 6.978608171191217346e-01 1.600000000000000000e+01 1.260000000000000000e+02 4.000000000000000000e+00
7.169476134281516089e-01 1.582173720688792473e+00 1.100000000000000000e+01 1.710000000000000000e+02 4.000000000000000000e+00
4.266710778977291785e-01 1.167013233954894424e+00 8.000000000000000000e+00 1.270000000000000000e+02 4.000000000000000000e+00
3.871115730142300482e-01 1.645889914772976637e+00 8.000000000000000000e+00 1.780000000000000000e+02 4.000000000000000000e+00
4.166210590561025134e-02 2.980530532683788314e-01 2.000000000000000000e+00 1.130000000000000000e+02 4.000000000000000000e+00
6.119075931268946889e-01 1.391847664587252675e-01 1.000000000000000000e+00 9.900000000000000000e+01 4.000000000000000000e+00
6.400580493796195203e-01 1.253694729807248276e+00 2.000000000000000000e+00 1.930000000000000000e+02 4.000000000000000000e+00
1.004731169658599071e-01 1.886779451440090405e+00 2.000000000000000000e+00 1.620000000000000000e+02 4.000000000000000000e+00
1.007918967398295784e+00 1.739560675517509480e+00 5.000000000000000000e+00 9.500000000000000000e+01 4.000000000000000000e+00
