-1.330689542725183117e+02
-1.330462695549320529e+02
-1.330967333093293803e+02
-1.330968840432782372e+02
-9.171881301431848499e+01
-1.330340117882825268e+02
-1.330674946401049112e+02
-1.330829022010164238e+02
-9.773531900478835155e+01
-1.259881840129159798e+02
-1.250463553005443771e+02
-1.330570068517431821e+02
-1.310733369866193243e+02
-1.330965552508050678e+02
-1.074701319094149454e+02
-1.325748780055069744e+02
-9.581881610717925923e+01
-1.330804915275115263e+02
-1.330445312242139551e+02
-1.028384190231312232e+02
-1.128077673868613857e+02
-8.966328356283065659e+01
-9.244870511478568176e+01
-1.330969832465082447e+02
-1.051514511840325241e+02
-9.607902090903594683e+01
-1.086584522565567426e+02
-1.330630804027404395e+02
-9.253523124351707452e+01
-9.129318694034347459e+01
-1.330969094012125424e+02
-9.043371665489480904e+01
-1.330656089214888311e+02
-1.330965233987549539e+02
-9.123942081405964188e+01
-1.330968223190363062e+02
-1.330967288324603146e+02
-1.322220690962793697e+02
-1.328243447135264432e+02
-1.330828034235360917e+02
-1.330952669153997476e+02
-1.328032260683813774e+02
-9.817314245880940859e+01
-9.174146566048905527e+01
-1.330968078362021174e+02
-1.330909419448470601e+02
-1.023774146172706310e+02
-1.292126176172180010e+02
-1.324059572207501390e+02
-9.637151255350572399e+01
-1.145001741353429026e+02
-1.049883938951648332e+02
-1.278402154726621376e+02
-1.175772583085186795e+02
-1.278399858406016278e+02
-1.099608283635294015e+02
-1.271635906272046554e+02
-1.204039269990914534e+02
-1.171808992037155122e+02
-1.278400779990707292e+02
-1.151306817323958711e+02
-1.090290829683143556e+02
-9.237975336263858139e+01
-1.268529983167606474e+02
-1.278061943555278503e+02
-1.278386065443794877e+02
-1.278286448104396982e+02
-1.278395105518235368e+02
-8.833992166218422426e+01
-1.276736093102710328e+02
-1.278400362472241909e+02
-9.002293037204729842e+01
-1.278396987633760631e+02
-9.389214553182321765e+01
-1.278400303173116299e+02
-1.058872879419304525e+02
-1.274276521229606942e+02
-1.264635140759627490e+02
-8.853606820975498692e+01
-1.265341560565569949e+02
-1.212804344086418240e+02
-1.242514586151315399e+02
-1.002155373633357982e+02
-1.248845292694109190e+02
-1.273378347655472140e+02
-1.276739013318741911e+02
-1.115135196171709140e+02
-1.153007843258335043e+02
-1.278401880058865743e+02
-1.192518036373070487e+02
-1.278393760871719991e+02
-1.133895348194249948e+02
-1.252183034029104647e+02
-1.028187633300022839e+02
-1.267489645153782760e+02
-1.278401024579137584e+02
-9.476534229703356971e+01
-1.278401252962296724e+02
-1.018859302566156941e+02
-1.278400698670864415e+02
-1.235597050978478819e+02
-1.140685759561947776e+02
-1.235166743569206176e+02
-1.205961597064123083e+02
-1.133555534383987862e+02
-1.235614508669690821e+02
-1.235520025517771217e+02
-1.214842060056639212e+02
-1.235608764847476237e+02
-1.235613011064323814e+02
-1.147325416115889851e+02
-1.235607831490492146e+02
-1.105219501836274105e+02
-1.234107419920726869e+02
-1.232330310133227300e+02
-1.087100381306798766e+02
-1.044824696633262846e+02
-8.887432054401877224e+01
-1.235295214975344891e+02
-1.210234936349350932e+02
-1.235585961691825503e+02
-1.134840894412322427e+02
-1.040682057820866362e+02
-8.712287765208252210e+01
-1.182264066392151705e+02
-1.235616489564974643e+02
-1.235615422537072305e+02
-1.235614963565028148e+02
-1.235184429877741650e+02
-8.685199364904264030e+01
-1.234956483920575181e+02
-1.184536780548954198e+02
-1.226984100535851923e+02
-1.235127335000210564e+02
-8.973558739728579781e+01
-9.827063020311780406e+01
-1.175766786401890158e+02
-9.398683581707533108e+01
-1.235455905205268010e+02
-1.235600276533013471e+02
-1.227935782289204099e+02
-1.235614300491163533e+02
-1.225671792318949116e+02
-9.799642151751713470e+01
-1.144209881305384471e+02
-1.078987790408333183e+02
-1.235588729895200828e+02
-1.193097721591910130e+02
-1.185736583189756885e+02
-1.235577899182324728e+02
-1.239423027646339364e+02
-8.754074749322684568e+01
-8.876979086299311916e+01
-1.029949528640729142e+02
-1.056537266709454741e+02
-1.239390833002473045e+02
-1.020445725291815364e+02
-1.237589919310301667e+02
-1.034800276762343003e+02
-1.239422747325411081e+02
-8.772614277274708172e+01
-1.239421433002042363e+02
-1.184658041261435102e+02
-9.867811773722598900e+01
-1.239394819785843822e+02
-1.180083998767308344e+02
-8.781064646559417497e+01
-1.153928158347104187e+02
-1.236537571787809355e+02
-1.122993809087654711e+02
-1.239397613540913738e+02
-1.238681883885408581e+02
-1.009615561544220554e+02
-9.102246829731757316e+01
-1.239324240589205601e+02
-1.239422618029059464e+02
-1.112192366245877082e+02
-1.239423366217401679e+02
-8.626096422552900833e+01
-9.807660338068453143e+01
-1.239422119774389586e+02
-1.238127033222498312e+02
-1.239421331213090838e+02
-1.239418276177046891e+02
-1.094017368412621352e+02
-1.237191445198820219e+02
-1.157799233788492757e+02
-8.745832424618909329e+01
-1.239420728917546057e+02
-1.094749246047147011e+02
-1.239423403814890605e+02
-8.501657863740405219e+01
-9.016963431115352989e+01
-1.239422912245788950e+02
-1.235242065495058910e+02
-1.239381329612281775e+02
-1.151386546459323341e+02
-1.106150606011378414e+02
-1.205447886803342072e+02
-1.239421707089862252e+02
-1.166732726733153811e+02
-1.251431610465046873e+02
-1.066485985526768161e+02
-1.251301565679958259e+02
-1.161113863913949729e+02
-1.068690766459569232e+02
-1.251224945144990102e+02
-9.111003715817652449e+01
-1.174549211645799573e+02
-1.246864781192180658e+02
-9.784742754939151155e+01
-8.678492071808584285e+01
-1.157342445235003368e+02
-1.123788277355923526e+02
-1.251431682469278002e+02
-1.251433046773039166e+02
-8.658165215054837915e+01
-1.251420879870076135e+02
-1.032371269723275873e+02
-9.794246372386903943e+01
-1.251426161236329051e+02
-1.250715975764888270e+02
-8.825360103093440500e+01
-1.201784647365774532e+02
-1.248792472257975561e+02
-9.552782653028386051e+01
-1.251432702052204746e+02
-1.251434433335019349e+02
-1.072187468192117308e+02
-1.251427419832904064e+02
-8.810636976210615501e+01
-1.243680702995011842e+02
-1.251434227739467246e+02
-8.881559691483354868e+01
-1.251103161553839556e+02
-8.844250926161714688e+01
-1.012069429096521134e+02
-1.105157880385852991e+02
-1.250084080469583228e+02
-1.251434463720036092e+02
-1.251367521850794731e+02
-1.056020726130131493e+02
-1.251079950202659887e+02
-1.221050422825742316e+02
-1.251408780615598175e+02
-1.011429639543883923e+02
-9.986590448812687271e+01
-1.234313653691308161e+02
-1.251434134634339870e+02
-1.251434319382781553e+02
