9.700173033359185126e-01 1.499024099899152196e+00 1.800000000000000000e+01 3.500000000000000000e+01 0.000000000000000000e+00
9.700173033359185126e-01 1.499024099899152196e+00 1.800000000000000000e+01 3.500000000000000000e+01 1.000000000000000000e+00
9.700173033359185126e-01 1.499024099899152196e+00 1.800000000000000000e+01 3.500000000000000000e+01 2.000000000000000000e+00
9.700173033359185126e-01 1.499024099899152196e+00 1.800000000000000000e+01 3.500000000000000000e+01 3.000000000000000000e+00
9.700173033359185126e-01 1.499024099899152196e+00 1.800000000000000000e+01 3.500000000000000000e+01 4.000000000000000000e+00
1.009867292623879198e+00 5.401345995657035326e-01 1.800000000000000000e+01 1.040000000000000000e+02 0.000000000000000000e+00
1.009867292623879198e+00 5.401345995657035326e-01 1.800000000000000000e+01 1.040000000000000000e+02 1.000000000000000000e+00
1.009867292623879198e+00 5.401345995657035326e-01 1.800000000000000000e+01 1.040000000000000000e+02 2.000000000000000000e+00
1.009867292623879198e+00 5.401345995657035326e-01 1.800000000000000000e+01 1.040000000000000000e+02 3.000000000000000000e+00
1.009867292623879198e+00 5.401345995657035326e-01 1.800000000000000000e+01 1.040000000000000000e+02 4.000000000000000000e+00
3.710563539640580055e-01 1.579681980418874199e+00 2.000000000000000000e+01 6.000000000000000000e+00 0.000000000000000000e+00
3.710563539640580055e-01 1.579681980418874199e+00 2.000000000000000000e+01 6.000000000000000000e+00 1.000000000000000000e+00
3.710563539640580055e-01 1.579681980418874199e+00 2.000000000000000000e+01 6.000000000000000000e+00 2.000000000000000000e+00
3.710563539640580055e-01 1.579681980418874199e+00 2.000000000000000000e+01 6.000000000000000000e+00 3.000000000000000000e+00
3.710563539640580055e-01 1.579681980418874199e+00 2.000000000000000000e+01 6.000000000000000000e+00 4.000000000000000000e+00
1.006455725089096864e+00 7.326939555812167493e-01 6.000000000000000000e+00 6.900000000000000000e+01 0.000000000000000000e+00
1.006455725089096864e+00 7.326939555812167493e-01 6.000000000000000000e+00 6.900000000000000000e+01 1.000000000000000000e+00
1.006455725089096864e+00 7.326939555812167493e-01 6.000000000000000000e+00 6.900000000000000000e+01 2.000000000000000000e+00
1.006455725089096864e+00 7.326939555812167493e-01 6.000000000000000000e+00 6.900000000000000000e+01 3.000000000000000000e+00
1.006455725089096864e+00 7.326939555812167493e-01 6.000000000000000000e+00 6.900000000000000000e+01 4.000000000000000000e+00
1.465445798235246455e-01 8.679600203032001859e-01 1.000000000000000000e+00 7.000000000000000000e+01 0.000000000000000000e+00
1.465445798235246455e-01 8.679600203032001859e-01 1.000000000000000000e+00 7.000000000000000000e+01 1.000000000000000000e+00
1.465445798235246455e-01 8.679600203032001859e-01 1.000000000000000000e+00 7.000000000000000000e+01 2.000000000000000000e+00
1.465445798235246455e-01 8.679600203032001859e-01 1.000000000000000000e+00 7.000000000000000000e+01 3.000000000000000000e+00
1.465445798235246455e-01 8.679600203032001859e-01 1.000000000000000000e+00 7.000000000000000000e+01 4.000000000000000000e+00
3.305192835651931116e-01 8.328295061670302202e-01 7.000000000000000000e+00 2.700000000000000000e+01 0.000000000000000000e+00
3.305192835651931116e-01 8.328295061670302202e-01 7.000000000000000000e+00 2.700000000000000000e+01 1.000000000000000000e+00
3.305192835651931116e-01 8.328295061670302202e-01 7.000000000000000000e+00 2.700000000000000000e+01 2.000000000000000000e+00
3.305192835651931116e-01 8.328295061670302202e-01 7.000000000000000000e+00 2.700000000000000000e+01 3.000000000000000000e+00
3.305192835651931116e-01 8.328295061670302202e-01 7.000000000000000000e+00 2.700000000000000000e+01 4.000000000000000000e+00
7.196515625881274580e-01 1.900284861046747098e+00 1.600000000000000000e+01 3.000000000000000000e+00 0.000000000000000000e+00
7.196515625881274580e-01 1.900284861046747098e+00 1.600000000000000000e+01 3.000000000000000000e+00 1.000000000000000000e+00
7.196515625881274580e-01 1.900284861046747098e+00 1.600000000000000000e+01 3.000000000000000000e+00 2.000000000000000000e+00
7.196515625881274580e-01 1.900284861046747098e+00 1.600000000000000000e+01 3.000000000000000000e+00 3.000000000000000000e+00
7.196515625881274580e-01 1.900284861046747098e+00 1.600000000000000000e+01 3.000000000000000000e+00 4.000000000000000000e+00
5.441154391977205407e-01 5.945875298198902703e-01 3.000000000000000000e+00 3.400000000000000000e+01 0.000000000000000000e+00
5.441154391977205407e-01 5.945875298198902703e-01 3.000000000000000000e+00 3.400000000000000000e+01 1.000000000000000000e+00
5.441154391977205407e-01 5.945875298198902703e-01 3.000000000000000000e+00 3.400000000000000000e+01 2.000000000000000000e+00
5.441154391977205407e-01 5.945875298198902703e-01 3.000000000000000000e+00 3.400000000000000000e+01 3.000000000000000000e+00
5.441154391977205407e-01 5.945875298198902703e-01 3.000000000000000000e+00 3.400000000000000000e+01 4.000000000000000000e+00
6.818065625770752813e-01 1.223458214626275353e+00 1.500000000000000000e+01 9.400000000000000000e+01 0.000000000000000000e+00
6.818065625770752813e-01 1.223458214626275353e+00 1.500000000000000000e+01 9.400000000000000000e+01 1.000000000000000000e+00
6.818065625770752813e-01 1.223458214626275353e+00 1.500000000000000000e+01 9.400000000000000000e+01 2.000000000000000000e+00
6.818065625770752813e-01 1.223458214626275353e+00 1.500000000000000000e+01 9.400000000000000000e+01 3.000000000000000000e+00
6.818065625770752813e-01 1.223458214626275353e+00 1.500000000000000000e+01 9.400000000000000000e+01 4.000000000000000000e+00
5.525598767095097896e-01 1.886895207389801543e+00 1.700000000000000000e+01 1.650000000000000000e+02 0.000000000000000000e+00
5.525598767095097896e-01 1.886895207389801543e+00 1.700000000000000000e+01 1.650000000000000000e+02 1.000000000000000000e+00
5.525598767095097896e-01 1.886895207389801543e+00 1.700000000000000000e+01 1.650000000000000000e+02 2.000000000000000000e+00
5.525598767095097896e-01 1.886895207389801543e+00 1.700000000000000000e+01 1.650000000000000000e+02 3.000000000000000000e+00
5.525598767095097896e-01 1.886895207389801543e+00 1.700000000000000000e+01 1.650000000000000000e+02 4.000000000000000000e+00
8.527795495650429825e-01 7.120251798992459635e-01 8.000000000000000000e+00 7.900000000000000000e+01 0.000000000000000000e+00
8.527795495650429825e-01 7.120251798992459635e-01 8.000000000000000000e+00 7.900000000000000000e+01 1.000000000000000000e+00
8.527795495650429825e-01 7.120251798992459635e-01 8.000000000000000000e+00 7.900000000000000000e+01 2.000000000000000000e+00
8.527795495650429825e-01 7.120251798992459635e-01 8.000000000000000000e+00 7.900000000000000000e+01 3.000000000000000000e+00
8.527795495650429825e-01 7.120251798992459635e-01 8.000000000000000000e+00 7.900000000000000000e+01 4.000000000000000000e+00
6.411697774551955442e-01 1.460477720892310316e+00 1.700000000000000000e+01 7.600000000000000000e+01 0.000000000000000000e+00
6.411697774551955442e-01 1.460477720892310316e+00 1.700000000000000000e+01 7.600000000000000000e+01 1.000000000000000000e+00
6.411697774551955442e-01 1.460477720892310316e+00 1.700000000000000000e+01 7.600000000000000000e+01 2.000000000000000000e+00
6.411697774551955442e-01 1.460477720892310316e+00 1.700000000000000000e+01 7.600000000000000000e+01 3.000000000000000000e+00
6.411697774551955442e-01 1.460477720892310316e+00 1.700000000000000000e+01 7.600000000000000000e+01 4.000000000000000000e+00
9.804275603953206408e-01 1.887134303841522476e+00 8.000000000000000000e+00 1.300000000000000000e+02 0.000000000000000000e+00
9.804275603953206408e-01 1.887134303841522476e+00 8.000000000000000000e+00 1.300000000000000000e+02 1.000000000000000000e+00
9.804275603953206408e-01 1.887134303841522476e+00 8.000000000000000000e+00 1.300000000000000000e+02 2.000000000000000000e+00
9.804275603953206408e-01 1.887134303841522476e+00 8.000000000000000000e+00 1.300000000000000000e+02 3.000000000000000000e+00
9.804275603953206408e-01 1.887134303841522476e+00 8.000000000000000000e+00 1.300000000000000000e+02 4.000000000000000000e+00
9.524258613607805568e-01 1.384450962445588962e+00 1.100000000000000000e+01 5.400000000000000000e+01 0.000000000000000000e+00
9.524258613607805568e-01 1.384450962445588962e+00 1.100000000000000000e+01 5.400000000000000000e+01 1.000000000000000000e+00
9.524258613607805568e-01 1.384450962445588962e+00 1.100000000000000000e+01 5.400000000000000000e+01 2.000000000000000000e+00
9.524258613607805568e-01 1.384450962445588962e+00 1.100000000000000000e+01 5.400000000000000000e+01 3.000000000000000000e+00
9.524258613607805568e-01 1.384450962445588962e+00 1.100000000000000000e+01 5.400000000000000000e+01 4.000000000000000000e+00
6.246476338420842156e-01 5.553665087959517299e-01 2.000000000000000000e+00 3.600000000000000000e+01 0.000000000000000000e+00
6.246476338420842156e-01 5.553665087959517299e-01 2.000000000000000000e+00 3.600000000000000000e+01 1.000000000000000000e+00
6.246476338420842156e-01 5.553665087959517299e-01 2.000000000000000000e+00 3.600000000000000000e+01 2.000000000000000000e+00
6.246476338420842156e-01 5.553665087959517299e-01 2.000000000000000000e+00 3.600000000000000000e+01 3.000000000000000000e+00
6.246476338420842156e-01 5.553665087959517299e-01 2.000000000000000000e+00 3.600000000000000000e+01 4.000000000000000000e+00
4.960318689663727465e-01 1.714438598776826694e+00 1.700000000000000000e+01 8.700000000000000000e+01 0.000000000000000000e+00
4.960318689663727465e-01 1.714438598776826694e+00 1.700000000000000000e+01 8.700000000000000000e+01 1.000000000000000000e+00
4.960318689663727465e-01 1.714438598776826694e+00 1.700000000000000000e+01 8.700000000000000000e+01 2.000000000000000000e+00
4.960318689663727465e-01 1.714438598776826694e+00 1.700000000000000000e+01 8.700000000000000000e+01 3.000000000000000000e+00
4.960318689663727465e-01 1.714438598776826694e+00 1.700000000000000000e+01 8.700000000000000000e+01 4.000000000000000000e+00
8.542201535223630238e-01 1.169361732459914593e+00 7.000000000000000000e+00 6.300000000000000000e+01 0.000000000000000000e+00
8.542201535223630238e-01 1.169361732459914593e+00 7.000000000000000000e+00 6.300000000000000000e+01 1.000000000000000000e+00
8.542201535223630238e-01 1.169361732459914593e+00 7.000000000000000000e+00 6.300000000000000000e+01 2.000000000000000000e+00
8.542201535223630238e-01 1.169361732459914593e+00 7.000000000000000000e+00 6.300000000000000000e+01 3.000000000000000000e+00
8.542201535223630238e-01 1.169361732459914593e+00 7.000000000000000000e+00 6.300000000000000000e+01 4.000000000000000000e+00
7.677980498544400012e-01 1.099353772207678936e+00 1.400000000000000000e+01 3.000000000000000000e+00 0.000000000000000000e+00
7.677980498544400012e-01 1.099353772207678936e+00 1.400000000000000000e+01 3.000000000000000000e+00 1.000000000000000000e+00
7.677980498544400012e-01 1.099353772207678936e+00 1.400000000000000000e+01 3.000000000000000000e+00 2.000000000000000000e+00
7.677980498544400012e-01 1.099353772207678936e+00 1.400000000000000000e+01 3.000000000000000000e+00 3.000000000000000000e+00
7.677980498544400012e-01 1.099353772207678936e+00 1.400000000000000000e+01 3.000000000000000000e+00 4.000000000000000000e+00
8.603278965949620050e-01 1.339393550712143721e+00 1.600000000000000000e+01 2.100000000000000000e+01 0.000000000000000000e+00
8.603278965949620050e-01 1.339393550712143721e+00 1.600000000000000000e+01 2.100000000000000000e+01 1.000000000000000000e+00
8.603278965949620050e-01 1.339393550712143721e+00 1.600000000000000000e+01 2.100000000000000000e+01 2.000000000000000000e+00
8.603278965949620050e-01 1.339393550712143721e+00 1.600000000000000000e+01 2.100000000000000000e+01 3.000000000000000000e+00
8.603278965949620050e-01 1.339393550712143721e+00 1.600000000000000000e+01 2.100000000000000000e+01 4.000000000000000000e+00
8.716141790501138464e-01 5.633943932980006730e-01 9.000000000000000000e+00 1.750000000000000000e+02 0.000000000000000000e+00
8.716141790501138464e-01 5.633943932980006730e-01 9.000000000000000000e+00 1.750000000000000000e+02 1.000000000000000000e+00
8.716141790501138464e-01 5.633943932980006730e-01 9.000000000000000000e+00 1.750000000000000000e+02 2.000000000000000000e+00
8.716141790501138464e-01 5.633943932980006730e-01 9.000000000000000000e+00 1.750000000000000000e+02 3.000000000000000000e+00
8.716141790501138464e-01 5.633943932980006730e-01 9.000000000000000000e+00 1.750000000000000000e+02 4.000000000000000000e+00
4.122184145807711309e-01 1.348750124319771038e+00 6.000000000000000000e+00 2.000000000000000000e+02 0.000000000000000000e+00
4.122184145807711309e-01 1.348750124319771038e+00 6.000000000000000000e+00 2.000000000000000000e+02 1.000000000000000000e+00
4.122184145807711309e-01 1.348750124319771038e+00 6.000000000000000000e+00 2.000000000000000000e+02 2.000000000000000000e+00
4.122184145807711309e-01 1.348750124319771038e+00 6.000000000000000000e+00 2.000000000000000000e+02 3.000000000000000000e+00
4.122184145807711309e-01 1.348750124319771038e+00 6.000000000000000000e+00 2.000000000000000000e+02 4.000000000000000000e+00
1.530367058839018357e-01 3.455969671865585235e-01 5.000000000000000000e+00 1.720000000000000000e+02 0.000000000000000000e+00
1.530367058839018357e-01 3.455969671865585235e-01 5.000000000000000000e+00 1.720000000000000000e+02 1.000000000000000000e+00
1.530367058839018357e-01 3.455969671865585235e-01 5.000000000000000000e+00 1.720000000000000000e+02 2.000000000000000000e+00
1.530367058839018357e-01 3.455969671865585235e-01 5.000000000000000000e+00 1.720000000000000000e+02 3.000000000000000000e+00
1.530367058839018357e-01 3.455969671865585235e-01 5.000000000000000000e+00 1.720000000000000000e+02 4.000000000000000000e+00
4.268299107625020961e-01 1.213765964103920014e+00 6.000000000000000000e+00 1.620000000000000000e+02 0.000000000000000000e+00
4.268299107625020961e-01 1.213765964103920014e+00 6.000000000000000000e+00 1.620000000000000000e+02 1.000000000000000000e+00
4.268299107625020961e-01 1.213765964103920014e+00 6.000000000000000000e+00 1.620000000000000000e+02 2.000000000000000000e+00
4.268299107625020961e-01 1.213765964103920014e+00 6.000000000000000000e+00 1.620000000000000000e+02 3.000000000000000000e+00
4.268299107625020961e-01 1.213765964103920014e+00 6.000000000000000000e+00 1.620000000000000000e+02 4.000000000000000000e+00
9.514191754394224487e-01 9.185180450064610591e-01 4.000000000000000000e+00 1.030000000000000000e+02 0.000000000000000000e+00
9.514191754394224487e-01 9.185180450064610591e-01 4.000000000000000000e+00 1.030000000000000000e+02 1.000000000000000000e+00
9.514191754394224487e-01 9.185180450064610591e-01 4.000000000000000000e+00 1.030000000000000000e+02 2.000000000000000000e+00
9.514191754394224487e-01 9.185180450064610591e-01 4.000000000000000000e+00 1.030000000000000000e+02 3.000000000000000000e+00
9.514191754394224487e-01 9.185180450064610591e-01 4.000000000000000000e+00 1.030000000000000000e+02 4.000000000000000000e+00
7.467514493829402467e-01 2.090901348732498111e+00 6.000000000000000000e+00 1.200000000000000000e+02 0.000000000000000000e+00
7.467514493829402467e-01 2.090901348732498111e+00 6.000000000000000000e+00 1.200000000000000000e+02 1.000000000000000000e+00
7.467514493829402467e-01 2.090901348732498111e+00 6.000000000000000000e+00 1.200000000000000000e+02 2.000000000000000000e+00
7.467514493829402467e-01 2.090901348732498111e+00 6.000000000000000000e+00 1.200000000000000000e+02 3.000000000000000000e+00
7.467514493829402467e-01 2.090901348732498111e+00 6.000000000000000000e+00 1.200000000000000000e+02 4.000000000000000000e+00
9.266643492109676306e-01 1.040465451881164294e-01 1.500000000000000000e+01 9.500000000000000000e+01 0.000000000000000000e+00
9.266643492109676306e-01 1.040465451881164294e-01 1.500000000000000000e+01 9.500000000000000000e+01 1.000000000000000000e+00
9.266643492109676306e-01 1.040465451881164294e-01 1.500000000000000000e+01 9.500000000000000000e+01 2.000000000000000000e+00
9.266643492109676306e-01 1.040465451881164294e-01 1.500000000000000000e+01 9.500000000000000000e+01 3.000000000000000000e+00
9.266643492109676306e-01 1.040465451881164294e-01 1.500000000000000000e+01 9.500000000000000000e+01 4.000000000000000000e+00
9.813316932292897032e-01 1.878096353397447738e+00 1.800000000000000000e+01 6.400000000000000000e+01 0.000000000000000000e+00
9.813316932292897032e-01 1.878096353397447738e+00 1.800000000000000000e+01 6.400000000000000000e+01 1.000000000000000000e+00
9.813316932292897032e-01 1.878096353397447738e+00 1.800000000000000000e+01 6.400000000000000000e+01 2.000000000000000000e+00
9.813316932292897032e-01 1.878096353397447738e+00 1.800000000000000000e+01 6.400000000000000000e+01 3.000000000000000000e+00
9.813316932292897032e-01 1.878096353397447738e+00 1.800000000000000000e+01 6.400000000000000000e+01 4.000000000000000000e+00
7.094886062371900115e-01 2.950493370958525707e-01 8.000000000000000000e+00 1.690000000000000000e+02 0.000000000000000000e+00
7.094886062371900115e-01 2.950493370958525707e-01 8.000000000000000000e+00 1.690000000000000000e+02 1.000000000000000000e+00
7.094886062371900115e-01 2.950493370958525707e-01 8.000000000000000000e+00 1.690000000000000000e+02 2.000000000000000000e+00
7.094886062371900115e-01 2.950493370958525707e-01 8.000000000000000000e+00 1.690000000000000000e+02 3.000000000000000000e+00
7.094886062371900115e-01 2.950493370958525707e-01 8.000000000000000000e+00 1.690000000000000000e+02 4.000000000000000000e+00
5.834290389184013659e-01 1.740074232660191456e+00 1.800000000000000000e+01 7.400000000000000000e+01 0.000000000000000000e+00
5.834290389184013659e-01 1.740074232660191456e+00 1.800000000000000000e+01 7.400000000000000000e+01 1.000000000000000000e+00
5.834290389184013659e-01 1.740074232660191456e+00 1.800000000000000000e+01 7.400000000000000000e+01 2.000000000000000000e+00
5.834290389184013659e-01 1.740074232660191456e+00 1.800000000000000000e+01 7.400000000000000000e+01 3.000000000000000000e+00
5.834290389184013659e-01 1.740074232660191456e+00 1.800000000000000000e+01 7.400000000000000000e+01 4.000000000000000000e+00
5.708910506455944223e-01 8.015249214408831646e-01 1.900000000000000000e+01 1.000000000000000000e+01 0.000000000000000000e+00
5.708910506455944223e-01 8.015249214408831646e-01 1.900000000000000000e+01 1.000000000000000000e+01 1.000000000000000000e+00
5.708910506455944223e-01 8.015249214408831646e-01 1.900000000000000000e+01 1.000000000000000000e+01 2.000000000000000000e+00
5.708910506455944223e-01 8.015249214408831646e-01 1.900000000000000000e+01 1.000000000000000000e+01 3.000000000000000000e+00
5.708910506455944223e-01 8.015249214408831646e-01 1.900000000000000000e+01 1.000000000000000000e+01 4.000000000000000000e+00
5.534997560938548222e-01 1.859178183424241793e+00 2.000000000000000000e+00 1.770000000000000000e+02 0.000000000000000000e+00
5.534997560938548222e-01 1.859178183424241793e+00 2.000000000000000000e+00 1.770000000000000000e+02 1.000000000000000000e+00
5.534997560938548222e-01 1.859178183424241793e+00 2.000000000000000000e+00 1.770000000000000000e+02 2.000000000000000000e+00
5.534997560938548222e-01 1.859178183424241793e+00 2.000000000000000000e+00 1.770000000000000000e+02 3.000000000000000000e+00
5.534997560938548222e-01 1.859178183424241793e+00 2.000000000000000000e+00 1.770000000000000000e+02 4.000000000000000000e+00
1.240965648721865516e-01 1.628776108872699580e-01 2.000000000000000000e+00 9.300000000000000000e+01 0.000000000000000000e+00
1.240965648721865516e-01 1.628776108872699580e-01 2.000000000000000000e+00 9.300000000000000000e+01 1.000000000000000000e+00
1.240965648721865516e-01 1.628776108872699580e-01 2.000000000000000000e+00 9.300000000000000000e+01 2.000000000000000000e+00
1.240965648721865516e-01 1.628776108872699580e-01 2.000000000000000000e+00 9.300000000000000000e+01 3.000000000000000000e+00
1.240965648721865516e-01 1.628776108872699580e-01 2.000000000000000000e+00 9.300000000000000000e+01 4.000000000000000000e+00
9.628100603730366247e-01 6.774869487201434781e-01 3.000000000000000000e+00 1.950000000000000000e+02 0.000000000000000000e+00
9.628100603730366247e-01 6.774869487201434781e-01 3.000000000000000000e+00 1.950000000000000000e+02 1.000000000000000000e+00
9.628100603730366247e-01 6.774869487201434781e-01 3.000000000000000000e+00 1.950000000000000000e+02 2.000000000000000000e+00
9.628100603730366247e-01 6.774869487201434781e-01 3.000000000000000000e+00 1.950000000000000000e+02 3.000000000000000000e+00
9.628100603730366247e-01 6.774869487201434781e-01 3.000000000000000000e+00 1.950000000000000000e+02 4.000000000000000000e+00
4.519491708850247313e-01 6.180430645228632835e-01 1.200000000000000000e+01 2.900000000000000000e+01 0.000000000000000000e+00
4.519491708850247313e-01 6.180430645228632835e-01 1.200000000000000000e+01 2.900000000000000000e+01 1.000000000000000000e+00
4.519491708850247313e-01 6.180430645228632835e-01 1.200000000000000000e+01 2.900000000000000000e+01 2.000000000000000000e+00
4.519491708850247313e-01 6.180430645228632835e-01 1.200000000000000000e+01 2.900000000000000000e+01 3.000000000000000000e+00
4.519491708850247313e-01 6.180430645228632835e-01 1.200000000000000000e+01 2.900000000000000000e+01 4.000000000000000000e+00
6.068914437271092366e-01 1.410572091954619411e+00 1.900000000000000000e+01 2.200000000000000000e+01 0.000000000000000000e+00
6.068914437271092366e-01 1.410572091954619411e+00 1.900000000000000000e+01 2.200000000000000000e+01 1.000000000000000000e+00
6.068914437271092366e-01 1.410572091954619411e+00 1.900000000000000000e+01 2.200000000000000000e+01 2.000000000000000000e+00
6.068914437271092366e-01 1.410572091954619411e+00 1.900000000000000000e+01 2.200000000000000000e+01 3.000000000000000000e+00
6.068914437271092366e-01 1.410572091954619411e+00 1.900000000000000000e+01 2.200000000000000000e+01 4.000000000000000000e+00
2.856954606457642321e-01 1.815944915878239030e+00 8.000000000000000000e+00 1.290000000000000000e+02 0.000000000000000000e+00
2.856954606457642321e-01 1.815944915878239030e+00 8.000000000000000000e+00 1.290000000000000000e+02 1.000000000000000000e+00
2.856954606457642321e-01 1.815944915878239030e+00 8.000000000000000000e+00 1.290000000000000000e+02 2.000000000000000000e+00
2.856954606457642321e-01 1.815944915878239030e+00 8.000000000000000000e+00 1.290000000000000000e+02 3.000000000000000000e+00
2.856954606457642321e-01 1.815944915878239030e+00 8.000000000000000000e+00 1.290000000000000000e+02 4.000000000000000000e+00
8.987241463838484545e-01 6.701211821306355398e-01 2.000000000000000000e+00 4.600000000000000000e+01 0.000000000000000000e+00
8.987241463838484545e-01 6.701211821306355398e-01 2.000000000000000000e+00 4.600000000000000000e+01 1.000000000000000000e+00
8.987241463838484545e-01 6.701211821306355398e-01 2.000000000000000000e+00 4.600000000000000000e+01 2.000000000000000000e+00
8.987241463838484545e-01 6.701211821306355398e-01 2.000000000000000000e+00 4.600000000000000000e+01 3.000000000000000000e+00
8.987241463838484545e-01 6.701211821306355398e-01 2.000000000000000000e+00 4.600000000000000000e+01 4.000000000000000000e+00
6.695604191091031332e-01 2.044240518733647427e+00 4.000000000000000000e+00 1.200000000000000000e+01 0.000000000000000000e+00
6.695604191091031332e-01 2.044240518733647427e+00 4.000000000000000000e+00 1.200000000000000000e+01 1.000000000000000000e+00
6.695604191091031332e-01 2.044240518733647427e+00 4.000000000000000000e+00 1.200000000000000000e+01 2.000000000000000000e+00
6.695604191091031332e-01 2.044240518733647427e+00 4.000000000000000000e+00 1.200000000000000000e+01 3.000000000000000000e+00
6.695604191091031332e-01 2.044240518733647427e+00 4.000000000000000000e+00 1.200000000000000000e+01 4.000000000000000000e+00
8.068741125563475558e-01 4.589288023535521566e-01 1.900000000000000000e+01 1.000000000000000000e+02 0.000000000000000000e+00
8.068741125563475558e-01 4.589288023535521566e-01 1.900000000000000000e+01 1.000000000000000000e+02 1.000000000000000000e+00
8.068741125563475558e-01 4.589288023535521566e-01 1.900000000000000000e+01 1.000000000000000000e+02 2.000000000000000000e+00
8.068741125563475558e-01 4.589288023535521566e-01 1.900000000000000000e+01 1.000000000000000000e+02 3.000000000000000000e+00
8.068741125563475558e-01 4.589288023535521566e-01 1.900000000000000000e+01 1.000000000000000000e+02 4.000000000000000000e+00
7.946729778876521211e-01 2.040255777151431804e+00 3.000000000000000000e+00 6.400000000000000000e+01 0.000000000000000000e+00
7.946729778876521211e-01 2.040255777151431804e+00 3.000000000000000000e+00 6.400000000000000000e+01 1.000000000000000000e+00
7.946729778876521211e-01 2.040255777151431804e+00 3.000000000000000000e+00 6.400000000000000000e+01 2.000000000000000000e+00
7.946729778876521211e-01 2.040255777151431804e+00 3.000000000000000000e+00 6.400000000000000000e+01 3.000000000000000000e+00
7.946729778876521211e-01 2.040255777151431804e+00 3.000000000000000000e+00 6.400000000000000000e+01 4.000000000000000000e+00
3.728117689857211037e-01 2.757721295201901457e-01 2.000000000000000000e+01 1.100000000000000000e+02 0.000000000000000000e+00
3.728117689857211037e-01 2.757721295201901457e-01 2.000000000000000000e+01 1.100000000000000000e+02 1.000000000000000000e+00
3.728117689857211037e-01 2.757721295201901457e-01 2.000000000000000000e+01 1.100000000000000000e+02 2.000000000000000000e+00
3.728117689857211037e-01 2.757721295201901457e-01 2.000000000000000000e+01 1.100000000000000000e+02 3.000000000000000000e+00
3.728117689857211037e-01 2.757721295201901457e-01 2.000000000000000000e+01 1.100000000000000000e+02 4.000000000000000000e+00
3.538334237293320195e-01 1.242219291382208768e+00 1.000000000000000000e+01 1.840000000000000000e+02 0.000000000000000000e+00
3.538334237293320195e-01 1.242219291382208768e+00 1.000000000000000000e+01 1.840000000000000000e+02 1.000000000000000000e+00
3.538334237293320195e-01 1.242219291382208768e+00 1.000000000000000000e+01 1.840000000000000000e+02 2.000000000000000000e+00
3.538334237293320195e-01 1.242219291382208768e+00 1.000000000000000000e+01 1.840000000000000000e+02 3.000000000000000000e+00
3.538334237293320195e-01 1.242219291382208768e+00 1.000000000000000000e+01 1.840000000000000000e+02 4.000000000000000000e+00
1.755126824603193691e-01 1.363231877706223116e+00 1.000000000000000000e+01 1.300000000000000000e+01 0.000000000000000000e+00
1.755126824603193691e-01 1.363231877706223116e+00 1.000000000000000000e+01 1.300000000000000000e+01 1.000000000000000000e+00
1.755126824603193691e-01 1.363231877706223116e+00 1.000000000000000000e+01 1.300000000000000000e+01 2.000000000000000000e+00
1.755126824603193691e-01 1.363231877706223116e+00 1.000000000000000000e+01 1.300000000000000000e+01 3.000000000000000000e+00
1.755126824603193691e-01 1.363231877706223116e+00 1.000000000000000000e+01 1.300000000000000000e+01 4.000000000000000000e+00
7.556553529884611764e-02 1.925748382409966375e+00 1.000000000000000000e+00 4.200000000000000000e+01 0.000000000000000000e+00
7.556553529884611764e-02 1.925748382409966375e+00 1.000000000000000000e+00 4.200000000000000000e+01 1.000000000000000000e+00
7.556553529884611764e-02 1.925748382409966375e+00 1.000000000000000000e+00 4.200000000000000000e+01 2.000000000000000000e+00
7.556553529884611764e-02 1.925748382409966375e+00 1.000000000000000000e+00 4.200000000000000000e+01 3.000000000000000000e+00
7.556553529884611764e-02 1.925748382409966375e+00 1.000000000000000000e+00 4.200000000000000000e+01 4.000000000000000000e+00
9.865397922675454845e-02 4.987753566036544628e-01 1.000000000000000000e+01 1.520000000000000000e+02 0.000000000000000000e+00
9.865397922675454845e-02 4.987753566036544628e-01 1.000000000000000000e+01 1.520000000000000000e+02 1.000000000000000000e+00
9.865397922675454845e-02 4.987753566036544628e-01 1.000000000000000000e+01 1.520000000000000000e+02 2.000000000000000000e+00
9.865397922675454845e-02 4.987753566036544628e-01 1.000000000000000000e+01 1.520000000000000000e+02 3.000000000000000000e+00
9.865397922675454845e-02 4.987753566036544628e-01 1.000000000000000000e+01 1.520000000000000000e+02 4.000000000000000000e+00
4.819526979508823583e-01 9.819943603954756073e-01 3.000000000000000000e+00 1.140000000000000000e+02 0.000000000000000000e+00
4.819526979508823583e-01 9.819943603954756073e-01 3.000000000000000000e+00 1.140000000000000000e+02 1.000000000000000000e+00
4.819526979508823583e-01 9.819943603954756073e-01 3.000000000000000000e+00 1.140000000000000000e+02 2.000000000000000000e+00
4.819526979508823583e-01 9.819943603954756073e-01 3.000000000000000000e+00 1.140000000000000000e+02 3.000000000000000000e+00
4.819526979508823583e-01 9.819943603954756073e-01 3.000000000000000000e+00 1.140000000000000000e+02 4.000000000000000000e+00
7.755514266886346375e-01 1.254870673337350750e-01 2.000000000000000000e+00 5.700000000000000000e+01 0.000000000000000000e+00
7.755514266886346375e-01 1.254870673337350750e-01 2.000000000000000000e+00 5.700000000000000000e+01 1.000000000000000000e+00
7.755514266886346375e-01 1.254870673337350750e-01 2.000000000000000000e+00 5.700000000000000000e+01 2.000000000000000000e+00
7.755514266886346375e-01 1.254870673337350750e-01 2.000000000000000000e+00 5.700000000000000000e+01 3.000000000000000000e+00
7.755514266886346375e-01 1.254870673337350750e-01 2.000000000000000000e+00 5.700000000000000000e+01 4.000000000000000000e+00
6.906629641709288725e-01 6.512052798470763237e-01 1.000000000000000000e+00 1.420000000000000000e+02 0.000000000000000000e+00
6.906629641709288725e-01 6.512052798470763237e-01 1.000000000000000000e+00 1.420000000000000000e+02 1.000000000000000000e+00
6.906629641709288725e-01 6.512052798470763237e-01 1.000000000000000000e+00 1.420000000000000000e+02 2.000000000000000000e+00
6.906629641709288725e-01 6.512052798470763237e-01 1.000000000000000000e+00 1.420000000000000000e+02 3.000000000000000000e+00
6.906629641709288725e-01 6.512052798470763237e-01 1.000000000000000000e+00 1.420000000000000000e+02 4.000000000000000000e+00
6.139798212578414516e-01 1.191945692374581478e+00 4.000000000000000000e+00 1.390000000000000000e+02 0.000000000000000000e+00
6.139798212578414516e-01 1.191945692374581478e+00 4.000000000000000000e+00 1.390000000000000000e+02 1.000000000000000000e+00
6.139798212578414516e-01 1.191945692374581478e+00 4.000000000000000000e+00 1.390000000000000000e+02 2.000000000000000000e+00
6.139798212578414516e-01 1.191945692374581478e+00 4.000000000000000000e+00 1.390000000000000000e+02 3.000000000000000000e+00
6.139798212578414516e-01 1.191945692374581478e+00 4.000000000000000000e+00 1.390000000000000000e+02 4.000000000000000000e+00
2.197898105507828381e-01 3.722455073601623754e-01 1.700000000000000000e+01 1.180000000000000000e+02 0.000000000000000000e+00
2.197898105507828381e-01 3.722455073601623754e-01 1.700000000000000000e+01 1.180000000000000000e+02 1.000000000000000000e+00
2.197898105507828381e-01 3.722455073601623754e-01 1.700000000000000000e+01 1.180000000000000000e+02 2.000000000000000000e+00
2.197898105507828381e-01 3.722455073601623754e-01 1.700000000000000000e+01 1.180000000000000000e+02 3.000000000000000000e+00
2.197898105507828381e-01 3.722455073601623754e-01 1.700000000000000000e+01 1.180000000000000000e+02 4.000000000000000000e+00
