-1.089987729370985647e+02
-9.193397149118767686e+01
-1.180773854457425074e+02
-1.329398365313358852e+02
-1.132343478145658651e+02
-1.108151583029962381e+02
-1.330927827206091365e+02
-1.314806301403892519e+02
-1.329278034308982228e+02
-9.881219644713155503e+01
-1.092352120760356371e+02
-1.321930962230938178e+02
-1.330968341161568560e+02
-1.111600283811545040e+02
-9.549087730594823142e+01
-1.030914645186716427e+02
-1.330959860804226196e+02
-1.175280436576310592e+02
-1.286822974639694905e+02
-1.330967271570405615e+02
-1.330934499933807729e+02
-1.018469439640640388e+02
-9.483681085121237686e+01
-8.941489648930172507e+01
-1.330969068947082690e+02
-1.330440767149353576e+02
-9.338732076951308159e+01
-1.320074737311262538e+02
-9.257661959254642170e+01
-9.580824111581870284e+01
-1.330959617944268985e+02
-1.112841196479525081e+02
-1.330949327952101271e+02
-1.330969312322032181e+02
-1.277565432597470618e+02
-1.330331569906650770e+02
-1.326632151088307694e+02
-1.157418260403757131e+02
-9.808215539545086870e+01
-1.073465597222794230e+02
-1.191463735681715974e+02
-1.330526036431515138e+02
-1.089250681062471386e+02
-1.330967786627753924e+02
-1.064085387524233539e+02
-9.553379535935788169e+01
-1.330960349205820137e+02
-1.031254581942273347e+02
-1.297611754597469940e+02
-1.264219082988928449e+02
-1.201514497923345601e+02
-1.278283914984643417e+02
-1.278399744579165116e+02
-1.212834961539098941e+02
-1.278401562079655207e+02
-1.278405752631783372e+02
-1.085391652361537638e+02
-9.775642850568314657e+01
-1.278400767908306932e+02
-1.135350465881155060e+02
-1.271106746889328178e+02
-1.108363216338328954e+02
-1.236219023575959142e+02
-1.278400758842458629e+02
-8.852287052055731920e+01
-1.270644365465600600e+02
-1.278086092291408136e+02
-1.102770602356981726e+02
-1.242017451639203500e+02
-1.278400336464462299e+02
-1.273020912776919857e+02
-9.722029690777127087e+01
-1.210102530784330099e+02
-1.278400536014536470e+02
-8.827753031968981645e+01
-1.138825404345171250e+02
-1.278400402625364194e+02
-1.278403444662959316e+02
-8.927526502057787638e+01
-1.278399624741303029e+02
-9.017105097448086326e+01
-1.112886836226724796e+02
-9.991596326642819292e+01
-1.271709320123970457e+02
-9.643769490677632916e+01
-1.278211537362011541e+02
-1.278399249704533105e+02
-1.278398637141450820e+02
-1.276802291928999580e+02
-1.259599371402535155e+02
-1.253129610089469566e+02
-9.826337122221264053e+01
-1.278399133779040966e+02
-1.016039221767677532e+02
-1.278402216355363379e+02
-1.259477757122247255e+02
-1.278394149668838935e+02
-1.278395310778251996e+02
-1.023201465868681908e+02
-1.108986967674822495e+02
-9.275491337381409096e+01
-9.814711533246652664e+01
-1.216977424969630164e+02
-9.961240723795825147e+01
-8.708032717570416992e+01
-1.135549909570572709e+02
-9.831327771092801981e+01
-9.396553274481480855e+01
-1.235615192231640975e+02
-9.760502022453700022e+01
-1.232356510311741289e+02
-8.743402080608939286e+01
-1.200645662573938637e+02
-1.041565270114183335e+02
-1.230227117994531483e+02
-8.769077185486521842e+01
-1.186779179375379840e+02
-1.230352013244144729e+02
-1.080419183548678888e+02
-1.147558057762731067e+02
-1.233960636775286446e+02
-1.232984268991126129e+02
-8.884374755363234044e+01
-1.173616443561410705e+02
-8.874357891044319047e+01
-1.235611132879687943e+02
-8.959409377355943604e+01
-1.235615420440355052e+02
-9.789396610864670834e+01
-1.235611180215192633e+02
-1.140340111319072776e+02
-9.393050901657396423e+01
-1.158204907243590753e+02
-1.233022876584137606e+02
-1.088187167069185222e+02
-1.143012336450174331e+02
-1.235547818147707346e+02
-8.660218773261740921e+01
-1.235611192931065574e+02
-1.235615345175415456e+02
-1.235615015575350952e+02
-1.004678576306151427e+02
-1.234243899437484089e+02
-1.235612923386961768e+02
-8.640820806737626469e+01
-8.676940516431534434e+01
-8.909630379914115395e+01
-1.183872269316716483e+02
-1.235613994230060086e+02
-8.615456820375652569e+01
-1.237429912712618432e+02
-1.222875133587644001e+02
-1.231320681855507075e+02
-1.087146337119390864e+02
-1.239140264124920350e+02
-8.486070009437169404e+01
-1.239421116863034058e+02
-1.239399884812818016e+02
-1.239421426898247915e+02
-1.238553506947255016e+02
-1.041911167402691945e+02
-1.196898472617564835e+02
-1.239423579968618441e+02
-1.239422094583473495e+02
-1.213438948097422383e+02
-1.227261402598251721e+02
-1.239419739265346578e+02
-1.239417564080576710e+02
-1.239422960681047670e+02
-1.239042895185964852e+02
-1.239421282740286188e+02
-8.554051414164955247e+01
-1.110708464363877539e+02
-8.649503213830674042e+01
-1.230708290794289468e+02
-1.239423177957986297e+02
-1.203159505564107974e+02
-1.073893682440645989e+02
-1.117666387283520208e+02
-1.239420382487494123e+02
-1.163758096819901482e+02
-8.663187310845744094e+01
-1.066649301010408379e+02
-8.847710262982447205e+01
-9.455467969034698683e+01
-1.014423231488870840e+02
-1.239406550379248415e+02
-9.010769398539169117e+01
-1.107899756794866306e+02
-1.238865258341412812e+02
-1.239422538058783942e+02
-1.045363014048481602e+02
-1.168593699958574206e+02
-1.239421067059938650e+02
-1.239412126260957194e+02
-1.239422955864048390e+02
-1.239004224026776058e+02
-1.238021187763656883e+02
-1.030825083652683958e+02
-1.133993024616688530e+02
-1.024490792375452770e+02
-8.854441033381023374e+01
-8.916528708599557262e+01
-9.605220157578980889e+01
-1.247954751784855034e+02
-1.220186930079588876e+02
-1.251430781315634846e+02
-1.237707123383259926e+02
-9.146365092997203305e+01
-1.251433968129403809e+02
-9.265623704505912883e+01
-9.992470797649814074e+01
-1.248781679198677494e+02
-1.115593446118538594e+02
-1.251430574105825855e+02
-1.249873238742525103e+02
-1.251397322704356441e+02
-9.152956959987612606e+01
-1.250822492537400592e+02
-1.251398799990761006e+02
-8.979323548333731253e+01
-1.251427833854913416e+02
-1.251434442480841653e+02
-8.894846649306880693e+01
-8.782367590770445531e+01
-1.187153358710553164e+02
-9.079153262277954184e+01
-1.200582478724860636e+02
-1.250874290297151674e+02
-9.806048807686835289e+01
-1.187067828366023008e+02
-1.251434780004659615e+02
-1.251433581318711674e+02
-1.250908709588516956e+02
-8.756009629287842699e+01
-1.251255493550468429e+02
-1.014966817096502751e+02
-1.038897893256060598e+02
-1.251339149818529535e+02
-1.167556738428382914e+02
-1.046188657096440977e+02
-1.177689845743249464e+02
-1.223467061188701308e+02
-1.251433933695961684e+02
-1.057554446172624694e+02
-1.225157704126640823e+02
-1.009860988709451561e+02
-1.145087334644261574e+02
-1.212066341079018912e+02
-9.196285686456377562e+01
