7.086238585118933564e-01 6.798716776878158674e-01 1.500000000000000000e+01 4.800000000000000000e+01 0.000000000000000000e+00
7.357839562153578594e-01 3.121283561592785860e-01 4.000000000000000000e+00 1.940000000000000000e+02 0.000000000000000000e+00
2.940529225297963123e-01 6.709138803611730539e-01 1.000000000000000000e+00 2.000000000000000000e+01 0.000000000000000000e+00
3.520374476563775668e-01 1.421354797185947927e+00 1.300000000000000000e+01 1.860000000000000000e+02 0.000000000000000000e+00
7.642377834196725228e-01 7.048601814137628319e-01 1.000000000000000000e+00 1.230000000000000000e+02 0.000000000000000000e+00
2.404951904676392305e-01 7.202136491852572098e-01 9.000000000000000000e+00 1.270000000000000000e+02 0.000000000000000000e+00
4.413107488994793409e-02 1.522384562138310304e+00 1.900000000000000000e+01 1.760000000000000000e+02 0.000000000000000000e+00
9.905495600373394049e-01 1.259808568966269693e+00 1.400000000000000000e+01 9.900000000000000000e+01 0.000000000000000000e+00
4.834237555922009655e-01 1.481161651386035061e+00 1.900000000000000000e+01 1.840000000000000000e+02 0.000000000000000000e+00
1.639549473911399158e-01 4.750253202552249254e-01 1.000000000000000000e+01 1.450000000000000000e+02 0.000000000000000000e+00
1.812500371148547673e-01 3.705238111740395412e-01 1.700000000000000000e+01 1.700000000000000000e+01 0.000000000000000000e+00
2.575543221886481549e-01 1.252306760879151604e+00 1.100000000000000000e+01 1.310000000000000000e+02 0.000000000000000000e+00
9.513692996529670154e-01 1.938251032637672733e+00 4.000000000000000000e+00 1.710000000000000000e+02 0.000000000000000000e+00
3.007268500288650531e-02 1.198227289946226792e-01 9.000000000000000000e+00 5.500000000000000000e+01 0.000000000000000000e+00
9.903229209951246448e-01 3.846122007419917610e-01 1.100000000000000000e+01 2.000000000000000000e+01 0.000000000000000000e+00
8.748567277589316404e-01 5.567754936496268625e-01 1.400000000000000000e+01 7.600000000000000000e+01 0.000000000000000000e+00
1.164792443163328167e-01 1.950505505485552460e+00 2.000000000000000000e+01 4.200000000000000000e+01 0.000000000000000000e+00
1.264603504204947493e-01 8.172621543856651849e-01 2.000000000000000000e+01 9.700000000000000000e+01 0.000000000000000000e+00
6.558879674966010265e-02 8.709047307721827780e-01 8.000000000000000000e+00 7.100000000000000000e+01 0.000000000000000000e+00
8.231893605483530107e-01 1.727898808703576927e+00 6.000000000000000000e+00 6.300000000000000000e+01 0.000000000000000000e+00
3.486153792138433349e-01 1.383990529970596350e+00 1.000000000000000000e+00 1.000000000000000000e+01 0.000000000000000000e+00
8.893787893721835092e-01 5.369054026105074540e-01 1.000000000000000000e+01 1.260000000000000000e+02 0.000000000000000000e+00
1.128434893904525088e-01 1.739563848777424815e-01 1.000000000000000000e+01 3.900000000000000000e+01 0.000000000000000000e+00
1.777089993932658984e-01 1.779775749630029547e-01 1.400000000000000000e+01 4.400000000000000000e+01 0.000000000000000000e+00
9.383881677065000204e-01 1.803963113554552855e+00 1.600000000000000000e+01 6.300000000000000000e+01 0.000000000000000000e+00
5.303383336960919986e-02 1.255893401653643160e+00 1.200000000000000000e+01 1.980000000000000000e+02 0.000000000000000000e+00
5.071952432067345917e-01 1.430363554750110622e-01 1.400000000000000000e+01 5.300000000000000000e+01 0.000000000000000000e+00
4.995612070654289472e-01 1.211594199027420160e+00 6.000000000000000000e+00 6.400000000000000000e+01 0.000000000000000000e+00
9.775353026025449532e-01 3.332927827017938549e-01 8.000000000000000000e+00 1.980000000000000000e+02 0.000000000000000000e+00
8.198895510570401723e-02 3.931589053427467784e-01 1.300000000000000000e+01 1.530000000000000000e+02 0.000000000000000000e+00
5.997193314385118601e-01 1.414749725217607779e+00 3.000000000000000000e+00 3.400000000000000000e+01 0.000000000000000000e+00
7.210380658888362326e-01 7.236957403063600802e-01 1.500000000000000000e+01 1.990000000000000000e+02 0.000000000000000000e+00
4.009813120071898940e-01 1.624432991477398058e+00 1.400000000000000000e+01 1.740000000000000000e+02 0.000000000000000000e+00
8.739931711648461776e-02 1.885314863243829020e+00 4.000000000000000000e+00 7.800000000000000000e+01 0.000000000000000000e+00
7.566017158957480948e-01 1.093491162421840635e+00 1.300000000000000000e+01 1.000000000000000000e+02 0.000000000000000000e+00
6.441289662780490533e-01 1.249484331157050931e+00 3.000000000000000000e+00 3.400000000000000000e+01 0.000000000000000000e+00
6.638070522543669805e-01 1.106517336398310958e+00 1.200000000000000000e+01 1.300000000000000000e+01 0.000000000000000000e+00
6.206471708266532161e-01 8.122306631561632129e-01 4.000000000000000000e+00 1.300000000000000000e+02 0.000000000000000000e+00
3.785952571356420160e-01 1.325712244134337470e-01 4.000000000000000000e+00 1.000000000000000000e+01 0.000000000000000000e+00
1.680630971687995245e-01 5.143164024777199250e-01 1.000000000000000000e+00 1.530000000000000000e+02 0.000000000000000000e+00
6.163620757923072846e-01 8.756403706116061558e-01 1.400000000000000000e+01 1.140000000000000000e+02 0.000000000000000000e+00
7.299522147911928494e-02 1.684497448062404201e+00 3.000000000000000000e+00 6.000000000000000000e+00 0.000000000000000000e+00
3.149010545079142798e-01 5.704802884133591823e-01 1.000000000000000000e+00 6.900000000000000000e+01 0.000000000000000000e+00
9.756638902203886854e-01 1.940626325945251862e+00 1.200000000000000000e+01 1.340000000000000000e+02 0.000000000000000000e+00
9.418086149347418834e-01 6.207685748968251316e-01 1.300000000000000000e+01 1.490000000000000000e+02 0.000000000000000000e+00
6.765981624834755959e-01 1.118892057477533231e-01 1.100000000000000000e+01 6.000000000000000000e+01 0.000000000000000000e+00
9.040169783342208998e-01 1.663187369992934261e+00 1.700000000000000000e+01 6.300000000000000000e+01 0.000000000000000000e+00
2.683845690098692893e-01 5.688078748648336402e-01 1.200000000000000000e+01 1.060000000000000000e+02 0.000000000000000000e+00
9.432031559740545745e-01 1.159216832953483545e+00 1.400000000000000000e+01 1.860000000000000000e+02 0.000000000000000000e+00
8.642118529287068363e-01 1.054937187891162198e+00 1.800000000000000000e+01 1.810000000000000000e+02 0.000000000000000000e+00
2.991487701041304348e-01 1.001177648623658767e+00 3.000000000000000000e+00 7.900000000000000000e+01 1.000000000000000000e+00
3.423888649664285494e-02 1.429227453898337830e+00 1.000000000000000000e+01 1.450000000000000000e+02 1.000000000000000000e+00
4.263298560003828674e-01 1.683059048385064038e+00 3.000000000000000000e+00 1.150000000000000000e+02 1.000000000000000000e+00
7.895978302336990051e-01 1.015621370965682724e+00 4.000000000000000000e+00 2.800000000000000000e+01 1.000000000000000000e+00
9.227364649687214149e-01 2.036406381292363843e+00 7.000000000000000000e+00 4.500000000000000000e+01 1.000000000000000000e+00
4.888335193215288532e-01 1.690215405032241325e+00 1.100000000000000000e+01 6.400000000000000000e+01 1.000000000000000000e+00
7.640604495529944307e-02 6.468777942759990074e-01 1.500000000000000000e+01 1.180000000000000000e+02 1.000000000000000000e+00
1.427169267054533286e-01 4.911400022416855249e-01 1.500000000000000000e+01 1.170000000000000000e+02 1.000000000000000000e+00
6.945313365555091378e-01 1.851919757361851770e+00 3.000000000000000000e+00 7.100000000000000000e+01 1.000000000000000000e+00
8.199452492612201160e-02 7.661483892071060398e-01 8.000000000000000000e+00 9.800000000000000000e+01 1.000000000000000000e+00
9.535614142633308532e-01 1.347702970384542231e+00 1.100000000000000000e+01 1.190000000000000000e+02 1.000000000000000000e+00
8.015653706196019801e-01 3.593599144982445592e-01 8.000000000000000000e+00 3.000000000000000000e+00 1.000000000000000000e+00
9.799368525926424045e-01 1.115320762298573243e+00 1.700000000000000000e+01 1.320000000000000000e+02 1.000000000000000000e+00
8.532892996303775845e-01 1.862820900857654838e+00 8.000000000000000000e+00 1.970000000000000000e+02 1.000000000000000000e+00
5.726091100947782175e-01 2.144342381361254157e-01 6.000000000000000000e+00 1.060000000000000000e+02 1.000000000000000000e+00
3.209836588915896405e-01 9.792739364353398868e-01 1.500000000000000000e+01 5.000000000000000000e+00 1.000000000000000000e+00
6.203915424674376622e-01 1.540209570911297066e+00 1.900000000000000000e+01 1.320000000000000000e+02 1.000000000000000000e+00
3.101962652426856204e-01 7.744290864876240965e-01 3.000000000000000000e+00 1.730000000000000000e+02 1.000000000000000000e+00
6.528517170340295550e-01 1.134139389832044431e+00 1.200000000000000000e+01 5.300000000000000000e+01 1.000000000000000000e+00
4.628204563289680662e-01 2.024388898862787389e+00 6.000000000000000000e+00 1.560000000000000000e+02 1.000000000000000000e+00
4.819362385108877378e-01 1.340874975530613966e+00 3.000000000000000000e+00 1.260000000000000000e+02 1.000000000000000000e+00
4.596598515164188603e-01 4.037660098619221261e-01 1.600000000000000000e+01 1.500000000000000000e+01 1.000000000000000000e+00
2.695171480316508328e-01 1.027006753682601969e+00 1.800000000000000000e+01 8.100000000000000000e+01 1.000000000000000000e+00
7.278281625978100244e-01 1.808296094681182131e+00 4.000000000000000000e+00 7.900000000000000000e+01 1.000000000000000000e+00
1.088018512210440075e-01 2.419354169207107719e-01 5.000000000000000000e+00 1.160000000000000000e+02 1.000000000000000000e+00
6.017455818009915802e-01 8.124365255428872556e-01 5.000000000000000000e+00 3.400000000000000000e+01 1.000000000000000000e+00
8.632730089760735082e-01 1.762054176261759642e+00 1.100000000000000000e+01 8.600000000000000000e+01 1.000000000000000000e+00
1.256785245970533094e-01 1.835268668548043491e+00 1.600000000000000000e+01 1.130000000000000000e+02 1.000000000000000000e+00
8.512146040751553677e-01 2.689622675117969708e-01 1.100000000000000000e+01 6.700000000000000000e+01 1.000000000000000000e+00
9.462695882800039593e-01 1.940043577017130261e+00 2.000000000000000000e+01 8.800000000000000000e+01 1.000000000000000000e+00
5.755043199193879966e-01 1.563948506033100705e-01 1.400000000000000000e+01 1.580000000000000000e+02 1.000000000000000000e+00
3.287003994037416277e-01 7.947314963646826547e-01 1.800000000000000000e+01 1.770000000000000000e+02 1.000000000000000000e+00
3.353358278240291535e-01 4.712047589017701599e-01 3.000000000000000000e+00 2.800000000000000000e+01 1.000000000000000000e+00
9.947503578894056897e-01 1.364965428850366091e+00 1.900000000000000000e+01 1.710000000000000000e+02 1.000000000000000000e+00
7.154711506462839432e-02 4.251923176736832621e-01 1.000000000000000000e+01 1.260000000000000000e+02 1.000000000000000000e+00
4.799447881559881779e-01 1.649805524960359815e+00 4.000000000000000000e+00 2.000000000000000000e+00 1.000000000000000000e+00
4.357560596817037224e-01 1.957620475825900375e+00 1.200000000000000000e+01 7.500000000000000000e+01 1.000000000000000000e+00
1.187699457677114795e-01 1.838745264477563257e+00 1.500000000000000000e+01 1.050000000000000000e+02 1.000000000000000000e+00
9.597682824596308615e-01 1.366801061307266085e+00 9.000000000000000000e+00 5.200000000000000000e+01 1.000000000000000000e+00
5.929510074995100188e-01 1.242101117857689507e+00 1.500000000000000000e+01 1.810000000000000000e+02 1.000000000000000000e+00
1.792562266205958155e-01 1.175067650937235531e+00 1.200000000000000000e+01 1.640000000000000000e+02 1.000000000000000000e+00
9.814246960836907618e-01 5.067249453728249753e-01 1.400000000000000000e+01 6.000000000000000000e+01 1.000000000000000000e+00
1.653740178950594553e-01 1.981999888128286980e+00 8.000000000000000000e+00 9.200000000000000000e+01 1.000000000000000000e+00
3.253439635332776581e-01 5.903208793440321012e-01 1.600000000000000000e+01 1.780000000000000000e+02 1.000000000000000000e+00
6.015608365324467410e-01 1.893064597978083796e+00 1.700000000000000000e+01 1.000000000000000000e+01 1.000000000000000000e+00
5.305704965081908808e-01 1.246058053879002037e+00 1.500000000000000000e+01 1.740000000000000000e+02 1.000000000000000000e+00
2.601235423337173724e-01 1.805580303894085858e+00 1.000000000000000000e+01 2.600000000000000000e+01 1.000000000000000000e+00
4.226667665661100193e-01 1.631465632105146835e+00 3.000000000000000000e+00 1.330000000000000000e+02 1.000000000000000000e+00
7.508827497958748820e-01 5.980062749458378013e-01 1.700000000000000000e+01 1.970000000000000000e+02 1.000000000000000000e+00
4.615945096928315561e-01 7.849623811787064254e-01 1.100000000000000000e+01 1.440000000000000000e+02 1.000000000000000000e+00
9.534101210375207636e-01 1.242301063713197318e-01 1.400000000000000000e+01 7.800000000000000000e+01 2.000000000000000000e+00
3.425066174470103864e-01 5.684383142949355205e-01 7.000000000000000000e+00 1.080000000000000000e+02 2.000000000000000000e+00
2.400949034232358059e-01 1.212914937864236320e+00 1.200000000000000000e+01 1.200000000000000000e+02 2.000000000000000000e+00
7.004906596346721637e-01 5.898469233337867434e-01 5.000000000000000000e+00 3.800000000000000000e+01 2.000000000000000000e+00
4.545303823265152143e-01 2.761729717613751189e-01 1.300000000000000000e+01 1.670000000000000000e+02 2.000000000000000000e+00
7.764214830050962524e-02 9.123997524361407985e-01 1.200000000000000000e+01 1.710000000000000000e+02 2.000000000000000000e+00
7.420909076367977475e-01 5.683879305924187664e-01 5.000000000000000000e+00 1.860000000000000000e+02 2.000000000000000000e+00
7.176215386851002576e-01 4.749807484989966300e-01 1.300000000000000000e+01 1.480000000000000000e+02 2.000000000000000000e+00
3.337937134317652266e-01 1.939269107566782502e+00 1.100000000000000000e+01 1.330000000000000000e+02 2.000000000000000000e+00
4.444152482755376887e-01 5.596286941358806777e-01 1.700000000000000000e+01 1.470000000000000000e+02 2.000000000000000000e+00
8.328934017531418321e-02 1.113749345200815144e+00 4.000000000000000000e+00 1.020000000000000000e+02 2.000000000000000000e+00
7.567841514877274856e-01 2.026345223031668363e-01 3.000000000000000000e+00 2.700000000000000000e+01 2.000000000000000000e+00
4.197530112971458588e-02 9.107354175206773261e-01 4.000000000000000000e+00 1.340000000000000000e+02 2.000000000000000000e+00
3.078704943234603641e-01 5.470045572305904935e-01 2.000000000000000000e+00 2.600000000000000000e+01 2.000000000000000000e+00
4.667266759953991179e-02 1.114387599040981280e+00 6.000000000000000000e+00 1.940000000000000000e+02 2.000000000000000000e+00
6.077419462102885417e-01 1.931603991149965227e-01 1.400000000000000000e+01 1.350000000000000000e+02 2.000000000000000000e+00
6.273920386089827383e-01 1.098757546850431588e+00 2.000000000000000000e+00 1.290000000000000000e+02 2.000000000000000000e+00
3.768244167277663426e-01 1.272655575598234945e+00 1.300000000000000000e+01 6.700000000000000000e+01 2.000000000000000000e+00
3.470838863310776734e-01 7.198143091407794847e-01 2.000000000000000000e+00 3.200000000000000000e+01 2.000000000000000000e+00
3.746519350440642437e-01 9.696579030159472312e-01 4.000000000000000000e+00 1.800000000000000000e+02 2.000000000000000000e+00
4.010023210673795829e-02 1.210998337835043737e+00 1.300000000000000000e+01 5.100000000000000000e+01 2.000000000000000000e+00
1.004811888761214522e+00 1.514557655913099987e+00 1.400000000000000000e+01 1.650000000000000000e+02 2.000000000000000000e+00
1.509009442734898787e-01 3.470915931067778404e-01 6.000000000000000000e+00 1.730000000000000000e+02 2.000000000000000000e+00
2.627113858233808691e-02 8.171317779500500977e-01 1.600000000000000000e+01 1.400000000000000000e+02 2.000000000000000000e+00
2.310514386125452901e-01 1.620523874359062477e-01 1.600000000000000000e+01 2.000000000000000000e+02 2.000000000000000000e+00
1.880372982201982124e-01 1.800243746869907957e+00 1.800000000000000000e+01 6.300000000000000000e+01 2.000000000000000000e+00
3.327929936265834332e-01 3.593930359633840110e-01 5.000000000000000000e+00 8.000000000000000000e+01 2.000000000000000000e+00
3.846197856475608301e-01 1.717871945867004646e+00 1.900000000000000000e+01 7.600000000000000000e+01 2.000000000000000000e+00
6.052103474919137138e-01 5.613098800322321447e-01 1.800000000000000000e+01 1.000000000000000000e+02 2.000000000000000000e+00
4.629546884895195946e-01 1.804588024080719055e+00 1.300000000000000000e+01 1.430000000000000000e+02 2.000000000000000000e+00
2.837416252823856677e-01 9.420092081008774043e-01 1.600000000000000000e+01 1.080000000000000000e+02 2.000000000000000000e+00
7.656096210224320187e-01 4.686441503185433399e-01 1.500000000000000000e+01 6.300000000000000000e+01 2.000000000000000000e+00
6.292293588897588386e-01 9.967796359411787988e-01 5.000000000000000000e+00 1.310000000000000000e+02 2.000000000000000000e+00
7.143598896837809187e-02 9.625403992349915727e-01 3.000000000000000000e+00 3.600000000000000000e+01 2.000000000000000000e+00
2.283702290696806303e-01 7.723655777754828700e-01 1.400000000000000000e+01 6.700000000000000000e+01 2.000000000000000000e+00
9.629531077380107940e-01 9.372971912770452496e-01 6.000000000000000000e+00 7.000000000000000000e+01 2.000000000000000000e+00
2.321698641846845490e-01 1.463697826814385650e+00 1.900000000000000000e+01 6.000000000000000000e+01 2.000000000000000000e+00
2.812834417498480954e-01 2.086314823008964814e-01 2.000000000000000000e+01 1.330000000000000000e+02 2.000000000000000000e+00
2.822951431791279608e-01 1.555904711233825566e+00 2.000000000000000000e+00 1.230000000000000000e+02 2.000000000000000000e+00
6.299825510275997020e-01 1.821334242782359558e+00 7.000000000000000000e+00 5.800000000000000000e+01 2.000000000000000000e+00
6.501280821614575656e-01 2.018964340058131857e+00 5.000000000000000000e+00 1.340000000000000000e+02 2.000000000000000000e+00
2.203641979085010361e-01 3.679680194928959258e-01 1.000000000000000000e+00 8.900000000000000000e+01 2.000000000000000000e+00
8.063698360184315961e-01 1.228018730994605789e+00 1.900000000000000000e+01 6.000000000000000000e+00 2.000000000000000000e+00
3.484807717240665514e-01 1.840557644331651810e+00 2.000000000000000000e+01 1.290000000000000000e+02 2.000000000000000000e+00
1.348229423933552384e-01 2.874166126614640104e-01 1.000000000000000000e+01 1.690000000000000000e+02 2.000000000000000000e+00
2.486488065251378776e-01 1.479280277822173917e-01 6.000000000000000000e+00 1.720000000000000000e+02 2.000000000000000000e+00
6.857007892231603563e-01 3.470727236077141287e-01 6.000000000000000000e+00 6.600000000000000000e+01 2.000000000000000000e+00
8.373149490937874528e-01 1.079988980784448271e+00 2.000000000000000000e+01 7.800000000000000000e+01 2.000000000000000000e+00
7.167141519884744072e-02 1.790602983026289508e+00 1.000000000000000000e+01 2.000000000000000000e+02 2.000000000000000000e+00
7.043288567443262149e-01 2.164182987779172118e-01 5.000000000000000000e+00 5.700000000000000000e+01 2.000000000000000000e+00
2.177819813189365572e-01 1.250787760926073133e+00 1.300000000000000000e+01 6.000000000000000000e+00 3.000000000000000000e+00
1.530470306113501655e-01 1.212389197522412143e+00 1.500000000000000000e+01 1.620000000000000000e+02 3.000000000000000000e+00
2.545957660116487942e-01 9.740976306452856504e-01 1.200000000000000000e+01 1.000000000000000000e+01 3.000000000000000000e+00
4.224512777349994641e-01 8.016935951281295436e-01 2.000000000000000000e+01 1.680000000000000000e+02 3.000000000000000000e+00
1.307128399165025101e-01 1.688492224309403378e+00 1.800000000000000000e+01 1.600000000000000000e+01 3.000000000000000000e+00
4.799361362344022330e-01 1.430076228864648746e-01 5.000000000000000000e+00 3.200000000000000000e+01 3.000000000000000000e+00
5.171106429168811358e-01 1.736951705747645125e+00 3.000000000000000000e+00 3.800000000000000000e+01 3.000000000000000000e+00
5.805045563164246136e-01 1.546058990195894323e+00 1.400000000000000000e+01 5.200000000000000000e+01 3.000000000000000000e+00
5.483552422120937520e-01 1.724278701709235584e+00 1.500000000000000000e+01 1.330000000000000000e+02 3.000000000000000000e+00
3.405326810365912893e-01 1.492707487244983700e+00 1.100000000000000000e+01 3.000000000000000000e+00 3.000000000000000000e+00
6.643983015037676632e-01 6.878846019698169334e-01 8.000000000000000000e+00 3.900000000000000000e+01 3.000000000000000000e+00
4.921168908040924883e-01 1.117275214746065393e+00 1.100000000000000000e+01 9.000000000000000000e+01 3.000000000000000000e+00
2.000986201664299857e-01 1.947806825882945736e+00 1.700000000000000000e+01 1.510000000000000000e+02 3.000000000000000000e+00
3.745644291797737280e-01 1.960717382573639034e+00 1.000000000000000000e+01 1.530000000000000000e+02 3.000000000000000000e+00
6.646065239160657556e-02 8.215142137056440363e-01 1.900000000000000000e+01 2.800000000000000000e+01 3.000000000000000000e+00
3.721262933525749661e-01 1.307200822857350175e+00 5.000000000000000000e+00 1.740000000000000000e+02 3.000000000000000000e+00
6.683199406402799969e-01 1.633337724931341661e+00 5.000000000000000000e+00 3.000000000000000000e+01 3.000000000000000000e+00
3.922805073813868670e-01 1.687481471112866505e+00 1.100000000000000000e+01 8.400000000000000000e+01 3.000000000000000000e+00
8.719879802649480594e-01 1.843687995031953575e+00 4.000000000000000000e+00 6.600000000000000000e+01 3.000000000000000000e+00
4.986957215588203596e-01 1.397697157395613399e+00 7.000000000000000000e+00 7.500000000000000000e+01 3.000000000000000000e+00
9.475802123713337188e-01 1.883012632141971121e+00 1.800000000000000000e+01 4.900000000000000000e+01 3.000000000000000000e+00
9.537930102017376510e-02 1.642310717248624263e-01 1.600000000000000000e+01 7.100000000000000000e+01 3.000000000000000000e+00
1.724885907380327987e-01 8.432623016061396859e-01 6.000000000000000000e+00 1.610000000000000000e+02 3.000000000000000000e+00
6.591086834461965527e-01 2.177566048496507867e-01 1.800000000000000000e+01 7.900000000000000000e+01 3.000000000000000000e+00
2.936653312284923656e-01 6.372745500426394427e-01 8.000000000000000000e+00 2.000000000000000000e+00 3.000000000000000000e+00
4.503777624437839133e-01 2.092646175839641298e+00 1.900000000000000000e+01 1.470000000000000000e+02 3.000000000000000000e+00
7.372682380160949789e-01 1.144530561802107105e+00 1.600000000000000000e+01 1.390000000000000000e+02 3.000000000000000000e+00
2.422925292327030578e-01 7.055678948033995423e-01 1.000000000000000000e+00 8.600000000000000000e+01 3.000000000000000000e+00
9.800349257715977591e-02 7.186520951113549716e-01 1.200000000000000000e+01 4.500000000000000000e+01 3.000000000000000000e+00
6.575955665616477486e-01 1.777390755805027922e+00 9.000000000000000000e+00 1.490000000000000000e+02 3.000000000000000000e+00
4.685401146932026695e-01 9.987298639120362198e-01 7.000000000000000000e+00 1.130000000000000000e+02 3.000000000000000000e+00
8.623563374191494102e-01 1.587780057058151562e-01 4.000000000000000000e+00 7.300000000000000000e+01 3.000000000000000000e+00
4.283393241447124300e-01 7.508621506482257013e-01 2.000000000000000000e+01 6.800000000000000000e+01 3.000000000000000000e+00
6.301325172046808865e-01 3.511414387826360395e-01 2.000000000000000000e+01 8.600000000000000000e+01 3.000000000000000000e+00
7.903549463921800688e-01 4.890672813430191335e-01 1.600000000000000000e+01 1.360000000000000000e+02 3.000000000000000000e+00
7.714208746097054314e-01 6.352284694229971551e-01 1.000000000000000000e+01 8.900000000000000000e+01 3.000000000000000000e+00
1.018660491502989401e-01 1.478258251106600030e+00 6.000000000000000000e+00 1.500000000000000000e+02 3.000000000000000000e+00
3.088577249634892885e-01 3.957861125666680691e-01 1.400000000000000000e+01 1.280000000000000000e+02 3.000000000000000000e+00
9.025260919876587629e-01 8.392568904775229433e-01 1.500000000000000000e+01 1.960000000000000000e+02 3.000000000000000000e+00
2.575297159293787191e-02 1.313880799498534646e+00 1.200000000000000000e+01 1.150000000000000000e+02 3.000000000000000000e+00
9.753000208726340103e-01 1.754321087994976880e+00 3.000000000000000000e+00 7.100000000000000000e+01 3.000000000000000000e+00
8.249701080880887938e-01 7.039499434137040934e-01 1.800000000000000000e+01 1.320000000000000000e+02 3.000000000000000000e+00
2.446323327842830908e-01 1.018486694940747617e+00 1.300000000000000000e+01 1.380000000000000000e+02 3.000000000000000000e+00
9.102078283483356902e-01 1.749992050950116340e+00 2.000000000000000000e+00 1.640000000000000000e+02 3.000000000000000000e+00
1.714213537383475483e-01 1.587373464237054277e+00 8.000000000000000000e+00 1.460000000000000000e+02 3.000000000000000000e+00
2.130236711206021649e-01 1.947814419136737474e+00 1.400000000000000000e+01 1.470000000000000000e+02 3.000000000000000000e+00
6.249132777516065440e-01 1.248501746347045138e+00 3.000000000000000000e+00 3.000000000000000000e+00 3.000000000000000000e+00
6.865576559691433101e-01 1.486120518290227066e+00 1.400000000000000000e+01 1.180000000000000000e+02 3.000000000000000000e+00
5.588899164496213823e-01 6.731255489472131037e-01 1.200000000000000000e+01 4.900000000000000000e+01 3.000000000000000000e+00
3.670252513195271238e-01 9.011782926808601379e-01 1.200000000000000000e+01 4.800000000000000000e+01 3.000000000000000000e+00
1.268385203426696251e-01 3.214939897396086321e-01 3.000000000000000000e+00 3.200000000000000000e+01 4.000000000000000000e+00
3.771404730770041569e-01 3.190746050253331356e-01 1.500000000000000000e+01 7.300000000000000000e+01 4.000000000000000000e+00
3.830792230577385604e-01 1.367417601183974762e-01 9.000000000000000000e+00 8.500000000000000000e+01 4.000000000000000000e+00
4.945119273380592650e-01 4.678680910771796375e-01 2.000000000000000000e+00 1.300000000000000000e+02 4.000000000000000000e+00
6.976478798278039350e-02 1.464602199404423821e+00 1.200000000000000000e+01 3.000000000000000000e+00 4.000000000000000000e+00
3.546118060152871898e-01 1.122407645705472579e+00 1.500000000000000000e+01 5.900000000000000000e+01 4.000000000000000000e+00
4.325214818876503831e-01 1.876482651003030799e+00 1.500000000000000000e+01 1.500000000000000000e+01 4.000000000000000000e+00
2.939062907843382755e-01 1.032162747201900599e+00 1.000000000000000000e+01 2.400000000000000000e+01 4.000000000000000000e+00
3.942095435331109954e-01 3.939096092618191713e-01 1.700000000000000000e+01 1.640000000000000000e+02 4.000000000000000000e+00
1.632295467479486506e-01 1.984822383328616491e+00 1.300000000000000000e+01 8.800000000000000000e+01 4.000000000000000000e+00
6.678384305183099334e-01 4.172414405930254810e-01 1.700000000000000000e+01 1.560000000000000000e+02 4.000000000000000000e+00
3.898151315294237085e-01 5.759451497329114433e-01 7.000000000000000000e+00 1.120000000000000000e+02 4.000000000000000000e+00
1.929621717020472138e-01 1.207654651071889740e+00 1.700000000000000000e+01 5.200000000000000000e+01 4.000000000000000000e+00
8.458691858235012351e-01 8.195969361894938077e-01 7.000000000000000000e+00 1.770000000000000000e+02 4.000000000000000000e+00
3.202064756020754910e-01 1.672757948141966544e+00 1.000000000000000000e+00 1.960000000000000000e+02 4.000000000000000000e+00
1.986315866447229544e-02 9.329044966654166382e-01 3.000000000000000000e+00 1.500000000000000000e+01 4.000000000000000000e+00
5.831284174754813171e-02 1.669474801113966622e+00 5.000000000000000000e+00 5.000000000000000000e+01 4.000000000000000000e+00
1.163950989335279379e-01 3.928858059258591995e-01 1.700000000000000000e+01 1.520000000000000000e+02 4.000000000000000000e+00
1.818600683449776989e-01 1.411731066463103090e+00 1.300000000000000000e+01 2.000000000000000000e+02 4.000000000000000000e+00
4.836201377219656594e-01 1.635423498644319240e+00 1.400000000000000000e+01 1.960000000000000000e+02 4.000000000000000000e+00
3.557801188352547328e-01 3.513980025376309824e-01 1.500000000000000000e+01 1.730000000000000000e+02 4.000000000000000000e+00
2.512725680716948462e-01 1.770265983169764246e+00 1.700000000000000000e+01 9.500000000000000000e+01 4.000000000000000000e+00
8.426397945904371412e-01 2.025899062198058154e+00 2.000000000000000000e+00 1.680000000000000000e+02 4.000000000000000000e+00
5.465765626758822826e-01 3.163360383641796725e-01 1.200000000000000000e+01 1.890000000000000000e+02 4.000000000000000000e+00
9.606347198861169279e-01 2.407463031227767003e-01 1.900000000000000000e+01 4.100000000000000000e+01 4.000000000000000000e+00
1.619242201881840870e-01 1.029623927908219105e+00 5.000000000000000000e+00 1.980000000000000000e+02 4.000000000000000000e+00
7.494647722848736260e-01 3.634160113271086567e-01 6.000000000000000000e+00 4.200000000000000000e+01 4.000000000000000000e+00
8.289060016717428869e-01 1.066464915920588341e+00 1.200000000000000000e+01 7.900000000000000000e+01 4.000000000000000000e+00
1.512303035908090475e-02 1.409760973946905915e+00 6.000000000000000000e+00 8.700000000000000000e+01 4.000000000000000000e+00
6.271885580630937040e-01 3.801751526971680617e-01 1.500000000000000000e+01 8.000000000000000000e+00 4.000000000000000000e+00
9.286956593401707316e-01 1.018559655137862618e+00 1.300000000000000000e+01 1.910000000000000000e+02 4.000000000000000000e+00
6.439434284691295529e-01 1.917310577639274927e+00 1.400000000000000000e+01 1.570000000000000000e+02 4.000000000000000000e+00
5.490068138354233795e-01 1.873275578909298744e+00 1.700000000000000000e+01 7.600000000000000000e+01 4.000000000000000000e+00
4.762260903778581245e-01 1.367702739850274130e+00 1.700000000000000000e+01 6.000000000000000000e+00 4.000000000000000000e+00
2.475870782392287639e-01 2.289429308049194811e-01 1.200000000000000000e+01 1.120000000000000000e+02 4.000000000000000000e+00
8.963506737230392263e-01 1.354431455035626675e+00 3.000000000000000000e+00 2.600000000000000000e+01 4.000000000000000000e+00
5.172135319075154419e-02 5.520563209752519240e-01 8.000000000000000000e+00 1.840000000000000000e+02 4.000000000000000000e+00
1.029649590419749877e-01 6.581509453720636449e-01 1.800000000000000000e+01 1.970000000000000000e+02 4.000000000000000000e+00
3.362657349589303485e-02 1.544294876053379895e+00 4.000000000000000000e+00 7.300000000000000000e+01 4.000000000000000000e+00
1.841282479104997538e-01 9.662228906123434546e-01 6.000000000000000000e+00 1.920000000000000000e+02 4.000000000000000000e+00
6.930578914353220377e-01 6.717215671124759924e-01 1.100000000000000000e+01 9.400000000000000000e+01 4.000000000000000000e+00
8.714307109894454673e-01 9.814962241666119747e-01 1.300000000000000000e+01 3.300000000000000000e+01 4.000000000000000000e+00
1.513751541312160498e-01 1.167448341779607324e+00 1.300000000000000000e+01 1.900000000000000000e+02 4.000000000000000000e+00
7.976041464058751806e-01 1.924744702740994295e+00 1.600000000000000000e+01 1.110000000000000000e+02 4.000000000000000000e+00
2.941154849343758926e-01 6.923001136731955496e-01 1.600000000000000000e+01 7.700000000000000000e+01 4.000000000000000000e+00
3.073538899432536747e-02 4.249354092448957010e-01 8.000000000000000000e+00 2.500000000000000000e+01 4.000000000000000000e+00
5.057766705373464289e-01 5.977864895174557214e-01 1.000000000000000000e+01 1.870000000000000000e+02 4.000000000000000000e+00
6.748060611549540067e-01 8.865112421721573766e-01 1.900000000000000000e+01 1.130000000000000000e+02 4.000000000000000000e+00
1.691020977494822608e-01 1.097257902561735277e+00 1.400000000000000000e+01 1.170000000000000000e+02 4.000000000000000000e+00
8.622789583739252084e-01 3.943272859091647708e-01 1.800000000000000000e+01 6.600000000000000000e+01 4.000000000000000000e+00
