-9.266764750357636160e+01
-1.330967420003239567e+02
-9.292745678096268591e+01
-1.330965782868838119e+02
-1.330966961525875263e+02
-1.327007860106293720e+02
-1.330967969771832031e+02
-9.377901808094391356e+01
-1.330774821472895724e+02
-9.940267469734742178e+01
-1.325151939163720272e+02
-1.181909192972262019e+02
-1.330967962846935961e+02
-1.330965133606066502e+02
-9.938022762087602757e+01
-1.330956775069203388e+02
-1.307780265497149230e+02
-1.330961773883578019e+02
-1.297707518753967975e+02
-1.330966528824611999e+02
-1.161288258951930032e+02
-1.330968234164084265e+02
-9.754795079099774568e+01
-1.110258152663625992e+02
-9.255658780805194397e+01
-1.330967846985773804e+02
-1.329360202439982857e+02
-1.326409485775715780e+02
-1.330965344896016802e+02
-9.241232009987605522e+01
-1.330968666626181971e+02
-1.213189402935193755e+02
-1.281878777309813984e+02
-1.230464229272832313e+02
-1.307040333860367411e+02
-1.330967557589995920e+02
-1.324070632064045299e+02
-1.155830606504649154e+02
-1.330887749899908670e+02
-1.056029299176870069e+02
-1.207971229904967458e+02
-1.317911239787055422e+02
-9.919519016956851942e+01
-1.324438228952888323e+02
-1.330525847338637107e+02
-9.049173516445632970e+01
-1.330966311426621473e+02
-1.246610580284863090e+02
-1.323352502539870557e+02
-1.330906738526293509e+02
-1.257937574060436816e+02
-1.278392165921593602e+02
-1.278399086234190349e+02
-1.278396734746297483e+02
-1.278400576688398758e+02
-1.248511400556130866e+02
-9.614317083620926496e+01
-1.278375172454624789e+02
-1.278395158146881698e+02
-1.278400230578452152e+02
-1.278365436504367523e+02
-8.928708634388956966e+01
-1.278403975046377781e+02
-8.945570917708745640e+01
-1.213509290324435170e+02
-1.278397489797838062e+02
-1.220621015646576382e+02
-1.278047937602907496e+02
-1.010623534841490709e+02
-1.278357611064741235e+02
-9.660716983586773665e+01
-1.165171207060020038e+02
-1.089821367325598942e+02
-1.064086155978629478e+02
-1.257245340548971200e+02
-1.278396105311716582e+02
-1.277643318320948538e+02
-1.278404073670080408e+02
-1.278394827464620818e+02
-1.278401204727187093e+02
-8.839090643287512705e+01
-1.231418818807235311e+02
-1.010604741717632749e+02
-1.107206372603911575e+02
-1.278394109938566316e+02
-1.244018951819514314e+02
-1.270049282966370470e+02
-1.278346136086888123e+02
-1.278398944366417851e+02
-1.278399133318136194e+02
-1.278382181692089006e+02
-1.276660571828006852e+02
-1.275891088734708632e+02
-1.278375653180659413e+02
-1.277969736902226998e+02
-1.278399164473265444e+02
-1.021803537998127638e+02
-1.188554269962466492e+02
-1.177788500222358863e+02
-1.197489282998956810e+02
-1.234711812262018640e+02
-1.233748755413515426e+02
-9.833276989339537977e+01
-1.223579390940749789e+02
-1.235614752465884294e+02
-1.235610930196466626e+02
-1.235610253373415190e+02
-1.235614815123773838e+02
-8.878116466451673716e+01
-1.235349782753228993e+02
-1.235616838216644311e+02
-1.235595071823167643e+02
-1.229235558171524190e+02
-8.579936436029822744e+01
-1.235614181400576825e+02
-1.130736830860972191e+02
-1.235362482883685544e+02
-1.235477056334087820e+02
-1.150345958178000245e+02
-1.162540682031557537e+02
-1.014338275138658219e+02
-1.235528074651105470e+02
-8.688507999821933936e+01
-1.099472731738290179e+02
-1.235607253307439208e+02
-1.228235143375485023e+02
-1.235591049268557526e+02
-1.080501929302607209e+02
-1.217354228554972622e+02
-1.235612589714946097e+02
-9.679410200942439246e+01
-1.235352513504640655e+02
-1.164118284464925352e+02
-1.235608400138808349e+02
-1.015462344678126101e+02
-1.164664361258562337e+02
-1.234351950820786072e+02
-1.235518492704971152e+02
-1.211684094431375343e+02
-1.074288219996789309e+02
-1.234481892346489360e+02
-1.222280039462328318e+02
-1.217294094964461095e+02
-9.865878807511781190e+01
-9.645185541571726162e+01
-1.235616338728768255e+02
-1.134536343385078965e+02
-1.230879816536705817e+02
-1.161265543799437694e+02
-1.235506060934256709e+02
-1.239420490599947726e+02
-1.236991556339680045e+02
-1.236486610591584849e+02
-1.236653773186051239e+02
-9.513208321329345551e+01
-1.239305632231862120e+02
-1.221241384035758557e+02
-1.181939204240150900e+02
-1.239421815800776585e+02
-1.220379729239765965e+02
-1.213435565516809191e+02
-8.832638781451824173e+01
-1.070069058906499322e+02
-8.532360691695721755e+01
-1.239420888929162174e+02
-1.214706984906961225e+02
-1.187508749196409212e+02
-1.239398748439553231e+02
-1.239422810508538504e+02
-8.618491846198227790e+01
-1.119039903990601346e+02
-1.238195848741505216e+02
-1.217216085422933247e+02
-1.226660510368270423e+02
-1.234795311530970849e+02
-1.234128046625554020e+02
-8.910211261320606013e+01
-9.213955043748006801e+01
-1.239422672047806344e+02
-1.167140279168695542e+02
-8.506366933844620348e+01
-1.239422669693088181e+02
-8.556399949752304224e+01
-1.054485199226816547e+02
-1.236518803256207946e+02
-1.239410655307633817e+02
-1.197470339524542453e+02
-1.008426479018133222e+02
-8.484228130921989930e+01
-1.239397345078376844e+02
-1.164926535747550673e+02
-1.220500155142543406e+02
-1.239422113997635790e+02
-1.239126192253142733e+02
-8.673817572045773261e+01
-1.210812809558470491e+02
-1.003160841510558896e+02
-1.239412209404382423e+02
-1.239366474244386183e+02
-1.145538427192301754e+02
-1.010383955953584945e+02
-1.251428953086072511e+02
-1.246436922626416077e+02
-1.251435619098571976e+02
-1.221190818278570447e+02
-1.251409541042745559e+02
-1.237542208450068415e+02
-1.219940810739993395e+02
-1.251435636053576275e+02
-1.251434629692041511e+02
-1.249726127547614993e+02
-1.243840360298952987e+02
-1.249910056251026305e+02
-9.287568833397003232e+01
-1.062877610129876729e+02
-1.251434957732811881e+02
-1.071054953383370645e+02
-8.924573697753145041e+01
-9.961189609094883224e+01
-1.021433038709153891e+02
-1.247947676036803273e+02
-1.155282449025895772e+02
-1.236872414439096417e+02
-1.251429798298519813e+02
-9.909380105193491772e+01
-1.242646903354504246e+02
-1.208312466551870727e+02
-1.211046772634223743e+02
-9.430544677384386887e+01
-1.189160052370900331e+02
-1.249598472598085976e+02
-1.182282281323478372e+02
-1.116582870409313273e+02
-1.250577244931739784e+02
-1.173071990544588772e+02
-1.239256856125636688e+02
-1.129780927452860908e+02
-1.249463234113634087e+02
-1.056710837097583493e+02
-1.126763552324193682e+02
-1.251432764110057150e+02
-9.640086213249378488e+01
-8.875605011374628361e+01
-9.976756474852193435e+01
-1.251434427833519862e+02
-1.251434831316683898e+02
-1.251433599893476725e+02
-1.240393752923602051e+02
-8.756328511124577574e+01
-1.208533987373970717e+02
