-9.117403640106506657e+01
-9.233163688394128599e+01
-1.330936771011810720e+02
-1.057682642577802596e+02
-1.330966800412763860e+02
-1.330956434912478983e+02
-1.281672895598737227e+02
-1.330924470616483006e+02
-1.330965897865944214e+02
-9.417305921999447094e+01
-1.330968433311158208e+02
-1.330968246828828967e+02
-1.330959068526081808e+02
-1.257264231906484611e+02
-1.143312949427246110e+02
-1.330961632602485736e+02
-9.128478900562652143e+01
-1.330965498184122850e+02
-1.237801501517264029e+02
-1.063517167868487121e+02
-1.330958083265610696e+02
-1.320639944969403814e+02
-1.330734981585790422e+02
-1.330965178697023816e+02
-1.235861883354032926e+02
-1.330966631322305602e+02
-1.315026938335326747e+02
-1.330497162412598584e+02
-1.330967220974890779e+02
-9.469616637304021367e+01
-1.189059987543371335e+02
-1.012546057665905153e+02
-1.324038394792628992e+02
-1.309235964777568597e+02
-9.338295662091735494e+01
-1.330042152072124395e+02
-1.012951252277278087e+02
-9.119291748348349813e+01
-1.330942155611430451e+02
-1.330967672818437393e+02
-1.330773840883913692e+02
-1.330962984479174622e+02
-9.332485651628954315e+01
-1.330967566364512322e+02
-1.232128526662374099e+02
-1.074329607029489893e+02
-1.289996769338735874e+02
-1.062522513141311578e+02
-1.198072087869897189e+02
-1.220069453376805484e+02
-1.268441914311255516e+02
-1.278401183747740077e+02
-1.232923490098592652e+02
-1.267701460150363317e+02
-1.278400464856975276e+02
-1.278240787362738331e+02
-1.072465135009606456e+02
-1.278400465330415301e+02
-9.584887926690956306e+01
-9.279906397102509175e+01
-1.163661385024576305e+02
-1.274504915030599648e+02
-1.228926057281091460e+02
-1.278400049417852244e+02
-1.084469289610861011e+02
-1.260506900259211562e+02
-1.148173070349852480e+02
-1.278326363251157858e+02
-1.278158188623636562e+02
-1.278289642329606011e+02
-1.277162328095509309e+02
-8.938669698286231835e+01
-1.077023002112007362e+02
-1.278370079800528174e+02
-1.276204890130752716e+02
-1.033515126816187717e+02
-1.277466730927790337e+02
-1.275052763658567727e+02
-1.141578251506313251e+02
-1.072686678309853647e+02
-1.278253708542073781e+02
-1.278327668520533535e+02
-1.278395836939278496e+02
-1.278400623750704170e+02
-1.162615332952357221e+02
-1.265872429691859082e+02
-9.213573216543588273e+01
-1.226293602530497537e+02
-1.075432846246481944e+02
-9.087362940232939934e+01
-1.278400606653140983e+02
-1.248627850455458912e+02
-9.431320147687931410e+01
-1.089956885513099252e+02
-1.268348271322326895e+02
-1.278401111604795091e+02
-1.093437919942938521e+02
-1.267477208806401450e+02
-8.869892239770351239e+01
-1.264891673010652795e+02
-1.234216412377126204e+02
-9.536735886852351030e+01
-1.173453395298668767e+02
-1.235609478396228127e+02
-1.221530535566277536e+02
-1.112976764675016170e+02
-8.793447444501589416e+01
-8.779535532299847489e+01
-1.235615328131054440e+02
-8.638934590666374902e+01
-9.181598296012654714e+01
-9.937359137361447381e+01
-1.089112679145769960e+02
-9.437554231604832466e+01
-1.130078511332698525e+02
-1.235612295469810391e+02
-9.778297956267168445e+01
-1.235539771233333539e+02
-1.228607494704588134e+02
-1.221547083664978004e+02
-1.015839016297979640e+02
-1.038282097416855407e+02
-1.235613787394060950e+02
-1.202030451533636466e+02
-1.233592318078545986e+02
-1.078966555941414782e+02
-1.013965993302634132e+02
-1.235521633686638125e+02
-1.235346998915291579e+02
-8.821050042978643546e+01
-1.118946370516287203e+02
-1.025470874300729633e+02
-1.235256480389106883e+02
-1.150233000685023228e+02
-1.232432548609152576e+02
-1.217775535851683486e+02
-1.235613601745755261e+02
-1.234212425246141294e+02
-1.235486874168848885e+02
-1.216278917889227245e+02
-9.085667648780645322e+01
-1.235611909357884741e+02
-1.007286985247944244e+02
-8.607579429002441884e+01
-1.160825013029071329e+02
-8.759742189525539402e+01
-9.826001023807788215e+01
-1.227687902274581404e+02
-1.006165912582954007e+02
-1.235615192439196761e+02
-8.763941633037592283e+01
-9.409236195622730747e+01
-8.697519360765352303e+01
-1.042273675556408534e+02
-1.227427079845833475e+02
-1.239399033961599059e+02
-1.235726103016947945e+02
-1.239423177119525690e+02
-1.223283396191497303e+02
-1.228391969567538240e+02
-1.239420990524614581e+02
-1.239423084837168858e+02
-1.238476959171416922e+02
-8.571547883091879783e+01
-1.239405633996600926e+02
-1.000271626736549280e+02
-1.239422782721885596e+02
-1.239392583762361824e+02
-1.001831723481002996e+02
-1.239421952335287216e+02
-1.139261388288872041e+02
-8.544855603741380889e+01
-8.848643419805421217e+01
-1.036048010788043143e+02
-1.239380173543603121e+02
-1.239280076290926189e+02
-1.210911247726259177e+02
-1.239419775006759892e+02
-1.237072333142816376e+02
-1.239423235167887611e+02
-8.773703495359555404e+01
-9.828546882876963764e+01
-1.000139144190888061e+02
-1.165037968883012383e+02
-1.239415204705354654e+02
-9.637591315548809234e+01
-1.237956925886593211e+02
-1.181376683872553883e+02
-9.343524167247238665e+01
-1.238528430457181742e+02
-1.239422473045425761e+02
-1.218646128816573508e+02
-1.223624834421410412e+02
-1.041803151332576789e+02
-8.694245520482473921e+01
-8.778828517246984120e+01
-1.239421154861347247e+02
-1.237108761393107841e+02
-1.131118201054157595e+02
-1.239420533652734662e+02
-1.213534259549686567e+02
-1.250981490506279528e+02
-1.251434493461896409e+02
-1.251434850633751381e+02
-1.215930279336483011e+02
-1.250518483826727305e+02
-1.251430371588807304e+02
-9.052923755968171804e+01
-1.251432017963009571e+02
-9.177537008939093255e+01
-8.743284415467368831e+01
-1.138582889804990970e+02
-1.231396167496220642e+02
-1.251434369129276831e+02
-1.028575399534777262e+02
-1.251421316649546895e+02
-9.289064061906336178e+01
-1.251413623548430394e+02
-1.248345901358226087e+02
-1.251433741870418856e+02
-1.236696324649733185e+02
-1.251434254847036271e+02
-1.191275251259305179e+02
-1.251434551076967097e+02
-1.250244162841956097e+02
-1.251433229738568826e+02
-1.113806690086605045e+02
-1.251434256835902090e+02
-1.251424717331500744e+02
-1.184072073536073475e+02
-9.560239275518695479e+01
-1.251435472488590364e+02
-1.151916538928872598e+02
-8.761610847714972294e+01
-1.251425640999021596e+02
-1.251433070475494986e+02
-1.250089346850293452e+02
-1.251434373521433088e+02
-1.251426770651501243e+02
-9.329705289918965150e+01
-1.251263389246094704e+02
-1.168098769314222238e+02
-1.251383276119462948e+02
-9.947398093778446082e+01
-9.750074499605206313e+01
-1.250956882052636274e+02
-8.855978029824483144e+01
-1.251434234478513190e+02
-1.225413741684970574e+02
-1.251436101661072371e+02
