-1.330949030284739649e+02
-1.278374389136631066e+02
-1.235587086811696338e+02
-1.239394906344968490e+02
-1.251405704912017143e+02
-1.248261932430535808e+02
-1.203413192815993398e+02
-1.162804567836977867e+02
-1.168151790210592509e+02
-1.184336307755016833e+02
-1.072277452579678965e+02
-1.046305963594368507e+02
-1.018862829289259366e+02
-1.019932872511896562e+02
-1.037585131177748821e+02
-1.321658921808839011e+02
-1.268726283297052504e+02
-1.228510115337021205e+02
-1.232354668142704668e+02
-1.244340464538362454e+02
-1.330942438143689515e+02
-1.278387941440679327e+02
-1.235591271685435402e+02
-1.239402155013279412e+02
-1.251422359564838160e+02
-9.354115446411445589e+01
-9.204174188185592698e+01
-8.983122009501735761e+01
-8.903854467473615841e+01
-9.032754397983813988e+01
-1.330967674914937220e+02
-1.278400656085538714e+02
-1.235615210336480203e+02
-1.239423717027480620e+02
-1.251434185699967117e+02
-9.390510302193322900e+01
-9.213227853010673130e+01
-8.998818893705643518e+01
-8.945841332194326867e+01
-9.103734845555322863e+01
-1.330762961307681564e+02
-1.278261270126363627e+02
-1.235431692498919745e+02
-1.239248076331211053e+02
-1.251264615871967862e+02
-1.330967725501110124e+02
-1.278399931841486676e+02
-1.235615547386342001e+02
-1.239422929492251200e+02
-1.251434471066793463e+02
-1.058897832732535988e+02
-1.032858379370491804e+02
-1.006329532371454718e+02
-1.006269658100732443e+02
-1.022864756083944826e+02
-1.207363846298968895e+02
-1.167795694394844617e+02
-1.132207112105769937e+02
-1.135916048879244187e+02
-1.152182868858609055e+02
-1.328383524252145378e+02
-1.275378971405546764e+02
-1.230562371008564497e+02
-1.235615576059110765e+02
-1.244855266222891288e+02
-1.330968134618703687e+02
-1.278400656263265773e+02
-1.235614336701985678e+02
-1.239422517724499357e+02
-1.251434636622302605e+02
-1.330968355331664270e+02
-1.278401971798384835e+02
-1.235614202180345131e+02
-1.239422825991411798e+02
-1.251434191834567287e+02
-9.159049328271301249e+01
-8.998811286394305853e+01
-8.778308093894926856e+01
-8.726644498140483108e+01
-8.862123279033130530e+01
-1.330898640945655700e+02
-1.278164168588408813e+02
-1.235263413148964844e+02
-1.239078383117874154e+02
-1.251323852322867083e+02
-1.330957874704131996e+02
-1.278395094642880423e+02
-1.235604791561305262e+02
-1.239419135623997477e+02
-1.251431202382936618e+02
-1.288959631011447584e+02
-1.238084161768640001e+02
-1.193749850935643479e+02
-1.199498939349872728e+02
-1.213415721643603291e+02
-1.330957042572992179e+02
-1.278395662971173437e+02
-1.235602272751206669e+02
-1.239407616496364568e+02
-1.251415806270468067e+02
-1.330964148956613826e+02
-1.278401643556969134e+02
-1.235614343335478651e+02
-1.239420633638268754e+02
-1.251433466913960189e+02
-1.298544659873834917e+02
-1.246374601656002454e+02
-1.202668708221823977e+02
-1.207937292004835683e+02
-1.221858161627356338e+02
-1.330968088480941560e+02
-1.278394855631377567e+02
-1.235613826511808782e+02
-1.239419914068598132e+02
-1.251430971176421139e+02
-1.330924131709087987e+02
-1.277428073226654703e+02
-1.234429453676379751e+02
-1.238574866368986136e+02
-1.251331183500895747e+02
-1.330929626415745872e+02
-1.278326658440125811e+02
-1.235561830056586672e+02
-1.239388010318270403e+02
-1.251382288273163823e+02
-1.330967734045281645e+02
-1.278400886861608825e+02
-1.235612476784945954e+02
-1.239420856416209205e+02
-1.251433372537256616e+02
-1.330764199784981940e+02
-1.278322529681899198e+02
-1.235477013772584058e+02
-1.239068667484715149e+02
-1.251178452165126629e+02
-1.207397431120659945e+02
-1.167425724588030391e+02
-1.130307603866721706e+02
-1.135200828236335724e+02
-1.151058107932403374e+02
-1.330918210982035816e+02
-1.278336355972113694e+02
-1.235464854824279683e+02
-1.239310678312359357e+02
-1.251362619448446907e+02
-1.330809294679687866e+02
-1.278263460301381826e+02
-1.235467447388433300e+02
-1.239264395789564759e+02
-1.251262008159988994e+02
-1.330970027249122154e+02
-1.278402367771160471e+02
-1.235614544456582422e+02
-1.239422548197861147e+02
-1.251433966625916270e+02
-9.644338773865287351e+01
-9.419765980307103348e+01
-9.206065384107191107e+01
-9.158531964423654870e+01
-9.286057439537930236e+01
-1.043932214379408947e+02
-1.020498631290261500e+02
-9.926918358695787958e+01
-9.929490741716804791e+01
-1.008472431194502406e+02
-1.330967673840632983e+02
-1.278399706479086859e+02
-1.235614239998715362e+02
-1.239422512547274238e+02
-1.251432225376914573e+02
-1.330958349753990717e+02
-1.278388635923551249e+02
-1.235597490800733453e+02
-1.239408973187991165e+02
-1.251427769720802559e+02
-1.330961936800307512e+02
-1.278398727984524186e+02
-1.235614812515457572e+02
-1.239423802994243999e+02
-1.251431352277075888e+02
-1.330971771608703591e+02
-1.278397935043473552e+02
-1.235610762312596478e+02
-1.239417069966939522e+02
-1.251427615429161051e+02
-1.330968358282333952e+02
-1.278400544790360414e+02
-1.235615308665961862e+02
-1.239422773061082239e+02
-1.251434336239528164e+02
-1.280942518221059458e+02
-1.231534200286963880e+02
-1.188118182404598144e+02
-1.194473433461979539e+02
-1.208698846905458453e+02
-1.067486300791522496e+02
-1.041357903329485453e+02
-1.014495832688550507e+02
-1.014742315260885022e+02
-1.030325363364259061e+02
-1.330966878091033436e+02
-1.278400231370172833e+02
-1.235614840620006731e+02
-1.239422510058549705e+02
-1.251433513486363154e+02
-9.455273197899386162e+01
-9.156302359823229153e+01
-9.041808019319792322e+01
-9.024518934456037300e+01
-9.158968577224726459e+01
-1.169864353901613327e+02
-1.136965514757333864e+02
-1.100886103010009407e+02
-1.104045504203327965e+02
-1.124649490173378155e+02
-1.199312384139291225e+02
-1.160374154880693141e+02
-1.122734797231454138e+02
-1.127089905355698676e+02
-1.143784693636055465e+02
-1.330944279751514614e+02
-1.278381340571038436e+02
-1.235585452554708752e+02
-1.239399813951820590e+02
-1.251410671249012267e+02
-1.330643709588127308e+02
-1.278042294444700531e+02
-1.234891184503845523e+02
-1.238620142358507650e+02
-1.250811013634209274e+02
-1.330968474113113018e+02
-1.278402185949352798e+02
-1.235611882702373379e+02
-1.239422739124347288e+02
-1.251430494590774174e+02
-1.330915433724984211e+02
-1.278370514965161391e+02
-1.235555413744888256e+02
-1.239360864200299943e+02
-1.251377827772058851e+02
-1.322399508872646265e+02
-1.266241572073786301e+02
-1.221371747122549323e+02
-1.226872671234328749e+02
-1.237726488042648327e+02
-1.330961270355564352e+02
-1.278392340066537116e+02
-1.235606692411343204e+02
-1.239416471216443654e+02
-1.251430954018746462e+02
