-9.457484094017652865e+01
-1.330620594635222744e+02
-1.330226341162004928e+02
-1.330972982613311899e+02
-1.330245133428099678e+02
-1.330965473420852163e+02
-1.216336572278511170e+02
-1.223068993908061657e+02
-1.327490475270983552e+02
-1.330969192625542519e+02
-9.050349658003963782e+01
-1.211581372563928340e+02
-1.329917840219848699e+02
-1.330824504971338342e+02
-1.303143106882286872e+02
-1.330966954746479303e+02
-1.330929581745322707e+02
-1.293836527662177218e+02
-1.042002842338281425e+02
-9.401659379043553599e+01
-9.017751859776410583e+01
-1.330965253983001162e+02
-1.330968835292899257e+02
-1.102141930931433080e+02
-1.330967753499908497e+02
-1.299941256884479799e+02
-1.330967457457651903e+02
-1.292832764724842036e+02
-1.224655913419216517e+02
-1.319001848576415341e+02
-1.330968365247305201e+02
-1.330968160449068876e+02
-1.121912322976668719e+02
-9.081459745868461653e+01
-1.330951383359033855e+02
-1.094842095061842002e+02
-9.691638633016447102e+01
-9.917667676495413787e+01
-1.330967311839322065e+02
-1.223744840640010381e+02
-1.330967468596057586e+02
-1.267630108553255042e+02
-1.330959389136122581e+02
-9.485497129026020957e+01
-1.330837491807089634e+02
-1.245936970332734717e+02
-1.330968321144779338e+02
-1.286851105507853958e+02
-9.066496041977791265e+01
-1.330968201442396150e+02
-1.278401093667238086e+02
-1.278399835884651594e+02
-1.236422472588399728e+02
-1.015164854218332664e+02
-1.278401963358706013e+02
-1.231949820481890185e+02
-1.278401547682084498e+02
-1.270366766794939650e+02
-1.226445193496622466e+02
-1.278337105310512527e+02
-1.278356370100202355e+02
-1.271170026605397965e+02
-1.030479170527526520e+02
-1.270515697130941533e+02
-1.177524649783922968e+02
-9.528389704036966634e+01
-1.269475634694429971e+02
-1.116917980672395458e+02
-1.126122764572852191e+02
-1.011830584237061998e+02
-1.278398849284258887e+02
-1.171191281375890441e+02
-1.278149992407030311e+02
-1.035131824685358310e+02
-9.656468875678078234e+01
-8.994222467357924700e+01
-1.126270725787365876e+02
-1.277987004050852278e+02
-1.233328524729327569e+02
-1.084783917752919535e+02
-1.267369187843702747e+02
-1.278251534063098944e+02
-1.257982000674305425e+02
-1.278193019953622667e+02
-1.269550021171174592e+02
-1.066228567631791009e+02
-1.278032944117486238e+02
-1.278400356565255720e+02
-1.278308294338430784e+02
-1.259668773340113717e+02
-8.775123865582911264e+01
-8.804618623386730292e+01
-8.771184277656189465e+01
-1.276423872156209711e+02
-1.278402154361044722e+02
-1.075803308276706503e+02
-1.278400723293247552e+02
-1.008014286995898772e+02
-9.111334555419354331e+01
-1.278402309293191053e+02
-1.235605442225937480e+02
-1.153134223857674101e+02
-1.234841851112036863e+02
-1.235160441943395426e+02
-9.115775754236345563e+01
-8.620665507972469754e+01
-1.234068659458632737e+02
-9.014079640310824004e+01
-1.235614780606702396e+02
-8.916209860020252620e+01
-1.194922097325368071e+02
-1.235615685553739524e+02
-1.152298784546750881e+02
-1.235371563192771731e+02
-1.235614872905363484e+02
-1.160967975658063125e+02
-1.043974869552809963e+02
-1.235615183387770202e+02
-1.235562827329968201e+02
-1.126297414357106277e+02
-1.235613262564999104e+02
-1.104402245837885204e+02
-8.792857578687629427e+01
-1.054759923118449905e+02
-1.235614720574798895e+02
-1.233781717136576646e+02
-1.226936582620525371e+02
-1.229941372317343564e+02
-1.235474709749608593e+02
-1.223480992563892755e+02
-1.048310004930688564e+02
-8.685419718198697581e+01
-1.235336128392236645e+02
-8.643497618554980022e+01
-1.155235825700921168e+02
-8.624104908713992756e+01
-1.076179876236941624e+02
-1.124482176862991167e+02
-1.235029764579059730e+02
-1.234923976139382660e+02
-1.131888301206173537e+02
-8.615171948566435844e+01
-1.229614113357016834e+02
-1.235607414753329749e+02
-1.230737440633706825e+02
-1.208591797786654212e+02
-1.196093578663206927e+02
-1.235582451084897428e+02
-8.888994724381915091e+01
-1.235238448578683546e+02
-1.239422980960861622e+02
-1.199460801883148804e+02
-1.238030567643402691e+02
-1.239423061862495530e+02
-1.216442230463283209e+02
-1.239422585456443784e+02
-1.226034858007041919e+02
-1.230086474118226647e+02
-1.239422410277149993e+02
-1.110616027517938704e+02
-1.102017297585698117e+02
-1.239422755387820132e+02
-1.239422833355396278e+02
-9.593510912525566425e+01
-1.143785772222789774e+02
-8.678907998168499205e+01
-1.231880251350650184e+02
-1.239420148381912696e+02
-1.023316515620097675e+02
-1.238835008596088159e+02
-9.749352735617389953e+01
-1.239421811198781853e+02
-1.025350192702342014e+02
-1.142086849710445762e+02
-8.696353815786451946e+01
-1.239421822892967242e+02
-1.239395717910911827e+02
-1.174229494070031024e+02
-1.239422747074889060e+02
-1.234948262809441673e+02
-1.239421175344073873e+02
-1.239393612478707212e+02
-1.239404467800802649e+02
-1.235573369847199530e+02
-8.766723272138975176e+01
-1.238803766512069302e+02
-1.239422470214436913e+02
-1.239045761840167330e+02
-1.239422641402365173e+02
-8.549819167672829678e+01
-1.239412796674383799e+02
-1.239419214873608723e+02
-1.239244553365497694e+02
-1.235964739625055415e+02
-9.565775254058385713e+01
-1.110835509953319757e+02
-8.762362440931971719e+01
-1.236992174927252819e+02
-1.239414703335868637e+02
-8.859295620703325369e+01
-1.098831082541446023e+02
-1.251435389677461956e+02
-1.251405895074212253e+02
-1.152414683702627229e+02
-1.025608107836110747e+02
-1.170142909046670212e+02
-1.251430959206750089e+02
-8.893156976767619426e+01
-1.251431014428166577e+02
-1.251430552255957735e+02
-1.251433749222286167e+02
-1.251436232297180595e+02
-8.981960805433769224e+01
-1.250995996263161345e+02
-1.112956776849759848e+02
-1.078741226003788682e+02
-1.112656005211262595e+02
-1.251434922655362669e+02
-9.081520110465375240e+01
-1.184166107245905977e+02
-1.238273907472228927e+02
-1.251433107370789344e+02
-1.251433170589445467e+02
-1.250793570835092368e+02
-1.251434324683954316e+02
-1.251430864639435185e+02
-9.465624527669557153e+01
-1.216083538222035401e+02
-1.251403846891125085e+02
-1.099499509914924005e+02
-8.824506408680743164e+01
-1.139387688406026342e+02
-1.250324889670146007e+02
-1.214080041319333105e+02
-1.009883181363347830e+02
-1.246459758918906431e+02
-9.391005931827099573e+01
-1.248240443590443505e+02
-1.030550433490998330e+02
-8.761462955649142259e+01
-1.068515515801623792e+02
-1.251434412535476639e+02
-1.245398626454949493e+02
-1.249603763732401802e+02
-1.251430158510247139e+02
-1.136990302095419452e+02
-1.251412666897184778e+02
-8.766161772629811821e+01
-1.251434607095704479e+02
-1.093158058423263128e+02
