-1.329196836860606084e+02
-1.330900173615873996e+02
-1.141515519916144399e+02
-8.979593245745043362e+01
-1.330811718130277086e+02
-1.330967280006855731e+02
-1.330958701875240138e+02
-1.039261795293005264e+02
-1.130381677789212773e+02
-1.231316900747509777e+02
-1.260577339088873003e+02
-9.087999888214753241e+01
-1.329749483051481036e+02
-1.329967082694404041e+02
-1.330965991403500368e+02
-1.329744809686865779e+02
-1.330962929505139982e+02
-1.268921391844491495e+02
-9.136444705724117910e+01
-9.427092629470925544e+01
-1.330967176641533172e+02
-9.161428232628783519e+01
-1.326364700283982359e+02
-1.330960094081857221e+02
-1.311861596289041927e+02
-1.330968164374533558e+02
-1.097498592872275083e+02
-1.330790099460958800e+02
-1.330896637383368670e+02
-1.320925831219032034e+02
-1.233653206383651622e+02
-9.003171212904391041e+01
-1.113280594463750077e+02
-1.330965479869594219e+02
-1.054063105578921125e+02
-1.330940482232740294e+02
-1.330967944394933511e+02
-9.267501760843904890e+01
-1.330928485992554045e+02
-1.019680349659190597e+02
-1.045387026738350471e+02
-1.250241882796979951e+02
-9.033211500094370194e+01
-1.151036083455281585e+02
-9.291293867322480082e+01
-1.330966941522296452e+02
-1.054282526116691940e+02
-1.098040501437327094e+02
-9.208466753607834221e+01
-1.284040337465836217e+02
-1.061456438406798668e+02
-1.072610479152014733e+02
-1.141681392860128170e+02
-1.278346284987810293e+02
-9.186197669987062397e+01
-9.107223827588575205e+01
-1.257659737014604957e+02
-1.278400715317405059e+02
-1.278400628206459118e+02
-1.278399718167639918e+02
-1.278383512697437254e+02
-1.278335998034851713e+02
-1.047893853152529715e+02
-1.268528457254251691e+02
-1.269571850986990853e+02
-1.278344702607104892e+02
-1.256968890724633212e+02
-1.278389544207900741e+02
-8.913396673039058271e+01
-1.207911558379522603e+02
-9.415368459108626098e+01
-1.278398197767516109e+02
-1.278400370721835912e+02
-1.278400319959879852e+02
-1.228351123689559472e+02
-1.173892644533871561e+02
-9.516432198659772723e+01
-1.000237408862656707e+02
-1.107049887200044509e+02
-1.278398218634489609e+02
-1.278358374116286029e+02
-1.010463083331667491e+02
-9.196972640733244475e+01
-1.089954087528461883e+02
-1.278159507110526505e+02
-1.277597854368125923e+02
-1.089433081739259848e+02
-1.278031776816795713e+02
-9.786585678196267679e+01
-1.278398298867500671e+02
-1.277780475232857924e+02
-1.278394986987194386e+02
-1.129895512352822493e+02
-9.270795147762883914e+01
-1.274204216056222094e+02
-1.278387491186526006e+02
-9.123947061275728743e+01
-1.278400660743396458e+02
-1.278401083892300534e+02
-1.278384632965200609e+02
-1.149787956475345254e+02
-1.162151848582589508e+02
-1.207270519179698169e+02
-1.235390488410824616e+02
-1.225337435851364489e+02
-1.235615206693506423e+02
-1.081159429344453287e+02
-1.235615305771036105e+02
-9.065666025691201924e+01
-1.208771213960978486e+02
-1.099632605911571517e+02
-1.235608349120150109e+02
-1.235088568797478246e+02
-1.234047966293305478e+02
-1.235534184918789720e+02
-1.235614342569840289e+02
-1.220182291521031885e+02
-1.195763990605496900e+02
-1.235596070926136179e+02
-8.834036293023341102e+01
-1.235591975514229119e+02
-1.235615018020023115e+02
-1.227966921826410385e+02
-1.000788758535017422e+02
-1.184066644867893388e+02
-1.235276222631447354e+02
-1.133368441285738584e+02
-1.235594387879622502e+02
-1.176775083767679746e+02
-8.809643846973114023e+01
-1.235615179729410329e+02
-8.581485954677032169e+01
-1.108470804799069924e+02
-9.510735315980244309e+01
-9.384755220239404139e+01
-9.566712769984881959e+01
-1.235615239836286321e+02
-1.159796652462604385e+02
-9.651019653703286849e+01
-1.051231663627216761e+02
-1.215166070175915536e+02
-1.230995406521969926e+02
-1.025068456972077797e+02
-1.224900419707079635e+02
-1.228497531528108340e+02
-1.133217192658954673e+02
-1.235614787858238373e+02
-1.234087001240720127e+02
-1.067481849590537877e+02
-1.235126844837314337e+02
-1.239423400847751537e+02
-1.239422173431305794e+02
-8.637300910510039387e+01
-9.136190402380196929e+01
-9.798328157088117507e+01
-1.064976104514949924e+02
-1.239422614811228556e+02
-8.758409058842467232e+01
-1.238742421380871122e+02
-1.232815709768329668e+02
-8.711018334106395855e+01
-9.137822428395111274e+01
-1.239420566393034022e+02
-1.093186958243981337e+02
-8.530615616991613592e+01
-8.858854954741410381e+01
-1.234794597863439094e+02
-9.879856972967529316e+01
-9.849390586021219463e+01
-1.239421581517198518e+02
-8.605279538897589475e+01
-1.239422590489821232e+02
-1.004679280376255832e+02
-1.179424704197218574e+02
-9.083803207244073974e+01
-1.239422548283805270e+02
-1.200661552321530934e+02
-1.009229072487049450e+02
-9.834419704238285931e+01
-1.004911819802231747e+02
-9.210855180564779232e+01
-1.153499144604170397e+02
-1.239421544130671720e+02
-9.859875903155386823e+01
-1.238289102443295349e+02
-1.239080583853090047e+02
-1.239419776301138256e+02
-8.583748236540533583e+01
-1.222141398489739856e+02
-9.908315152382468227e+01
-8.835411461004622424e+01
-1.239423176653584591e+02
-1.239248839215636195e+02
-1.123326794998436498e+02
-9.284453028576690770e+01
-8.685856413224523465e+01
-1.190059788686588860e+02
-8.452079426139405882e+01
-1.239422232623696374e+02
-1.196449422279508781e+02
-8.871812236431975407e+01
-9.817499227780356819e+01
-1.251433236732927554e+02
-1.251434422220009139e+02
-1.019727434297441846e+02
-1.251426209331992112e+02
-9.207902267480577052e+01
-1.251433787944072265e+02
-1.251433744700938462e+02
-1.251133848553077854e+02
-8.788828250355462046e+01
-1.251233244824208271e+02
-1.251365177492927501e+02
-9.683734048853868615e+01
-9.118755582805361826e+01
-1.242610454186358027e+02
-8.797935580904693609e+01
-1.241635425015690686e+02
-1.238735144962785881e+02
-1.125058074132391681e+02
-1.241588095330162531e+02
-1.201537559767545105e+02
-1.101635697296743217e+02
-1.251433997046306246e+02
-8.818690296477085155e+01
-1.240470205794709955e+02
-1.251419254735641715e+02
-1.251427495782534862e+02
-9.286218054994526483e+01
-1.251434100865173491e+02
-1.031037253613692286e+02
-9.141843230840925116e+01
-1.078923780595399506e+02
-9.249277618285543667e+01
-1.227106786548880990e+02
-9.262047817202774525e+01
-1.230500046347849690e+02
-1.251435370523616939e+02
-9.857940366068696392e+01
-1.244257048555716096e+02
-1.251429065417856208e+02
-1.251016947559323569e+02
-1.159254466016962368e+02
-1.186130953631151215e+02
-8.950304885773408614e+01
-1.251433677183844395e+02
-1.251408027685207713e+02
-1.248982163341473068e+02
-9.095464226125005780e+01
-1.189548952280306366e+02
