-1.140660870379742704e+02
-1.221287529011872977e+02
-1.330968111326114069e+02
-9.227571030858460688e+01
-1.318751656066053783e+02
-8.973777948841454588e+01
-1.083788559875337114e+02
-9.042876394560298081e+01
-1.132052530108284714e+02
-9.068486101543629729e+01
-9.069138243615874728e+01
-9.224468574864252446e+01
-1.330883025025048028e+02
-1.330967215138800839e+02
-1.056642760935195895e+02
-1.330968087391524080e+02
-1.328066924159289215e+02
-9.605085265639073100e+01
-1.303107343076159168e+02
-1.259635911415298466e+02
-9.663113694892021499e+01
-1.330930848713677221e+02
-1.330796408660556551e+02
-1.330001645774072188e+02
-1.216307560395740666e+02
-1.116429792107555841e+02
-1.329629959242529935e+02
-1.330967610332274944e+02
-9.455372358075150885e+01
-1.292662247318613424e+02
-1.323276254441846902e+02
-9.638073777424793320e+01
-1.220188467955859863e+02
-1.084876216007255323e+02
-1.330965347144619670e+02
-9.053376672660448321e+01
-1.330951680472454086e+02
-1.064993217094471873e+02
-1.324786689233876587e+02
-1.284498938458409327e+02
-9.096793068986490027e+01
-1.325084537656439352e+02
-1.307974194218745652e+02
-1.219208076996992247e+02
-1.227906936983095676e+02
-1.330941086363232841e+02
-1.260849293496254120e+02
-1.330963114487053360e+02
-8.994875523183821997e+01
-1.330968279060969905e+02
-1.278356311516601949e+02
-1.017638189039468841e+02
-1.278399867717683094e+02
-9.568144463231202224e+01
-1.265118437842475316e+02
-1.278400893218148724e+02
-9.854855135897103935e+01
-9.409551114075709677e+01
-1.047742681336948749e+02
-1.156798439107436849e+02
-1.278400962342393541e+02
-1.278401320638864433e+02
-1.239216178800938621e+02
-1.018510551791358409e+02
-1.277935617537460047e+02
-1.278400721533537308e+02
-9.074499458521769668e+01
-1.278305740444513106e+02
-9.197820789741012959e+01
-1.274680092216396332e+02
-1.206537115574654990e+02
-1.255684729339275947e+02
-1.278400723755387389e+02
-1.278404272126938395e+02
-1.264860349875440448e+02
-1.263752620077775504e+02
-1.278122890398576885e+02
-1.278391699420611758e+02
-1.274121976721468172e+02
-1.145050858483564582e+02
-1.278397486827325338e+02
-9.581543708359477307e+01
-1.041639313318088114e+02
-8.980983660034979721e+01
-1.273671758517866550e+02
-1.248769716323116654e+02
-1.054967948273746430e+02
-9.892851484418675057e+01
-1.241294246630272795e+02
-1.108547158094731913e+02
-8.934381692896327820e+01
-1.278397605458003312e+02
-1.126555564885066048e+02
-9.340398073010496205e+01
-1.221611767413322696e+02
-1.278295813390179347e+02
-1.252131438471418221e+02
-1.045973601295464306e+02
-1.108689963597122130e+02
-8.978665639016641364e+01
-1.211097622698937641e+02
-1.235379288815394432e+02
-9.914452454295201278e+01
-8.669298814400740127e+01
-8.548756349849588787e+01
-1.218150030767053238e+02
-1.235595068971877737e+02
-1.235613706348861882e+02
-9.263953393423680893e+01
-1.235595417102631330e+02
-1.230147228821863621e+02
-1.142220128384253854e+02
-8.722192460348129828e+01
-9.869973110077522449e+01
-1.200294114444738796e+02
-1.235586143558542744e+02
-8.694300885525470335e+01
-1.235610415569436071e+02
-1.234032601162859777e+02
-1.189191942864785432e+02
-1.229401590262698249e+02
-1.233782392883597367e+02
-1.225148648468119177e+02
-1.235410955499465899e+02
-1.235150679054895448e+02
-1.235482137109984819e+02
-1.060153081996733562e+02
-1.234876346447125286e+02
-1.235373872615247279e+02
-1.222637756293979407e+02
-9.884677246009947282e+01
-1.139590256756647761e+02
-1.197623064381570828e+02
-9.470077623450470128e+01
-1.235612659375294697e+02
-8.650258020461353681e+01
-1.074813264095049163e+02
-1.235615131147868055e+02
-1.235406149286450557e+02
-1.227383387511262356e+02
-1.235615780222693871e+02
-1.235614594379662208e+02
-9.456445346158066911e+01
-1.235581823840861375e+02
-1.126377242670941570e+02
-1.200037658170418666e+02
-8.782985632507860885e+01
-1.235615142329550480e+02
-1.173306938149712124e+02
-1.015166228241548367e+02
-1.239423019230775083e+02
-8.836168423888483403e+01
-1.096749687631597823e+02
-1.239411863518596846e+02
-9.993794899464255366e+01
-1.175564804529708027e+02
-1.239422433167198392e+02
-1.239416796465136343e+02
-1.091034126071244117e+02
-1.239422580289801346e+02
-1.070999915667552642e+02
-1.155839939700208561e+02
-1.237027325039004211e+02
-1.239422567063227945e+02
-1.209560711290160668e+02
-1.239422894457227926e+02
-1.239422327033225457e+02
-9.931587967970757802e+01
-1.238470098733919826e+02
-1.239424672601418678e+02
-9.154408569042018939e+01
-8.637373846897592955e+01
-1.232163497785726918e+02
-1.238995502475924297e+02
-1.239416770770923222e+02
-1.229641268728770598e+02
-1.237311049636547580e+02
-8.682782984451850439e+01
-1.239422929919295768e+02
-1.236786951351545980e+02
-1.152116949302304647e+02
-9.309332247467244770e+01
-9.870504047518879531e+01
-1.239419604752708182e+02
-1.078786110624364341e+02
-1.239257916969663427e+02
-1.018220673084055932e+02
-1.239423366824118204e+02
-1.141648633193289868e+02
-1.228200583559920744e+02
-1.047111553099373538e+02
-1.108618792690033672e+02
-1.238402860088372677e+02
-8.690720222956180407e+01
-1.238060081009606108e+02
-1.239422862856704768e+02
-9.163323718216044256e+01
-1.140245909826731463e+02
-1.239420762997720971e+02
-1.237599387789111631e+02
-1.150478109409953049e+02
-9.315795163798892986e+01
-1.121139474806641942e+02
-8.740942362917854780e+01
-1.251433488233172966e+02
-1.251435235327395645e+02
-1.251356681511146292e+02
-1.233067604284260312e+02
-1.251420661142915947e+02
-1.248478843827261642e+02
-9.197701185923983758e+01
-8.776237843327608346e+01
-1.195338982595587822e+02
-1.243271931317390369e+02
-1.251118995743096320e+02
-1.243848703840415340e+02
-1.251434363624036195e+02
-1.251434306273975636e+02
-1.243388365278072456e+02
-1.251434925994809646e+02
-1.233497607422873017e+02
-1.165288831388235735e+02
-1.123285975456663266e+02
-1.237198245344655447e+02
-8.805908331752983997e+01
-1.075613560878976358e+02
-9.810621206515139647e+01
-1.251421197150105229e+02
-1.108648000779740954e+02
-1.251434111912694789e+02
-1.251432782049428454e+02
-1.012367653461423487e+02
-8.731728433325613992e+01
-1.215805520719594313e+02
-1.067788897790055529e+02
-1.251433716370621312e+02
-9.292029505395930755e+01
-1.251403973489062338e+02
-1.251427335263228429e+02
-1.185702051467279148e+02
-1.250613989721062609e+02
-1.251434423956826976e+02
-1.020214250169223789e+02
-1.251433760689265142e+02
-1.078229947714702206e+02
-8.856350980277368024e+01
-1.251073340870533883e+02
-8.915206683856344227e+01
-9.297533093534543980e+01
-9.830803445643343252e+01
