-1.330895716269143918e+02
-1.315364666426107476e+02
-1.330935286521973921e+02
-1.330170666000967685e+02
-1.094021004465669904e+02
-1.330967781234119514e+02
-1.330968495416522615e+02
-1.285833261205899021e+02
-1.330968417094832716e+02
-1.330968028275039785e+02
-1.193092475036631441e+02
-9.188854626781350987e+01
-1.330945105084495594e+02
-1.330879309529420595e+02
-1.174652086406817233e+02
-1.330961010968685230e+02
-1.016070427606731101e+02
-9.587075334324106279e+01
-1.330967445465824142e+02
-1.246316559791855525e+02
-1.330963490926570785e+02
-1.179867848828277630e+02
-1.019038503489567091e+02
-1.243369495151380022e+02
-1.330970795554148083e+02
-1.035201312327687049e+02
-1.233624349914527585e+02
-9.511287212249716561e+01
-1.218056274525449680e+02
-1.049653782079330426e+02
-1.330900166965662379e+02
-1.320598648830870729e+02
-9.687962616319255460e+01
-9.043738040930338684e+01
-9.128983355215450501e+01
-9.408665558537654761e+01
-1.330962679493870269e+02
-1.302430575280011738e+02
-9.045712839114509052e+01
-1.295774413627128183e+02
-1.330232256560647954e+02
-9.763465102190926359e+01
-1.051416686864907746e+02
-1.024999031853304672e+02
-1.330968253049325654e+02
-1.330968002260537446e+02
-1.330631734498137746e+02
-1.027878818763447271e+02
-1.323575294838083778e+02
-1.200244874825689720e+02
-1.199410279776153487e+02
-1.277299588914351460e+02
-1.278377301200349905e+02
-1.102028312550958873e+02
-1.278263893337826573e+02
-1.278269587147142801e+02
-1.278382625298285120e+02
-1.166236774084669321e+02
-1.277807496090300532e+02
-9.067014684336689356e+01
-1.278375508815577746e+02
-1.271111123514995853e+02
-1.277749814171097853e+02
-9.522495172019688425e+01
-1.278402216491454197e+02
-1.263105599317031533e+02
-1.120494083195092259e+02
-8.926021945761449672e+01
-1.278391312184106425e+02
-8.900002671641686902e+01
-1.278376659239511781e+02
-1.278400691526134096e+02
-1.278400629385709948e+02
-1.114773199491200870e+02
-1.248925379879490833e+02
-1.078992194783029674e+02
-1.278395696969395203e+02
-1.278394859365485701e+02
-8.799888992593558612e+01
-1.193386099477054927e+02
-1.267013977400150821e+02
-1.094997865274750524e+02
-1.278356991312887629e+02
-1.278401371767570822e+02
-1.278398713738315990e+02
-8.802594880986504222e+01
-9.941182439031848617e+01
-1.278400256518289524e+02
-1.221946115440697582e+02
-1.238093747379302840e+02
-1.111657962204629371e+02
-1.278400871950303070e+02
-1.278400778826888029e+02
-1.278028887730790615e+02
-9.819204147645149305e+01
-1.278150143318393930e+02
-9.932442859912360689e+01
-1.278354870282097977e+02
-1.278401691683357200e+02
-1.152836891130907873e+02
-1.235416530567291886e+02
-1.069607315508745558e+02
-1.235614651281337899e+02
-1.027987171915271318e+02
-1.235549726267904020e+02
-1.235058983009991636e+02
-1.158153920539282780e+02
-1.235614852644253574e+02
-8.927649188411717773e+01
-1.038059160381316559e+02
-1.140941310254369796e+02
-9.975051765186940145e+01
-1.165700909035812174e+02
-1.081515873636508047e+02
-1.094377314348855066e+02
-1.235615328342029073e+02
-1.229996733698472298e+02
-1.153830433309096009e+02
-8.861757439623065125e+01
-1.142785887830364260e+02
-1.209064810438893005e+02
-9.450029598619012461e+01
-1.219203801547849224e+02
-9.570434006212022382e+01
-8.550262288013189504e+01
-9.192764534209864280e+01
-8.672749153759093588e+01
-1.235614894379110922e+02
-1.217997549508827717e+02
-1.018827728114166291e+02
-1.235405210281561210e+02
-1.235613611996101184e+02
-1.051394458078259930e+02
-1.219045655311437315e+02
-1.016274225024243094e+02
-8.771444289850465736e+01
-1.235613061838111406e+02
-1.235597450929705587e+02
-1.072228218797056059e+02
-8.776722186648660795e+01
-1.019316818235447926e+02
-1.164416213914104929e+02
-9.121975940429891239e+01
-1.235369467003534396e+02
-9.520197595482011366e+01
-1.235615079044673337e+02
-1.235417313661888272e+02
-1.219450879100719760e+02
-1.235607251114348060e+02
-8.978449804976021653e+01
-8.670510222463872196e+01
-8.799231810995250669e+01
-1.239414914895174746e+02
-1.239422788023563271e+02
-1.067600637323532737e+02
-1.239399238166467967e+02
-1.239361903420226980e+02
-1.219065862300205367e+02
-9.496573997095568131e+01
-1.239173625820867386e+02
-1.222758279144052977e+02
-9.129764691645226549e+01
-1.025518584559289508e+02
-1.239366072432168693e+02
-1.237508967816771701e+02
-1.239334224848451100e+02
-1.239391305859751498e+02
-9.031928529103275594e+01
-1.239165949643423232e+02
-1.138464811896507882e+02
-9.817428745345945629e+01
-1.239421726347126338e+02
-1.239419988582555163e+02
-1.237838742706204016e+02
-1.123870127280601565e+02
-8.630285619677849240e+01
-8.950188604113326107e+01
-9.760230804751861911e+01
-1.239219738226813945e+02
-1.039245070650878944e+02
-1.239422461947722098e+02
-1.230381014677976168e+02
-1.239421405898272184e+02
-1.239402597861283652e+02
-1.239400878659157286e+02
-1.239422682103155324e+02
-1.239176938114171520e+02
-1.239422443112749903e+02
-1.188099434175518070e+02
-1.239421259357361293e+02
-1.239421418371845789e+02
-9.518992579455951386e+01
-1.239419324181062763e+02
-9.244366751898279233e+01
-1.229446324539206614e+02
-1.099404633998799312e+02
-1.236482099085162787e+02
-1.081025593498518447e+02
-1.239411576517326807e+02
-1.239421996936457049e+02
-1.052456566624033343e+02
-1.251244956455037851e+02
-1.215560774995954887e+02
-1.251434256106278582e+02
-9.054973468287357719e+01
-1.177960930246519666e+02
-1.240521730952433472e+02
-9.267637173978184251e+01
-1.241505412855700001e+02
-1.199824682511801939e+02
-1.176461877604632207e+02
-8.870473728232735766e+01
-1.085129792889837290e+02
-8.758937220716117622e+01
-1.251434624961008808e+02
-1.093612286972944787e+02
-9.933371110583583175e+01
-1.250327754202992736e+02
-1.251412082684070697e+02
-1.236935951828447742e+02
-1.153780981643030259e+02
-1.189465446085674358e+02
-1.251433505168220819e+02
-9.956258024129583362e+01
-1.109768902542769524e+02
-1.090385713570069157e+02
-1.251434583889688383e+02
-1.251433136751106900e+02
-1.249688278131999795e+02
-1.058153238884397069e+02
-1.180605143194084121e+02
-1.246535786950242510e+02
-1.116023597161579346e+02
-1.250414340484774556e+02
-1.140772129312240537e+02
-1.251434571010101990e+02
-1.251432527245994493e+02
-9.996805881725953213e+01
-9.990313085799203918e+01
-1.203706141944691126e+02
-1.230706203953857027e+02
-1.055788035901509971e+02
-1.185318880372904431e+02
-1.251434413680489541e+02
-1.251427496076007913e+02
-1.251427582924564206e+02
-1.251433889943992739e+02
-1.008852778309358342e+02
-1.062249494187206551e+02
-1.243937401611017179e+02
