5.518887575234011633e-01 9.007170815201789305e-01 8.000000000000000000e+00 3.000000000000000000e+00 0.000000000000000000e+00
5.279611116136636584e-01 1.739444998679089416e+00 1.700000000000000000e+01 6.100000000000000000e+01 0.000000000000000000e+00
2.285967793029974188e-02 1.977722856513905114e+00 1.500000000000000000e+01 1.240000000000000000e+02 0.000000000000000000e+00
1.156990876147056223e-02 1.370845948953556270e+00 1.100000000000000000e+01 1.140000000000000000e+02 0.000000000000000000e+00
9.311104199576945850e-02 5.434150643648946177e-01 1.900000000000000000e+01 1.400000000000000000e+01 0.000000000000000000e+00
4.700353609116860731e-01 7.694777501678337073e-01 1.200000000000000000e+01 4.900000000000000000e+01 0.000000000000000000e+00
6.326589663109630779e-01 1.724537110896676273e+00 1.200000000000000000e+01 1.410000000000000000e+02 0.000000000000000000e+00
1.729175024326200932e-02 6.545008218235314201e-01 3.000000000000000000e+00 7.500000000000000000e+01 0.000000000000000000e+00
5.880060096602259812e-01 1.763339703715726570e+00 2.000000000000000000e+00 8.000000000000000000e+01 0.000000000000000000e+00
5.559508277258895514e-01 1.252468110810761814e+00 1.300000000000000000e+01 5.200000000000000000e+01 0.000000000000000000e+00
9.223578399908883840e-01 1.214258938273745869e+00 1.900000000000000000e+01 3.200000000000000000e+01 0.000000000000000000e+00
5.407796856221738224e-01 1.090142289535742659e+00 3.000000000000000000e+00 1.370000000000000000e+02 0.000000000000000000e+00
9.154685342533601666e-01 1.293083934440278693e+00 8.000000000000000000e+00 8.600000000000000000e+01 0.000000000000000000e+00
9.245031447441894867e-01 1.555965143871850920e+00 1.100000000000000000e+01 1.950000000000000000e+02 0.000000000000000000e+00
4.151794260347455578e-01 1.357334255582211657e+00 1.700000000000000000e+01 1.910000000000000000e+02 0.000000000000000000e+00
8.658689843605084091e-01 1.893900707482303991e+00 7.000000000000000000e+00 6.800000000000000000e+01 0.000000000000000000e+00
4.694208901797902039e-02 1.115526467302394797e+00 2.000000000000000000e+01 1.450000000000000000e+02 0.000000000000000000e+00
2.693828679911015600e-01 1.063083112458484081e+00 1.000000000000000000e+00 3.000000000000000000e+01 0.000000000000000000e+00
6.828766184883111601e-01 1.549235180446066062e-01 5.000000000000000000e+00 1.960000000000000000e+02 0.000000000000000000e+00
3.866688140539164403e-02 1.225726163726646556e+00 1.900000000000000000e+01 1.540000000000000000e+02 0.000000000000000000e+00
2.526375638593650885e-01 7.713050577235865957e-01 3.000000000000000000e+00 1.390000000000000000e+02 0.000000000000000000e+00
5.100951424146565882e-01 1.515805246977030452e+00 1.300000000000000000e+01 4.200000000000000000e+01 0.000000000000000000e+00
4.177322337149043108e-01 1.075964491293194492e+00 3.000000000000000000e+00 3.400000000000000000e+01 0.000000000000000000e+00
9.151763586722431176e-01 1.767231911805516420e+00 2.000000000000000000e+00 5.300000000000000000e+01 0.000000000000000000e+00
3.938439502905421996e-01 1.642702609592540552e+00 1.400000000000000000e+01 9.800000000000000000e+01 0.000000000000000000e+00
4.754309542578563086e-01 1.615934931561286314e+00 2.000000000000000000e+01 4.700000000000000000e+01 0.000000000000000000e+00
9.531454807901311721e-01 5.122197624811434258e-01 1.500000000000000000e+01 8.600000000000000000e+01 0.000000000000000000e+00
4.322614754345558419e-01 1.319238066562315792e+00 1.500000000000000000e+01 1.380000000000000000e+02 0.000000000000000000e+00
9.642574608838192507e-01 1.507176794182183421e+00 1.200000000000000000e+01 1.350000000000000000e+02 0.000000000000000000e+00
9.693834134414150983e-01 1.408108533749316271e-01 1.000000000000000000e+00 2.000000000000000000e+01 0.000000000000000000e+00
1.764202332245936589e-01 6.497462099965326532e-01 1.200000000000000000e+01 1.190000000000000000e+02 0.000000000000000000e+00
6.179710495714844098e-01 4.911119202341861500e-01 2.000000000000000000e+00 6.000000000000000000e+00 0.000000000000000000e+00
5.003433666441926553e-01 2.885417816718222062e-01 1.900000000000000000e+01 1.990000000000000000e+02 0.000000000000000000e+00
9.127865023615802098e-01 1.498955408940453315e+00 1.000000000000000000e+00 6.000000000000000000e+01 0.000000000000000000e+00
3.494681346416764756e-01 3.696611110137065781e-01 2.000000000000000000e+01 1.180000000000000000e+02 0.000000000000000000e+00
2.800464031028081918e-02 1.488563157314923835e+00 1.500000000000000000e+01 4.700000000000000000e+01 0.000000000000000000e+00
9.017819296507377513e-02 1.213318457368323777e+00 2.000000000000000000e+00 4.800000000000000000e+01 0.000000000000000000e+00
7.224051988357880205e-01 1.437885355791972630e+00 5.000000000000000000e+00 7.900000000000000000e+01 0.000000000000000000e+00
4.415185261936450667e-01 7.872213027839459754e-01 2.000000000000000000e+00 9.000000000000000000e+01 0.000000000000000000e+00
5.392041534644516076e-01 3.501633981741046897e-01 4.000000000000000000e+00 5.000000000000000000e+00 0.000000000000000000e+00
2.723951558503887593e-01 2.098372305467507193e+00 4.000000000000000000e+00 1.370000000000000000e+02 0.000000000000000000e+00
3.984494922662851213e-01 1.423781819408015181e+00 3.000000000000000000e+00 1.310000000000000000e+02 0.000000000000000000e+00
8.978294747533023257e-01 1.433747124278840879e+00 8.000000000000000000e+00 1.950000000000000000e+02 0.000000000000000000e+00
6.318356350740345073e-01 1.516187232675905827e+00 1.700000000000000000e+01 1.480000000000000000e+02 0.000000000000000000e+00
3.533601890869715323e-01 4.446661646056674355e-01 1.700000000000000000e+01 6.200000000000000000e+01 0.000000000000000000e+00
9.350042116537614634e-01 1.364064594493018312e+00 1.500000000000000000e+01 1.110000000000000000e+02 0.000000000000000000e+00
7.391484513235292431e-01 1.159260942862817112e+00 1.700000000000000000e+01 1.560000000000000000e+02 0.000000000000000000e+00
8.599383847418974325e-01 8.493074671133017395e-01 4.000000000000000000e+00 9.600000000000000000e+01 0.000000000000000000e+00
9.972648467571099129e-01 1.416125337340782719e+00 1.900000000000000000e+01 1.260000000000000000e+02 0.000000000000000000e+00
7.360703016536545018e-01 1.811412913468839259e+00 5.000000000000000000e+00 1.550000000000000000e+02 0.000000000000000000e+00
1.534435498159487654e-01 3.785630459846206497e-01 1.800000000000000000e+01 7.900000000000000000e+01 1.000000000000000000e+00
9.114747181968282375e-01 1.590734721777456784e+00 1.700000000000000000e+01 5.800000000000000000e+01 1.000000000000000000e+00
4.278869007900265586e-01 1.728164861621008574e+00 1.000000000000000000e+01 1.440000000000000000e+02 1.000000000000000000e+00
9.194152525541586796e-01 9.726681490937304497e-01 1.300000000000000000e+01 1.520000000000000000e+02 1.000000000000000000e+00
3.761118577522962747e-01 4.142560801618934141e-01 3.000000000000000000e+00 1.030000000000000000e+02 1.000000000000000000e+00
8.017178333905212728e-01 4.454019669062884157e-01 5.000000000000000000e+00 1.970000000000000000e+02 1.000000000000000000e+00
4.196744592494364712e-01 1.877953497982128628e+00 1.700000000000000000e+01 3.700000000000000000e+01 1.000000000000000000e+00
3.647369927731273220e-01 1.384251013942849440e+00 1.700000000000000000e+01 7.100000000000000000e+01 1.000000000000000000e+00
3.203166816090182722e-01 1.131985245487031388e+00 1.900000000000000000e+01 1.380000000000000000e+02 1.000000000000000000e+00
2.808000806267942906e-01 1.912399648808760011e+00 1.200000000000000000e+01 1.380000000000000000e+02 1.000000000000000000e+00
6.432454925668860957e-02 1.835737352957985680e+00 4.000000000000000000e+00 4.000000000000000000e+01 1.000000000000000000e+00
9.522457495588925180e-01 5.863158654608754405e-01 1.400000000000000000e+01 6.000000000000000000e+00 1.000000000000000000e+00
7.244363074985193940e-01 1.241921877050462752e+00 1.900000000000000000e+01 3.000000000000000000e+01 1.000000000000000000e+00
6.014897516837787173e-01 2.364825570263996701e-01 9.000000000000000000e+00 1.930000000000000000e+02 1.000000000000000000e+00
1.231393922444755894e-02 1.680168408427422877e+00 2.000000000000000000e+01 6.000000000000000000e+00 1.000000000000000000e+00
9.465118405086888620e-01 1.760931092136960308e+00 1.600000000000000000e+01 9.400000000000000000e+01 1.000000000000000000e+00
7.089736591217586648e-02 1.976141053619626220e+00 1.200000000000000000e+01 1.410000000000000000e+02 1.000000000000000000e+00
7.625647309600382950e-01 3.499826152234727372e-01 1.800000000000000000e+01 3.300000000000000000e+01 1.000000000000000000e+00
5.060858865463698786e-01 1.218507875810866725e+00 2.000000000000000000e+00 4.200000000000000000e+01 1.000000000000000000e+00
3.884792084736067297e-01 7.763007472941415577e-01 1.100000000000000000e+01 1.680000000000000000e+02 1.000000000000000000e+00
2.489580253349441552e-01 1.768688518149202915e+00 1.300000000000000000e+01 1.360000000000000000e+02 1.000000000000000000e+00
1.079815777465878840e-01 2.043599503747098201e+00 1.700000000000000000e+01 8.000000000000000000e+01 1.000000000000000000e+00
8.017459992615791897e-01 3.037444801370360326e-01 1.900000000000000000e+01 6.400000000000000000e+01 1.000000000000000000e+00
8.253775540832651858e-01 1.942343522179946547e+00 6.000000000000000000e+00 1.630000000000000000e+02 1.000000000000000000e+00
4.639820238180412115e-01 1.497566018470773530e+00 1.200000000000000000e+01 3.000000000000000000e+01 1.000000000000000000e+00
5.132337599708245435e-01 2.606646562439874915e-01 1.300000000000000000e+01 1.290000000000000000e+02 1.000000000000000000e+00
7.688780157677816973e-01 2.113351699017715080e-01 2.000000000000000000e+01 2.000000000000000000e+01 1.000000000000000000e+00
1.098092875380671657e-01 9.096471061975081041e-01 1.200000000000000000e+01 1.600000000000000000e+01 1.000000000000000000e+00
6.307169752686184738e-01 4.310177758537802051e-01 3.000000000000000000e+00 1.000000000000000000e+01 1.000000000000000000e+00
3.600168608858542729e-01 1.055480458301867763e+00 3.000000000000000000e+00 1.610000000000000000e+02 1.000000000000000000e+00
4.157847321117267292e-01 7.804077188883492555e-01 1.600000000000000000e+01 2.100000000000000000e+01 1.000000000000000000e+00
4.480203668762414715e-01 1.830913322389007503e+00 2.000000000000000000e+00 7.100000000000000000e+01 1.000000000000000000e+00
3.317452804217534412e-01 7.060977476223057048e-01 1.300000000000000000e+01 1.180000000000000000e+02 1.000000000000000000e+00
9.780692848077086887e-02 1.701624330341576563e+00 9.000000000000000000e+00 1.260000000000000000e+02 1.000000000000000000e+00
5.303227082926322833e-01 1.192773364748697773e+00 2.000000000000000000e+00 1.380000000000000000e+02 1.000000000000000000e+00
1.684735953607818804e-01 2.163536405376970395e-01 8.000000000000000000e+00 2.000000000000000000e+00 1.000000000000000000e+00
8.187232969884833400e-01 1.934942916330941953e+00 1.500000000000000000e+01 1.760000000000000000e+02 1.000000000000000000e+00
8.987000728556230333e-01 1.167533516923533909e+00 8.000000000000000000e+00 1.390000000000000000e+02 1.000000000000000000e+00
9.718091018193830699e-01 1.537305703402275014e+00 1.200000000000000000e+01 1.330000000000000000e+02 1.000000000000000000e+00
8.099349626557772464e-01 9.553296868618964544e-01 1.000000000000000000e+01 8.400000000000000000e+01 1.000000000000000000e+00
1.939847106276432198e-01 1.566731978537105441e+00 1.500000000000000000e+01 1.620000000000000000e+02 1.000000000000000000e+00
7.889340987605238942e-01 6.816723539917836083e-01 1.900000000000000000e+01 1.450000000000000000e+02 1.000000000000000000e+00
8.641577889140217295e-01 5.940300424150862790e-01 1.800000000000000000e+01 3.900000000000000000e+01 1.000000000000000000e+00
1.431412758636281257e-01 4.266439155350151280e-01 1.200000000000000000e+01 4.700000000000000000e+01 1.000000000000000000e+00
1.983677325182349183e-01 1.752493579782695265e+00 9.000000000000000000e+00 7.500000000000000000e+01 1.000000000000000000e+00
9.470392664744544664e-01 1.287834283949096825e+00 1.800000000000000000e+01 1.340000000000000000e+02 1.000000000000000000e+00
8.746306216909250919e-01 9.940523577065568661e-01 1.400000000000000000e+01 1.970000000000000000e+02 1.000000000000000000e+00
2.893115515846459429e-01 1.825821610322327704e+00 1.800000000000000000e+01 5.900000000000000000e+01 1.000000000000000000e+00
2.062932936632987796e-02 1.203183018812650884e+00 1.600000000000000000e+01 1.040000000000000000e+02 1.000000000000000000e+00
1.098580644684635649e-01 1.249898595173150939e+00 1.300000000000000000e+01 1.350000000000000000e+02 1.000000000000000000e+00
3.161838202101275863e-01 5.653796158662259819e-01 9.000000000000000000e+00 1.190000000000000000e+02 2.000000000000000000e+00
5.525515171932575686e-01 1.577012108042609440e-01 1.900000000000000000e+01 1.200000000000000000e+01 2.000000000000000000e+00
2.855670464209330017e-01 1.597240720667206570e+00 2.000000000000000000e+00 7.200000000000000000e+01 2.000000000000000000e+00
3.145907450008085249e-01 1.718416368078463208e+00 1.900000000000000000e+01 1.400000000000000000e+01 2.000000000000000000e+00
6.848601776724667634e-01 1.042703973602439049e+00 1.600000000000000000e+01 1.400000000000000000e+02 2.000000000000000000e+00
8.099593091020123037e-01 7.016420829944215454e-01 8.000000000000000000e+00 5.800000000000000000e+01 2.000000000000000000e+00
6.960478410023391849e-01 1.312846628553763217e+00 2.000000000000000000e+01 3.300000000000000000e+01 2.000000000000000000e+00
7.255179905647317629e-01 2.069680567870072263e+00 1.400000000000000000e+01 4.000000000000000000e+01 2.000000000000000000e+00
5.438629190474156827e-01 2.056879913391934434e+00 2.000000000000000000e+01 1.280000000000000000e+02 2.000000000000000000e+00
9.228607827760711979e-01 1.231967794031223251e+00 9.000000000000000000e+00 1.700000000000000000e+02 2.000000000000000000e+00
7.832251816506270448e-01 2.016854058707661768e+00 2.000000000000000000e+01 3.100000000000000000e+01 2.000000000000000000e+00
3.950226374905386750e-01 1.969345444341704665e+00 1.300000000000000000e+01 5.000000000000000000e+00 2.000000000000000000e+00
5.376542210925252530e-01 1.094143094323851928e+00 1.500000000000000000e+01 2.700000000000000000e+01 2.000000000000000000e+00
4.981116359286723583e-01 6.691239796171647436e-01 1.300000000000000000e+01 1.350000000000000000e+02 2.000000000000000000e+00
9.889716420108183303e-01 1.932170551293920902e+00 1.100000000000000000e+01 3.800000000000000000e+01 2.000000000000000000e+00
4.015148777250768797e-01 7.238996093866977288e-01 9.000000000000000000e+00 1.730000000000000000e+02 2.000000000000000000e+00
2.306412888264136596e-01 9.887276113627093688e-01 4.000000000000000000e+00 9.800000000000000000e+01 2.000000000000000000e+00
6.844371405294290278e-02 1.793863252042635636e+00 9.000000000000000000e+00 1.000000000000000000e+00 2.000000000000000000e+00
4.901218034489506215e-01 1.174107937038075145e+00 3.000000000000000000e+00 2.500000000000000000e+01 2.000000000000000000e+00
2.454900450958995561e-01 1.505110633096795159e+00 2.000000000000000000e+00 1.580000000000000000e+02 2.000000000000000000e+00
6.089813060992890215e-01 7.662217115187456296e-01 1.400000000000000000e+01 8.900000000000000000e+01 2.000000000000000000e+00
8.654078705316947673e-01 1.847932223085407166e+00 1.500000000000000000e+01 1.980000000000000000e+02 2.000000000000000000e+00
3.768152670200224374e-01 1.406884745440731832e+00 1.200000000000000000e+01 1.310000000000000000e+02 2.000000000000000000e+00
7.421495967503556335e-01 7.336772233490879147e-01 5.000000000000000000e+00 1.880000000000000000e+02 2.000000000000000000e+00
1.623003364460733344e-01 1.964691974923859163e+00 1.200000000000000000e+01 1.840000000000000000e+02 2.000000000000000000e+00
8.607513161372388755e-01 1.139342788280541363e+00 1.400000000000000000e+01 9.100000000000000000e+01 2.000000000000000000e+00
4.872219897291387714e-01 7.169026933333976226e-01 1.000000000000000000e+00 1.850000000000000000e+02 2.000000000000000000e+00
2.529852877482432483e-01 1.795330810667897126e+00 5.000000000000000000e+00 1.900000000000000000e+01 2.000000000000000000e+00
4.720465588193346607e-01 8.033719745171546966e-01 1.600000000000000000e+01 7.800000000000000000e+01 2.000000000000000000e+00
2.830733175015864855e-01 1.779157717361627533e+00 1.500000000000000000e+01 4.000000000000000000e+00 2.000000000000000000e+00
2.941571449309041686e-01 1.192397944432819212e+00 5.000000000000000000e+00 1.190000000000000000e+02 2.000000000000000000e+00
3.150901850338135857e-01 1.316038544138094402e+00 3.000000000000000000e+00 5.500000000000000000e+01 2.000000000000000000e+00
9.312965103891662766e-01 2.046066110805925486e+00 1.100000000000000000e+01 1.800000000000000000e+02 2.000000000000000000e+00
7.148075474786518280e-01 6.173360673940130328e-01 1.400000000000000000e+01 5.500000000000000000e+01 2.000000000000000000e+00
8.599045661609967528e-01 1.808607505191114351e+00 1.500000000000000000e+01 1.680000000000000000e+02 2.000000000000000000e+00
1.546756465322595385e-02 1.523009137898904131e+00 1.300000000000000000e+01 1.240000000000000000e+02 2.000000000000000000e+00
4.313117319156688501e-01 8.911016528787968349e-01 1.000000000000000000e+01 7.300000000000000000e+01 2.000000000000000000e+00
4.464809388308355054e-01 5.184791841271551016e-01 1.200000000000000000e+01 2.700000000000000000e+01 2.000000000000000000e+00
2.343955097770898943e-01 8.224778207983641787e-01 3.000000000000000000e+00 9.800000000000000000e+01 2.000000000000000000e+00
1.784378445375176536e-01 5.455560264746758259e-01 6.000000000000000000e+00 1.300000000000000000e+02 2.000000000000000000e+00
2.208205887422213243e-01 1.035225977550862986e+00 1.200000000000000000e+01 1.830000000000000000e+02 2.000000000000000000e+00
1.706270184335423323e-01 7.349697860356919632e-01 1.400000000000000000e+01 1.580000000000000000e+02 2.000000000000000000e+00
7.884728920381863793e-01 1.613426164495036508e+00 9.000000000000000000e+00 2.000000000000000000e+02 2.000000000000000000e+00
3.509182635520607940e-01 1.158897638814837316e+00 1.600000000000000000e+01 1.050000000000000000e+02 2.000000000000000000e+00
8.929282814647638844e-01 1.801316294576210675e+00 2.000000000000000000e+01 1.660000000000000000e+02 2.000000000000000000e+00
1.697265155647704749e-01 9.136807941287269363e-01 1.300000000000000000e+01 1.880000000000000000e+02 2.000000000000000000e+00
3.764738327784834526e-01 5.323709509414181751e-01 9.000000000000000000e+00 1.450000000000000000e+02 2.000000000000000000e+00
6.531327882769283333e-01 1.484939602470457309e+00 1.100000000000000000e+01 8.000000000000000000e+01 2.000000000000000000e+00
6.098688106750829174e-01 1.455300297566467504e+00 1.700000000000000000e+01 1.960000000000000000e+02 2.000000000000000000e+00
3.686425633998996476e-01 1.403914460747466064e+00 1.600000000000000000e+01 1.860000000000000000e+02 2.000000000000000000e+00
4.610971706070849940e-01 8.672422560230027555e-01 1.600000000000000000e+01 7.200000000000000000e+01 3.000000000000000000e+00
9.688344220822447950e-01 1.793324461902663591e+00 1.300000000000000000e+01 1.490000000000000000e+02 3.000000000000000000e+00
8.798968104296691628e-01 1.945712054532168223e+00 1.700000000000000000e+01 5.400000000000000000e+01 3.000000000000000000e+00
9.252790669367694232e-01 1.295119895943462218e+00 1.800000000000000000e+01 8.000000000000000000e+00 3.000000000000000000e+00
4.399552184719681680e-01 8.066684019732005551e-01 6.000000000000000000e+00 1.180000000000000000e+02 3.000000000000000000e+00
8.019407019333549824e-01 1.698419306368400550e+00 1.900000000000000000e+01 3.900000000000000000e+01 3.000000000000000000e+00
7.792575988609150295e-02 1.139378498359093550e+00 2.000000000000000000e+01 2.400000000000000000e+01 3.000000000000000000e+00
8.793193682118477517e-01 2.025381349292227462e+00 5.000000000000000000e+00 1.840000000000000000e+02 3.000000000000000000e+00
7.356295659010813059e-01 1.423863094905201576e+00 1.600000000000000000e+01 1.940000000000000000e+02 3.000000000000000000e+00
8.581273931044846037e-01 1.542414020571705180e+00 1.600000000000000000e+01 1.130000000000000000e+02 3.000000000000000000e+00
1.896100733108551095e-01 9.357584306323606382e-01 1.600000000000000000e+01 1.080000000000000000e+02 3.000000000000000000e+00
7.503859446023438684e-01 4.546167559140367187e-01 4.000000000000000000e+00 7.000000000000000000e+00 3.000000000000000000e+00
2.521387171997196974e-01 1.520357049179158038e+00 1.700000000000000000e+01 1.710000000000000000e+02 3.000000000000000000e+00
3.929955068362134263e-01 1.764302590843251473e+00 1.700000000000000000e+01 2.000000000000000000e+00 3.000000000000000000e+00
9.564850916863001373e-01 6.759826867037058706e-01 1.500000000000000000e+01 1.170000000000000000e+02 3.000000000000000000e+00
3.999670017740040162e-01 4.033209761376485014e-01 8.000000000000000000e+00 9.600000000000000000e+01 3.000000000000000000e+00
6.612188404613826564e-02 1.701909700791501834e+00 4.000000000000000000e+00 1.750000000000000000e+02 3.000000000000000000e+00
5.093055420917277365e-01 2.024975086422722281e+00 1.500000000000000000e+01 1.860000000000000000e+02 3.000000000000000000e+00
5.302252854641809066e-01 1.496993190599539558e-01 1.000000000000000000e+01 2.800000000000000000e+01 3.000000000000000000e+00
7.514357992857517710e-01 2.304312916339938122e-01 6.000000000000000000e+00 1.070000000000000000e+02 3.000000000000000000e+00
8.447368904562607694e-01 1.158440892681848577e+00 4.000000000000000000e+00 1.540000000000000000e+02 3.000000000000000000e+00
2.004810501585859717e-01 7.506953301142028634e-01 2.000000000000000000e+01 1.340000000000000000e+02 3.000000000000000000e+00
3.342677532773554727e-01 1.700737971112646241e+00 1.900000000000000000e+01 1.400000000000000000e+01 3.000000000000000000e+00
4.376905619381044055e-01 3.421209201403404565e-01 3.000000000000000000e+00 1.770000000000000000e+02 3.000000000000000000e+00
6.087326403896498039e-01 4.380021926908660435e-01 8.000000000000000000e+00 6.900000000000000000e+01 3.000000000000000000e+00
7.295094800174238836e-01 1.930363678444896314e+00 8.000000000000000000e+00 1.170000000000000000e+02 3.000000000000000000e+00
8.515177700240191827e-01 1.528450280714050757e+00 1.100000000000000000e+01 1.290000000000000000e+02 3.000000000000000000e+00
1.008811537032188843e+00 1.381424355671972970e+00 1.200000000000000000e+01 4.000000000000000000e+01 3.000000000000000000e+00
4.066260943253928728e-01 1.909526717397175555e-01 3.000000000000000000e+00 7.100000000000000000e+01 3.000000000000000000e+00
3.907850298158799252e-01 3.342397842875927116e-01 1.000000000000000000e+00 7.800000000000000000e+01 3.000000000000000000e+00
5.700213985065887279e-01 1.859828888620662646e+00 1.200000000000000000e+01 1.420000000000000000e+02 3.000000000000000000e+00
3.183104630910115196e-01 1.807325920888801507e+00 8.000000000000000000e+00 1.160000000000000000e+02 3.000000000000000000e+00
6.552949413855135852e-01 2.004125347969450743e+00 2.000000000000000000e+00 1.030000000000000000e+02 3.000000000000000000e+00
5.401534325506293088e-01 1.132472707548410229e+00 1.500000000000000000e+01 8.700000000000000000e+01 3.000000000000000000e+00
8.028664782440604331e-01 1.980872342791963003e+00 3.000000000000000000e+00 1.420000000000000000e+02 3.000000000000000000e+00
9.475542612430085665e-01 1.515998723486926103e+00 1.900000000000000000e+01 1.940000000000000000e+02 3.000000000000000000e+00
2.993643824923620800e-01 1.555333858598404673e+00 3.000000000000000000e+00 6.000000000000000000e+00 3.000000000000000000e+00
7.689620354846498085e-01 8.816937077807992518e-01 1.100000000000000000e+01 1.500000000000000000e+02 3.000000000000000000e+00
3.965197393605924825e-01 3.109795968229339680e-01 1.300000000000000000e+01 1.690000000000000000e+02 3.000000000000000000e+00
7.092756443185035398e-01 1.292958013632794056e+00 8.000000000000000000e+00 1.780000000000000000e+02 3.000000000000000000e+00
5.431057331626942125e-02 5.820411738054868112e-01 3.000000000000000000e+00 1.870000000000000000e+02 3.000000000000000000e+00
3.633483716501401117e-01 1.136307681959563443e+00 2.000000000000000000e+01 1.660000000000000000e+02 3.000000000000000000e+00
5.334205590555941567e-01 3.579071382344359842e-01 5.000000000000000000e+00 1.960000000000000000e+02 3.000000000000000000e+00
4.184752348408768974e-01 2.007770437545606690e+00 1.500000000000000000e+01 6.200000000000000000e+01 3.000000000000000000e+00
5.485332044081111524e-01 1.695368750892359166e+00 1.800000000000000000e+01 8.900000000000000000e+01 3.000000000000000000e+00
7.451004409147863328e-01 3.147780131341261223e-01 6.000000000000000000e+00 5.600000000000000000e+01 3.000000000000000000e+00
1.200735620590782510e-01 1.784146073582116188e+00 2.000000000000000000e+00 1.200000000000000000e+01 3.000000000000000000e+00
4.687269732103825914e-01 7.422581622674310209e-01 3.000000000000000000e+00 1.200000000000000000e+01 3.000000000000000000e+00
2.997004021813131497e-02 1.102236582981734048e-01 2.000000000000000000e+00 1.750000000000000000e+02 3.000000000000000000e+00
7.749027863008272066e-01 1.576503475734485127e+00 5.000000000000000000e+00 5.500000000000000000e+01 3.000000000000000000e+00
6.178526088419828977e-01 8.832605278610600186e-01 1.000000000000000000e+01 1.200000000000000000e+01 4.000000000000000000e+00
4.447405301464439908e-01 3.578355548334378744e-01 4.000000000000000000e+00 7.500000000000000000e+01 4.000000000000000000e+00
4.496570916012441188e-01 1.085591122045887202e-01 1.000000000000000000e+01 7.800000000000000000e+01 4.000000000000000000e+00
4.680331963285494501e-01 7.280107328106554254e-01 8.000000000000000000e+00 6.600000000000000000e+01 4.000000000000000000e+00
9.997129807283522407e-01 1.706349886715811115e+00 1.800000000000000000e+01 4.500000000000000000e+01 4.000000000000000000e+00
8.790361180397876506e-01 1.753789605374043825e+00 4.000000000000000000e+00 6.000000000000000000e+00 4.000000000000000000e+00
7.869038133467797236e-01 1.180813354561068840e+00 1.900000000000000000e+01 6.000000000000000000e+00 4.000000000000000000e+00
7.145919273922335391e-01 7.769122096672490541e-01 2.000000000000000000e+01 6.900000000000000000e+01 4.000000000000000000e+00
6.875926557187229671e-01 1.182424166263097209e+00 1.500000000000000000e+01 1.540000000000000000e+02 4.000000000000000000e+00
8.152651243089358013e-02 6.956861134525939017e-01 7.000000000000000000e+00 4.200000000000000000e+01 4.000000000000000000e+00
3.343769755501061480e-01 2.091192977274961340e+00 2.000000000000000000e+00 4.600000000000000000e+01 4.000000000000000000e+00
9.588562060895223782e-01 7.991008916478899993e-01 3.000000000000000000e+00 5.000000000000000000e+01 4.000000000000000000e+00
5.554787681488740914e-01 1.478903290600463993e+00 4.000000000000000000e+00 1.160000000000000000e+02 4.000000000000000000e+00
3.864248804332179876e-01 8.155988595073130343e-01 1.500000000000000000e+01 1.630000000000000000e+02 4.000000000000000000e+00
9.773216014586070255e-01 2.083151752559553316e+00 1.300000000000000000e+01 1.420000000000000000e+02 4.000000000000000000e+00
6.546313507121327424e-01 5.906630851225370682e-01 1.400000000000000000e+01 1.000000000000000000e+00 4.000000000000000000e+00
2.059947804270013672e-01 1.419129862697449396e-01 1.400000000000000000e+01 3.900000000000000000e+01 4.000000000000000000e+00
9.647019907884143430e-01 5.520946051823160117e-01 1.600000000000000000e+01 1.990000000000000000e+02 4.000000000000000000e+00
5.806355216970003896e-01 1.167602864152638142e+00 8.000000000000000000e+00 1.560000000000000000e+02 4.000000000000000000e+00
5.332184967048057000e-01 2.825241821873648584e-01 1.900000000000000000e+01 3.400000000000000000e+01 4.000000000000000000e+00
2.684209830420154486e-01 1.063959467669687076e+00 1.700000000000000000e+01 7.000000000000000000e+01 4.000000000000000000e+00
5.734305035349156476e-01 2.060118401160585755e+00 1.000000000000000000e+00 9.100000000000000000e+01 4.000000000000000000e+00
8.081638621900343045e-02 1.153579758854182069e+00 1.600000000000000000e+01 5.800000000000000000e+01 4.000000000000000000e+00
3.888909553568066224e-01 8.248215749426960341e-01 3.000000000000000000e+00 1.200000000000000000e+02 4.000000000000000000e+00
9.289039202700133391e-01 1.203771162124122718e+00 1.800000000000000000e+01 1.200000000000000000e+02 4.000000000000000000e+00
5.536669129957018098e-01 1.264734908732002117e+00 1.000000000000000000e+01 1.320000000000000000e+02 4.000000000000000000e+00
5.958832477532841621e-01 4.069338650920754086e-01 2.000000000000000000e+00 1.760000000000000000e+02 4.000000000000000000e+00
7.175388729558859202e-01 9.414099712938767128e-01 1.500000000000000000e+01 2.000000000000000000e+00 4.000000000000000000e+00
2.385373989363961389e-01 1.756361846089588674e+00 1.600000000000000000e+01 1.600000000000000000e+01 4.000000000000000000e+00
1.397503995426071510e-01 1.412499459086510312e+00 1.800000000000000000e+01 1.340000000000000000e+02 4.000000000000000000e+00
9.948433015748513186e-02 2.077494332462827220e+00 1.700000000000000000e+01 6.000000000000000000e+00 4.000000000000000000e+00
1.657390268226972552e-01 1.129775771394606887e-01 1.100000000000000000e+01 1.500000000000000000e+02 4.000000000000000000e+00
4.607518306423528109e-01 3.377752986834351434e-01 2.000000000000000000e+01 1.430000000000000000e+02 4.000000000000000000e+00
4.148790355839758748e-01 9.178571250364072620e-01 8.000000000000000000e+00 1.780000000000000000e+02 4.000000000000000000e+00
5.850945849031389256e-01 1.644638607383602125e+00 1.600000000000000000e+01 1.270000000000000000e+02 4.000000000000000000e+00
6.579338098350373532e-01 1.352567097736200541e+00 3.000000000000000000e+00 1.750000000000000000e+02 4.000000000000000000e+00
3.757762894073045645e-01 2.000804869847529144e+00 4.000000000000000000e+00 7.000000000000000000e+01 4.000000000000000000e+00
7.799855363212440107e-01 1.318095782767404689e+00 1.500000000000000000e+01 5.100000000000000000e+01 4.000000000000000000e+00
5.258649338977022802e-01 1.328505738978243089e+00 1.500000000000000000e+01 2.500000000000000000e+01 4.000000000000000000e+00
7.569610284781640441e-01 1.373579020405222284e+00 1.000000000000000000e+00 1.930000000000000000e+02 4.000000000000000000e+00
3.964609832550346907e-02 7.635862123771114396e-01 1.800000000000000000e+01 1.470000000000000000e+02 4.000000000000000000e+00
8.731503879646748123e-01 1.967337243103230104e+00 1.900000000000000000e+01 5.000000000000000000e+01 4.000000000000000000e+00
9.547525054516715626e-01 2.309182547125595841e-01 2.000000000000000000e+01 1.700000000000000000e+02 4.000000000000000000e+00
9.655768731485051548e-01 2.062604822341064903e+00 1.700000000000000000e+01 4.000000000000000000e+00 4.000000000000000000e+00
7.618284491378678192e-02 1.480376103630238527e+00 1.200000000000000000e+01 5.300000000000000000e+01 4.000000000000000000e+00
3.241454717796498491e-02 8.165069320482524207e-01 2.000000000000000000e+01 3.400000000000000000e+01 4.000000000000000000e+00
7.041042414649387737e-01 1.445038783455298237e+00 1.400000000000000000e+01 6.100000000000000000e+01 4.000000000000000000e+00
1.002410274349956998e+00 1.921108719706589918e+00 1.100000000000000000e+01 1.560000000000000000e+02 4.000000000000000000e+00
5.641574883862078282e-01 1.423106443537852928e-01 1.400000000000000000e+01 3.000000000000000000e+01 4.000000000000000000e+00
5.428627138328344648e-01 6.135282113752899003e-01 1.100000000000000000e+01 1.370000000000000000e+02 4.000000000000000000e+00
