3.851686332887789277e-01 7.974148152920524923e-01 8.000000000000000000e+00 5.400000000000000000e+01 0.000000000000000000e+00
9.386434762699578105e-01 1.582756462462596991e-01 2.000000000000000000e+01 5.700000000000000000e+01 0.000000000000000000e+00
1.249150685823718042e-02 1.667825192514835075e+00 2.000000000000000000e+00 1.160000000000000000e+02 0.000000000000000000e+00
5.176064646964161770e-02 1.055987902078090457e+00 6.000000000000000000e+00 8.300000000000000000e+01 0.000000000000000000e+00
3.717236894661740676e-01 2.085704388244284946e+00 7.000000000000000000e+00 1.860000000000000000e+02 0.000000000000000000e+00
2.191429886931663962e-01 1.910796231191938865e+00 9.000000000000000000e+00 1.020000000000000000e+02 0.000000000000000000e+00
4.670361379476092312e-01 1.651782882349378312e+00 3.000000000000000000e+00 1.280000000000000000e+02 0.000000000000000000e+00
3.399150058545418601e-02 9.133247839095867127e-01 1.200000000000000000e+01 2.300000000000000000e+01 0.000000000000000000e+00
6.972020753133255366e-02 6.954361018837459385e-01 1.900000000000000000e+01 3.000000000000000000e+00 0.000000000000000000e+00
1.002520283355319952e+00 1.610304733115998088e+00 1.500000000000000000e+01 9.600000000000000000e+01 0.000000000000000000e+00
8.338794386894619048e-01 1.307302444226799754e+00 1.100000000000000000e+01 6.100000000000000000e+01 0.000000000000000000e+00
9.550138315023998237e-01 2.078625545963576737e+00 1.200000000000000000e+01 7.000000000000000000e+00 0.000000000000000000e+00
8.063839717496815718e-01 4.654920605266782418e-01 3.000000000000000000e+00 1.480000000000000000e+02 0.000000000000000000e+00
2.453696248012762204e-01 5.532986818746524760e-01 1.000000000000000000e+00 6.100000000000000000e+01 0.000000000000000000e+00
2.342193302337207683e-01 4.865448905993640105e-01 8.000000000000000000e+00 1.900000000000000000e+02 0.000000000000000000e+00
5.652835903927063699e-01 7.013972714205306547e-01 1.900000000000000000e+01 1.310000000000000000e+02 0.000000000000000000e+00
7.799521421758126571e-01 6.163249671251996853e-01 1.400000000000000000e+01 5.400000000000000000e+01 0.000000000000000000e+00
1.508526991656720107e-01 4.143956425227034446e-01 8.000000000000000000e+00 1.940000000000000000e+02 0.000000000000000000e+00
2.264464156365010306e-01 4.218516296098467899e-01 1.700000000000000000e+01 1.540000000000000000e+02 0.000000000000000000e+00
1.481193294203491106e-01 1.960049894540424331e+00 9.000000000000000000e+00 1.510000000000000000e+02 0.000000000000000000e+00
5.629269733598252223e-01 7.710095686439576435e-01 1.100000000000000000e+01 1.980000000000000000e+02 0.000000000000000000e+00
8.055456468757898891e-01 6.421838238483080774e-01 7.000000000000000000e+00 1.690000000000000000e+02 0.000000000000000000e+00
2.198812313530121854e-01 4.357823823171592670e-01 7.000000000000000000e+00 6.000000000000000000e+00 0.000000000000000000e+00
6.404780092265999203e-01 4.440637782752351326e-01 1.300000000000000000e+01 1.740000000000000000e+02 0.000000000000000000e+00
5.718776130285920800e-01 1.266760913439394010e+00 1.200000000000000000e+01 8.900000000000000000e+01 0.000000000000000000e+00
5.519305222876090822e-01 1.450739217489852795e+00 1.200000000000000000e+01 2.000000000000000000e+00 0.000000000000000000e+00
7.160034280937683793e-01 9.659778337932197756e-01 1.500000000000000000e+01 1.990000000000000000e+02 0.000000000000000000e+00
7.938151455733847284e-01 1.185129284583460674e+00 9.000000000000000000e+00 3.300000000000000000e+01 0.000000000000000000e+00
4.174912282736532587e-01 1.509290731706169064e-01 1.500000000000000000e+01 2.000000000000000000e+00 0.000000000000000000e+00
4.250891537171590517e-01 1.470054137623384438e+00 1.500000000000000000e+01 4.200000000000000000e+01 0.000000000000000000e+00
9.990342799127424067e-01 1.658066415389858328e+00 1.700000000000000000e+01 1.380000000000000000e+02 0.000000000000000000e+00
4.260338059928436838e-01 1.563236150947236336e+00 1.300000000000000000e+01 7.600000000000000000e+01 0.000000000000000000e+00
3.667380248876284110e-01 4.803068027105855675e-01 1.400000000000000000e+01 1.010000000000000000e+02 0.000000000000000000e+00
7.143824847518277510e-01 7.705623514288232334e-01 2.000000000000000000e+01 1.150000000000000000e+02 0.000000000000000000e+00
2.029970365277128375e-01 2.799266785205735131e-01 1.800000000000000000e+01 9.400000000000000000e+01 0.000000000000000000e+00
6.847670631013726972e-01 4.837372441925696931e-01 4.000000000000000000e+00 1.390000000000000000e+02 0.000000000000000000e+00
5.273429299298793005e-01 1.925860345659911710e+00 4.000000000000000000e+00 5.200000000000000000e+01 0.000000000000000000e+00
9.458217992123164608e-01 1.709126952537203925e+00 3.000000000000000000e+00 1.700000000000000000e+01 0.000000000000000000e+00
4.320980575149504510e-01 1.380060848123006778e+00 1.300000000000000000e+01 1.500000000000000000e+02 0.000000000000000000e+00
9.976771892245708262e-01 1.384365068731117532e+00 4.000000000000000000e+00 1.770000000000000000e+02 0.000000000000000000e+00
2.852002964484152692e-01 2.467144274742426868e-01 9.000000000000000000e+00 5.400000000000000000e+01 0.000000000000000000e+00
5.717380063375145927e-01 1.194161397177638806e+00 5.000000000000000000e+00 5.200000000000000000e+01 0.000000000000000000e+00
2.556292217645297349e-01 1.213335971485481890e+00 8.000000000000000000e+00 1.460000000000000000e+02 0.000000000000000000e+00
7.811251740658241294e-02 1.656922686008826195e+00 4.000000000000000000e+00 1.850000000000000000e+02 0.000000000000000000e+00
8.074901353940666660e-01 4.633957719074540682e-01 1.400000000000000000e+01 1.210000000000000000e+02 0.000000000000000000e+00
7.729654637060268119e-01 1.387904754184879019e+00 1.700000000000000000e+01 2.000000000000000000e+02 0.000000000000000000e+00
7.444821401160405250e-01 1.306960682630193826e+00 1.100000000000000000e+01 1.820000000000000000e+02 0.000000000000000000e+00
2.564017970796418355e-01 7.255274526097031940e-01 1.800000000000000000e+01 1.900000000000000000e+01 0.000000000000000000e+00
9.243695258372317536e-01 1.429353169974574733e+00 5.000000000000000000e+00 4.400000000000000000e+01 0.000000000000000000e+00
9.274464547729829311e-01 1.473718604901444351e+00 4.000000000000000000e+00 7.700000000000000000e+01 0.000000000000000000e+00
5.390563738408354899e-01 2.720220332408808117e-01 6.000000000000000000e+00 1.130000000000000000e+02 1.000000000000000000e+00
7.414154692757786158e-01 2.045159801798337007e+00 3.000000000000000000e+00 1.000000000000000000e+00 1.000000000000000000e+00
3.924404284521543218e-01 1.868246134030359107e+00 1.900000000000000000e+01 1.500000000000000000e+02 1.000000000000000000e+00
6.774899643801718385e-01 1.586561997983100492e+00 2.000000000000000000e+01 1.900000000000000000e+02 1.000000000000000000e+00
4.884868483557552876e-01 9.684806308647871953e-01 1.100000000000000000e+01 1.250000000000000000e+02 1.000000000000000000e+00
3.920124978893533285e-01 1.425230789065992543e+00 1.000000000000000000e+00 1.350000000000000000e+02 1.000000000000000000e+00
9.118472244492149548e-01 4.840776425225986612e-01 1.700000000000000000e+01 1.710000000000000000e+02 1.000000000000000000e+00
3.147648802421475905e-02 7.791266844457825913e-01 1.900000000000000000e+01 5.100000000000000000e+01 1.000000000000000000e+00
8.781941255333576279e-01 1.677304146043556488e+00 1.700000000000000000e+01 1.620000000000000000e+02 1.000000000000000000e+00
3.639216746193286722e-01 1.536777016620613390e+00 9.000000000000000000e+00 1.640000000000000000e+02 1.000000000000000000e+00
1.854058740140948069e-01 5.252751934627145625e-01 7.000000000000000000e+00 9.300000000000000000e+01 1.000000000000000000e+00
9.803942915266588010e-01 2.012657213792123090e-01 1.300000000000000000e+01 1.100000000000000000e+02 1.000000000000000000e+00
8.433708561427721850e-01 1.644657358310941619e+00 1.200000000000000000e+01 7.200000000000000000e+01 1.000000000000000000e+00
8.900619104922840030e-01 1.792208398630587896e+00 1.700000000000000000e+01 1.930000000000000000e+02 1.000000000000000000e+00
8.609237889734450144e-01 8.424847873977342472e-01 5.000000000000000000e+00 1.050000000000000000e+02 1.000000000000000000e+00
2.864385309656243273e-01 1.290272602415217351e+00 1.400000000000000000e+01 6.900000000000000000e+01 1.000000000000000000e+00
6.668499993082888100e-01 4.574476157452124214e-01 1.100000000000000000e+01 1.570000000000000000e+02 1.000000000000000000e+00
6.213397868030572369e-01 8.516438342166393616e-01 3.000000000000000000e+00 1.620000000000000000e+02 1.000000000000000000e+00
6.389905880296969931e-01 2.968351176504576694e-01 1.200000000000000000e+01 1.370000000000000000e+02 1.000000000000000000e+00
1.042496941523903681e-01 1.702163192236897826e+00 1.800000000000000000e+01 1.930000000000000000e+02 1.000000000000000000e+00
2.614142524149147828e-01 3.916989391136259657e-01 1.600000000000000000e+01 6.700000000000000000e+01 1.000000000000000000e+00
3.188887547212181789e-02 3.526292965745575492e-01 1.100000000000000000e+01 1.710000000000000000e+02 1.000000000000000000e+00
8.558194020617128084e-01 1.805684667972481838e+00 1.700000000000000000e+01 1.000000000000000000e+00 1.000000000000000000e+00
8.467484321153951887e-01 1.051054773918810081e+00 6.000000000000000000e+00 9.500000000000000000e+01 1.000000000000000000e+00
1.001446597912438591e-01 1.367329539189456211e+00 1.600000000000000000e+01 2.000000000000000000e+02 1.000000000000000000e+00
9.643229724058216545e-01 1.941983927081770256e+00 1.300000000000000000e+01 4.600000000000000000e+01 1.000000000000000000e+00
5.312979291422248451e-01 2.021010220526990420e+00 8.000000000000000000e+00 1.080000000000000000e+02 1.000000000000000000e+00
1.815707741269931841e-01 8.028503344454162027e-01 4.000000000000000000e+00 9.200000000000000000e+01 1.000000000000000000e+00
6.909933093671891680e-01 1.592479704105989491e+00 1.200000000000000000e+01 1.000000000000000000e+01 1.000000000000000000e+00
3.545840157543953541e-01 2.432069217016596119e-01 1.300000000000000000e+01 9.500000000000000000e+01 1.000000000000000000e+00
1.857186866348712329e-01 1.906875830411858264e+00 1.400000000000000000e+01 6.400000000000000000e+01 1.000000000000000000e+00
6.951875737078270223e-01 1.050508969001138437e+00 1.700000000000000000e+01 1.870000000000000000e+02 1.000000000000000000e+00
8.311958076019765329e-01 1.034880059374671202e+00 1.400000000000000000e+01 1.860000000000000000e+02 1.000000000000000000e+00
9.203168397348606700e-01 8.157790361949409652e-01 2.000000000000000000e+00 1.280000000000000000e+02 1.000000000000000000e+00
8.598284145166686931e-01 1.563648830749820640e+00 3.000000000000000000e+00 7.500000000000000000e+01 1.000000000000000000e+00
8.400095847437615004e-02 4.651500181951279123e-01 1.900000000000000000e+01 1.050000000000000000e+02 1.000000000000000000e+00
4.841599162487203456e-01 1.634128228896746693e+00 1.700000000000000000e+01 2.000000000000000000e+02 1.000000000000000000e+00
7.047050371046651440e-01 1.978729109379534779e-01 7.000000000000000000e+00 1.100000000000000000e+01 1.000000000000000000e+00
6.278567530719305623e-01 1.927998063424173347e+00 1.000000000000000000e+01 3.500000000000000000e+01 1.000000000000000000e+00
9.055224549826955682e-01 1.028997178485021813e+00 9.000000000000000000e+00 1.670000000000000000e+02 1.000000000000000000e+00
7.178890145452120064e-02 1.792176110886017915e+00 5.000000000000000000e+00 1.600000000000000000e+01 1.000000000000000000e+00
9.724282852488926876e-01 1.934508426602861375e+00 1.000000000000000000e+01 1.620000000000000000e+02 1.000000000000000000e+00
6.378152429824116565e-01 6.789220863116146587e-01 2.000000000000000000e+01 6.500000000000000000e+01 1.000000000000000000e+00
1.484381870139034332e-01 1.269105464617150014e+00 1.300000000000000000e+01 2.700000000000000000e+01 1.000000000000000000e+00
9.853788013614506180e-01 6.136725830025876460e-01 2.000000000000000000e+01 9.500000000000000000e+01 1.000000000000000000e+00
3.797537938639078403e-01 6.196537378182144229e-01 1.800000000000000000e+01 9.900000000000000000e+01 1.000000000000000000e+00
1.068737871971116998e-01 1.559058032750333389e+00 1.500000000000000000e+01 1.670000000000000000e+02 1.000000000000000000e+00
1.423064809224480198e-01 1.897382351417053803e+00 1.300000000000000000e+01 6.800000000000000000e+01 1.000000000000000000e+00
4.017373927982089699e-01 8.452324870583994842e-01 1.300000000000000000e+01 1.000000000000000000e+00 1.000000000000000000e+00
6.329721125176789309e-01 1.022689352961833054e+00 1.900000000000000000e+01 1.020000000000000000e+02 1.000000000000000000e+00
9.384489091553532836e-01 2.025620939145930388e-01 5.000000000000000000e+00 5.000000000000000000e+00 2.000000000000000000e+00
2.909556844514873397e-01 2.883312048013803031e-01 9.000000000000000000e+00 3.600000000000000000e+01 2.000000000000000000e+00
5.413384329510442239e-01 1.288926423791982023e-01 1.900000000000000000e+01 6.100000000000000000e+01 2.000000000000000000e+00
1.490957639477100694e-01 3.790366477670891188e-01 2.000000000000000000e+01 1.960000000000000000e+02 2.000000000000000000e+00
3.098618821232581588e-01 1.768011678702094525e+00 9.000000000000000000e+00 1.190000000000000000e+02 2.000000000000000000e+00
5.103622943224918052e-01 1.547953965054610581e+00 5.000000000000000000e+00 4.600000000000000000e+01 2.000000000000000000e+00
3.434294013619820091e-02 1.062034099005174204e+00 1.000000000000000000e+01 7.700000000000000000e+01 2.000000000000000000e+00
4.300898872696780062e-01 1.234858711574517320e+00 1.600000000000000000e+01 1.280000000000000000e+02 2.000000000000000000e+00
6.508007624815592695e-01 1.441915725623143241e-01 8.000000000000000000e+00 2.000000000000000000e+01 2.000000000000000000e+00
7.683942658972198192e-01 9.508239183859580335e-01 1.900000000000000000e+01 6.300000000000000000e+01 2.000000000000000000e+00
4.910805492479558554e-01 1.659086912397192526e+00 2.000000000000000000e+01 4.800000000000000000e+01 2.000000000000000000e+00
6.773065453548254844e-01 1.004666156290337176e+00 1.300000000000000000e+01 9.300000000000000000e+01 2.000000000000000000e+00
4.036701351992579845e-01 9.044051339348982976e-01 1.500000000000000000e+01 1.740000000000000000e+02 2.000000000000000000e+00
1.486126283805433435e-01 1.769029128431371722e+00 9.000000000000000000e+00 1.730000000000000000e+02 2.000000000000000000e+00
6.485861559247280139e-01 1.880509824949455178e+00 1.300000000000000000e+01 1.200000000000000000e+01 2.000000000000000000e+00
9.694857659209830114e-01 1.446347021315659731e+00 2.000000000000000000e+01 1.600000000000000000e+02 2.000000000000000000e+00
2.125666310442416718e-01 3.476564469356185905e-01 1.300000000000000000e+01 2.200000000000000000e+01 2.000000000000000000e+00
3.351309916308762293e-01 1.115339391753999543e+00 5.000000000000000000e+00 9.300000000000000000e+01 2.000000000000000000e+00
1.948114730470235090e-01 4.891702046345335342e-01 1.100000000000000000e+01 4.000000000000000000e+00 2.000000000000000000e+00
2.786554970599607328e-01 9.192102118453157056e-01 1.000000000000000000e+00 1.290000000000000000e+02 2.000000000000000000e+00
1.980851061034933913e-01 1.874484444342328082e+00 4.000000000000000000e+00 8.600000000000000000e+01 2.000000000000000000e+00
4.693132031875608678e-01 1.139473663887455857e+00 8.000000000000000000e+00 1.350000000000000000e+02 2.000000000000000000e+00
9.951156186995262498e-01 8.133705238178950969e-01 2.000000000000000000e+00 4.000000000000000000e+00 2.000000000000000000e+00
6.468359613371079675e-01 3.600550353042132334e-01 1.100000000000000000e+01 3.600000000000000000e+01 2.000000000000000000e+00
8.511985730655916571e-01 6.692198943912989195e-01 1.200000000000000000e+01 1.420000000000000000e+02 2.000000000000000000e+00
8.431771461053018113e-01 1.319824390455300200e+00 2.000000000000000000e+00 1.220000000000000000e+02 2.000000000000000000e+00
8.709976310607894234e-01 1.410790056572001960e+00 9.000000000000000000e+00 1.840000000000000000e+02 2.000000000000000000e+00
9.645305381274318357e-01 1.129707223898599233e+00 2.000000000000000000e+01 1.020000000000000000e+02 2.000000000000000000e+00
4.166952967459797152e-01 8.893651667233054559e-01 1.300000000000000000e+01 4.500000000000000000e+01 2.000000000000000000e+00
2.213936896616442995e-01 1.044007847225417507e+00 8.000000000000000000e+00 6.900000000000000000e+01 2.000000000000000000e+00
4.862796453671033303e-01 2.036050786319698602e+00 7.000000000000000000e+00 4.600000000000000000e+01 2.000000000000000000e+00
6.284290153785545563e-01 1.212794276755153611e+00 2.000000000000000000e+01 6.100000000000000000e+01 2.000000000000000000e+00
3.615808304690325548e-01 1.378271046460816385e-01 1.300000000000000000e+01 2.000000000000000000e+00 2.000000000000000000e+00
3.187269697105175048e-01 6.926694198590107598e-01 8.000000000000000000e+00 2.100000000000000000e+01 2.000000000000000000e+00
4.125022013708500718e-02 1.911416775413091296e+00 1.900000000000000000e+01 1.930000000000000000e+02 2.000000000000000000e+00
9.891935799377891969e-02 1.991444143085944418e+00 1.400000000000000000e+01 2.300000000000000000e+01 2.000000000000000000e+00
1.846110371410999429e-01 1.803413779333755018e+00 2.000000000000000000e+00 8.600000000000000000e+01 2.000000000000000000e+00
4.382850370032101983e-01 5.237353444437288230e-01 7.000000000000000000e+00 4.600000000000000000e+01 2.000000000000000000e+00
9.320186104741376987e-01 1.774972905166511516e+00 1.100000000000000000e+01 1.450000000000000000e+02 2.000000000000000000e+00
6.140735820689335184e-02 1.834034516609533760e+00 7.000000000000000000e+00 1.580000000000000000e+02 2.000000000000000000e+00
2.857924133928123611e-01 1.238380804870536034e+00 1.700000000000000000e+01 9.500000000000000000e+01 2.000000000000000000e+00
8.265246053125140380e-01 3.263913132029355735e-01 1.400000000000000000e+01 4.900000000000000000e+01 2.000000000000000000e+00
1.737236404102268095e-01 6.746819574372148187e-01 3.000000000000000000e+00 2.300000000000000000e+01 2.000000000000000000e+00
7.438562691272361249e-01 1.581104826412379261e+00 5.000000000000000000e+00 8.800000000000000000e+01 2.000000000000000000e+00
5.322051595240777644e-01 8.150505073710306858e-01 4.000000000000000000e+00 1.630000000000000000e+02 2.000000000000000000e+00
2.152914598520232481e-01 2.021669230262476802e+00 1.200000000000000000e+01 1.280000000000000000e+02 2.000000000000000000e+00
2.522567049914969245e-02 6.062618201183799238e-01 1.600000000000000000e+01 2.000000000000000000e+00 2.000000000000000000e+00
9.427648713983928230e-01 6.811613450694619099e-01 5.000000000000000000e+00 9.600000000000000000e+01 2.000000000000000000e+00
6.806511631746776647e-01 7.838225812138760462e-01 2.000000000000000000e+00 1.400000000000000000e+01 2.000000000000000000e+00
6.256669202973511590e-01 1.475186451088809303e+00 8.000000000000000000e+00 1.200000000000000000e+02 2.000000000000000000e+00
1.657838916604869040e-01 5.703210460828186390e-01 1.200000000000000000e+01 1.720000000000000000e+02 3.000000000000000000e+00
3.504124066005963600e-01 1.544946173290760782e+00 6.000000000000000000e+00 8.300000000000000000e+01 3.000000000000000000e+00
9.865796746795271188e-01 1.812331812693505295e+00 4.000000000000000000e+00 1.280000000000000000e+02 3.000000000000000000e+00
3.897592231663785656e-01 1.656531285433732403e+00 4.000000000000000000e+00 1.510000000000000000e+02 3.000000000000000000e+00
6.409871561040081378e-01 1.701098230911633369e+00 1.200000000000000000e+01 1.800000000000000000e+01 3.000000000000000000e+00
8.486023480549254039e-01 1.480251090112352674e+00 9.000000000000000000e+00 9.000000000000000000e+01 3.000000000000000000e+00
7.756618021173354582e-02 4.858953898043786301e-01 1.200000000000000000e+01 1.560000000000000000e+02 3.000000000000000000e+00
1.003189769533179065e+00 6.667726060414572720e-01 1.300000000000000000e+01 1.490000000000000000e+02 3.000000000000000000e+00
3.806365931323265617e-01 5.648738785783572469e-01 4.000000000000000000e+00 1.710000000000000000e+02 3.000000000000000000e+00
7.476180053961902772e-01 1.154633959775967833e+00 1.300000000000000000e+01 1.550000000000000000e+02 3.000000000000000000e+00
7.729213337803130246e-01 6.259603893090007753e-01 1.100000000000000000e+01 1.590000000000000000e+02 3.000000000000000000e+00
6.429777106422460697e-01 1.255560024467583968e+00 9.000000000000000000e+00 1.200000000000000000e+02 3.000000000000000000e+00
1.657957771036088213e-01 1.399115192372441252e-01 1.700000000000000000e+01 8.200000000000000000e+01 3.000000000000000000e+00
7.798933058655223016e-01 3.396495932346995650e-01 1.800000000000000000e+01 6.600000000000000000e+01 3.000000000000000000e+00
5.377899299913809772e-01 1.759850357891304284e+00 1.900000000000000000e+01 5.200000000000000000e+01 3.000000000000000000e+00
5.385685456369985191e-01 1.289820861724338297e+00 2.000000000000000000e+01 1.860000000000000000e+02 3.000000000000000000e+00
1.576757638839051401e-01 5.298934551694102213e-01 1.400000000000000000e+01 1.920000000000000000e+02 3.000000000000000000e+00
2.846367041338931925e-01 1.549194809077371504e+00 1.300000000000000000e+01 1.470000000000000000e+02 3.000000000000000000e+00
9.359487117294399416e-01 1.343440435935056021e+00 1.000000000000000000e+00 1.590000000000000000e+02 3.000000000000000000e+00
3.118260299813273573e-01 1.799934568275952940e-01 1.200000000000000000e+01 6.300000000000000000e+01 3.000000000000000000e+00
3.612077650877060231e-01 4.994393950935370752e-01 1.000000000000000000e+01 1.120000000000000000e+02 3.000000000000000000e+00
1.581175369994958224e-01 1.475443691009677538e+00 4.000000000000000000e+00 1.690000000000000000e+02 3.000000000000000000e+00
1.305142601670743474e-01 1.968900773765159595e+00 6.000000000000000000e+00 6.800000000000000000e+01 3.000000000000000000e+00
8.377656962034832899e-01 1.069853046058962365e+00 2.000000000000000000e+00 1.280000000000000000e+02 3.000000000000000000e+00
4.184625778340533148e-02 3.944137244656719110e-01 1.300000000000000000e+01 7.000000000000000000e+00 3.000000000000000000e+00
5.440241448130563873e-01 3.170913113049970145e-01 1.400000000000000000e+01 1.030000000000000000e+02 3.000000000000000000e+00
4.414123431786929341e-01 2.774373985188965941e-01 1.300000000000000000e+01 1.130000000000000000e+02 3.000000000000000000e+00
9.048640218295201931e-01 4.566406747447050440e-01 7.000000000000000000e+00 1.470000000000000000e+02 3.000000000000000000e+00
6.556870728323869191e-01 6.010497415020600309e-01 1.400000000000000000e+01 1.270000000000000000e+02 3.000000000000000000e+00
4.099744895937914579e-01 8.767207800403714613e-01 2.000000000000000000e+00 1.180000000000000000e+02 3.000000000000000000e+00
5.710383505372108592e-01 1.829378823314537827e+00 9.000000000000000000e+00 1.200000000000000000e+02 3.000000000000000000e+00
5.642536106820221775e-01 4.695693264251460386e-01 1.500000000000000000e+01 1.450000000000000000e+02 3.000000000000000000e+00
4.810571166303430068e-01 5.064155414022762924e-01 7.000000000000000000e+00 1.000000000000000000e+01 3.000000000000000000e+00
3.373406227136788171e-01 3.834115467836626268e-01 3.000000000000000000e+00 1.820000000000000000e+02 3.000000000000000000e+00
8.041030961310041691e-01 1.774274612383827332e+00 1.100000000000000000e+01 1.210000000000000000e+02 3.000000000000000000e+00
3.687205638807310448e-01 1.519229220102265243e+00 1.700000000000000000e+01 1.490000000000000000e+02 3.000000000000000000e+00
5.995455052794638195e-01 1.647852494700526638e+00 1.700000000000000000e+01 1.800000000000000000e+02 3.000000000000000000e+00
4.053090418002674999e-01 2.239448166289027820e-01 8.000000000000000000e+00 1.070000000000000000e+02 3.000000000000000000e+00
2.686043760652711415e-02 1.445802720486057069e+00 4.000000000000000000e+00 4.700000000000000000e+01 3.000000000000000000e+00
8.033372038646856284e-02 1.534530350962967082e+00 5.000000000000000000e+00 1.300000000000000000e+01 3.000000000000000000e+00
1.241826202598299428e-01 1.549199597124709449e+00 1.600000000000000000e+01 8.800000000000000000e+01 3.000000000000000000e+00
6.320771935761791693e-02 6.074635231879986774e-01 1.800000000000000000e+01 3.300000000000000000e+01 3.000000000000000000e+00
3.014924936885619022e-01 1.058791906160534646e+00 1.700000000000000000e+01 3.300000000000000000e+01 3.000000000000000000e+00
9.993748016551556868e-01 2.727660069043454927e-01 1.300000000000000000e+01 5.100000000000000000e+01 3.000000000000000000e+00
7.431206578896472070e-01 1.253014506897885072e+00 1.800000000000000000e+01 1.660000000000000000e+02 3.000000000000000000e+00
9.200272088645143620e-02 9.590284576308699682e-01 1.900000000000000000e+01 2.300000000000000000e+01 3.000000000000000000e+00
5.256171384358832022e-01 1.095297712971344595e+00 1.400000000000000000e+01 1.220000000000000000e+02 3.000000000000000000e+00
7.845099477759799322e-01 6.746172034725063105e-01 2.000000000000000000e+00 1.480000000000000000e+02 3.000000000000000000e+00
1.218444030937994998e-01 4.690628499893655379e-01 4.000000000000000000e+00 6.400000000000000000e+01 3.000000000000000000e+00
4.847664089016097133e-01 1.328500636869115237e+00 1.000000000000000000e+01 1.690000000000000000e+02 3.000000000000000000e+00
4.872172615475207635e-01 6.367693170901514987e-01 2.000000000000000000e+01 2.200000000000000000e+01 4.000000000000000000e+00
3.891288301623068158e-01 9.741432101793409126e-01 1.300000000000000000e+01 1.740000000000000000e+02 4.000000000000000000e+00
1.699614189643255946e-01 1.300309184705126242e+00 1.100000000000000000e+01 1.950000000000000000e+02 4.000000000000000000e+00
8.422971793512201710e-01 4.255507028745849629e-01 1.300000000000000000e+01 9.500000000000000000e+01 4.000000000000000000e+00
3.956887044233076134e-01 7.409599384125268307e-01 1.000000000000000000e+01 1.380000000000000000e+02 4.000000000000000000e+00
7.861333621072174038e-01 1.853440807138015956e+00 9.000000000000000000e+00 8.300000000000000000e+01 4.000000000000000000e+00
1.676716094670355206e-01 1.631087171378679868e+00 2.000000000000000000e+00 8.000000000000000000e+01 4.000000000000000000e+00
5.338068336077002041e-01 1.669901377438870738e-01 8.000000000000000000e+00 9.100000000000000000e+01 4.000000000000000000e+00
1.452929299362538673e-01 1.878238502280387134e+00 7.000000000000000000e+00 1.180000000000000000e+02 4.000000000000000000e+00
1.003618451924527033e+00 2.838089744980004658e-01 1.500000000000000000e+01 1.240000000000000000e+02 4.000000000000000000e+00
1.766496961473444927e-01 2.000003955628478547e+00 2.000000000000000000e+00 3.300000000000000000e+01 4.000000000000000000e+00
6.013721914338653746e-02 1.258728832675048759e+00 1.800000000000000000e+01 1.330000000000000000e+02 4.000000000000000000e+00
4.054013633877517897e-01 1.081096226419679063e+00 1.300000000000000000e+01 7.300000000000000000e+01 4.000000000000000000e+00
5.503700679369137871e-01 1.771933273682732901e+00 1.300000000000000000e+01 6.500000000000000000e+01 4.000000000000000000e+00
5.211798858770210624e-02 4.494247522442921250e-01 1.700000000000000000e+01 8.400000000000000000e+01 4.000000000000000000e+00
3.724939971287918317e-01 1.395436445565129358e+00 6.000000000000000000e+00 6.400000000000000000e+01 4.000000000000000000e+00
7.253717633060517977e-01 7.391142846222841234e-01 7.000000000000000000e+00 1.700000000000000000e+01 4.000000000000000000e+00
8.881478747085004288e-01 1.808863350866135811e+00 3.000000000000000000e+00 1.200000000000000000e+02 4.000000000000000000e+00
6.978107142443962241e-01 1.365104806579353625e+00 4.000000000000000000e+00 1.770000000000000000e+02 4.000000000000000000e+00
5.157110993286306150e-02 1.137207544528030301e+00 7.000000000000000000e+00 1.290000000000000000e+02 4.000000000000000000e+00
9.255358952294694408e-01 4.973376539109267691e-01 1.800000000000000000e+01 7.200000000000000000e+01 4.000000000000000000e+00
4.510341464290049673e-01 5.087806606432562218e-01 1.000000000000000000e+00 1.210000000000000000e+02 4.000000000000000000e+00
8.473173187779617921e-01 2.017368935527380280e+00 8.000000000000000000e+00 5.000000000000000000e+00 4.000000000000000000e+00
2.060014012191531130e-01 7.579404703703339630e-01 1.000000000000000000e+01 5.200000000000000000e+01 4.000000000000000000e+00
8.925088687363049722e-01 4.505780283974479827e-01 1.800000000000000000e+01 3.700000000000000000e+01 4.000000000000000000e+00
1.771051031875789938e-01 6.558436201860550208e-01 1.500000000000000000e+01 1.490000000000000000e+02 4.000000000000000000e+00
9.721808437963861405e-01 2.449752819318745944e-01 1.000000000000000000e+01 1.990000000000000000e+02 4.000000000000000000e+00
4.914984238436160835e-01 1.078740213117551194e+00 4.000000000000000000e+00 9.300000000000000000e+01 4.000000000000000000e+00
5.237422590244511511e-01 1.010567706067785121e+00 2.000000000000000000e+00 8.100000000000000000e+01 4.000000000000000000e+00
4.048917938626335200e-01 1.682339798769015626e+00 1.700000000000000000e+01 2.100000000000000000e+01 4.000000000000000000e+00
6.882017278815354133e-02 1.428481452948149988e+00 1.400000000000000000e+01 1.340000000000000000e+02 4.000000000000000000e+00
3.226600289514460762e-01 2.076869034424408511e+00 6.000000000000000000e+00 1.650000000000000000e+02 4.000000000000000000e+00
3.483091608308634957e-01 1.839724325265520710e-01 1.400000000000000000e+01 6.800000000000000000e+01 4.000000000000000000e+00
9.493782483048832654e-01 6.977743250587135071e-01 2.000000000000000000e+01 1.300000000000000000e+01 4.000000000000000000e+00
2.234242326923602251e-01 1.478890384798952962e+00 9.000000000000000000e+00 1.800000000000000000e+02 4.000000000000000000e+00
8.813864110107526295e-02 7.302880630902960357e-01 1.900000000000000000e+01 3.400000000000000000e+01 4.000000000000000000e+00
3.251578857952800439e-01 1.958778802765754445e+00 1.200000000000000000e+01 2.200000000000000000e+01 4.000000000000000000e+00
6.196239860939029009e-01 1.429925539969048032e+00 1.000000000000000000e+01 1.330000000000000000e+02 4.000000000000000000e+00
7.777941458508389472e-01 1.546801439620750118e+00 1.200000000000000000e+01 5.500000000000000000e+01 4.000000000000000000e+00
4.287694954501244382e-01 1.530172546977856651e+00 1.200000000000000000e+01 2.800000000000000000e+01 4.000000000000000000e+00
1.809492664352363445e-01 1.305754318070053932e+00 1.200000000000000000e+01 1.890000000000000000e+02 4.000000000000000000e+00
7.375450655498023700e-01 3.653021453627388615e-01 9.000000000000000000e+00 6.300000000000000000e+01 4.000000000000000000e+00
9.003733401254938595e-01 8.949267714465088952e-01 3.000000000000000000e+00 8.800000000000000000e+01 4.000000000000000000e+00
9.107889047056172416e-01 1.056508871016619500e+00 7.000000000000000000e+00 1.320000000000000000e+02 4.000000000000000000e+00
7.932073877312049159e-01 1.959649126790238505e+00 4.000000000000000000e+00 3.400000000000000000e+01 4.000000000000000000e+00
2.529971791653716773e-01 1.145609311543080544e+00 3.000000000000000000e+00 5.100000000000000000e+01 4.000000000000000000e+00
5.441794926658851672e-01 1.074742787136583333e+00 9.000000000000000000e+00 1.450000000000000000e+02 4.000000000000000000e+00
1.576063031997431557e-02 2.022162119790441359e+00 1.500000000000000000e+01 1.530000000000000000e+02 4.000000000000000000e+00
9.991764426515197250e-01 7.749221002963789795e-01 1.200000000000000000e+01 1.170000000000000000e+02 4.000000000000000000e+00
9.970312433516669015e-02 9.310420256117665216e-01 1.500000000000000000e+01 6.600000000000000000e+01 4.000000000000000000e+00
