9.208302313946714612e-01 1.637741354589834719e+00 1.000000000000000000e+00 4.600000000000000000e+01 0.000000000000000000e+00
7.934228920357405679e-01 6.008030145815715928e-01 3.000000000000000000e+00 1.100000000000000000e+01 0.000000000000000000e+00
3.895677387614315118e-02 1.953964929241747583e+00 5.000000000000000000e+00 1.570000000000000000e+02 0.000000000000000000e+00
9.548409412451794864e-01 1.766078043657353325e+00 1.500000000000000000e+01 2.000000000000000000e+01 0.000000000000000000e+00
8.451889296529456752e-01 1.032912944802408806e+00 1.600000000000000000e+01 7.600000000000000000e+01 0.000000000000000000e+00
1.004829453627824165e+00 2.381916717957649754e-01 1.800000000000000000e+01 1.400000000000000000e+01 0.000000000000000000e+00
2.743192963924480088e-01 4.419300772904543040e-01 9.000000000000000000e+00 1.500000000000000000e+01 0.000000000000000000e+00
8.270014946848335269e-01 2.087702985212378959e+00 2.000000000000000000e+01 1.920000000000000000e+02 0.000000000000000000e+00
5.674470148295003291e-01 7.140665606187820424e-01 9.000000000000000000e+00 2.000000000000000000e+02 0.000000000000000000e+00
9.558835360040008888e-01 2.567572949973827567e-01 1.300000000000000000e+01 7.200000000000000000e+01 0.000000000000000000e+00
7.031129696950435548e-01 1.667368427796567687e+00 1.700000000000000000e+01 3.600000000000000000e+01 0.000000000000000000e+00
5.425476457500526539e-01 1.308617563567520570e+00 6.000000000000000000e+00 1.000000000000000000e+02 0.000000000000000000e+00
8.890777122396288368e-01 1.567473154553509884e+00 1.100000000000000000e+01 1.190000000000000000e+02 0.000000000000000000e+00
1.307353720135209230e-01 1.641697445274652445e+00 2.000000000000000000e+01 2.000000000000000000e+01 0.000000000000000000e+00
3.577856073310202722e-01 6.721834095538793408e-01 1.300000000000000000e+01 1.970000000000000000e+02 0.000000000000000000e+00
9.563923798614989424e-01 2.029688408153705659e+00 2.000000000000000000e+00 3.600000000000000000e+01 0.000000000000000000e+00
4.903859365779497104e-01 2.700824083598764025e-01 1.800000000000000000e+01 1.870000000000000000e+02 0.000000000000000000e+00
3.517891091777847201e-01 2.091219461885646391e-01 1.300000000000000000e+01 3.500000000000000000e+01 0.000000000000000000e+00
3.613089297796723276e-01 9.392048879863791333e-01 1.700000000000000000e+01 2.000000000000000000e+01 0.000000000000000000e+00
4.570226546408786561e-01 2.791571358530909874e-01 6.000000000000000000e+00 2.700000000000000000e+01 0.000000000000000000e+00
1.516547894987004819e-01 1.895383452506954614e+00 2.000000000000000000e+00 1.200000000000000000e+01 0.000000000000000000e+00
3.025528142012561261e-01 1.283739992474938196e+00 1.600000000000000000e+01 1.780000000000000000e+02 0.000000000000000000e+00
2.033632415872110855e-01 4.401307129602921586e-01 1.900000000000000000e+01 1.990000000000000000e+02 0.000000000000000000e+00
1.002159636512656160e+00 5.776831658818096793e-01 2.000000000000000000e+00 1.280000000000000000e+02 0.000000000000000000e+00
1.219385823836778154e-01 8.464154201711907577e-01 1.600000000000000000e+01 6.400000000000000000e+01 0.000000000000000000e+00
3.051910892695174349e-01 2.070867142374851699e+00 2.000000000000000000e+01 1.690000000000000000e+02 0.000000000000000000e+00
6.817361377047358451e-01 1.918112090880528697e+00 1.300000000000000000e+01 1.590000000000000000e+02 0.000000000000000000e+00
6.103917153096861670e-01 8.734769068245337165e-01 1.400000000000000000e+01 2.300000000000000000e+01 0.000000000000000000e+00
3.747589341854705713e-01 1.259195447771984000e+00 8.000000000000000000e+00 1.080000000000000000e+02 0.000000000000000000e+00
2.476118381044604133e-01 3.676378370521270478e-01 2.000000000000000000e+01 1.450000000000000000e+02 0.000000000000000000e+00
3.944415234617059535e-02 1.674096603653694171e+00 1.200000000000000000e+01 3.000000000000000000e+00 0.000000000000000000e+00
5.791357242407055850e-01 1.099762716979453492e+00 4.000000000000000000e+00 1.160000000000000000e+02 0.000000000000000000e+00
5.016979939644902187e-01 1.912274493653893126e+00 1.400000000000000000e+01 1.720000000000000000e+02 0.000000000000000000e+00
4.685910350803953461e-01 3.420124316756062433e-01 1.900000000000000000e+01 9.700000000000000000e+01 0.000000000000000000e+00
7.802724602789143926e-01 1.805133256823352461e+00 1.000000000000000000e+01 2.100000000000000000e+01 0.000000000000000000e+00
4.370637289038402651e-01 1.698024206941052716e+00 1.500000000000000000e+01 1.070000000000000000e+02 0.000000000000000000e+00
8.684273497651264773e-01 1.564546731761355502e+00 1.000000000000000000e+00 1.020000000000000000e+02 0.000000000000000000e+00
1.318356868473370413e-01 3.965765007787201979e-01 1.000000000000000000e+01 1.600000000000000000e+02 0.000000000000000000e+00
1.461910428985052635e-01 9.119816054155170937e-01 1.200000000000000000e+01 2.000000000000000000e+01 0.000000000000000000e+00
6.521529087964480498e-01 7.068229673637053123e-01 6.000000000000000000e+00 1.100000000000000000e+01 0.000000000000000000e+00
8.973577240256745968e-01 1.495057292011153116e+00 1.800000000000000000e+01 3.600000000000000000e+01 0.000000000000000000e+00
6.917097023241111087e-01 1.302628196208103661e+00 7.000000000000000000e+00 1.330000000000000000e+02 0.000000000000000000e+00
5.206985848224162661e-01 8.094815368658155874e-01 1.100000000000000000e+01 7.300000000000000000e+01 0.000000000000000000e+00
3.721561401974905481e-01 6.341999970117727647e-01 1.100000000000000000e+01 1.930000000000000000e+02 0.000000000000000000e+00
7.008225028661362321e-01 8.473646194999503445e-01 3.000000000000000000e+00 1.920000000000000000e+02 0.000000000000000000e+00
3.682719818678963364e-01 3.521284772503466831e-01 1.200000000000000000e+01 1.290000000000000000e+02 0.000000000000000000e+00
8.962173021980124332e-01 3.264877089781995645e-01 3.000000000000000000e+00 3.800000000000000000e+01 0.000000000000000000e+00
1.297579217831293930e-01 1.906524918435211102e+00 1.000000000000000000e+01 1.630000000000000000e+02 0.000000000000000000e+00
2.352666375549059552e-01 2.050635647529612360e+00 1.600000000000000000e+01 1.260000000000000000e+02 0.000000000000000000e+00
8.690738417509250580e-01 9.669532973829609857e-01 3.000000000000000000e+00 8.000000000000000000e+00 0.000000000000000000e+00
2.628719891089517091e-01 1.900280104903332212e+00 1.300000000000000000e+01 1.000000000000000000e+01 1.000000000000000000e+00
4.461680371837074555e-01 1.694509107631420930e+00 1.000000000000000000e+00 3.000000000000000000e+00 1.000000000000000000e+00
3.701201411328755020e-01 1.432502552619240310e+00 1.700000000000000000e+01 1.720000000000000000e+02 1.000000000000000000e+00
9.695724119563951804e-02 6.428666153576739761e-01 1.000000000000000000e+01 2.300000000000000000e+01 1.000000000000000000e+00
1.649976421142246297e-01 1.825530235250320210e+00 1.500000000000000000e+01 4.000000000000000000e+01 1.000000000000000000e+00
7.509306117907400546e-01 1.366781985895427987e+00 7.000000000000000000e+00 1.830000000000000000e+02 1.000000000000000000e+00
1.764564684742730982e-01 1.175948504021810281e+00 1.000000000000000000e+01 6.400000000000000000e+01 1.000000000000000000e+00
7.218985903681915950e-01 1.569660546551580327e-01 9.000000000000000000e+00 3.600000000000000000e+01 1.000000000000000000e+00
9.505671062918030767e-01 5.018647715097183104e-01 1.000000000000000000e+00 9.500000000000000000e+01 1.000000000000000000e+00
3.287389749519730592e-02 1.319098722535445578e+00 1.100000000000000000e+01 1.480000000000000000e+02 1.000000000000000000e+00
2.390231373894766698e-01 1.827862457319006095e+00 1.500000000000000000e+01 1.360000000000000000e+02 1.000000000000000000e+00
9.493726914633286995e-01 1.793178069293508203e+00 5.000000000000000000e+00 2.100000000000000000e+01 1.000000000000000000e+00
1.445133205565087842e-01 5.547587323172099572e-01 1.300000000000000000e+01 1.300000000000000000e+01 1.000000000000000000e+00
7.333051065642806066e-01 1.598510111988713067e+00 7.000000000000000000e+00 1.790000000000000000e+02 1.000000000000000000e+00
5.440318635104296474e-01 1.231080106528443574e+00 7.000000000000000000e+00 1.710000000000000000e+02 1.000000000000000000e+00
2.466598232543796287e-01 1.870063264294239191e+00 8.000000000000000000e+00 1.640000000000000000e+02 1.000000000000000000e+00
3.892079549100312397e-01 1.352894813607143476e+00 1.300000000000000000e+01 4.900000000000000000e+01 1.000000000000000000e+00
6.842926336390016129e-01 1.659126722503369455e+00 1.600000000000000000e+01 1.740000000000000000e+02 1.000000000000000000e+00
1.905582760953007382e-01 3.570068017519710812e-01 2.000000000000000000e+00 1.980000000000000000e+02 1.000000000000000000e+00
4.711006719953702016e-01 9.247510765252932030e-01 1.200000000000000000e+01 3.000000000000000000e+01 1.000000000000000000e+00
7.920054545102830357e-01 2.134623966470509393e-01 2.000000000000000000e+00 1.120000000000000000e+02 1.000000000000000000e+00
4.168534962289873746e-01 9.315405397907928764e-01 1.900000000000000000e+01 1.430000000000000000e+02 1.000000000000000000e+00
3.061408123896277589e-01 8.324719582186651534e-01 1.900000000000000000e+01 2.400000000000000000e+01 1.000000000000000000e+00
6.817029944910032446e-01 8.883826225718519654e-01 1.800000000000000000e+01 1.380000000000000000e+02 1.000000000000000000e+00
6.661750522885435677e-01 1.223552933981251645e+00 2.000000000000000000e+01 1.880000000000000000e+02 1.000000000000000000e+00
8.583045852799242592e-01 2.097801131189346080e+00 6.000000000000000000e+00 1.950000000000000000e+02 1.000000000000000000e+00
8.159882959436831618e-01 1.195641260585504462e+00 1.700000000000000000e+01 1.200000000000000000e+02 1.000000000000000000e+00
5.176462883641143042e-01 4.812905889351034583e-01 1.600000000000000000e+01 1.230000000000000000e+02 1.000000000000000000e+00
7.041361136888349970e-01 1.652612788639295394e+00 3.000000000000000000e+00 1.700000000000000000e+02 1.000000000000000000e+00
8.665768089839563926e-01 2.025498528465199843e+00 1.700000000000000000e+01 8.200000000000000000e+01 1.000000000000000000e+00
4.567030199125742262e-01 6.104323281824969305e-01 1.900000000000000000e+01 3.800000000000000000e+01 1.000000000000000000e+00
6.175582357414880486e-01 1.064778002202600327e+00 7.000000000000000000e+00 1.460000000000000000e+02 1.000000000000000000e+00
7.626433197381401463e-01 1.886806104556190578e+00 1.000000000000000000e+01 9.000000000000000000e+00 1.000000000000000000e+00
9.598659374574901315e-02 1.957819234304828404e+00 1.900000000000000000e+01 1.030000000000000000e+02 1.000000000000000000e+00
1.688278426375615648e-01 8.194124674802779618e-01 1.300000000000000000e+01 1.760000000000000000e+02 1.000000000000000000e+00
2.533297103053390176e-01 5.707181546810692341e-01 2.000000000000000000e+01 1.760000000000000000e+02 1.000000000000000000e+00
2.333579444985320883e-01 1.119050011613057727e+00 1.400000000000000000e+01 2.400000000000000000e+01 1.000000000000000000e+00
4.199384257726883618e-01 2.083446610299304336e+00 1.800000000000000000e+01 7.700000000000000000e+01 1.000000000000000000e+00
1.992320480602179922e-01 3.939022070085592686e-01 1.700000000000000000e+01 1.790000000000000000e+02 1.000000000000000000e+00
7.956032910240549982e-02 2.028506265786521823e+00 1.500000000000000000e+01 1.900000000000000000e+01 1.000000000000000000e+00
3.925148321525212536e-01 1.704860225642247595e+00 1.600000000000000000e+01 2.300000000000000000e+01 1.000000000000000000e+00
2.435673479510509498e-01 1.073077610717333874e+00 3.000000000000000000e+00 1.990000000000000000e+02 1.000000000000000000e+00
8.209296763132277464e-02 4.731108189195328828e-01 2.000000000000000000e+00 7.300000000000000000e+01 1.000000000000000000e+00
8.022589642101527474e-01 1.349982352117865547e+00 1.400000000000000000e+01 1.300000000000000000e+02 1.000000000000000000e+00
2.475560189318211091e-01 1.254173160879617832e+00 4.000000000000000000e+00 1.760000000000000000e+02 1.000000000000000000e+00
8.946869038226484827e-01 1.578889298115053297e+00 6.000000000000000000e+00 9.600000000000000000e+01 1.000000000000000000e+00
9.130596343110857216e-01 1.247527369138276887e+00 1.200000000000000000e+01 1.140000000000000000e+02 1.000000000000000000e+00
8.231944255983079939e-02 1.274661910094604167e+00 1.000000000000000000e+01 1.100000000000000000e+02 1.000000000000000000e+00
7.889807120748785207e-01 5.623408173914584696e-01 4.000000000000000000e+00 1.820000000000000000e+02 1.000000000000000000e+00
3.895225240242049941e-02 1.898823625914957347e+00 1.600000000000000000e+01 1.000000000000000000e+00 1.000000000000000000e+00
3.796438208909191925e-01 1.634145375401375055e+00 1.000000000000000000e+01 1.080000000000000000e+02 2.000000000000000000e+00
3.238671579845721071e-01 1.433413192179386897e+00 1.000000000000000000e+00 1.500000000000000000e+01 2.000000000000000000e+00
2.203647759525376726e-01 1.430973279104403639e+00 1.800000000000000000e+01 1.540000000000000000e+02 2.000000000000000000e+00
9.795089695379458616e-01 6.414287483876252027e-01 9.000000000000000000e+00 1.370000000000000000e+02 2.000000000000000000e+00
8.113884252735000802e-01 5.448793111943545098e-01 1.100000000000000000e+01 9.900000000000000000e+01 2.000000000000000000e+00
8.678942693349849247e-01 6.786060097914684563e-01 1.500000000000000000e+01 1.010000000000000000e+02 2.000000000000000000e+00
3.656487711689851983e-01 6.887124108260350708e-01 6.000000000000000000e+00 1.670000000000000000e+02 2.000000000000000000e+00
8.084419279806183134e-01 1.665374360563826261e+00 1.400000000000000000e+01 5.800000000000000000e+01 2.000000000000000000e+00
6.065617881161931013e-01 1.615135923604334778e+00 7.000000000000000000e+00 1.820000000000000000e+02 2.000000000000000000e+00
4.140862167715032571e-01 1.660130626462819059e+00 2.000000000000000000e+00 5.300000000000000000e+01 2.000000000000000000e+00
5.993219977577135538e-01 5.795031473614192796e-01 1.300000000000000000e+01 5.100000000000000000e+01 2.000000000000000000e+00
6.949054374193825989e-01 2.863705023773249758e-01 1.400000000000000000e+01 6.500000000000000000e+01 2.000000000000000000e+00
8.772359793248531989e-01 1.422842003068153893e+00 9.000000000000000000e+00 1.200000000000000000e+02 2.000000000000000000e+00
3.164131913027563581e-01 4.806220816002791940e-01 1.900000000000000000e+01 1.300000000000000000e+01 2.000000000000000000e+00
5.461558010826305515e-02 4.522607871350642350e-01 7.000000000000000000e+00 5.100000000000000000e+01 2.000000000000000000e+00
6.463263872679663180e-01 9.224884018057065704e-01 1.300000000000000000e+01 8.900000000000000000e+01 2.000000000000000000e+00
9.531450730137942529e-01 1.580047314557887939e+00 1.000000000000000000e+00 1.900000000000000000e+01 2.000000000000000000e+00
2.451359799288238550e-01 1.938834327324570062e+00 9.000000000000000000e+00 4.500000000000000000e+01 2.000000000000000000e+00
8.497562376032510301e-01 2.078722191433012567e-01 1.100000000000000000e+01 9.800000000000000000e+01 2.000000000000000000e+00
6.165546856861093827e-01 1.905572193082953669e+00 1.400000000000000000e+01 1.880000000000000000e+02 2.000000000000000000e+00
3.761491994054640964e-01 1.368171706698867229e+00 7.000000000000000000e+00 1.100000000000000000e+01 2.000000000000000000e+00
9.860359422660813777e-01 2.236391798420473143e-01 1.300000000000000000e+01 4.600000000000000000e+01 2.000000000000000000e+00
3.129370556829150773e-01 8.015123042232595862e-01 1.000000000000000000e+00 1.320000000000000000e+02 2.000000000000000000e+00
7.846332606483334970e-01 1.241296108907821827e+00 9.000000000000000000e+00 6.200000000000000000e+01 2.000000000000000000e+00
8.961047374656786468e-01 1.980400147820706724e+00 9.000000000000000000e+00 5.700000000000000000e+01 2.000000000000000000e+00
8.851460509646157104e-02 1.978033218891564138e+00 7.000000000000000000e+00 1.650000000000000000e+02 2.000000000000000000e+00
2.897845925381536958e-01 1.164910936706399225e+00 6.000000000000000000e+00 5.100000000000000000e+01 2.000000000000000000e+00
4.218722305266472405e-01 1.641164377294414001e+00 1.900000000000000000e+01 5.100000000000000000e+01 2.000000000000000000e+00
7.238664551985696249e-01 3.354051498471862791e-01 1.000000000000000000e+01 5.600000000000000000e+01 2.000000000000000000e+00
3.659742454495459318e-01 1.156179207499544281e+00 9.000000000000000000e+00 1.860000000000000000e+02 2.000000000000000000e+00
9.519298060602219280e-01 1.963919093021628370e+00 1.400000000000000000e+01 7.000000000000000000e+01 2.000000000000000000e+00
9.929809280776434877e-01 3.306992641084746110e-01 1.300000000000000000e+01 9.700000000000000000e+01 2.000000000000000000e+00
9.252713958411480366e-01 1.001351975774043002e+00 1.900000000000000000e+01 3.400000000000000000e+01 2.000000000000000000e+00
2.029600960870181492e-01 8.324501694678460018e-01 6.000000000000000000e+00 8.100000000000000000e+01 2.000000000000000000e+00
1.002642788233059301e+00 1.786859496562534177e+00 6.000000000000000000e+00 5.600000000000000000e+01 2.000000000000000000e+00
3.779288578891570188e-02 1.761370990054795138e+00 7.000000000000000000e+00 1.830000000000000000e+02 2.000000000000000000e+00
8.113671461697838927e-01 2.005493064935995662e+00 2.000000000000000000e+00 6.900000000000000000e+01 2.000000000000000000e+00
3.468935495502781796e-01 1.004713953887685918e+00 1.800000000000000000e+01 7.900000000000000000e+01 2.000000000000000000e+00
2.949162803414235867e-01 3.138947050840369402e-01 1.100000000000000000e+01 1.550000000000000000e+02 2.000000000000000000e+00
1.857158016455603411e-01 1.541703116047896005e+00 4.000000000000000000e+00 9.400000000000000000e+01 2.000000000000000000e+00
7.665799007686008304e-01 4.991905289018362391e-01 1.400000000000000000e+01 1.260000000000000000e+02 2.000000000000000000e+00
2.120647193187054080e-01 1.944441805660349187e+00 7.000000000000000000e+00 1.150000000000000000e+02 2.000000000000000000e+00
6.941616131806321865e-01 8.589363826737933527e-01 1.000000000000000000e+01 5.700000000000000000e+01 2.000000000000000000e+00
8.433549878982374848e-01 1.915708567772145043e+00 8.000000000000000000e+00 5.400000000000000000e+01 2.000000000000000000e+00
6.416039674599981202e-02 8.513002751158872394e-01 8.000000000000000000e+00 5.900000000000000000e+01 2.000000000000000000e+00
2.866142604906306568e-01 6.795056223369572157e-01 2.000000000000000000e+01 7.300000000000000000e+01 2.000000000000000000e+00
2.872869423717742121e-01 1.582638166390236467e+00 5.000000000000000000e+00 1.700000000000000000e+01 2.000000000000000000e+00
4.912387621323651699e-01 5.943545998846203604e-01 1.000000000000000000e+00 1.700000000000000000e+01 2.000000000000000000e+00
1.780554678263723128e-02 1.631711206552383553e+00 1.000000000000000000e+01 8.500000000000000000e+01 2.000000000000000000e+00
3.040343329115371418e-01 1.135071346879289234e+00 1.600000000000000000e+01 1.150000000000000000e+02 2.000000000000000000e+00
4.516536979258233275e-01 2.037519930960990600e+00 1.600000000000000000e+01 1.300000000000000000e+01 3.000000000000000000e+00
5.427097896924752973e-01 2.062975898957644105e+00 2.000000000000000000e+01 1.940000000000000000e+02 3.000000000000000000e+00
3.047023949316490787e-01 1.517416367463917393e+00 4.000000000000000000e+00 1.180000000000000000e+02 3.000000000000000000e+00
2.079924145081943898e-01 7.729051749311030006e-01 4.000000000000000000e+00 1.930000000000000000e+02 3.000000000000000000e+00
4.553990921022579297e-01 1.591549287257800760e+00 2.000000000000000000e+01 9.900000000000000000e+01 3.000000000000000000e+00
8.698422388810546080e-01 7.434888922717771687e-01 4.000000000000000000e+00 1.500000000000000000e+01 3.000000000000000000e+00
4.876970047944703124e-01 1.660179339590010239e-01 3.000000000000000000e+00 1.500000000000000000e+02 3.000000000000000000e+00
8.256620838211474744e-01 1.350597587826915413e+00 5.000000000000000000e+00 9.300000000000000000e+01 3.000000000000000000e+00
6.118883975190092528e-01 2.113935104140402255e-01 8.000000000000000000e+00 4.600000000000000000e+01 3.000000000000000000e+00
3.653325067496949741e-01 1.237533006854695028e+00 1.500000000000000000e+01 1.180000000000000000e+02 3.000000000000000000e+00
4.610457629469500995e-01 5.033519800091040830e-01 8.000000000000000000e+00 4.900000000000000000e+01 3.000000000000000000e+00
1.292088952248787725e-01 3.326393720164385615e-01 1.200000000000000000e+01 1.120000000000000000e+02 3.000000000000000000e+00
8.692426595585391880e-01 9.235070054328092803e-01 1.100000000000000000e+01 1.330000000000000000e+02 3.000000000000000000e+00
9.107809905838758491e-01 1.866077053996443580e-01 3.000000000000000000e+00 1.650000000000000000e+02 3.000000000000000000e+00
1.522459661672449505e-01 6.911572362740595610e-01 2.000000000000000000e+01 1.430000000000000000e+02 3.000000000000000000e+00
4.449472781489500761e-01 1.165151572672919356e+00 1.900000000000000000e+01 1.390000000000000000e+02 3.000000000000000000e+00
8.938959189398475447e-01 2.034834373582210976e+00 1.600000000000000000e+01 9.000000000000000000e+00 3.000000000000000000e+00
6.906976895050445098e-01 1.937192137055655294e+00 1.000000000000000000e+00 9.000000000000000000e+00 3.000000000000000000e+00
3.135844236809812724e-01 1.603270326641911714e+00 8.000000000000000000e+00 1.790000000000000000e+02 3.000000000000000000e+00
3.410635417749532383e-01 3.735855578764922802e-01 4.000000000000000000e+00 1.570000000000000000e+02 3.000000000000000000e+00
8.628336156789102596e-01 1.571786964238206741e+00 1.200000000000000000e+01 1.560000000000000000e+02 3.000000000000000000e+00
1.154435470943915160e-01 2.005305209625985352e+00 6.000000000000000000e+00 1.050000000000000000e+02 3.000000000000000000e+00
7.244069217328363841e-01 1.719446376010332456e+00 3.000000000000000000e+00 1.500000000000000000e+01 3.000000000000000000e+00
1.910165557243646006e-01 4.232258941820502551e-01 6.000000000000000000e+00 1.960000000000000000e+02 3.000000000000000000e+00
8.342633060402439016e-01 5.081889635424149398e-01 1.300000000000000000e+01 9.400000000000000000e+01 3.000000000000000000e+00
1.598722841597295385e-01 8.943635326754532100e-01 1.000000000000000000e+00 1.230000000000000000e+02 3.000000000000000000e+00
1.841506541298508770e-01 8.306184350966449026e-01 1.700000000000000000e+01 8.500000000000000000e+01 3.000000000000000000e+00
5.721986624460910775e-01 1.986043259943648387e+00 1.000000000000000000e+01 1.230000000000000000e+02 3.000000000000000000e+00
3.374452480606709992e-01 1.654998485429878929e+00 1.000000000000000000e+01 1.060000000000000000e+02 3.000000000000000000e+00
8.612153306902536887e-01 2.555611874335540490e-01 4.000000000000000000e+00 5.100000000000000000e+01 3.000000000000000000e+00
1.510313009191421862e-01 1.871851487397920177e+00 1.500000000000000000e+01 1.380000000000000000e+02 3.000000000000000000e+00
6.044312785064314131e-01 1.341771182902774973e+00 1.300000000000000000e+01 1.690000000000000000e+02 3.000000000000000000e+00
6.908628728449622836e-01 1.168616087814518201e+00 1.900000000000000000e+01 5.900000000000000000e+01 3.000000000000000000e+00
2.933390152548702723e-01 1.926680887382931529e+00 1.500000000000000000e+01 1.790000000000000000e+02 3.000000000000000000e+00
7.596486514212467123e-01 9.850893383108155765e-01 3.000000000000000000e+00 1.160000000000000000e+02 3.000000000000000000e+00
6.981598658711698491e-01 1.011901417582534268e+00 2.000000000000000000e+01 1.970000000000000000e+02 3.000000000000000000e+00
5.529012572697554750e-01 2.667131143720430364e-01 1.600000000000000000e+01 7.000000000000000000e+01 3.000000000000000000e+00
4.812745286159486602e-01 4.611544490939741836e-01 1.000000000000000000e+00 8.500000000000000000e+01 3.000000000000000000e+00
4.185675383658368220e-01 4.967848197677612321e-01 1.300000000000000000e+01 2.000000000000000000e+00 3.000000000000000000e+00
9.988493352424899774e-01 1.314032398106957489e+00 2.000000000000000000e+00 1.460000000000000000e+02 3.000000000000000000e+00
4.137708126836499023e-01 1.124727575459921747e+00 1.600000000000000000e+01 1.990000000000000000e+02 3.000000000000000000e+00
4.026661253883243585e-01 1.120227993690042778e+00 4.000000000000000000e+00 8.900000000000000000e+01 3.000000000000000000e+00
3.135778817987756595e-01 1.167052307251944809e-01 5.000000000000000000e+00 3.100000000000000000e+01 3.000000000000000000e+00
5.521341557602897909e-01 9.531696767495522193e-01 4.000000000000000000e+00 9.000000000000000000e+01 3.000000000000000000e+00
3.647975624487520552e-01 2.065190681557965036e+00 5.000000000000000000e+00 1.740000000000000000e+02 3.000000000000000000e+00
9.955769806449886461e-02 2.377638046202529554e-01 2.000000000000000000e+00 1.120000000000000000e+02 3.000000000000000000e+00
4.928402114154704083e-01 1.748324557118478451e+00 2.000000000000000000e+00 6.900000000000000000e+01 3.000000000000000000e+00
6.001372130370296043e-01 5.156133707611133543e-01 6.000000000000000000e+00 1.630000000000000000e+02 3.000000000000000000e+00
4.531944367831556297e-01 1.086370240018738054e+00 2.000000000000000000e+01 4.200000000000000000e+01 3.000000000000000000e+00
7.261775433114502354e-01 6.685208202789721943e-01 1.200000000000000000e+01 7.900000000000000000e+01 3.000000000000000000e+00
7.406415295201382865e-01 2.901040259723827175e-01 2.000000000000000000e+01 4.800000000000000000e+01 4.000000000000000000e+00
7.399755492518086397e-01 1.158700046070739287e+00 7.000000000000000000e+00 1.620000000000000000e+02 4.000000000000000000e+00
8.850417780501326215e-01 1.989029589335877812e+00 9.000000000000000000e+00 1.450000000000000000e+02 4.000000000000000000e+00
8.418627095688809847e-01 1.175762047605699134e+00 1.700000000000000000e+01 1.100000000000000000e+01 4.000000000000000000e+00
4.213993114783981531e-01 1.608065442375037568e+00 5.000000000000000000e+00 4.300000000000000000e+01 4.000000000000000000e+00
8.979468658424418770e-01 1.379363053019662999e+00 7.000000000000000000e+00 1.770000000000000000e+02 4.000000000000000000e+00
5.873794959732003135e-02 3.363698684999371080e-01 1.400000000000000000e+01 1.320000000000000000e+02 4.000000000000000000e+00
9.516890152868797692e-01 1.811776219089854756e+00 1.800000000000000000e+01 9.900000000000000000e+01 4.000000000000000000e+00
7.814561606131593674e-01 5.591612367552515339e-01 1.400000000000000000e+01 7.200000000000000000e+01 4.000000000000000000e+00
6.305263138085294150e-01 9.893685767571188672e-01 1.300000000000000000e+01 1.430000000000000000e+02 4.000000000000000000e+00
3.349620467805392021e-01 1.969330601448397111e+00 5.000000000000000000e+00 1.350000000000000000e+02 4.000000000000000000e+00
2.532839713152611888e-02 1.614148469947060516e+00 8.000000000000000000e+00 5.800000000000000000e+01 4.000000000000000000e+00
5.951955856738410516e-02 1.032107478877115403e+00 1.600000000000000000e+01 6.400000000000000000e+01 4.000000000000000000e+00
4.016875043650890431e-01 9.116861018513954251e-01 3.000000000000000000e+00 7.600000000000000000e+01 4.000000000000000000e+00
5.996349351975582831e-01 1.305245924337611330e+00 1.100000000000000000e+01 1.920000000000000000e+02 4.000000000000000000e+00
6.630810210826417750e-01 2.013795540640959558e+00 6.000000000000000000e+00 1.560000000000000000e+02 4.000000000000000000e+00
7.872319653838177889e-01 1.245580507019114602e+00 1.400000000000000000e+01 7.000000000000000000e+01 4.000000000000000000e+00
5.843870031317865282e-02 3.961920605761576342e-01 9.000000000000000000e+00 1.200000000000000000e+01 4.000000000000000000e+00
5.980646577204502545e-01 1.016574046283131416e+00 6.000000000000000000e+00 1.050000000000000000e+02 4.000000000000000000e+00
9.956262773856510151e-01 8.572682350824257780e-01 1.000000000000000000e+00 1.000000000000000000e+00 4.000000000000000000e+00
4.230679323225371435e-01 1.241881243086052911e-01 1.700000000000000000e+01 1.650000000000000000e+02 4.000000000000000000e+00
6.932885155301210522e-01 1.211974086501059977e+00 2.000000000000000000e+01 1.180000000000000000e+02 4.000000000000000000e+00
1.003228725939047328e+00 1.812634233309005971e+00 1.000000000000000000e+00 2.000000000000000000e+01 4.000000000000000000e+00
8.815748589811031044e-01 5.306006682703724442e-01 9.000000000000000000e+00 1.990000000000000000e+02 4.000000000000000000e+00
1.362401772382463294e-01 1.891098013914766396e+00 8.000000000000000000e+00 1.810000000000000000e+02 4.000000000000000000e+00
7.281241472542460125e-01 5.871466411844775690e-01 1.300000000000000000e+01 1.390000000000000000e+02 4.000000000000000000e+00
8.708052583566626703e-01 1.302936240009534119e+00 1.300000000000000000e+01 3.700000000000000000e+01 4.000000000000000000e+00
4.050483676585284742e-01 2.589116511517254304e-01 9.000000000000000000e+00 1.380000000000000000e+02 4.000000000000000000e+00
9.633077199128979584e-02 6.054180337356190877e-01 1.400000000000000000e+01 1.160000000000000000e+02 4.000000000000000000e+00
2.454630615415547279e-01 1.352797187199085149e+00 1.800000000000000000e+01 8.200000000000000000e+01 4.000000000000000000e+00
2.401011389470079083e-01 1.235820738262611629e+00 5.000000000000000000e+00 1.170000000000000000e+02 4.000000000000000000e+00
7.450968592088484943e-01 1.755917975061239034e+00 1.100000000000000000e+01 1.180000000000000000e+02 4.000000000000000000e+00
1.350120080608538942e-01 1.424873295811983409e+00 1.500000000000000000e+01 1.280000000000000000e+02 4.000000000000000000e+00
8.983547855547045768e-02 1.966065405337550809e+00 1.600000000000000000e+01 8.900000000000000000e+01 4.000000000000000000e+00
2.145421439058217139e-01 3.948453946410589444e-01 1.900000000000000000e+01 4.200000000000000000e+01 4.000000000000000000e+00
2.198287108202631179e-01 1.506680851573834579e+00 1.400000000000000000e+01 6.000000000000000000e+00 4.000000000000000000e+00
2.754062094540608019e-01 2.021660439676460364e+00 9.000000000000000000e+00 1.230000000000000000e+02 4.000000000000000000e+00
2.248557600435467929e-01 1.142847891107495961e+00 9.000000000000000000e+00 1.900000000000000000e+02 4.000000000000000000e+00
1.759370454731843392e-01 8.540592340525164916e-01 6.000000000000000000e+00 1.630000000000000000e+02 4.000000000000000000e+00
4.472419111361839450e-01 4.546446878869855324e-01 1.300000000000000000e+01 1.230000000000000000e+02 4.000000000000000000e+00
1.373325945060632769e-01 5.580576985468622686e-01 1.500000000000000000e+01 1.530000000000000000e+02 4.000000000000000000e+00
2.211272419466577821e-01 2.085625476185777760e+00 9.000000000000000000e+00 5.200000000000000000e+01 4.000000000000000000e+00
5.110728412506102547e-01 3.730448554270998640e-01 3.000000000000000000e+00 1.400000000000000000e+01 4.000000000000000000e+00
1.447663394489704380e-01 9.321753876861146315e-01 2.000000000000000000e+00 1.550000000000000000e+02 4.000000000000000000e+00
8.843301789961119930e-01 7.648895196493540327e-01 1.800000000000000000e+01 1.980000000000000000e+02 4.000000000000000000e+00
4.993899553074483411e-01 7.795883891310416702e-01 2.000000000000000000e+00 1.510000000000000000e+02 4.000000000000000000e+00
8.811258872305396395e-01 3.535033570164402006e-01 3.000000000000000000e+00 6.100000000000000000e+01 4.000000000000000000e+00
5.317353094832332205e-01 1.937259414925515788e+00 1.200000000000000000e+01 5.600000000000000000e+01 4.000000000000000000e+00
1.134125335364118831e-01 1.207360426118776031e+00 1.900000000000000000e+01 1.930000000000000000e+02 4.000000000000000000e+00
6.644921568133566048e-01 1.964844279859705445e+00 9.000000000000000000e+00 1.360000000000000000e+02 4.000000000000000000e+00
