-1.330434790590445857e+02
-1.330968593652143568e+02
-1.017482110802617115e+02
-1.283606777564910431e+02
-1.329877917137741008e+02
-1.330915565661825894e+02
-1.330967330793090753e+02
-9.301146078840220355e+01
-1.330968179042992858e+02
-1.312550040678285654e+02
-1.326680757865835290e+02
-1.072842679981483798e+02
-1.329929309951401137e+02
-9.416666057572132331e+01
-9.610346580630863400e+01
-1.033822328845492251e+02
-1.330956492980136261e+02
-1.235840413611619226e+02
-1.240225944334464145e+02
-9.455023653261036998e+01
-1.330971370260089941e+02
-1.330964626274291902e+02
-1.330881990698934487e+02
-1.318822428859930938e+02
-1.330288606962674010e+02
-1.318580561507713185e+02
-1.006422326377761891e+02
-9.100109499831349069e+01
-1.197192162893769591e+02
-1.059020542618334275e+02
-9.284227299441994319e+01
-9.072056556476502465e+01
-1.330906270931788811e+02
-1.330967786764326206e+02
-1.330970589528339758e+02
-1.044991698502033302e+02
-1.330967053401443820e+02
-1.068620118873247549e+02
-1.315508382443582036e+02
-1.133938864019317094e+02
-1.077726664375189216e+02
-1.305789282302897050e+02
-1.321616900809833908e+02
-1.330654660098981026e+02
-1.330738069803512929e+02
-1.330968291080995982e+02
-1.330962040082049782e+02
-9.528786791768855835e+01
-1.163716297685186447e+02
-9.008893638044013130e+01
-1.123774486316409167e+02
-1.278395312575693481e+02
-9.752000176833391265e+01
-1.012178843377055273e+02
-1.194362063032455694e+02
-1.278381334899881097e+02
-1.278400528760819839e+02
-8.958956235877086272e+01
-1.149801449884355691e+02
-1.056343378382011764e+02
-8.915731584259913234e+01
-1.278388163654143455e+02
-9.820794878959327434e+01
-1.277239126264077242e+02
-8.890587453194743262e+01
-1.278357999153891171e+02
-1.261878592136307304e+02
-1.278394851645840617e+02
-1.231482581495042581e+02
-1.278308331390913111e+02
-1.278399043154893207e+02
-1.195894743443228379e+02
-1.146669112986336501e+02
-1.074923620555366455e+02
-9.095610429974976796e+01
-1.274394045705484473e+02
-1.174052105199364036e+02
-1.208297723746001680e+02
-1.278399597640085261e+02
-1.189116478754125126e+02
-1.278395670656577749e+02
-1.273219111479739070e+02
-9.443220329207679242e+01
-1.278402223466874119e+02
-1.278386456476653166e+02
-1.089062781561368070e+02
-1.172263518216962979e+02
-1.138202623431858740e+02
-1.278401050986979612e+02
-1.278387665144334164e+02
-1.278400514164327575e+02
-1.070221768849957584e+02
-1.278403290087803441e+02
-1.239327922292186202e+02
-1.278399737356383383e+02
-1.278337043805138507e+02
-1.206846187328897315e+02
-1.275352955203349126e+02
-1.142977828533746134e+02
-1.278399673076818317e+02
-1.138884828934332063e+02
-8.570720363408736375e+01
-1.214583331285978431e+02
-1.068684555798735403e+02
-8.804811604571736439e+01
-1.026446019519289479e+02
-1.033156413613167928e+02
-1.193098844145198854e+02
-1.130388654315146226e+02
-1.083604906373382164e+02
-1.235614906735053182e+02
-1.235612084977822320e+02
-8.795717212997459455e+01
-9.271088422842640853e+01
-9.106682372949153148e+01
-1.145543551594508642e+02
-1.003753882759904883e+02
-1.159893949688148211e+02
-1.233011693187174558e+02
-1.235559027063552406e+02
-1.202664265193335922e+02
-9.708592442254128230e+01
-1.235612449872121488e+02
-1.231429821336881787e+02
-1.086547552604366444e+02
-1.235602361062743739e+02
-1.235615274334676030e+02
-1.198756954455154471e+02
-1.235512009113125913e+02
-1.209205489596733401e+02
-1.235566719051007993e+02
-1.235591245158757374e+02
-1.230329698300029548e+02
-1.026981431745210784e+02
-1.035557686523307979e+02
-8.568767664386591321e+01
-1.145232245449114572e+02
-9.074604626229012183e+01
-1.235580501543856542e+02
-1.235615155462423047e+02
-1.235610963926511658e+02
-1.157733168389303131e+02
-1.233362283465204285e+02
-1.173902067546808752e+02
-1.235614153155104589e+02
-1.021859689615457256e+02
-1.232694165124179619e+02
-1.235616475421440441e+02
-1.232388381227941920e+02
-1.229500895761757704e+02
-1.238573728217886583e+02
-1.239420340950684789e+02
-9.694774376188733811e+01
-1.239421692177651977e+02
-1.239422100619954392e+02
-9.891466473932966608e+01
-1.072485338932860088e+02
-1.239422729672543539e+02
-1.239405758255075511e+02
-9.923268722564813515e+01
-1.239422888454956109e+02
-1.143209374433677112e+02
-8.685642245180430621e+01
-1.091368179471636068e+02
-1.239422625148700803e+02
-1.211832636911636740e+02
-1.239416916560915496e+02
-1.172843265034041025e+02
-9.873053367394525992e+01
-1.239413986353519022e+02
-8.610377124113345815e+01
-8.741887705718384893e+01
-1.239420770498726085e+02
-1.061623523767065080e+02
-1.239420248148660448e+02
-1.237392199804020265e+02
-1.001476616886425575e+02
-1.219486779826706595e+02
-1.053795794825170447e+02
-1.239421628808379268e+02
-1.195795666961417965e+02
-1.182085606680975047e+02
-8.467006401023911621e+01
-8.655097816074768957e+01
-1.130591898101253037e+02
-1.239308587254117668e+02
-1.239413476958847014e+02
-1.239422444245325607e+02
-9.190233722763341007e+01
-1.124323208824891509e+02
-1.239407606715235772e+02
-1.239417852297565616e+02
-8.860041863329298906e+01
-8.586905161386073360e+01
-1.239422237716913457e+02
-1.170101706853146908e+02
-1.041817764837504399e+02
-9.519995356994827773e+01
-1.239423488980078218e+02
-1.238902228291177465e+02
-9.268695433229989078e+01
-1.251434627078327821e+02
-1.251384920171902309e+02
-1.033959625383657368e+02
-1.240818359402690305e+02
-1.251434356949320943e+02
-8.893979052884692749e+01
-1.251342816262283293e+02
-1.248247873892877777e+02
-1.231721820128303335e+02
-8.764093303894736664e+01
-1.242678854403223880e+02
-1.251434681319746289e+02
-8.869693427054939150e+01
-1.198735620050724862e+02
-1.218681878476275671e+02
-8.841255897916661866e+01
-1.245141164303485795e+02
-1.250748099151441863e+02
-1.251433741874508314e+02
-1.251433832870494882e+02
-9.734686646647980979e+01
-1.248523546419220338e+02
-1.251419359360315582e+02
-8.911363691564871203e+01
-1.251349263366671778e+02
-1.235588056993808266e+02
-1.201725994938705639e+02
-1.251434269646829875e+02
-9.859836795266213016e+01
-1.109682225484714735e+02
-1.243697937181361226e+02
-1.251433935702703621e+02
-8.842576945299244073e+01
-1.251434653570586448e+02
-8.730448770580409246e+01
-1.251429381765327236e+02
-1.225054197123233877e+02
-1.215728116517923922e+02
-9.820816482909168599e+01
-1.251429886510625238e+02
-1.251434179111843719e+02
-1.170641250092325976e+02
-1.251434439322836027e+02
-1.188087600221654725e+02
-1.115010212242004002e+02
-1.054205845458084951e+02
-1.251434294181404567e+02
-9.941558059834687811e+01
-1.251433252380319061e+02
