-1.303380267934423671e+02
-1.330964846070984322e+02
-1.050012666438963578e+02
-1.327979530744828196e+02
-1.330966632714467721e+02
-1.211786736493478713e+02
-1.102403799812106087e+02
-1.243218141487544273e+02
-1.330858913107970238e+02
-1.208773339245588119e+02
-1.237500949319995982e+02
-1.183329050282944053e+02
-1.330968258104345523e+02
-1.330968763595019198e+02
-1.015477593911198682e+02
-1.321231329209952037e+02
-9.964907415437551208e+01
-1.215043590131941613e+02
-1.330607002067212079e+02
-1.138401589626516710e+02
-1.256128987071736987e+02
-1.330145927464051567e+02
-1.195240574296625056e+02
-9.010812665188814208e+01
-1.252546454027142317e+02
-1.117051789563119968e+02
-9.466312047880013836e+01
-1.330969824756784021e+02
-9.855206116034948138e+01
-1.330945195627638782e+02
-1.278919607790244868e+02
-9.882117222632427911e+01
-1.330968478032475844e+02
-1.330968570992721141e+02
-1.323481218707625260e+02
-1.330968604875674259e+02
-1.317437406413720566e+02
-9.775637663640183916e+01
-9.078668135031348640e+01
-1.105802182349335538e+02
-1.309103904021841913e+02
-1.292368602132572448e+02
-1.069905695447877889e+02
-1.231518840982424763e+02
-1.328654480199232637e+02
-9.527613806838080279e+01
-1.058483962839403176e+02
-1.330957705459661611e+02
-1.058594808303116253e+02
-1.330966995561981037e+02
-1.278400200287579764e+02
-8.787603727255512354e+01
-1.147953105345309979e+02
-1.277999607970669729e+02
-1.024633051408671207e+02
-1.278356442777285622e+02
-9.806175787153226509e+01
-1.189810564505976913e+02
-8.915091125189222510e+01
-1.278286766072095588e+02
-1.278399293371265770e+02
-1.277349126314536250e+02
-1.242421573385812792e+02
-1.170861395119346042e+02
-1.275016974306665105e+02
-8.836226944412996431e+01
-9.119430311169807624e+01
-1.096385416095657632e+02
-1.006276993698061517e+02
-1.102425970141480320e+02
-8.902456310030532904e+01
-1.278396174631771771e+02
-1.140135393842913061e+02
-1.278400669712570306e+02
-1.247461939496590873e+02
-9.470359347789988647e+01
-1.277692465047090025e+02
-1.276807673689982749e+02
-9.788046397066666771e+01
-1.229920232789708905e+02
-1.278402645569631062e+02
-9.970894682702832768e+01
-8.785755426030827664e+01
-1.278400341421726267e+02
-1.278400387779814054e+02
-1.278400476959914442e+02
-1.278400877400678155e+02
-1.001202892941221734e+02
-1.278042999747622872e+02
-1.060874819585385183e+02
-1.278194135024311322e+02
-9.180628307838151159e+01
-1.215252662372881645e+02
-9.063276885068243871e+01
-1.094445354614111352e+02
-8.693602865498445453e+01
-1.277722019299412324e+02
-8.774981149584057505e+01
-1.278357073514872866e+02
-1.271297941074075908e+02
-1.233611237527908884e+02
-1.235615243713843938e+02
-1.235615165833560383e+02
-1.235615003657198514e+02
-1.210797669682410742e+02
-1.235588414013986522e+02
-1.164373623021678981e+02
-1.235613428195846240e+02
-1.234831159464713011e+02
-1.227666041931211538e+02
-1.217553700123729357e+02
-1.225514342635225944e+02
-1.235600337306633492e+02
-1.235613100722911639e+02
-1.066533531965178270e+02
-1.235614894688470002e+02
-8.780343219205613536e+01
-1.234945474770855753e+02
-1.235613790789571453e+02
-1.235118231911326916e+02
-1.235608784088800576e+02
-1.235573806172557454e+02
-1.164652307574025656e+02
-9.318268722762175571e+01
-1.177843148812470702e+02
-1.235615813453848659e+02
-9.030776366446372094e+01
-1.124964537176453803e+02
-9.951395516476945602e+01
-8.656896946155353589e+01
-1.235349868537624332e+02
-1.207238777005025838e+02
-1.235615282962457115e+02
-1.234596908585699992e+02
-1.029783169938566516e+02
-1.103936456286553494e+02
-1.235615295761251389e+02
-1.156490795023492382e+02
-1.235284217833996223e+02
-9.374881310426309255e+01
-1.224750838159389019e+02
-1.083482019963155807e+02
-9.315752422939229405e+01
-1.219882107169129739e+02
-1.078994826495011807e+02
-1.235614630571666908e+02
-1.156248676547161409e+02
-1.097793697729141087e+02
-1.235615071846916777e+02
-1.235607142466838866e+02
-1.238232877660158948e+02
-1.239422787383613382e+02
-1.179601848234332948e+02
-1.239421002400479495e+02
-1.201352383792614091e+02
-8.582647576584128046e+01
-1.149527513397144816e+02
-9.918518125477281444e+01
-1.055260934032284723e+02
-8.696717744949940254e+01
-9.937251023409938000e+01
-1.239406813596867210e+02
-1.161283870916641376e+02
-1.238459536220238135e+02
-9.676637632100936059e+01
-9.877554951317306120e+01
-1.210620463781957312e+02
-9.476690917893061794e+01
-1.101333546945739243e+02
-1.107838170748739230e+02
-1.239423021526857411e+02
-8.891402396569596078e+01
-1.131220257568780170e+02
-1.239368116612721451e+02
-1.238980144912271868e+02
-8.775160915889472335e+01
-1.239418277871789229e+02
-1.222064944403931293e+02
-1.239421665776542056e+02
-1.239418804918692558e+02
-1.185126506616778670e+02
-1.020730432791655744e+02
-1.174184026904102893e+02
-1.239421138383243033e+02
-1.232610442650845926e+02
-1.239422059298334204e+02
-1.239320457745791231e+02
-1.229841361268851045e+02
-9.811687037730997929e+01
-1.234073761710935599e+02
-1.151098621293379125e+02
-1.093818252377449767e+02
-1.238952289210997719e+02
-1.239422489197556558e+02
-1.101617504687075524e+02
-1.239210091397552986e+02
-1.143954766396541061e+02
-1.239422950649427690e+02
-1.120777136821083531e+02
-8.760870699606421397e+01
-1.251034226917849850e+02
-1.251431353237521904e+02
-1.117837153872599316e+02
-1.251432282019032698e+02
-1.251434396488805305e+02
-9.213232052714089093e+01
-9.392298658971094483e+01
-1.006468189735930707e+02
-1.049931341870242107e+02
-1.248367866065752168e+02
-1.079235459592839987e+02
-1.206316464676101532e+02
-9.373390622650809689e+01
-1.147756939604311981e+02
-1.251437030335426925e+02
-1.251423099119283648e+02
-9.892066012854867552e+01
-1.251434655589457066e+02
-1.244121153435829399e+02
-1.251426674086440158e+02
-1.159946101333423343e+02
-1.126709204429357811e+02
-8.811040460485912718e+01
-1.251081787503923977e+02
-1.132128181452867608e+02
-1.249644825831223187e+02
-8.891966462070215016e+01
-1.100627578989315225e+02
-1.251432216403365345e+02
-1.251431784724687475e+02
-9.817252941189522630e+01
-1.042042945061622703e+02
-1.251433179139978478e+02
-1.140966641317592547e+02
-1.219376097980792366e+02
-1.193462033281226979e+02
-1.251423996762073330e+02
-1.238466197243712372e+02
-1.251432650658678654e+02
-1.200824109348186397e+02
-1.110449748015518452e+02
-1.251435483954522994e+02
-1.089841218900326112e+02
-8.812756463483366076e+01
-1.021141614323831277e+02
-9.248431477690596125e+01
-1.035659635443928011e+02
-8.861985562273937944e+01
-1.085438605698622041e+02
-1.149687847602156126e+02
