-1.313459507031229236e+02
-1.033183165560930519e+02
-1.310109112820889834e+02
-1.132830530883214664e+02
-1.197587897277493596e+02
-1.128852820172491818e+02
-1.321192832071225780e+02
-1.122114068105295246e+02
-1.309378488604240260e+02
-1.330942920891206143e+02
-1.330968013544666633e+02
-1.030541931588623754e+02
-9.246608090458188656e+01
-1.330524090253207987e+02
-1.318836520589904069e+02
-1.326793218094072131e+02
-9.638120891889957420e+01
-9.060726059806393096e+01
-1.330968143570304107e+02
-1.330911184436006067e+02
-1.301492233488135923e+02
-9.053118590891754991e+01
-9.081752745485125899e+01
-1.329789679284421595e+02
-1.329747016436588751e+02
-1.330969165048506682e+02
-1.321709930214709630e+02
-9.057970083010231122e+01
-1.229869259401281738e+02
-1.330970887341225080e+02
-9.893467864005592105e+01
-9.452734061881463390e+01
-1.330968063749013197e+02
-1.330967805014480518e+02
-1.153588239663919239e+02
-1.330966655332407242e+02
-1.329527621688019110e+02
-1.330969223473324234e+02
-1.330927997410292960e+02
-1.310631610767561028e+02
-9.006016232794500809e+01
-1.318561333378646623e+02
-1.324967750052261977e+02
-1.156480792580527321e+02
-1.330832224468392155e+02
-1.306538763277675059e+02
-1.330964469039478217e+02
-1.210561042712285484e+02
-9.109460741914222126e+01
-1.272891237802702022e+02
-9.998198657335369433e+01
-1.051484879423700107e+02
-1.278275699289475540e+02
-9.060456294145488698e+01
-1.277924985035850938e+02
-1.277865807944810683e+02
-1.278393876445641553e+02
-1.278396549496452224e+02
-1.036582675751686509e+02
-1.278399014809041176e+02
-9.361910481285700314e+01
-9.088686130772953220e+01
-1.278383052225445624e+02
-9.489372804016772989e+01
-1.268969658597120258e+02
-1.278403569676221707e+02
-1.278400782042843531e+02
-1.278401379755080853e+02
-1.278006016969077479e+02
-1.045871313962821034e+02
-1.278398683172569292e+02
-9.476176269847331923e+01
-9.582898797682432246e+01
-1.278400542513860216e+02
-9.086432528047552637e+01
-9.323224425459551412e+01
-1.272914165287963186e+02
-1.199954739128236554e+02
-1.278400519916074387e+02
-1.036190281492405347e+02
-1.278400898388594129e+02
-1.226900082790059372e+02
-1.274903649372339629e+02
-9.968158194066317890e+01
-1.194492179885630065e+02
-1.089014948717152294e+02
-1.278400477076673951e+02
-1.259198385573448320e+02
-1.278395263367393113e+02
-9.828692266473626660e+01
-1.268589470305028613e+02
-1.252931886169306352e+02
-1.187983176962051743e+02
-1.152955241455804440e+02
-1.278400632211334766e+02
-1.273790245529562810e+02
-8.882951362301811571e+01
-1.278327527760372959e+02
-1.278400720156971602e+02
-1.123333615309103379e+02
-1.235572202736491647e+02
-8.987216798618085534e+01
-1.235488944878202489e+02
-1.235615276377917979e+02
-1.227474663874006637e+02
-1.222000949417280111e+02
-1.234866359620104106e+02
-1.153435513192712136e+02
-1.235614716929343615e+02
-1.060490994220886023e+02
-1.235613198735500760e+02
-1.175641830349555903e+02
-1.235504658335766237e+02
-1.235123561902622242e+02
-1.235604234202360061e+02
-1.197568639633226155e+02
-1.015794780733997982e+02
-1.235615188713256742e+02
-1.233749816356432376e+02
-1.229907804626544419e+02
-1.235615433257261344e+02
-1.203776671042682551e+02
-1.224647971814946743e+02
-1.078049645092885385e+02
-8.615696030624326340e+01
-1.235321196840127413e+02
-1.235615346342041363e+02
-1.211925687430175742e+02
-1.200664150866837616e+02
-1.235612742882948254e+02
-8.764705789883592502e+01
-1.091566033782243323e+02
-1.228594165439013750e+02
-1.230845873406400131e+02
-9.483242149251431385e+01
-1.010805924797466275e+02
-1.235611973296441306e+02
-8.766621317826320592e+01
-1.079587771761970600e+02
-1.232182378872273034e+02
-8.829369127236009263e+01
-1.217343066902943747e+02
-9.867299099734704271e+01
-1.179229096746972942e+02
-1.235612824452861958e+02
-1.177847626597900614e+02
-1.235615173531856783e+02
-1.204934671553968002e+02
-9.309800956961234419e+01
-1.137248508360880948e+02
-1.239406967606262242e+02
-1.233141760954733428e+02
-1.239423188889614522e+02
-1.070150724590638731e+02
-1.121008174765377277e+02
-1.239404966114707776e+02
-1.066082757244530370e+02
-1.235336437798685125e+02
-1.239420714221619306e+02
-1.239420809769419662e+02
-1.239423538372808338e+02
-1.239419933772051934e+02
-8.951536369002477045e+01
-1.239422781354697207e+02
-1.239423057004576094e+02
-1.191145895871076164e+02
-1.239422663991944944e+02
-1.180241392058024843e+02
-8.977819626944634024e+01
-1.239420384490727685e+02
-8.703270523380355428e+01
-1.109487476200600895e+02
-1.181079949744925983e+02
-1.239422663547448309e+02
-1.210117641173012402e+02
-1.239413885140208293e+02
-8.750838825899525375e+01
-1.237488775214568477e+02
-1.239191697622868276e+02
-1.236037420612044997e+02
-1.228596335300971418e+02
-1.239423760748245655e+02
-9.128103601833454661e+01
-1.111790470354661551e+02
-1.146483341929431816e+02
-1.239421227993973531e+02
-1.124076129686012706e+02
-1.220470719721631099e+02
-1.239413992692268920e+02
-1.239423252376696638e+02
-1.239422230907359932e+02
-1.239419192091000639e+02
-1.239353412148804949e+02
-1.211505956330845066e+02
-1.239421931435253299e+02
-1.239422900958579561e+02
-8.575110594171374601e+01
-1.207311981571303647e+02
-9.218294075452064362e+01
-1.239422032712753889e+02
-1.251256709783394001e+02
-1.193385316693823910e+02
-8.733603842914102700e+01
-1.125746258050639170e+02
-8.918940637139050409e+01
-8.808822200218500598e+01
-1.251073145938794511e+02
-1.251433556415560702e+02
-9.077241680083287179e+01
-1.251414359112241357e+02
-1.055192439753201938e+02
-8.745208091151255303e+01
-1.081999182035171714e+02
-1.243908541766953135e+02
-1.251430496799970911e+02
-9.055857476136354478e+01
-1.251415743706863140e+02
-1.249120015431720390e+02
-1.251402016965329977e+02
-1.251433670738534687e+02
-1.001898372321391832e+02
-9.627059402216264061e+01
-1.251434372586050188e+02
-1.251300062619345539e+02
-9.057136560099647227e+01
-1.249516342815393983e+02
-9.369431744885410751e+01
-1.052348397672885199e+02
-1.251433470784872952e+02
-8.905801268504943380e+01
-1.232316934966462867e+02
-1.199868855930026399e+02
-1.251419732057725582e+02
-9.029142987868958414e+01
-1.251431736555331184e+02
-1.041101084147103393e+02
-1.235255113593532599e+02
-9.410955525871504790e+01
-1.251382064289159075e+02
-1.042606481530089013e+02
-1.251410312869366805e+02
-1.046234614205194760e+02
-1.231760304717414556e+02
-1.251434064863145892e+02
-1.090717577216077103e+02
-1.246763146659448438e+02
-1.247155561591548860e+02
-1.251434639467645695e+02
-1.249649425386060813e+02
-1.251433828382322559e+02
