-1.184870324213461572e+02
-1.330965573613543995e+02
-1.329141838079082731e+02
-1.330958363907679995e+02
-1.330781469562282666e+02
-1.025507439085927786e+02
-1.262188981435008515e+02
-1.178637872043374841e+02
-1.316805234786899064e+02
-1.330967257726228468e+02
-1.329382982384682919e+02
-1.242872380439065836e+02
-1.313304381052771816e+02
-1.329913691997988394e+02
-1.329746372304138049e+02
-1.330967052237211306e+02
-1.315936826888925282e+02
-1.085057603184816628e+02
-1.330967820907914643e+02
-1.323894353435871380e+02
-1.330844037634005304e+02
-9.147993398037033330e+01
-1.330968297914622553e+02
-8.980888404596277041e+01
-1.021735901251448695e+02
-1.300336927282036470e+02
-1.305835874675792070e+02
-1.322375517891756260e+02
-1.330967890667951394e+02
-1.330966911437498936e+02
-1.330962318344788002e+02
-1.323170985374249824e+02
-1.330603596355381910e+02
-1.197683750497267283e+02
-1.330646581178006329e+02
-1.330968743382463515e+02
-1.330954679390132469e+02
-9.681027960512196273e+01
-9.155916473640253628e+01
-1.330968335522308905e+02
-1.324133369064861085e+02
-1.328744235971694252e+02
-9.652540773566475707e+01
-1.315449934788478856e+02
-1.301130501389079939e+02
-1.313521612604729683e+02
-1.330968360748650809e+02
-1.330952885685808837e+02
-1.330930466511363761e+02
-1.318725780490465240e+02
-1.278397729134370024e+02
-1.278332902471578763e+02
-1.105864519019376502e+02
-1.135411772818465579e+02
-1.278377122330324624e+02
-1.278287030001388160e+02
-1.278366339205722682e+02
-1.177791216421713472e+02
-1.278398975371768813e+02
-1.278343084093079227e+02
-1.278338167918572736e+02
-1.261370562420052153e+02
-1.003492159453883943e+02
-1.277536804844936285e+02
-1.104313317725943620e+02
-1.278279220067876736e+02
-8.991365113020938793e+01
-1.278399858690517874e+02
-1.202732020405017295e+02
-1.277905233650016328e+02
-1.162433913311696756e+02
-1.268120909015442663e+02
-1.278337676160525689e+02
-8.838419441088768735e+01
-9.657079337108895345e+01
-1.277925462799905318e+02
-1.243667375657982745e+02
-1.004520555478127335e+02
-1.278391592963269829e+02
-1.278399423094695777e+02
-1.277390430164212916e+02
-9.989983009035134387e+01
-1.134499711063382819e+02
-9.245186075280069815e+01
-1.278400613232384444e+02
-1.278400648056143183e+02
-1.258296942705210029e+02
-9.444490888291954889e+01
-9.332817165036085783e+01
-8.931046016938189780e+01
-1.137599358160609455e+02
-1.278362502076039817e+02
-1.277136159026239994e+02
-1.278400818919274968e+02
-1.254103721425801723e+02
-9.516499250879635952e+01
-1.278399747343123067e+02
-9.406385319311716842e+01
-1.112632332692494685e+02
-9.307740026423675772e+01
-1.235615128824685058e+02
-1.235602520368012307e+02
-8.742509567761283051e+01
-1.194797207654381168e+02
-1.224581474392348497e+02
-1.235611372816724582e+02
-1.212828025524608933e+02
-1.035795862646280199e+02
-1.234591462341301025e+02
-8.549338509179177947e+01
-1.235617575583752910e+02
-9.006060019262037031e+01
-8.949952404117435378e+01
-1.228385360835444970e+02
-1.006336947788965688e+02
-9.464389505910914124e+01
-1.056415575961703581e+02
-1.235609197641289967e+02
-8.759767213633448080e+01
-1.174254636033876125e+02
-1.111509894162627319e+02
-1.222008372788530011e+02
-9.491900439875618645e+01
-1.235523123101334591e+02
-1.158794954027800230e+02
-1.204948967837619449e+02
-8.580938887448806440e+01
-1.235601136358039014e+02
-1.224238193710184248e+02
-1.234973857710046872e+02
-1.128981929858808400e+02
-1.235613746856237327e+02
-8.935546490744306425e+01
-9.126174039108882141e+01
-8.876753960030073642e+01
-1.231698474017213840e+02
-1.235615330400175367e+02
-1.197152013998257445e+02
-1.232582944264757714e+02
-1.234349370069659955e+02
-1.091400346575020563e+02
-1.052609813016113378e+02
-1.235608945643128038e+02
-8.916112465384401276e+01
-8.769084176949043297e+01
-1.108716373623490909e+02
-1.235615300649347290e+02
-1.214906783683975959e+02
-9.643327954261447132e+01
-1.228122291008908462e+02
-9.014350494083588217e+01
-1.239205988016100122e+02
-9.598961502156694792e+01
-1.238365527009235905e+02
-1.239394213512053255e+02
-1.156185862136973554e+02
-9.263130380277056020e+01
-1.238183127732552293e+02
-1.237983505185118673e+02
-1.182458239729169378e+02
-1.230312519624517051e+02
-1.239230300530604296e+02
-1.239249903248780242e+02
-9.051059224197850028e+01
-1.226743902070754899e+02
-1.186784338711447333e+02
-1.238210443929069697e+02
-1.170135853352066988e+02
-1.142333996955322135e+02
-1.234851069399811792e+02
-1.239419797974081803e+02
-1.239250920661032040e+02
-1.000183849148938720e+02
-1.174805203082063230e+02
-1.070560001586647871e+02
-8.994393903577912397e+01
-1.141276162924101527e+02
-1.181423353049467266e+02
-9.001751132318950965e+01
-9.908220769755456558e+01
-1.063067730855206605e+02
-1.239421897150062364e+02
-1.159143135362600106e+02
-1.237849049577701237e+02
-1.141299355863561829e+02
-1.219269655637126277e+02
-1.229509124016079795e+02
-1.204098939046916996e+02
-1.221950776558615672e+02
-1.239423360895368234e+02
-1.238912592861228319e+02
-8.826716226944884625e+01
-1.224066054605177811e+02
-8.714634117945246317e+01
-1.225129180980816841e+02
-9.479808214504878094e+01
-1.239422010264438683e+02
-1.239349771997781033e+02
-1.239147181218485514e+02
-1.239422992746526830e+02
-1.251170768739441996e+02
-1.087269973890440156e+02
-1.121661737832468759e+02
-1.176390100198558173e+02
-1.251396446292478544e+02
-1.251418519185485252e+02
-1.233759384588650363e+02
-1.251434430694550031e+02
-1.251387953200520826e+02
-1.097354900781116527e+02
-1.117314587044544965e+02
-8.846644238090452461e+01
-1.012594736003183442e+02
-1.251097356036085415e+02
-8.834072936935704945e+01
-9.982817331309961162e+01
-1.251416795012460597e+02
-1.230400249008047950e+02
-1.074316515301556194e+02
-1.242206637293948575e+02
-1.234864749037776050e+02
-1.017048656041788774e+02
-1.179862358298913847e+02
-1.153171269509609687e+02
-1.213490884858553756e+02
-1.251434818564366509e+02
-1.251434695950270424e+02
-1.251407744219379339e+02
-9.843824395592712051e+01
-9.388814304397948263e+01
-1.251433628124517696e+02
-1.251434989225331833e+02
-9.801685652510437308e+01
-8.651189995522378240e+01
-1.251403514468239848e+02
-1.075159942870025418e+02
-1.251428344033279672e+02
-1.166491122957767033e+02
-1.251434091170483924e+02
-1.251434271926411128e+02
-9.555703120419204311e+01
-1.251429719794755044e+02
-9.652928943191571420e+01
-1.251434290084663274e+02
-1.251434901478863253e+02
-1.251434424314084026e+02
-1.251433529916973271e+02
-1.251432859488943166e+02
-1.177740937062803397e+02
-1.251434380531079711e+02
