-1.330951409468938209e+02
-1.060089030503716572e+02
-1.330966062245484522e+02
-1.045483291166657551e+02
-1.001561686855498863e+02
-1.242769518442350432e+02
-1.239701386518627686e+02
-1.330966514545404209e+02
-9.161893440473805583e+01
-1.330776113504736600e+02
-9.928470418918765006e+01
-1.327294176479632313e+02
-1.330964250542632499e+02
-9.152806079197509348e+01
-1.144874213025059930e+02
-9.117893905842775837e+01
-1.314779073735782617e+02
-1.074960669041022214e+02
-1.089803134385323631e+02
-1.261287597647332177e+02
-9.152189001402520319e+01
-1.330968129744385067e+02
-1.330849563547314176e+02
-1.323408101191282924e+02
-1.330967750542032206e+02
-1.259021065028151867e+02
-1.148854977023229509e+02
-1.315900499236011569e+02
-1.330968621097578932e+02
-1.045210783488144131e+02
-1.330969549538971819e+02
-1.330882194982432907e+02
-1.330860689816799720e+02
-1.083655302032263421e+02
-9.992179713769438365e+01
-1.015721351549844371e+02
-1.329793434660560933e+02
-1.330930177447570770e+02
-1.330967271983270450e+02
-1.032442968718959122e+02
-1.041033136161132262e+02
-1.208738010594799590e+02
-1.190535277738088666e+02
-1.327999170407495626e+02
-1.072159396255256212e+02
-1.132848111943922476e+02
-1.011427468723986607e+02
-9.999365056737458701e+01
-1.330347263008355014e+02
-1.330966925035203303e+02
-1.277716292657165695e+02
-1.278161529232422851e+02
-1.278391064194239277e+02
-1.073789536280086736e+02
-1.278400621400631394e+02
-1.263261917572978916e+02
-9.217512646930980225e+01
-1.278323750689921496e+02
-1.244385705088538145e+02
-1.278398590090906737e+02
-1.203025816464544846e+02
-9.070340741440038812e+01
-1.278399467346314395e+02
-1.112879074474967922e+02
-1.278389150479721366e+02
-1.278398721354883776e+02
-1.262229141822838585e+02
-1.278399451271219078e+02
-1.278220377313725322e+02
-1.273291633097995543e+02
-1.278366631545281109e+02
-1.005138129526714721e+02
-1.275225312631545620e+02
-1.278400629759669727e+02
-8.837759090030358777e+01
-1.277463778994322183e+02
-1.278398958017661329e+02
-1.278400617229778220e+02
-9.720872771840063820e+01
-1.217010712664285279e+02
-1.278400818295913268e+02
-1.278399706848350377e+02
-1.165675508027799339e+02
-1.278406047199215863e+02
-1.126058658641360353e+02
-1.278209771607310898e+02
-1.093799009709736794e+02
-9.020236105530331372e+01
-1.270762361351769840e+02
-9.164799763003628641e+01
-9.941416070687037632e+01
-8.913093524124236922e+01
-1.198961894952925320e+02
-9.165673908230400002e+01
-1.130249957875184634e+02
-1.252447663680252106e+02
-1.278207292204822920e+02
-1.278395805317148728e+02
-1.278400349080993692e+02
-1.240938703039228699e+02
-1.235613576217578355e+02
-1.235615456083343418e+02
-9.901230120447969796e+01
-8.875810923569432020e+01
-1.235545364866538591e+02
-1.125292043077574107e+02
-8.635836001141744589e+01
-1.181684148590960319e+02
-1.126896648731325854e+02
-1.234552206272850867e+02
-1.159091189219193012e+02
-1.009829396305549807e+02
-9.190673059093640518e+01
-1.235614837136745621e+02
-1.234556153587716096e+02
-1.235490002036184478e+02
-1.235612612829141881e+02
-1.235541680695639144e+02
-8.858801719431750143e+01
-1.235610047403838081e+02
-1.235615307856816401e+02
-1.219854670486745931e+02
-1.235615130704471341e+02
-9.841441589383221356e+01
-1.235604674907287119e+02
-9.632068938195951091e+01
-1.235615069113757727e+02
-1.080366194003077567e+02
-1.208140410428019322e+02
-1.235616111465183735e+02
-1.235615706872473112e+02
-1.235612341806701124e+02
-1.229895366639039480e+02
-1.235613635981673184e+02
-1.235335878364358706e+02
-1.235615347541913422e+02
-1.167016211705532100e+02
-1.233282401058499005e+02
-1.020816902376476776e+02
-9.484375213434420004e+01
-1.235615125223008022e+02
-9.088744660803222075e+01
-1.235610857357947339e+02
-1.007894693602976872e+02
-1.235612362497516443e+02
-1.182118649226509177e+02
-1.143310397341191731e+02
-8.684830099903018663e+01
-1.235614510000609556e+02
-1.235514577500445057e+02
-1.239423544139592224e+02
-1.239422750440350143e+02
-1.238398919023587723e+02
-1.213307994931348617e+02
-1.239422117235209839e+02
-1.182839493286122803e+02
-1.233042686946777877e+02
-1.239410578802523304e+02
-1.239292140666820643e+02
-1.239290951877176212e+02
-1.010132430077710097e+02
-1.238791067516199007e+02
-1.037544250002638648e+02
-8.690073139362904442e+01
-1.239374330339716010e+02
-1.239331257391112899e+02
-1.228703967474114052e+02
-1.161801012613402406e+02
-1.170211289519354096e+02
-1.189665606601514583e+02
-1.239004782197532109e+02
-9.008812345316873404e+01
-1.239422623450050764e+02
-1.011374541984863669e+02
-1.232743957371327923e+02
-1.239422669606075971e+02
-1.239380991645296888e+02
-1.239422836464952411e+02
-9.100863298639620780e+01
-1.133864933977037452e+02
-1.239422680681296214e+02
-1.141714694884889241e+02
-1.239420117853352821e+02
-1.239404565884050271e+02
-1.174410590698245755e+02
-1.093282067019575550e+02
-1.221558894108591460e+02
-8.569734324161866823e+01
-9.800644923970912714e+01
-1.083750493869842586e+02
-1.239378370799411755e+02
-1.113533472761135670e+02
-8.934090625696566690e+01
-8.748150363773793003e+01
-1.238677998978692187e+02
-9.031104433370359175e+01
-1.239402410196123867e+02
-1.022999426148753201e+02
-9.409922215133367729e+01
-1.217801956950195006e+02
-1.167618048563387134e+02
-9.007871944471520465e+01
-1.246345711088089558e+02
-1.186994857127808558e+02
-1.251434550279735447e+02
-1.233962151090657358e+02
-9.783381008336374407e+01
-1.063051699388038998e+02
-1.250309380548771969e+02
-8.773409799942055542e+01
-1.175079726680652072e+02
-1.245824239225807872e+02
-1.251434156002908367e+02
-8.687095134252477635e+01
-1.050265783888410169e+02
-1.250212719230832477e+02
-1.251237981390544576e+02
-8.827395619112894565e+01
-1.251424381395855647e+02
-9.192602034704654557e+01
-8.796495242088633404e+01
-8.890968245361051459e+01
-1.140471926949537647e+02
-1.038872372488823999e+02
-8.749977957125130956e+01
-1.251411095146289512e+02
-1.250787994954279441e+02
-1.251375896194994795e+02
-1.225305444457439137e+02
-1.074677926860517942e+02
-1.251185206788840105e+02
-8.965316008496789379e+01
-1.039855721209254966e+02
-8.767702969889292319e+01
-9.107449952846756958e+01
-1.251434949002985633e+02
-9.265036065487940675e+01
-9.119510928386412729e+01
-1.249540274084311733e+02
-1.251434463448339613e+02
-1.251204167937992651e+02
-1.251175776892259535e+02
-8.771430840879914115e+01
-1.251434312265493247e+02
-1.190466809432259510e+02
-1.211700303175552449e+02
-1.050810463160038637e+02
-9.357595062796868035e+01
-9.038286896048212782e+01
-1.027348086831932932e+02
