-1.136907230181727613e+02
-1.106232179960961304e+02
-1.073354056991250332e+02
-1.077761183120795181e+02
-1.094923973026815247e+02
-1.330968272731099944e+02
-1.278400640337587788e+02
-1.235615048889279848e+02
-1.239422923408761648e+02
-1.251434264538683152e+02
-9.366379842469821426e+01
-9.065141942782746298e+01
-8.895682833710972659e+01
-8.839189640027353789e+01
-8.921474785877562397e+01
-1.287814036407628748e+02
-1.235745166518072722e+02
-1.192476045523265071e+02
-1.197488052485310845e+02
-1.211886132075978395e+02
-1.330965248880158356e+02
-1.278391143419370195e+02
-1.235607114751953617e+02
-1.239420506432608988e+02
-1.251430048079190271e+02
-1.291337350695078499e+02
-1.232426017567572956e+02
-1.186682026914018593e+02
-1.189439910697312399e+02
-1.203091495430482354e+02
-1.310096111508785270e+02
-1.258124279003734074e+02
-1.214099194106787110e+02
-1.219223652401498583e+02
-1.231848212015520261e+02
-1.302667207172955557e+02
-1.250065411443028296e+02
-1.206569260970000954e+02
-1.211363955195225088e+02
-1.224792188140908138e+02
-1.329616894219049072e+02
-1.276916001177302036e+02
-1.234075072556370003e+02
-1.238206048424451211e+02
-1.249980008390697748e+02
-1.330938156871783917e+02
-1.278359334531648415e+02
-1.235570856827834518e+02
-1.239376977510987672e+02
-1.251407006783202434e+02
-1.323566090166374920e+02
-1.270321800058653992e+02
-1.226319666779278350e+02
-1.230576979787756358e+02
-1.242951030812065483e+02
-1.330968747586047130e+02
-1.278399028068098318e+02
-1.235611043814397050e+02
-1.239422922034107302e+02
-1.251435997598233030e+02
-1.330966799254671855e+02
-1.278400162397743287e+02
-1.235616163685647138e+02
-1.239422468173957554e+02
-1.251433566665235162e+02
-1.330969668571211741e+02
-1.278399860607745637e+02
-1.235615520697732848e+02
-1.239422853247232013e+02
-1.251434222130333467e+02
-1.330270916947723663e+02
-1.277911229536449014e+02
-1.234871648531311195e+02
-1.238496645348606080e+02
-1.250490564584654436e+02
-1.063922778375371934e+02
-1.038611456611939161e+02
-1.011093269855838770e+02
-1.011746576157685809e+02
-1.027137328714079985e+02
-1.315208012919825933e+02
-1.264431533724000190e+02
-1.220447016332627754e+02
-1.223693053691220456e+02
-1.237055930018577072e+02
-1.330456011118880326e+02
-1.277446929053978550e+02
-1.234834281813084687e+02
-1.238617822621917384e+02
-1.250514740345247446e+02
-1.144477146111923815e+02
-1.112463148235132593e+02
-1.080491157764416243e+02
-1.084968559103341050e+02
-1.105566215986658563e+02
-1.330958434683775806e+02
-1.278375015227234854e+02
-1.235584012954313380e+02
-1.239405369590358816e+02
-1.251408044394267733e+02
-1.289888512416513038e+02
-1.238554911712348883e+02
-1.195277435409875864e+02
-1.200251006484609633e+02
-1.214494472282312074e+02
-1.170770897497028500e+02
-1.139692407465378210e+02
-1.102421000157235369e+02
-1.107059543062682110e+02
-1.124948738013594038e+02
-9.545011079777731311e+01
-9.352609494478922159e+01
-9.133305962005128720e+01
-9.092657075595734284e+01
-9.241710969615273541e+01
-1.117628058626475536e+02
-1.090384798168029477e+02
-1.061774685326278842e+02
-1.063475219862330050e+02
-1.078453825255638350e+02
-1.330968672914102910e+02
-1.278400618866482006e+02
-1.235615204056433214e+02
-1.239422725307081237e+02
-1.251434353436742413e+02
-1.139480403827825512e+02
-1.110834337034003454e+02
-1.079503624561892821e+02
-1.080860405300448974e+02
-1.097651178868055837e+02
-1.330942890047165577e+02
-1.278385129883417193e+02
-1.235517147110354159e+02
-1.239325529520947384e+02
-1.251400722608203324e+02
-1.202669093645726690e+02
-1.156000713625671636e+02
-1.117507832046081120e+02
-1.121996185845272720e+02
-1.137891359047741560e+02
-1.330949155869670619e+02
-1.278385206092985698e+02
-1.235544694578928500e+02
-1.239392939522995647e+02
-1.251417380945063513e+02
-1.330704506124846489e+02
-1.278189671203359126e+02
-1.235369768000114306e+02
-1.239182414500067893e+02
-1.251201991409898824e+02
-9.861327653623382616e+01
-9.647173940822212046e+01
-9.375468101918562525e+01
-9.380242085451516232e+01
-9.485889221272792327e+01
-1.316070431224964636e+02
-1.260760590085090058e+02
-1.217880750546201227e+02
-1.221424618615884867e+02
-1.233401076713864626e+02
-1.291617371093392705e+02
-1.235732636636436723e+02
-1.199027181314268518e+02
-1.197615141058589785e+02
-1.216062796098234600e+02
-9.354416065819499693e+01
-9.187960943993591911e+01
-8.974159615973829318e+01
-8.917000780474805310e+01
-9.084099231211787639e+01
-1.087205407735978469e+02
-1.060117896339066732e+02
-1.031414087566327282e+02
-1.033112675855441580e+02
-1.049695678979891085e+02
-1.330970708630642889e+02
-1.278379572163540416e+02
-1.235576622868770187e+02
-1.239402436017894331e+02
-1.251407437437768806e+02
-1.014003730557089540e+02
-9.894385421103581280e+01
-9.658590980227609180e+01
-9.623604012889310866e+01
-9.775013273945863546e+01
-1.325733029313847453e+02
-1.273571007195954223e+02
-1.229959419769043052e+02
-1.233981239520312698e+02
-1.246688758148940082e+02
-1.205382067778439676e+02
-1.167745818539323182e+02
-1.130318137268669005e+02
-1.134516689177011699e+02
-1.150887461098000841e+02
-1.330781607133133662e+02
-1.278204461717594711e+02
-1.235403879822271733e+02
-1.239212739029127448e+02
-1.251249361662114552e+02
-1.330965452884005629e+02
-1.278401587360506397e+02
-1.235611191684216124e+02
-1.239422227171565538e+02
-1.251431010314636438e+02
-1.330967523095916931e+02
-1.278400679528032242e+02
-1.235615239717447196e+02
-1.239422277154914838e+02
-1.251434382639866811e+02
-1.327607088946787428e+02
-1.274708262180228786e+02
-1.232309674290071371e+02
-1.235919951061049460e+02
-1.247574627056231122e+02
-1.106372938060763857e+02
-1.079093406482019475e+02
-1.050976043014496497e+02
-1.046685632535840966e+02
-1.064632729285460329e+02
-1.125990226008564292e+02
-1.089188720368600798e+02
-1.063067811726103145e+02
-1.064872765357470712e+02
-1.082575785316213057e+02
-1.080838202403782589e+02
-1.059999163217819387e+02
-1.033365101390202057e+02
-1.032921294334932867e+02
-1.049524814713030310e+02
-1.017482226601879205e+02
-9.937490549676134322e+01
-9.700388632884335038e+01
-9.680775618115616510e+01
-9.835489267111330491e+01
-1.320540278733670334e+02
-1.264363880083992910e+02
-1.219343439427336193e+02
-1.223710192807007076e+02
-1.236486629275934206e+02
-1.330953282718473929e+02
-1.278402647093370774e+02
-1.235609693205824300e+02
-1.239419486394348837e+02
-1.251428553033583597e+02
-1.327564318334397910e+02
-1.275002810193830669e+02
-1.232672935086355608e+02
-1.236149078147649902e+02
-1.248436884173993491e+02
