9.958978256034285437e-01 2.018982253931859372e+00 1.800000000000000000e+01 1.800000000000000000e+01 0.000000000000000000e+00
9.046595953981050320e-01 2.054549122518845916e+00 1.900000000000000000e+01 1.890000000000000000e+02 0.000000000000000000e+00
6.761358887967242604e-01 1.843640566044529638e+00 4.000000000000000000e+00 7.000000000000000000e+00 0.000000000000000000e+00
8.419582019614567647e-01 7.153546447470596759e-01 1.000000000000000000e+00 8.300000000000000000e+01 0.000000000000000000e+00
8.891157113423390213e-01 3.447963204405867232e-01 6.000000000000000000e+00 1.910000000000000000e+02 0.000000000000000000e+00
2.795592840474886431e-01 5.558663248927174783e-01 1.200000000000000000e+01 1.500000000000000000e+02 0.000000000000000000e+00
9.515083805161154151e-01 1.211939152408620046e+00 1.900000000000000000e+01 1.900000000000000000e+01 0.000000000000000000e+00
7.493199688792259172e-01 7.262806350602909466e-01 8.000000000000000000e+00 1.000000000000000000e+01 0.000000000000000000e+00
2.705131917419072440e-01 2.324649850161501219e-01 7.000000000000000000e+00 1.400000000000000000e+02 0.000000000000000000e+00
9.118401108753636242e-02 2.071391290547872188e+00 2.000000000000000000e+00 9.900000000000000000e+01 0.000000000000000000e+00
5.875503167306785901e-01 1.073239926122348864e+00 2.000000000000000000e+00 6.300000000000000000e+01 0.000000000000000000e+00
1.360618804741239307e-01 5.114879305876424143e-01 1.900000000000000000e+01 2.000000000000000000e+02 0.000000000000000000e+00
8.659304419235767936e-02 6.514529156831591061e-01 7.000000000000000000e+00 1.730000000000000000e+02 0.000000000000000000e+00
5.779823561846573199e-01 2.836963973173750597e-01 7.000000000000000000e+00 1.080000000000000000e+02 0.000000000000000000e+00
3.037886924336318240e-01 1.360557976501135080e+00 1.000000000000000000e+00 2.400000000000000000e+01 0.000000000000000000e+00
7.020479618109539688e-01 1.040748902147066390e+00 1.600000000000000000e+01 2.500000000000000000e+01 0.000000000000000000e+00
2.477760385274114796e-01 1.190836154509140599e+00 2.000000000000000000e+00 8.600000000000000000e+01 0.000000000000000000e+00
4.663409178818633816e-01 1.147250483363787543e+00 1.000000000000000000e+00 1.790000000000000000e+02 0.000000000000000000e+00
2.092619337338778029e-01 1.751103982909401724e+00 2.000000000000000000e+01 1.040000000000000000e+02 0.000000000000000000e+00
1.115359880868718040e-01 1.505121114414408601e-01 6.000000000000000000e+00 1.930000000000000000e+02 0.000000000000000000e+00
1.832951358496701655e-01 6.976831561527191417e-01 1.600000000000000000e+01 2.800000000000000000e+01 0.000000000000000000e+00
7.555834294391237937e-02 2.014624171686075993e+00 1.100000000000000000e+01 1.830000000000000000e+02 0.000000000000000000e+00
7.095922206902501861e-01 1.955157194923622832e+00 6.000000000000000000e+00 4.100000000000000000e+01 0.000000000000000000e+00
7.032455749470534201e-01 9.515235425275484493e-01 2.000000000000000000e+01 4.400000000000000000e+01 0.000000000000000000e+00
7.624987448681096458e-01 9.853735972157148248e-01 9.000000000000000000e+00 4.500000000000000000e+01 0.000000000000000000e+00
7.249718498750822027e-02 1.375005633767402369e+00 7.000000000000000000e+00 2.800000000000000000e+01 0.000000000000000000e+00
8.648359542981108872e-01 5.886409885375637474e-01 2.000000000000000000e+00 1.830000000000000000e+02 0.000000000000000000e+00
9.291379597743543162e-01 1.944188296400137794e+00 1.100000000000000000e+01 5.800000000000000000e+01 0.000000000000000000e+00
1.662001228549184750e-01 1.806499817391427731e+00 9.000000000000000000e+00 1.530000000000000000e+02 0.000000000000000000e+00
3.921649356342110648e-01 2.043606311220325988e+00 1.000000000000000000e+00 1.040000000000000000e+02 0.000000000000000000e+00
1.718973668979528052e-02 1.330705501666692658e+00 5.000000000000000000e+00 1.950000000000000000e+02 0.000000000000000000e+00
3.201056125862977719e-01 6.379159703127731396e-01 1.000000000000000000e+01 1.620000000000000000e+02 0.000000000000000000e+00
8.129431370132224055e-01 1.026510361801414195e+00 8.000000000000000000e+00 1.930000000000000000e+02 0.000000000000000000e+00
1.582596777345991468e-01 1.563594899872292165e+00 2.000000000000000000e+00 1.750000000000000000e+02 0.000000000000000000e+00
4.935454032537882618e-01 3.479795653121616761e-01 7.000000000000000000e+00 1.460000000000000000e+02 0.000000000000000000e+00
9.950625641805794785e-01 2.280540578059199464e-01 7.000000000000000000e+00 9.200000000000000000e+01 0.000000000000000000e+00
3.835290320432596101e-01 1.565333284427426142e+00 6.000000000000000000e+00 8.400000000000000000e+01 0.000000000000000000e+00
3.831382077372891271e-01 1.852829186543287321e+00 8.000000000000000000e+00 1.010000000000000000e+02 0.000000000000000000e+00
9.468225632580817841e-01 1.158856486344299830e+00 1.900000000000000000e+01 1.310000000000000000e+02 0.000000000000000000e+00
5.647622978562277796e-01 1.523328553962839393e+00 1.900000000000000000e+01 1.980000000000000000e+02 0.000000000000000000e+00
6.668845764342385962e-01 2.809425130456925102e-01 7.000000000000000000e+00 2.800000000000000000e+01 0.000000000000000000e+00
4.407602159597440172e-01 4.118828321596946784e-01 8.000000000000000000e+00 1.800000000000000000e+01 0.000000000000000000e+00
8.487311774141768073e-01 1.376298071905691645e+00 1.000000000000000000e+00 7.900000000000000000e+01 0.000000000000000000e+00
7.827182927965479209e-01 9.145954346860162287e-01 1.500000000000000000e+01 4.700000000000000000e+01 0.000000000000000000e+00
8.935404256084961139e-01 5.887189918275154144e-01 5.000000000000000000e+00 1.520000000000000000e+02 0.000000000000000000e+00
5.662424797330743997e-01 1.188676685127198818e+00 1.600000000000000000e+01 1.070000000000000000e+02 0.000000000000000000e+00
9.217204377605777710e-01 7.185730196480321075e-01 1.300000000000000000e+01 1.940000000000000000e+02 0.000000000000000000e+00
5.663794437187480435e-01 1.682865555846238204e+00 1.300000000000000000e+01 5.800000000000000000e+01 0.000000000000000000e+00
6.710130210582816446e-01 8.615454591114276583e-01 1.500000000000000000e+01 1.050000000000000000e+02 0.000000000000000000e+00
7.819518724979633573e-02 1.835570161021048696e-01 4.000000000000000000e+00 1.400000000000000000e+02 0.000000000000000000e+00
7.409997380847483939e-01 1.056820184071030733e+00 1.700000000000000000e+01 4.300000000000000000e+01 1.000000000000000000e+00
8.464640180396239000e-01 2.053797647258592374e+00 1.800000000000000000e+01 1.390000000000000000e+02 1.000000000000000000e+00
7.298262949548517398e-01 2.982232462394166506e-01 7.000000000000000000e+00 1.140000000000000000e+02 1.000000000000000000e+00
5.412778987772821626e-01 9.285836237697461248e-01 1.700000000000000000e+01 1.200000000000000000e+01 1.000000000000000000e+00
9.230075598156434191e-01 1.854184261905600151e+00 4.000000000000000000e+00 8.000000000000000000e+01 1.000000000000000000e+00
7.452794109539219169e-01 1.558437390294847402e+00 3.000000000000000000e+00 9.600000000000000000e+01 1.000000000000000000e+00
5.217621862020423995e-01 5.149971510460790158e-01 1.000000000000000000e+01 6.600000000000000000e+01 1.000000000000000000e+00
8.102966582100240567e-01 8.980232989301527580e-01 9.000000000000000000e+00 1.470000000000000000e+02 1.000000000000000000e+00
2.230583268399640717e-01 1.267739993593716141e+00 2.000000000000000000e+00 8.200000000000000000e+01 1.000000000000000000e+00
2.457316302174415990e-01 5.215881661134170733e-01 1.700000000000000000e+01 1.270000000000000000e+02 1.000000000000000000e+00
3.985475956070707593e-01 6.778190545293806268e-01 2.000000000000000000e+01 5.700000000000000000e+01 1.000000000000000000e+00
7.298144589930273263e-01 1.272587679776094660e+00 1.400000000000000000e+01 1.900000000000000000e+02 1.000000000000000000e+00
4.012663643088268950e-01 6.804832701546125184e-01 1.300000000000000000e+01 2.500000000000000000e+01 1.000000000000000000e+00
4.387101124722172507e-01 1.423225530001014816e+00 1.100000000000000000e+01 6.700000000000000000e+01 1.000000000000000000e+00
9.237705430925271521e-01 1.818744976725047646e+00 1.000000000000000000e+01 1.920000000000000000e+02 1.000000000000000000e+00
5.834645390553782479e-02 1.021153718234917518e+00 1.800000000000000000e+01 1.800000000000000000e+02 1.000000000000000000e+00
7.116337811320859463e-02 8.356837692984050436e-01 1.600000000000000000e+01 4.000000000000000000e+01 1.000000000000000000e+00
5.589098795324323188e-01 1.685183508577821510e+00 1.700000000000000000e+01 5.500000000000000000e+01 1.000000000000000000e+00
6.955361497658557601e-01 1.163819107521924412e+00 6.000000000000000000e+00 8.800000000000000000e+01 1.000000000000000000e+00
8.033155180929636430e-01 1.891802854980096482e+00 3.000000000000000000e+00 7.300000000000000000e+01 1.000000000000000000e+00
4.266711381792095414e-01 1.581462953917357694e+00 1.500000000000000000e+01 1.780000000000000000e+02 1.000000000000000000e+00
6.819654046664240798e-01 4.776882400632546100e-01 6.000000000000000000e+00 1.680000000000000000e+02 1.000000000000000000e+00
8.387827064251186515e-01 1.663737124906234099e-01 5.000000000000000000e+00 1.810000000000000000e+02 1.000000000000000000e+00
8.357093328077912220e-02 1.072334859143460495e+00 8.000000000000000000e+00 9.400000000000000000e+01 1.000000000000000000e+00
4.301849076010367812e-01 1.889048601045234976e+00 1.200000000000000000e+01 8.000000000000000000e+01 1.000000000000000000e+00
4.858589236206235507e-01 9.118692715709076912e-01 7.000000000000000000e+00 3.400000000000000000e+01 1.000000000000000000e+00
5.250770461928466054e-02 1.258381868817613825e+00 4.000000000000000000e+00 4.000000000000000000e+00 1.000000000000000000e+00
2.900272565642213890e-02 4.509610941419966990e-01 1.300000000000000000e+01 8.000000000000000000e+00 1.000000000000000000e+00
8.632456802511546679e-01 1.305068108317226194e+00 1.500000000000000000e+01 1.000000000000000000e+01 1.000000000000000000e+00
1.763708130231359528e-01 6.711494595099324334e-01 1.500000000000000000e+01 1.980000000000000000e+02 1.000000000000000000e+00
6.518744347181626431e-01 2.026660154872474140e-01 1.600000000000000000e+01 1.910000000000000000e+02 1.000000000000000000e+00
4.945086096245759899e-01 1.331554721072957914e+00 1.100000000000000000e+01 1.340000000000000000e+02 1.000000000000000000e+00
8.081212823073268270e-01 8.688534511113862324e-01 1.400000000000000000e+01 1.180000000000000000e+02 1.000000000000000000e+00
8.322947645682733375e-01 7.906205390106274544e-01 1.600000000000000000e+01 1.980000000000000000e+02 1.000000000000000000e+00
5.624692151155228359e-01 1.143462321008791749e+00 1.400000000000000000e+01 1.950000000000000000e+02 1.000000000000000000e+00
5.837707623828903847e-01 2.526353900558263588e-01 1.200000000000000000e+01 1.510000000000000000e+02 1.000000000000000000e+00
3.388226110053691453e-01 1.088396647799712236e+00 7.000000000000000000e+00 1.460000000000000000e+02 1.000000000000000000e+00
3.875590741870236222e-01 1.416138811564164879e+00 4.000000000000000000e+00 1.900000000000000000e+01 1.000000000000000000e+00
6.498846270337702569e-01 1.746428791524803792e+00 3.000000000000000000e+00 1.510000000000000000e+02 1.000000000000000000e+00
6.314688948259041812e-01 1.626442675614187205e+00 1.300000000000000000e+01 4.900000000000000000e+01 1.000000000000000000e+00
3.850801551369884557e-01 4.856312412768125641e-01 1.900000000000000000e+01 3.500000000000000000e+01 1.000000000000000000e+00
3.382159304234824138e-01 5.029374565247822781e-01 1.900000000000000000e+01 9.500000000000000000e+01 1.000000000000000000e+00
7.934770836279446404e-02 7.795270190687605405e-01 3.000000000000000000e+00 3.400000000000000000e+01 1.000000000000000000e+00
5.550674833826069188e-01 1.900284319448442671e+00 1.300000000000000000e+01 1.120000000000000000e+02 1.000000000000000000e+00
9.405976649260096023e-01 1.945305687112155013e+00 1.100000000000000000e+01 1.860000000000000000e+02 1.000000000000000000e+00
9.763703858608925312e-01 5.619181588025373708e-01 1.000000000000000000e+01 4.000000000000000000e+00 1.000000000000000000e+00
9.606790839766413681e-01 2.042741815525241034e+00 5.000000000000000000e+00 9.000000000000000000e+01 1.000000000000000000e+00
5.885950726248432296e-01 1.435667613971599144e+00 6.000000000000000000e+00 6.700000000000000000e+01 1.000000000000000000e+00
5.468025162469831724e-01 5.682858692090694275e-01 1.800000000000000000e+01 2.000000000000000000e+02 1.000000000000000000e+00
3.684139628717860715e-01 1.424656100137181358e+00 8.000000000000000000e+00 1.310000000000000000e+02 1.000000000000000000e+00
1.545088869529670506e-01 1.665308487405836368e+00 2.000000000000000000e+01 1.170000000000000000e+02 2.000000000000000000e+00
4.969690366440744356e-01 1.869696281211540301e+00 2.000000000000000000e+00 1.180000000000000000e+02 2.000000000000000000e+00
1.262854043371308688e-01 2.015256516781616991e+00 9.000000000000000000e+00 8.900000000000000000e+01 2.000000000000000000e+00
7.212347768241590407e-01 2.085331370363050940e+00 1.900000000000000000e+01 1.700000000000000000e+02 2.000000000000000000e+00
5.661493522138431045e-01 3.768858484696223643e-01 1.300000000000000000e+01 1.780000000000000000e+02 2.000000000000000000e+00
7.606110094123518239e-01 1.223596349406446571e+00 8.000000000000000000e+00 1.810000000000000000e+02 2.000000000000000000e+00
5.598800145540212547e-01 1.674133110639165478e+00 1.600000000000000000e+01 1.150000000000000000e+02 2.000000000000000000e+00
7.396432258416415495e-01 1.413704593691798239e+00 1.400000000000000000e+01 1.890000000000000000e+02 2.000000000000000000e+00
4.349855964504364403e-01 1.437780733872580985e+00 4.000000000000000000e+00 5.700000000000000000e+01 2.000000000000000000e+00
9.226320192418302479e-01 1.986775071995660336e-01 1.400000000000000000e+01 2.300000000000000000e+01 2.000000000000000000e+00
1.846979010186901027e-01 1.912672569440806214e+00 1.500000000000000000e+01 4.000000000000000000e+00 2.000000000000000000e+00
5.860339210952927314e-01 4.140219723862440526e-01 1.000000000000000000e+01 1.140000000000000000e+02 2.000000000000000000e+00
1.006436738499769445e+00 1.993459097792419810e+00 1.300000000000000000e+01 1.100000000000000000e+01 2.000000000000000000e+00
4.251026180265615739e-01 1.018290540245736286e+00 1.000000000000000000e+00 1.330000000000000000e+02 2.000000000000000000e+00
7.905153512285976181e-01 8.395668910994126266e-01 4.000000000000000000e+00 1.460000000000000000e+02 2.000000000000000000e+00
3.898242400118047124e-01 1.877286068337324476e+00 8.000000000000000000e+00 3.000000000000000000e+01 2.000000000000000000e+00
2.531734275347419238e-01 3.142375249857639607e-01 1.200000000000000000e+01 3.400000000000000000e+01 2.000000000000000000e+00
2.066740422733089888e-01 7.613660482212202263e-01 1.900000000000000000e+01 2.100000000000000000e+01 2.000000000000000000e+00
1.297629500435111272e-01 1.030712111215987381e+00 1.500000000000000000e+01 1.490000000000000000e+02 2.000000000000000000e+00
9.120788465233468090e-01 1.141023455703435774e+00 3.000000000000000000e+00 1.190000000000000000e+02 2.000000000000000000e+00
9.370229869353809971e-01 1.397187420604769192e+00 1.900000000000000000e+01 7.100000000000000000e+01 2.000000000000000000e+00
3.185734503497993780e-02 1.607222979255595208e+00 1.700000000000000000e+01 1.910000000000000000e+02 2.000000000000000000e+00
7.598779236737861209e-02 6.327468532243810673e-01 2.000000000000000000e+01 1.310000000000000000e+02 2.000000000000000000e+00
9.631421855364925566e-01 2.279329065169267976e-01 4.000000000000000000e+00 4.400000000000000000e+01 2.000000000000000000e+00
4.705181668823609220e-01 1.223547122288209943e+00 1.900000000000000000e+01 1.730000000000000000e+02 2.000000000000000000e+00
2.334057458123947049e-01 5.580541188223412385e-01 5.000000000000000000e+00 1.000000000000000000e+02 2.000000000000000000e+00
3.969757579053658780e-01 8.505149594098183607e-01 1.200000000000000000e+01 2.000000000000000000e+00 2.000000000000000000e+00
8.245531022673041610e-01 1.408497719467411147e-01 1.100000000000000000e+01 9.100000000000000000e+01 2.000000000000000000e+00
1.886536924728487996e-01 6.425068309737763661e-01 1.400000000000000000e+01 1.350000000000000000e+02 2.000000000000000000e+00
7.416095656459298358e-01 1.387585588776418577e+00 1.500000000000000000e+01 1.490000000000000000e+02 2.000000000000000000e+00
9.833733960687000009e-01 1.818187755595052357e-01 1.100000000000000000e+01 5.200000000000000000e+01 2.000000000000000000e+00
1.268149948743704236e-01 1.563250164834434630e-01 1.400000000000000000e+01 1.100000000000000000e+01 2.000000000000000000e+00
6.021836552956836286e-01 1.993520886714206686e+00 1.600000000000000000e+01 1.000000000000000000e+00 2.000000000000000000e+00
9.607086367384631842e-01 2.020919661021227220e+00 1.800000000000000000e+01 9.800000000000000000e+01 2.000000000000000000e+00
4.789938418136284737e-01 1.312460288648354290e+00 7.000000000000000000e+00 4.900000000000000000e+01 2.000000000000000000e+00
8.597730029230442328e-02 1.514892185753444087e+00 7.000000000000000000e+00 8.300000000000000000e+01 2.000000000000000000e+00
6.539808983188676317e-01 1.919132782440929441e+00 1.500000000000000000e+01 2.000000000000000000e+02 2.000000000000000000e+00
9.351817127553002651e-01 1.897371873193543390e+00 1.000000000000000000e+01 1.660000000000000000e+02 2.000000000000000000e+00
6.234857556081102592e-01 1.528110889401704586e+00 1.300000000000000000e+01 7.000000000000000000e+00 2.000000000000000000e+00
8.725711302314560491e-01 5.127304995983644753e-01 2.000000000000000000e+01 3.800000000000000000e+01 2.000000000000000000e+00
4.092776960702414479e-01 1.204813163857911151e+00 1.800000000000000000e+01 1.320000000000000000e+02 2.000000000000000000e+00
7.092137326167926581e-01 1.451839618189475767e-01 1.700000000000000000e+01 1.590000000000000000e+02 2.000000000000000000e+00
3.145827690746735295e-01 1.090030367161595848e+00 1.000000000000000000e+01 1.120000000000000000e+02 2.000000000000000000e+00
8.249718928282322172e-02 1.672960319985591138e+00 2.000000000000000000e+00 1.000000000000000000e+02 2.000000000000000000e+00
3.800516502892694604e-01 1.485573718806118659e+00 1.500000000000000000e+01 6.400000000000000000e+01 2.000000000000000000e+00
9.964814963696738692e-01 1.035234277557885163e-01 1.500000000000000000e+01 7.300000000000000000e+01 2.000000000000000000e+00
4.953162539916452500e-01 2.384299043532406570e-01 5.000000000000000000e+00 5.200000000000000000e+01 2.000000000000000000e+00
2.117981489543168117e-01 1.532119198228487411e+00 3.000000000000000000e+00 5.200000000000000000e+01 2.000000000000000000e+00
3.318436726246697388e-01 1.500795093042191830e+00 2.000000000000000000e+01 9.600000000000000000e+01 2.000000000000000000e+00
2.039417267517272814e-01 8.105225381783051075e-01 7.000000000000000000e+00 1.460000000000000000e+02 2.000000000000000000e+00
8.096409787835713301e-01 1.993686760061101237e+00 1.400000000000000000e+01 1.490000000000000000e+02 3.000000000000000000e+00
1.418999444715014491e-01 1.085282784310702964e-01 9.000000000000000000e+00 1.670000000000000000e+02 3.000000000000000000e+00
5.005974493495876088e-01 1.437454998792077276e+00 1.200000000000000000e+01 6.200000000000000000e+01 3.000000000000000000e+00
4.143030641779923418e-01 1.754254824589807749e+00 1.800000000000000000e+01 6.400000000000000000e+01 3.000000000000000000e+00
1.686519926441160111e-01 2.069584231822952702e+00 2.000000000000000000e+01 1.360000000000000000e+02 3.000000000000000000e+00
2.459484534561027225e-01 9.820468981424587129e-01 1.100000000000000000e+01 1.270000000000000000e+02 3.000000000000000000e+00
6.632464994200000241e-01 2.907257286169170341e-01 2.000000000000000000e+01 1.540000000000000000e+02 3.000000000000000000e+00
6.277445420988020386e-01 1.204397950303490727e+00 1.200000000000000000e+01 1.340000000000000000e+02 3.000000000000000000e+00
8.353208874383872828e-01 7.706077350763741451e-01 2.000000000000000000e+00 7.900000000000000000e+01 3.000000000000000000e+00
2.195859586456279100e-01 7.412688836554931493e-01 1.600000000000000000e+01 7.700000000000000000e+01 3.000000000000000000e+00
4.324929327768565201e-01 1.961929421831373199e+00 1.000000000000000000e+01 3.000000000000000000e+00 3.000000000000000000e+00
8.246433042093895827e-01 1.691522665976051831e+00 1.300000000000000000e+01 1.200000000000000000e+02 3.000000000000000000e+00
5.195272611253054507e-01 6.839562491472096495e-01 6.000000000000000000e+00 7.700000000000000000e+01 3.000000000000000000e+00
1.529569144257713308e-02 1.280257958708094501e-01 4.000000000000000000e+00 5.500000000000000000e+01 3.000000000000000000e+00
3.045469629510230147e-01 1.512502933283790041e+00 6.000000000000000000e+00 7.800000000000000000e+01 3.000000000000000000e+00
7.137119935705914520e-01 1.302716205029539109e+00 1.100000000000000000e+01 6.300000000000000000e+01 3.000000000000000000e+00
4.631937430933196626e-02 1.131799842120683852e+00 1.800000000000000000e+01 4.400000000000000000e+01 3.000000000000000000e+00
7.692350916183077203e-01 2.010616446543194158e+00 1.000000000000000000e+00 1.030000000000000000e+02 3.000000000000000000e+00
4.114821246895249834e-02 2.616652624570886543e-01 1.900000000000000000e+01 7.300000000000000000e+01 3.000000000000000000e+00
9.970263191983803619e-01 1.383564462271682283e+00 3.000000000000000000e+00 1.260000000000000000e+02 3.000000000000000000e+00
8.786589936249548094e-01 1.182050958347229619e+00 2.000000000000000000e+00 4.300000000000000000e+01 3.000000000000000000e+00
4.350654858893265170e-02 1.268435091764983813e+00 5.000000000000000000e+00 9.700000000000000000e+01 3.000000000000000000e+00
4.655740716251320910e-01 2.014718518126065394e+00 1.800000000000000000e+01 9.900000000000000000e+01 3.000000000000000000e+00
5.718672778040048144e-01 1.075779113241891904e+00 9.000000000000000000e+00 4.500000000000000000e+01 3.000000000000000000e+00
3.661098396947942701e-01 1.217263551778414277e+00 1.000000000000000000e+00 5.600000000000000000e+01 3.000000000000000000e+00
7.031202211991787188e-01 1.853316707787026507e+00 1.900000000000000000e+01 8.100000000000000000e+01 3.000000000000000000e+00
2.707240727247923751e-01 6.556943100171469530e-01 9.000000000000000000e+00 1.140000000000000000e+02 3.000000000000000000e+00
4.817972830962841124e-01 3.866911282328927557e-01 1.300000000000000000e+01 1.520000000000000000e+02 3.000000000000000000e+00
6.774286100011203127e-01 1.706170229368910052e+00 1.900000000000000000e+01 5.300000000000000000e+01 3.000000000000000000e+00
1.008428017546940669e+00 1.187072282244101773e+00 1.900000000000000000e+01 3.500000000000000000e+01 3.000000000000000000e+00
7.012212757284633780e-01 1.667469163359607487e+00 1.600000000000000000e+01 4.600000000000000000e+01 3.000000000000000000e+00
4.602754166069432662e-01 5.725360306770669316e-01 2.000000000000000000e+00 9.700000000000000000e+01 3.000000000000000000e+00
4.259232043972049214e-02 5.718047772444850851e-01 7.000000000000000000e+00 6.800000000000000000e+01 3.000000000000000000e+00
8.512545212098741876e-02 1.386315769200162862e+00 1.500000000000000000e+01 5.900000000000000000e+01 3.000000000000000000e+00
7.814642593081277955e-01 1.171952615618425897e+00 1.900000000000000000e+01 1.380000000000000000e+02 3.000000000000000000e+00
9.830693432739344706e-01 1.866565104030213140e+00 6.000000000000000000e+00 1.500000000000000000e+01 3.000000000000000000e+00
9.809118744267659729e-01 1.892455310482649367e+00 4.000000000000000000e+00 1.280000000000000000e+02 3.000000000000000000e+00
8.251031544840200516e-01 1.524369359058596496e+00 7.000000000000000000e+00 8.800000000000000000e+01 3.000000000000000000e+00
2.727806340301406340e-01 1.825024737812864117e+00 4.000000000000000000e+00 1.170000000000000000e+02 3.000000000000000000e+00
1.769782371047289721e-02 1.337409017565835301e+00 2.000000000000000000e+00 1.320000000000000000e+02 3.000000000000000000e+00
1.352649801235400462e-01 8.783891821209900419e-01 1.000000000000000000e+01 1.610000000000000000e+02 3.000000000000000000e+00
8.104911230410122291e-01 1.413037587806077244e+00 9.000000000000000000e+00 6.900000000000000000e+01 3.000000000000000000e+00
8.487387612187009545e-01 1.052130199511830677e-01 3.000000000000000000e+00 1.410000000000000000e+02 3.000000000000000000e+00
6.887123320869724397e-02 9.052394920477869755e-01 9.000000000000000000e+00 1.440000000000000000e+02 3.000000000000000000e+00
4.637439872634617766e-01 1.890554898222231328e+00 4.000000000000000000e+00 2.600000000000000000e+01 3.000000000000000000e+00
3.361959678862517231e-01 1.021687196310926637e+00 1.800000000000000000e+01 1.070000000000000000e+02 3.000000000000000000e+00
4.206277116461758503e-01 1.533697246130615088e+00 1.700000000000000000e+01 5.800000000000000000e+01 3.000000000000000000e+00
7.325011193777549723e-01 4.016758391492133429e-01 5.000000000000000000e+00 1.160000000000000000e+02 3.000000000000000000e+00
5.979377137735669701e-01 1.169500188810591368e+00 1.300000000000000000e+01 1.770000000000000000e+02 3.000000000000000000e+00
2.713014367165559326e-01 1.523995559898949637e+00 1.700000000000000000e+01 1.850000000000000000e+02 3.000000000000000000e+00
8.073653373679401390e-01 1.334956188934846466e+00 1.400000000000000000e+01 7.800000000000000000e+01 4.000000000000000000e+00
7.974697495455023155e-01 1.684404028442264556e+00 6.000000000000000000e+00 8.200000000000000000e+01 4.000000000000000000e+00
1.220875372722285274e-01 6.174282968083119050e-01 1.600000000000000000e+01 1.290000000000000000e+02 4.000000000000000000e+00
6.572847857778868486e-01 1.820626817298761635e+00 1.500000000000000000e+01 1.470000000000000000e+02 4.000000000000000000e+00
1.062967685088980069e-01 2.075110787265847245e-01 1.900000000000000000e+01 1.430000000000000000e+02 4.000000000000000000e+00
6.136533608889664926e-01 1.268362014403232152e+00 2.000000000000000000e+01 7.700000000000000000e+01 4.000000000000000000e+00
5.432342996302184090e-01 2.078607176526810374e+00 1.600000000000000000e+01 4.400000000000000000e+01 4.000000000000000000e+00
6.844192912711638543e-01 1.726683857660782140e+00 6.000000000000000000e+00 1.500000000000000000e+02 4.000000000000000000e+00
5.848840861558090021e-01 2.517873832585614258e-01 1.000000000000000000e+01 1.350000000000000000e+02 4.000000000000000000e+00
4.329769607629069261e-01 1.299692232762668764e+00 1.800000000000000000e+01 1.360000000000000000e+02 4.000000000000000000e+00
4.700577601296280772e-01 2.846809518353475843e-01 5.000000000000000000e+00 1.570000000000000000e+02 4.000000000000000000e+00
6.108542407324678986e-02 2.003371230787941215e+00 1.800000000000000000e+01 1.000000000000000000e+02 4.000000000000000000e+00
3.807577659911298706e-01 1.642053147666336255e+00 6.000000000000000000e+00 1.730000000000000000e+02 4.000000000000000000e+00
3.385234494996745003e-01 7.677616558795715695e-01 2.000000000000000000e+01 1.490000000000000000e+02 4.000000000000000000e+00
1.433381631576159387e-01 8.704037739047080224e-01 2.000000000000000000e+01 1.890000000000000000e+02 4.000000000000000000e+00
4.884709062213054009e-01 4.634591141591776209e-01 2.000000000000000000e+01 1.780000000000000000e+02 4.000000000000000000e+00
8.585312499961449406e-01 2.062052305437168442e+00 1.100000000000000000e+01 8.200000000000000000e+01 4.000000000000000000e+00
5.246736914465947033e-01 4.793736106074665271e-01 1.200000000000000000e+01 4.800000000000000000e+01 4.000000000000000000e+00
4.525532813131099008e-01 5.499643627503348897e-01 7.000000000000000000e+00 9.800000000000000000e+01 4.000000000000000000e+00
2.151997529926481523e-01 4.393195355113669320e-01 1.400000000000000000e+01 1.560000000000000000e+02 4.000000000000000000e+00
4.194367047234567325e-01 1.071365348642848991e-01 1.200000000000000000e+01 6.700000000000000000e+01 4.000000000000000000e+00
2.880346096697838226e-02 6.600860297307672431e-01 1.600000000000000000e+01 8.500000000000000000e+01 4.000000000000000000e+00
1.191550943481996944e-01 1.276436345945931583e+00 7.000000000000000000e+00 6.400000000000000000e+01 4.000000000000000000e+00
1.410403386409119462e-02 2.072824664976258724e+00 1.000000000000000000e+01 1.250000000000000000e+02 4.000000000000000000e+00
7.807720562323015867e-02 3.009349246385032428e-01 1.100000000000000000e+01 1.410000000000000000e+02 4.000000000000000000e+00
3.515832372224207969e-01 3.816461505342186866e-01 1.000000000000000000e+00 1.140000000000000000e+02 4.000000000000000000e+00
2.694941862702703306e-01 2.037346496733229095e+00 3.000000000000000000e+00 2.400000000000000000e+01 4.000000000000000000e+00
2.331354428524190503e-01 2.090280632358034740e+00 1.400000000000000000e+01 1.360000000000000000e+02 4.000000000000000000e+00
1.271103658574973538e-01 1.228096790374925584e+00 1.900000000000000000e+01 8.000000000000000000e+01 4.000000000000000000e+00
8.498218610478702750e-01 1.947782143264552346e+00 1.200000000000000000e+01 6.100000000000000000e+01 4.000000000000000000e+00
8.757530702526662436e-01 1.528971318896947151e+00 1.300000000000000000e+01 1.240000000000000000e+02 4.000000000000000000e+00
2.961438701008758390e-01 2.364490571710386180e-01 1.200000000000000000e+01 1.650000000000000000e+02 4.000000000000000000e+00
4.635595315682834450e-01 5.236586538986677253e-01 1.200000000000000000e+01 9.000000000000000000e+01 4.000000000000000000e+00
6.073031143540953414e-01 7.269031231674455418e-01 9.000000000000000000e+00 6.900000000000000000e+01 4.000000000000000000e+00
5.465461110146951906e-01 1.112741620125468955e+00 1.200000000000000000e+01 1.220000000000000000e+02 4.000000000000000000e+00
8.371700564929963617e-01 1.919612429347076432e+00 8.000000000000000000e+00 1.040000000000000000e+02 4.000000000000000000e+00
2.364177646940524014e-01 4.303040517608570648e-01 4.000000000000000000e+00 8.400000000000000000e+01 4.000000000000000000e+00
2.462366131432657673e-02 1.368102865776953669e-01 5.000000000000000000e+00 1.390000000000000000e+02 4.000000000000000000e+00
6.521076635351395756e-02 1.670761155496915507e+00 1.200000000000000000e+01 2.000000000000000000e+00 4.000000000000000000e+00
4.472391511058035896e-01 4.061102660669305697e-01 9.000000000000000000e+00 1.330000000000000000e+02 4.000000000000000000e+00
3.183124607873883960e-01 7.943671288381765061e-01 7.000000000000000000e+00 6.000000000000000000e+00 4.000000000000000000e+00
8.135669450233230515e-01 9.425806350310513837e-01 1.700000000000000000e+01 7.400000000000000000e+01 4.000000000000000000e+00
6.139511581563720233e-01 4.657531442080159456e-01 5.000000000000000000e+00 3.700000000000000000e+01 4.000000000000000000e+00
1.725603062544214250e-01 2.050334827649361369e+00 1.700000000000000000e+01 1.010000000000000000e+02 4.000000000000000000e+00
6.156745407716128771e-01 8.985629323771214816e-01 1.800000000000000000e+01 4.000000000000000000e+01 4.000000000000000000e+00
4.496031109944147452e-01 1.318933462739609430e+00 2.000000000000000000e+01 1.800000000000000000e+02 4.000000000000000000e+00
4.898411681190505407e-01 6.333699245103373565e-01 2.000000000000000000e+01 1.860000000000000000e+02 4.000000000000000000e+00
7.122000963413690489e-01 1.847907977675335156e-01 9.000000000000000000e+00 1.380000000000000000e+02 4.000000000000000000e+00
4.588030957439592772e-01 1.289081622054887522e+00 1.000000000000000000e+01 3.900000000000000000e+01 4.000000000000000000e+00
3.224600201298554181e-01 1.705303071955319938e+00 6.000000000000000000e+00 6.800000000000000000e+01 4.000000000000000000e+00
