-1.330961959016706260e+02
-1.020971199265731286e+02
-1.157261000185281716e+02
-1.330967700915300043e+02
-9.814480015462720530e+01
-1.151608207451786825e+02
-1.330933887339994044e+02
-1.128826864727664514e+02
-1.330515998608513826e+02
-1.010165297915752944e+02
-1.330967478057073947e+02
-9.687221678348545595e+01
-1.330462596267165907e+02
-9.735931333575329916e+01
-9.142335558024183229e+01
-9.528996839548746323e+01
-1.330970045086210121e+02
-1.328366545370187737e+02
-1.330967354396775306e+02
-1.112154684017537107e+02
-1.329034044533481733e+02
-9.771586062122668181e+01
-9.741686642901511561e+01
-1.082431517501051275e+02
-1.029193105913292356e+02
-1.214876277619243865e+02
-1.330959054040203853e+02
-1.266333079534087744e+02
-1.330808245662847753e+02
-1.328439234622637457e+02
-1.330968314733262048e+02
-8.927828662812189009e+01
-9.030419337484687503e+01
-1.330955546421350846e+02
-9.178378719079508130e+01
-9.253489262499768131e+01
-1.330965961817464631e+02
-9.099779132388395908e+01
-9.066921102043696123e+01
-1.106839859953821161e+02
-1.048935407742529691e+02
-1.284127979098842047e+02
-1.046159346360918931e+02
-1.330967010758300830e+02
-1.050259550759578815e+02
-1.330280931318188209e+02
-1.030990173081682997e+02
-1.250907082445644676e+02
-1.328727998139791850e+02
-9.273143366089368556e+01
-1.278396748633643227e+02
-1.278400692979538604e+02
-1.278392108975835697e+02
-1.032240026694569650e+02
-9.581291350921428318e+01
-1.114789508651343510e+02
-1.276668875643917289e+02
-1.278386429830244992e+02
-1.249350637952665721e+02
-9.265255239263282760e+01
-9.391237267570875247e+01
-1.035271608791928486e+02
-1.097457865611586811e+02
-1.278399137170805915e+02
-1.278398443813085379e+02
-1.278214021837078604e+02
-1.278397658131771379e+02
-1.247985787032856848e+02
-1.278391926258388764e+02
-1.159247200609507189e+02
-1.217116439066836335e+02
-1.122130854684408376e+02
-1.278400648800690078e+02
-1.278336202984107217e+02
-1.278399357220789199e+02
-1.278368929876443616e+02
-1.278399937154901806e+02
-1.238593408503822388e+02
-1.277904025675659341e+02
-1.187283496287301290e+02
-1.241702349936734180e+02
-1.278403253103536770e+02
-1.278396786457613956e+02
-1.278401035516140780e+02
-9.987727309310389501e+01
-1.277084304326872655e+02
-1.009308312872976074e+02
-1.278400251299572687e+02
-9.787074601047450528e+01
-1.278131855807772297e+02
-1.278395889003360821e+02
-1.278398689367082284e+02
-1.261087964531059811e+02
-1.278295710649028933e+02
-1.142574114480661081e+02
-1.276471513146372416e+02
-1.179700115979019444e+02
-8.978108373903641848e+01
-1.232527317900271839e+02
-1.278353546142288337e+02
-1.235615071152424775e+02
-1.169436590625724932e+02
-1.235573019312810743e+02
-1.022398482672151943e+02
-1.235591825799983781e+02
-1.225193535008399834e+02
-1.068512956254358670e+02
-1.083058743481802253e+02
-1.235615925171355372e+02
-1.144591432639708160e+02
-1.235600343641060306e+02
-1.058365072223278531e+02
-1.235567298227823585e+02
-1.235610627902165248e+02
-8.746332982820639756e+01
-1.010541305749821817e+02
-1.218667390684374823e+02
-9.274406010880336737e+01
-1.140125421679398556e+02
-1.227908667747493752e+02
-1.235292072822084037e+02
-1.020063603348590533e+02
-1.235598522103637436e+02
-1.072479813381016953e+02
-1.235615968295516751e+02
-8.637445464017713448e+01
-9.565504129945358613e+01
-8.578835031482505258e+01
-9.658461320877485434e+01
-9.986763552859142123e+01
-1.207627950137229362e+02
-1.209987849090307037e+02
-1.235611028685967199e+02
-9.502072751233939130e+01
-9.960882270430758467e+01
-1.235615492564949847e+02
-1.205987863261386082e+02
-1.233594248295953690e+02
-1.235561174612006710e+02
-1.118044922250258253e+02
-9.075751471989099173e+01
-1.235615334688673812e+02
-1.235385048634842349e+02
-1.133352780685397789e+02
-9.377612626695804465e+01
-8.859423045804439312e+01
-1.225984090876383306e+02
-1.235600873981108379e+02
-1.235614742739832934e+02
-8.708234710627134234e+01
-1.230437642191077714e+02
-8.929464334033659156e+01
-1.239421574923795788e+02
-1.239338611856723986e+02
-9.013519718536677772e+01
-8.688570870943968316e+01
-8.672362456816790655e+01
-8.769400363124850628e+01
-9.258144729405331930e+01
-1.239423248166202001e+02
-1.239422476934578725e+02
-1.172518475534006939e+02
-1.239423123029160649e+02
-1.143864151503382658e+02
-1.093212383213620171e+02
-1.139539839199787252e+02
-1.163942857557081538e+02
-1.177278031854443157e+02
-8.836004971779563277e+01
-1.236958840019570118e+02
-1.239365793647474021e+02
-1.072289939595559218e+02
-9.071248534089809823e+01
-1.239139642559316457e+02
-1.002380433254069487e+02
-8.933854990024103415e+01
-1.239422873412861463e+02
-1.239421691098273755e+02
-8.679362203020734512e+01
-8.787844711375541351e+01
-1.027141770041751982e+02
-9.037072090630434218e+01
-1.098154748753764807e+02
-8.543688294541942696e+01
-1.018037233121613383e+02
-1.232673573779553777e+02
-1.239423966081675275e+02
-8.797551863631890967e+01
-1.239264479707944560e+02
-1.225561483752748160e+02
-1.238591747844309197e+02
-1.237360088012385404e+02
-8.720996302395731448e+01
-1.222620158627620128e+02
-1.239422757554866195e+02
-1.235995828248029227e+02
-1.239423008996654261e+02
-9.940556007233583102e+01
-1.239346737686636999e+02
-1.239420127357653456e+02
-1.214689779425315805e+02
-1.118647814002565752e+02
-9.449187770633110972e+01
-8.928312378644844216e+01
-1.251428128063535752e+02
-1.251434705616456569e+02
-1.251432996125700470e+02
-1.251434189505323218e+02
-1.138479048121831170e+02
-1.206223592504254611e+02
-1.168632082096743545e+02
-1.251435388953049994e+02
-9.958177772124948035e+01
-1.251362304806200569e+02
-1.108417758909409088e+02
-1.251428163860509528e+02
-1.121842978843264689e+02
-1.248125205491948293e+02
-1.251435057566559124e+02
-1.196001772296251033e+02
-1.221894072756962970e+02
-1.251430139275837092e+02
-1.021458270846887615e+02
-1.145983909941778620e+02
-1.248259169097330812e+02
-1.106683396418331427e+02
-8.882442862706037090e+01
-1.250288484355064185e+02
-8.866488799556499600e+01
-1.251372523235030769e+02
-1.248131306155348739e+02
-1.251431467371187694e+02
-1.067211983887428346e+02
-1.251433680813176466e+02
-1.067862435007289150e+02
-1.251433891078739009e+02
-1.090423854803485426e+02
-1.208377266719458589e+02
-1.060719691927959047e+02
-1.248846245577881291e+02
-1.181546255144652093e+02
-1.251399154222971646e+02
-1.184633470083153526e+02
-1.249253909788975250e+02
-1.062672845072765000e+02
-1.150474635607744887e+02
-1.251427634201741199e+02
-1.204912605504546974e+02
-9.291847836381245429e+01
-1.112107209332816637e+02
