-1.330968101593255426e+02
-1.330950609897728611e+02
-1.142248892813889682e+02
-1.294110996701403167e+02
-1.330962990854029044e+02
-1.330964227400283448e+02
-1.326367536738150363e+02
-1.301817360602568101e+02
-1.330947323053408695e+02
-1.330965911220758926e+02
-1.330969619975682292e+02
-1.318696761371482751e+02
-1.160995896800088616e+02
-1.330964127564564876e+02
-1.330489590645236433e+02
-1.322554997436378699e+02
-9.971795769320338820e+01
-1.330951153124480015e+02
-1.329879224563069613e+02
-1.013359530326590061e+02
-9.215685968971887121e+01
-1.092945293099063235e+02
-9.892420481083370021e+01
-1.330933199169902537e+02
-1.310022174075978683e+02
-1.330596058505197448e+02
-1.330867089599516930e+02
-1.330966074734287190e+02
-1.015511629213680038e+02
-1.320668545052141951e+02
-1.330967650073258426e+02
-1.330948135155076386e+02
-1.330963425695459250e+02
-1.330775761078092501e+02
-1.188083364185926598e+02
-1.330968216368099206e+02
-1.330898156664626129e+02
-1.330968128227889054e+02
-9.533156836948877810e+01
-9.928593738212666153e+01
-1.330967386186180761e+02
-1.330959142139970766e+02
-1.330724106095923673e+02
-1.245035546952618688e+02
-1.330967880671754244e+02
-1.034429457114127331e+02
-9.991927861633567431e+01
-1.330966471465839334e+02
-1.330968534379904042e+02
-9.951722406360092066e+01
-1.234727774681786201e+02
-1.278398873078913738e+02
-1.081346777971861570e+02
-1.204357667451523781e+02
-1.276800766622037173e+02
-1.278364331094254283e+02
-9.679642896426172172e+01
-1.276899101189156909e+02
-1.278400660216571367e+02
-1.278400815191440358e+02
-8.781212421653228262e+01
-1.061126624721408120e+02
-1.240623072906056734e+02
-1.048275192974874130e+02
-1.278401319532818263e+02
-1.278371292650942337e+02
-1.047821849522565998e+02
-1.275345073391195569e+02
-1.068285941794008238e+02
-1.269637855118625112e+02
-1.278406923693258648e+02
-1.275313788205538117e+02
-1.198037597020086480e+02
-1.221559090855573544e+02
-1.146428208492354912e+02
-1.125674289621959190e+02
-9.750021366004685319e+01
-1.049691428532179032e+02
-1.278374598006291905e+02
-1.278368837893710150e+02
-1.052587275402279801e+02
-9.387024965042340341e+01
-1.202641620884116378e+02
-1.052234777208705339e+02
-1.278373996896465172e+02
-1.278376825034883666e+02
-1.278398331635968788e+02
-1.278356975199282459e+02
-1.278216768376596377e+02
-1.268800974996417921e+02
-1.278399812069573898e+02
-9.168104859415477392e+01
-1.278398115082062958e+02
-1.278400637336603012e+02
-8.915254624472207468e+01
-1.131725276485381642e+02
-1.095851703322295236e+02
-8.780363065015355062e+01
-8.871604050517935036e+01
-8.980190866576829478e+01
-1.235615386188349589e+02
-1.022023720796154294e+02
-1.210363958244861351e+02
-1.223285122891456496e+02
-1.235611582144574498e+02
-1.156567725930083270e+02
-1.156917896073692162e+02
-1.234068689926330222e+02
-1.079286670996868196e+02
-1.235378947127560281e+02
-1.229112023992692002e+02
-1.129434798067287176e+02
-1.224013775666925881e+02
-1.235224358845649988e+02
-1.105959136588722913e+02
-1.235614581105559182e+02
-1.235193064832886307e+02
-1.189864120990015834e+02
-1.051649397679397708e+02
-1.070047818221403872e+02
-1.233691645508534549e+02
-8.982058758555024269e+01
-1.121535339852769368e+02
-9.109526817645541996e+01
-1.029532010752692344e+02
-1.133579303268320331e+02
-1.234298648904879343e+02
-1.184313133893828933e+02
-1.028052505638505636e+02
-1.235615157677818701e+02
-1.235615454744800843e+02
-1.210594695488169208e+02
-9.098146103692155862e+01
-1.222797291281354006e+02
-1.235605741180116439e+02
-9.411106471628446002e+01
-1.044550135935034376e+02
-1.004245855918376691e+02
-1.207109331435107293e+02
-9.633944635779684518e+01
-8.688094231881071039e+01
-8.909918074947778166e+01
-1.178820519348144700e+02
-1.229622512202829228e+02
-1.165174769259178049e+02
-1.235610418564014026e+02
-1.131346529066556315e+02
-8.675026687477446785e+01
-1.235612017436160244e+02
-1.231665178048472882e+02
-8.828229979570801333e+01
-8.873429631652543037e+01
-1.239423202589716340e+02
-1.239423305533386070e+02
-1.239419058721587419e+02
-9.438693628920911749e+01
-1.239422884597704382e+02
-1.148392133938198327e+02
-1.231255823244511589e+02
-8.629724349102055214e+01
-1.239361281253297875e+02
-1.200895969561584877e+02
-9.626756563297512059e+01
-1.176565660937013007e+02
-9.167437386988773085e+01
-1.239419081574774566e+02
-8.693338534791436700e+01
-1.189835183416491020e+02
-1.239232283287957159e+02
-1.239380620803302975e+02
-1.227004961562545589e+02
-1.214585473911001969e+02
-1.239135079153070933e+02
-1.237839137936795879e+02
-1.183868064327901379e+02
-1.151487074559493635e+02
-1.239412211100168122e+02
-1.117628804980296735e+02
-1.239421830714977801e+02
-8.497935477723190445e+01
-8.976581062394070898e+01
-8.948484374667583552e+01
-9.161376827502927256e+01
-1.128421416372347181e+02
-1.173429346969977303e+02
-9.618101563061709669e+01
-1.075727870444823395e+02
-1.239423002787950878e+02
-1.239422867882818338e+02
-1.015727569310074614e+02
-9.820003894550052337e+01
-9.992176247236857023e+01
-1.069914462689464045e+02
-1.178185721982755894e+02
-1.155246034200127383e+02
-9.541117779021735146e+01
-1.239423078824359266e+02
-1.221490206484295840e+02
-1.239408682560689527e+02
-1.239420332420170467e+02
-1.194433295286675616e+02
-1.243431245102044329e+02
-1.248046612675367584e+02
-1.251432858484873236e+02
-1.242081245708402975e+02
-1.158500478373871516e+02
-1.251422223998233392e+02
-1.251065778992125814e+02
-1.251434033058164204e+02
-1.251434251626769765e+02
-1.251434432716680618e+02
-1.222818326843826924e+02
-1.251428294511333519e+02
-1.188891684399891062e+02
-8.902552403007408088e+01
-1.251434385490974677e+02
-1.192703817105695236e+02
-1.251430772493473285e+02
-1.244588595610173059e+02
-1.251434494865446823e+02
-1.251398931266909358e+02
-1.215142214084060157e+02
-1.251433650676648170e+02
-1.235498700760278439e+02
-1.054838070152880078e+02
-1.251079218514026650e+02
-1.251408298679273798e+02
-1.001221627318721517e+02
-1.251420451711592392e+02
-1.251432633171969400e+02
-1.251433199456286331e+02
-1.098341789024843536e+02
-9.019662078256956761e+01
-1.248617167689990595e+02
-1.251434393698744429e+02
-8.928827056293752662e+01
-1.160212364382223313e+02
-1.251154234422460263e+02
-1.251434496538017527e+02
-1.202478498689008717e+02
-1.251434626720921557e+02
-1.245732520428896208e+02
-1.251020705625023055e+02
-1.251433637894162416e+02
-1.091803222079717841e+02
-1.042071764603474691e+02
-1.243987165983541558e+02
-1.128108965840635136e+02
-1.251432568662376354e+02
-1.251182757702321737e+02
