8.938039595323367115e-01 5.492113245052024917e-01 1.600000000000000000e+01 1.300000000000000000e+01 0.000000000000000000e+00
5.981145620924268602e-01 4.611380493544164905e-01 3.000000000000000000e+00 1.780000000000000000e+02 0.000000000000000000e+00
8.986420462346564886e-01 8.958321661640694655e-01 1.800000000000000000e+01 2.000000000000000000e+02 0.000000000000000000e+00
7.557020408314221172e-01 1.293220219453989461e+00 9.000000000000000000e+00 1.990000000000000000e+02 0.000000000000000000e+00
6.361276216926307070e-01 7.859287727010185742e-01 1.900000000000000000e+01 1.570000000000000000e+02 0.000000000000000000e+00
1.670425705722335952e-01 1.003943128552561292e+00 1.300000000000000000e+01 1.770000000000000000e+02 0.000000000000000000e+00
1.088250035108086905e-01 1.973441750874672218e+00 6.000000000000000000e+00 1.980000000000000000e+02 0.000000000000000000e+00
5.495618265055701029e-02 3.787366037528486773e-01 1.500000000000000000e+01 1.740000000000000000e+02 0.000000000000000000e+00
1.658217236270188577e-01 1.803016839127955961e+00 2.000000000000000000e+01 1.160000000000000000e+02 0.000000000000000000e+00
5.564562097441634325e-01 3.372961908349133564e-01 1.700000000000000000e+01 1.110000000000000000e+02 0.000000000000000000e+00
3.135749319405168878e-01 7.734127109954526125e-01 2.000000000000000000e+01 1.060000000000000000e+02 0.000000000000000000e+00
8.317531234993640332e-01 6.763806603199405965e-01 1.100000000000000000e+01 1.010000000000000000e+02 0.000000000000000000e+00
1.303639999398531479e-01 3.363346921150197621e-01 1.600000000000000000e+01 1.960000000000000000e+02 0.000000000000000000e+00
9.247029003350980547e-01 1.463993205179459522e+00 5.000000000000000000e+00 1.060000000000000000e+02 0.000000000000000000e+00
9.547546063815502970e-01 1.305644036441789391e+00 3.000000000000000000e+00 1.490000000000000000e+02 0.000000000000000000e+00
1.925425194758156183e-02 7.467501761200344701e-01 2.000000000000000000e+01 1.250000000000000000e+02 0.000000000000000000e+00
1.478927353021566304e-01 1.387612802327218509e+00 8.000000000000000000e+00 7.000000000000000000e+00 0.000000000000000000e+00
5.570222042765470283e-01 8.882757523387841969e-01 1.200000000000000000e+01 1.060000000000000000e+02 0.000000000000000000e+00
8.987287868493276655e-01 1.358281388377097665e+00 1.000000000000000000e+00 1.400000000000000000e+01 0.000000000000000000e+00
4.014028276573979870e-01 1.150962002600704803e+00 1.700000000000000000e+01 1.790000000000000000e+02 0.000000000000000000e+00
4.662566410546753470e-01 1.167042438025218232e+00 5.000000000000000000e+00 8.900000000000000000e+01 0.000000000000000000e+00
1.659255695768033778e-01 8.112891140221932806e-01 1.100000000000000000e+01 2.800000000000000000e+01 0.000000000000000000e+00
4.949970346786278785e-01 2.484491424248828351e-01 1.900000000000000000e+01 3.900000000000000000e+01 0.000000000000000000e+00
3.525557106581853617e-01 8.956577548072818251e-01 8.000000000000000000e+00 6.600000000000000000e+01 0.000000000000000000e+00
1.325335935416580568e-01 1.729047522479167709e+00 1.100000000000000000e+01 1.550000000000000000e+02 0.000000000000000000e+00
2.259070394427419720e-02 2.239443821074814933e-01 1.300000000000000000e+01 5.200000000000000000e+01 0.000000000000000000e+00
5.277665881040658480e-01 1.057262304852987000e+00 3.000000000000000000e+00 1.540000000000000000e+02 0.000000000000000000e+00
7.973952884636859029e-01 3.617028365341566909e-01 1.200000000000000000e+01 1.860000000000000000e+02 0.000000000000000000e+00
2.718283029011991231e-02 2.059743106927676592e+00 9.000000000000000000e+00 3.200000000000000000e+01 0.000000000000000000e+00
1.234107647597288832e-01 1.983316683338883557e+00 1.900000000000000000e+01 1.170000000000000000e+02 0.000000000000000000e+00
8.644569430531925391e-01 1.358915282499643773e+00 1.600000000000000000e+01 1.850000000000000000e+02 0.000000000000000000e+00
3.939067576038820517e-01 7.870269586520614036e-01 3.000000000000000000e+00 5.500000000000000000e+01 0.000000000000000000e+00
4.818319388283071047e-01 9.706347312529272076e-01 1.000000000000000000e+01 1.300000000000000000e+02 0.000000000000000000e+00
7.073792496393329632e-01 6.978585454194551341e-01 7.000000000000000000e+00 4.600000000000000000e+01 0.000000000000000000e+00
6.036708034322212785e-02 1.915114822876203826e+00 1.200000000000000000e+01 1.030000000000000000e+02 0.000000000000000000e+00
1.001097155887213486e+00 1.749112853814782209e+00 4.000000000000000000e+00 1.800000000000000000e+01 0.000000000000000000e+00
9.076241238753176566e-01 1.023075227666701226e+00 1.200000000000000000e+01 6.500000000000000000e+01 0.000000000000000000e+00
8.934391657517650742e-01 6.887676326999067067e-01 1.600000000000000000e+01 1.580000000000000000e+02 0.000000000000000000e+00
6.275500878670017268e-01 1.435973229846836841e+00 1.800000000000000000e+01 1.840000000000000000e+02 0.000000000000000000e+00
1.846558025711491080e-01 1.423677251970711710e+00 6.000000000000000000e+00 6.000000000000000000e+00 0.000000000000000000e+00
1.784025265661709492e-01 3.409355827167112052e-01 1.600000000000000000e+01 1.240000000000000000e+02 0.000000000000000000e+00
1.055457981816024654e-01 2.648257939777730607e-01 1.300000000000000000e+01 8.000000000000000000e+01 0.000000000000000000e+00
6.646703388494098474e-01 7.288523897886022285e-01 1.300000000000000000e+01 7.100000000000000000e+01 0.000000000000000000e+00
2.824615284960964035e-01 1.327367401617587594e+00 1.100000000000000000e+01 7.800000000000000000e+01 0.000000000000000000e+00
8.970609047231646593e-02 1.872846684473427725e+00 6.000000000000000000e+00 1.610000000000000000e+02 0.000000000000000000e+00
4.203036951277571154e-01 1.001259399397844696e+00 2.000000000000000000e+00 1.500000000000000000e+02 0.000000000000000000e+00
3.225799480027776722e-01 1.589672685283217035e+00 1.900000000000000000e+01 1.310000000000000000e+02 0.000000000000000000e+00
6.001038832481162544e-01 1.771642974202967347e+00 2.000000000000000000e+00 9.200000000000000000e+01 0.000000000000000000e+00
6.670106276188892958e-01 1.055415960485763138e+00 1.000000000000000000e+00 1.850000000000000000e+02 0.000000000000000000e+00
8.745863602995795905e-01 2.329792983841515730e-01 1.100000000000000000e+01 9.600000000000000000e+01 0.000000000000000000e+00
3.642247797805476806e-01 4.222150660877156403e-01 1.400000000000000000e+01 1.680000000000000000e+02 1.000000000000000000e+00
5.778766115138518344e-01 1.423662463287648894e+00 2.000000000000000000e+01 2.600000000000000000e+01 1.000000000000000000e+00
4.417035379785940741e-01 1.329302735677450054e+00 1.900000000000000000e+01 3.800000000000000000e+01 1.000000000000000000e+00
8.216771221611830489e-01 1.013062552038281439e+00 1.000000000000000000e+00 1.550000000000000000e+02 1.000000000000000000e+00
6.396677720522262467e-01 2.084605836831028736e+00 1.200000000000000000e+01 5.300000000000000000e+01 1.000000000000000000e+00
2.169547575192246613e-01 3.849216365890512082e-01 1.500000000000000000e+01 9.400000000000000000e+01 1.000000000000000000e+00
8.197629059359252679e-01 1.744868707391716844e+00 1.000000000000000000e+01 1.140000000000000000e+02 1.000000000000000000e+00
4.703690882991661271e-01 1.833165839641736294e+00 2.000000000000000000e+00 1.570000000000000000e+02 1.000000000000000000e+00
5.688996551129549273e-01 9.259584698944934855e-01 2.000000000000000000e+00 1.290000000000000000e+02 1.000000000000000000e+00
3.483698698346300304e-01 1.118933917314516302e+00 7.000000000000000000e+00 1.200000000000000000e+02 1.000000000000000000e+00
2.197765420157259814e-02 1.115115599409925329e+00 1.100000000000000000e+01 5.500000000000000000e+01 1.000000000000000000e+00
6.023873457572564982e-01 7.096223581663286817e-01 1.900000000000000000e+01 8.500000000000000000e+01 1.000000000000000000e+00
2.998129299323478714e-01 2.012360066385667334e+00 1.800000000000000000e+01 1.940000000000000000e+02 1.000000000000000000e+00
1.044921579140142137e-01 1.030272414303914585e+00 2.000000000000000000e+00 3.000000000000000000e+01 1.000000000000000000e+00
6.891330095148938406e-02 9.557373385459214665e-01 1.200000000000000000e+01 1.800000000000000000e+01 1.000000000000000000e+00
2.582265524271930568e-01 1.851837367763430109e+00 1.200000000000000000e+01 3.700000000000000000e+01 1.000000000000000000e+00
1.853166931659393502e-01 5.376694846205144485e-01 4.000000000000000000e+00 1.880000000000000000e+02 1.000000000000000000e+00
6.728633668144416990e-01 1.457812111423720802e+00 1.200000000000000000e+01 1.990000000000000000e+02 1.000000000000000000e+00
2.824673047902113154e-01 2.102588921507723418e-01 1.000000000000000000e+01 6.300000000000000000e+01 1.000000000000000000e+00
9.325337711301229238e-01 3.967409346614944043e-01 7.000000000000000000e+00 1.390000000000000000e+02 1.000000000000000000e+00
7.134622149019917980e-01 1.528481687466350047e+00 1.900000000000000000e+01 1.580000000000000000e+02 1.000000000000000000e+00
2.023045934950986613e-01 1.644865108799319353e+00 7.000000000000000000e+00 1.040000000000000000e+02 1.000000000000000000e+00
9.850865248846193412e-01 1.276740923554578355e+00 2.000000000000000000e+01 1.030000000000000000e+02 1.000000000000000000e+00
8.475399903612457209e-01 2.262729715629882288e-01 1.700000000000000000e+01 1.190000000000000000e+02 1.000000000000000000e+00
5.238073932977616032e-01 1.021676846473196676e+00 1.400000000000000000e+01 7.200000000000000000e+01 1.000000000000000000e+00
9.476904105863043215e-01 6.937395571787491333e-01 1.800000000000000000e+01 7.300000000000000000e+01 1.000000000000000000e+00
8.286383179421169531e-01 1.505728760526415133e+00 1.200000000000000000e+01 1.600000000000000000e+01 1.000000000000000000e+00
5.047060549863823242e-01 9.191387920328518701e-01 3.000000000000000000e+00 1.170000000000000000e+02 1.000000000000000000e+00
4.573396580943932949e-02 7.354545873427801306e-01 1.700000000000000000e+01 1.930000000000000000e+02 1.000000000000000000e+00
2.097840450898911246e-01 4.312279033774047976e-01 1.000000000000000000e+00 1.850000000000000000e+02 1.000000000000000000e+00
3.304201479557803411e-01 9.494814900727587270e-01 1.200000000000000000e+01 4.000000000000000000e+01 1.000000000000000000e+00
8.651618346318600272e-01 1.402124697672023856e+00 8.000000000000000000e+00 9.000000000000000000e+00 1.000000000000000000e+00
2.514794259555701572e-01 2.097154661053543201e+00 1.800000000000000000e+01 1.840000000000000000e+02 1.000000000000000000e+00
7.974506158204131001e-01 5.035651990910382514e-01 1.000000000000000000e+01 1.000000000000000000e+01 1.000000000000000000e+00
8.671940684976481295e-01 1.818371533214943270e+00 6.000000000000000000e+00 7.300000000000000000e+01 1.000000000000000000e+00
9.916780378037670651e-01 6.066138745711709968e-01 1.100000000000000000e+01 1.680000000000000000e+02 1.000000000000000000e+00
3.113113912722201837e-01 1.528017183204219975e+00 1.800000000000000000e+01 1.300000000000000000e+02 1.000000000000000000e+00
3.768700620076340657e-01 2.025816364738349584e+00 6.000000000000000000e+00 1.860000000000000000e+02 1.000000000000000000e+00
2.224298578374585000e-01 2.077199291747690690e+00 1.100000000000000000e+01 1.810000000000000000e+02 1.000000000000000000e+00
5.491329072657579191e-01 2.891150846563280696e-01 2.000000000000000000e+01 1.080000000000000000e+02 1.000000000000000000e+00
1.632363310959690228e-01 2.005000908165682105e+00 7.000000000000000000e+00 1.280000000000000000e+02 1.000000000000000000e+00
3.436128057977018146e-01 2.055450472529676276e+00 9.000000000000000000e+00 1.840000000000000000e+02 1.000000000000000000e+00
1.058544735467077252e-01 1.205433224853622365e+00 8.000000000000000000e+00 1.290000000000000000e+02 1.000000000000000000e+00
3.884032798242111895e-01 1.060328149682437937e+00 1.000000000000000000e+00 1.660000000000000000e+02 1.000000000000000000e+00
2.831890995302865227e-02 1.920445371419409408e+00 9.000000000000000000e+00 7.400000000000000000e+01 1.000000000000000000e+00
9.440376864943195168e-01 1.598200793470460346e-01 7.000000000000000000e+00 3.500000000000000000e+01 1.000000000000000000e+00
3.600511031581186128e-01 1.903444873992627073e+00 1.800000000000000000e+01 1.250000000000000000e+02 1.000000000000000000e+00
1.472711012126542984e-01 4.516956697234849605e-01 2.000000000000000000e+01 2.000000000000000000e+01 1.000000000000000000e+00
9.491168625971614370e-01 1.290391719832892248e+00 1.000000000000000000e+00 1.270000000000000000e+02 1.000000000000000000e+00
1.815239529339084390e-01 1.768812517445441657e+00 1.800000000000000000e+01 3.900000000000000000e+01 1.000000000000000000e+00
1.389228650119859187e-01 1.581364060564325991e+00 1.100000000000000000e+01 8.000000000000000000e+00 2.000000000000000000e+00
6.663345743918449582e-01 1.463024786525741971e+00 1.800000000000000000e+01 5.400000000000000000e+01 2.000000000000000000e+00
6.827576281138046932e-01 1.057216331304147383e+00 5.000000000000000000e+00 1.260000000000000000e+02 2.000000000000000000e+00
1.869478003344978712e-01 1.061010491872140360e+00 1.800000000000000000e+01 1.330000000000000000e+02 2.000000000000000000e+00
4.755260319273885150e-01 3.261591203398727101e-01 1.300000000000000000e+01 6.500000000000000000e+01 2.000000000000000000e+00
1.706692889890604192e-01 4.724146124793199286e-01 2.000000000000000000e+01 1.980000000000000000e+02 2.000000000000000000e+00
1.656258596340863809e-01 2.047485147689257268e+00 1.900000000000000000e+01 5.000000000000000000e+01 2.000000000000000000e+00
2.350962372768382602e-01 1.617046186566317489e+00 1.900000000000000000e+01 1.060000000000000000e+02 2.000000000000000000e+00
4.354267859269955049e-02 1.275007856285933494e+00 1.800000000000000000e+01 3.700000000000000000e+01 2.000000000000000000e+00
2.940143754334111764e-02 2.342586687731095518e-01 2.000000000000000000e+01 3.800000000000000000e+01 2.000000000000000000e+00
3.205302706925658995e-01 6.911446600276233143e-01 3.000000000000000000e+00 5.300000000000000000e+01 2.000000000000000000e+00
5.901506402695326781e-01 3.654085303426616305e-01 1.900000000000000000e+01 1.460000000000000000e+02 2.000000000000000000e+00
8.263039055108131192e-01 6.647321804492455355e-01 1.500000000000000000e+01 1.510000000000000000e+02 2.000000000000000000e+00
9.490745615427340631e-01 1.641049083579516399e+00 1.300000000000000000e+01 6.600000000000000000e+01 2.000000000000000000e+00
7.505952663299814143e-01 1.749868121098600460e+00 2.000000000000000000e+01 1.000000000000000000e+01 2.000000000000000000e+00
3.866132568677070891e-01 4.482005445555682366e-01 3.000000000000000000e+00 5.400000000000000000e+01 2.000000000000000000e+00
9.394351262478367603e-01 1.848957127002183454e-01 4.000000000000000000e+00 1.080000000000000000e+02 2.000000000000000000e+00
2.749151897083190743e-01 1.035089348782100904e+00 3.000000000000000000e+00 1.930000000000000000e+02 2.000000000000000000e+00
7.800671250569141124e-01 1.396844379424536930e-01 1.400000000000000000e+01 1.680000000000000000e+02 2.000000000000000000e+00
5.682039050031862937e-01 2.022796833396885319e+00 1.800000000000000000e+01 4.900000000000000000e+01 2.000000000000000000e+00
5.244713189054840408e-01 1.614339110387069454e+00 2.000000000000000000e+00 1.840000000000000000e+02 2.000000000000000000e+00
6.583148925465717172e-01 6.269221418746832031e-01 1.400000000000000000e+01 1.860000000000000000e+02 2.000000000000000000e+00
3.364916510109973169e-01 5.564081291335697399e-01 1.800000000000000000e+01 1.350000000000000000e+02 2.000000000000000000e+00
3.447916132266136691e-01 1.999808772324804584e+00 6.000000000000000000e+00 6.000000000000000000e+01 2.000000000000000000e+00
6.611455250709176168e-01 2.015635452918139059e+00 3.000000000000000000e+00 1.660000000000000000e+02 2.000000000000000000e+00
2.299978199706511628e-01 1.751121008091968578e+00 8.000000000000000000e+00 1.340000000000000000e+02 2.000000000000000000e+00
3.535200176643175096e-01 1.625354232341916116e+00 1.900000000000000000e+01 1.040000000000000000e+02 2.000000000000000000e+00
3.252953291529970814e-01 1.037204726257030529e+00 4.000000000000000000e+00 1.990000000000000000e+02 2.000000000000000000e+00
6.868114085372513111e-01 1.208017845353389630e+00 9.000000000000000000e+00 1.470000000000000000e+02 2.000000000000000000e+00
3.794940362203015338e-01 1.955646404976513431e+00 1.100000000000000000e+01 2.000000000000000000e+00 2.000000000000000000e+00
9.155577680880944147e-01 1.751100249521115426e+00 2.000000000000000000e+00 2.600000000000000000e+01 2.000000000000000000e+00
1.383571585704271856e-01 1.214364821102254854e+00 1.700000000000000000e+01 1.150000000000000000e+02 2.000000000000000000e+00
3.671271836054891269e-01 1.714985890840619698e+00 1.000000000000000000e+01 1.020000000000000000e+02 2.000000000000000000e+00
6.574454440701577029e-01 4.481117407233866645e-01 1.100000000000000000e+01 9.000000000000000000e+00 2.000000000000000000e+00
2.809747027238259642e-01 3.711845103923124833e-01 4.000000000000000000e+00 5.100000000000000000e+01 2.000000000000000000e+00
9.140607088764755028e-01 1.792422778705114572e+00 1.100000000000000000e+01 1.670000000000000000e+02 2.000000000000000000e+00
6.824492323697797236e-01 4.835637023068289908e-01 1.300000000000000000e+01 1.850000000000000000e+02 2.000000000000000000e+00
7.556936295717217034e-01 1.102842733184713764e-01 4.000000000000000000e+00 1.300000000000000000e+01 2.000000000000000000e+00
5.820456268951939016e-01 4.178811010776183332e-01 1.600000000000000000e+01 1.440000000000000000e+02 2.000000000000000000e+00
9.021759683402144070e-01 4.424588744524037276e-01 1.900000000000000000e+01 1.240000000000000000e+02 2.000000000000000000e+00
8.961616210150220585e-01 1.271068375921164284e+00 3.000000000000000000e+00 1.130000000000000000e+02 2.000000000000000000e+00
4.724200431913404968e-02 6.649565575679626805e-01 5.000000000000000000e+00 2.600000000000000000e+01 2.000000000000000000e+00
5.004095853104121305e-01 9.782201499755766028e-01 1.000000000000000000e+00 1.100000000000000000e+02 2.000000000000000000e+00
8.596766203934274042e-01 1.672393871882253080e+00 1.800000000000000000e+01 7.900000000000000000e+01 2.000000000000000000e+00
6.009089043637824146e-01 1.564229496201663405e+00 6.000000000000000000e+00 8.000000000000000000e+01 2.000000000000000000e+00
2.345207581895913246e-02 3.590335619601766615e-01 1.700000000000000000e+01 1.720000000000000000e+02 2.000000000000000000e+00
9.699952726377681911e-01 1.585838708810485720e+00 9.000000000000000000e+00 1.600000000000000000e+01 2.000000000000000000e+00
4.925647967894943857e-01 1.893894708157836559e+00 1.000000000000000000e+01 1.910000000000000000e+02 2.000000000000000000e+00
8.076714736327026412e-01 1.769362838024644002e+00 8.000000000000000000e+00 5.600000000000000000e+01 2.000000000000000000e+00
2.800352885923694801e-01 4.866557349770831431e-01 1.000000000000000000e+01 8.900000000000000000e+01 2.000000000000000000e+00
7.707988478751578443e-01 1.970696285625804345e+00 1.900000000000000000e+01 1.310000000000000000e+02 3.000000000000000000e+00
1.542001388904331582e-01 1.128424498953654043e+00 1.800000000000000000e+01 1.530000000000000000e+02 3.000000000000000000e+00
4.483539021771949518e-01 1.551972981425015163e+00 1.400000000000000000e+01 2.700000000000000000e+01 3.000000000000000000e+00
1.599716426172245187e-01 5.114492687882955524e-01 6.000000000000000000e+00 1.500000000000000000e+02 3.000000000000000000e+00
2.895317894087600513e-02 1.373118319065503856e+00 5.000000000000000000e+00 1.270000000000000000e+02 3.000000000000000000e+00
9.274982141349350506e-01 1.416768386719594874e-01 6.000000000000000000e+00 1.380000000000000000e+02 3.000000000000000000e+00
6.742513310056534870e-01 1.974421294841275820e+00 1.400000000000000000e+01 6.000000000000000000e+01 3.000000000000000000e+00
8.581777795365604922e-01 1.674688964968140015e+00 8.000000000000000000e+00 6.500000000000000000e+01 3.000000000000000000e+00
9.089721837904177759e-01 1.850812328551411312e+00 5.000000000000000000e+00 1.620000000000000000e+02 3.000000000000000000e+00
3.471717524387880616e-01 1.052251835731366825e+00 6.000000000000000000e+00 6.200000000000000000e+01 3.000000000000000000e+00
4.934170711146467214e-01 1.554171935465161747e+00 1.800000000000000000e+01 1.860000000000000000e+02 3.000000000000000000e+00
5.163032063474251032e-01 5.380915346511910835e-01 1.700000000000000000e+01 1.600000000000000000e+01 3.000000000000000000e+00
3.854739177268688977e-01 1.811524702872412185e+00 1.100000000000000000e+01 9.700000000000000000e+01 3.000000000000000000e+00
2.801276933882412140e-02 1.561070027712213815e+00 5.000000000000000000e+00 1.920000000000000000e+02 3.000000000000000000e+00
9.054889740041833779e-01 1.626369255648573597e+00 4.000000000000000000e+00 1.890000000000000000e+02 3.000000000000000000e+00
2.738912825403878593e-01 1.028610858153115926e+00 8.000000000000000000e+00 1.500000000000000000e+01 3.000000000000000000e+00
5.893497842387902530e-01 3.550909300079464481e-01 9.000000000000000000e+00 7.000000000000000000e+00 3.000000000000000000e+00
3.209037059081983889e-01 1.776469086359154570e+00 2.000000000000000000e+01 1.310000000000000000e+02 3.000000000000000000e+00
8.914282223727068022e-01 1.338268313476126847e+00 2.000000000000000000e+00 1.310000000000000000e+02 3.000000000000000000e+00
7.889561952063371686e-02 7.153530848021888433e-01 1.500000000000000000e+01 9.000000000000000000e+01 3.000000000000000000e+00
8.486120715228094580e-02 4.376830973375641642e-01 9.000000000000000000e+00 1.800000000000000000e+02 3.000000000000000000e+00
8.032362092687769239e-01 3.063331736640039216e-01 1.100000000000000000e+01 6.200000000000000000e+01 3.000000000000000000e+00
3.431217000952563323e-01 1.351065540819478050e+00 1.400000000000000000e+01 8.700000000000000000e+01 3.000000000000000000e+00
9.276356274460533236e-01 1.439824679525160134e+00 4.000000000000000000e+00 2.800000000000000000e+01 3.000000000000000000e+00
6.016642910794035570e-01 3.522075952525197673e-01 1.100000000000000000e+01 5.000000000000000000e+00 3.000000000000000000e+00
2.860028825972820155e-01 1.737762169534309509e+00 7.000000000000000000e+00 1.720000000000000000e+02 3.000000000000000000e+00
7.499035843147459079e-01 5.258386556724404803e-01 2.000000000000000000e+01 1.570000000000000000e+02 3.000000000000000000e+00
7.445716933330868148e-01 8.373012317844200636e-01 9.000000000000000000e+00 1.980000000000000000e+02 3.000000000000000000e+00
6.703910049877480348e-02 1.657361031610334656e+00 2.000000000000000000e+00 7.300000000000000000e+01 3.000000000000000000e+00
5.028532274889567777e-01 5.186563202700850139e-01 1.100000000000000000e+01 7.000000000000000000e+00 3.000000000000000000e+00
9.997146426566137778e-02 6.532491307335240860e-01 1.800000000000000000e+01 4.700000000000000000e+01 3.000000000000000000e+00
3.549925584290398728e-01 1.240900798592629029e+00 3.000000000000000000e+00 7.800000000000000000e+01 3.000000000000000000e+00
4.056129030344524100e-01 1.362284425983201208e+00 7.000000000000000000e+00 7.300000000000000000e+01 3.000000000000000000e+00
6.112444124618771069e-01 1.659533754276510509e+00 1.200000000000000000e+01 1.340000000000000000e+02 3.000000000000000000e+00
3.349595650989070084e-01 1.133260855322173688e+00 1.900000000000000000e+01 1.120000000000000000e+02 3.000000000000000000e+00
4.403699443310519213e-01 2.672904856781989080e-01 1.000000000000000000e+00 1.450000000000000000e+02 3.000000000000000000e+00
2.837409702292801317e-01 1.024558901074855699e+00 1.500000000000000000e+01 4.400000000000000000e+01 3.000000000000000000e+00
5.197194870456097737e-01 5.785218297663875520e-01 1.000000000000000000e+01 1.400000000000000000e+02 3.000000000000000000e+00
9.631696597706320695e-01 1.490482419026974537e+00 1.800000000000000000e+01 1.640000000000000000e+02 3.000000000000000000e+00
1.915243915186820578e-01 1.228214104971127485e+00 1.800000000000000000e+01 1.160000000000000000e+02 3.000000000000000000e+00
8.974066555855541027e-01 1.034153504241256405e+00 1.000000000000000000e+01 5.300000000000000000e+01 3.000000000000000000e+00
9.679977412670978110e-01 1.949812825523235427e+00 1.000000000000000000e+00 6.900000000000000000e+01 3.000000000000000000e+00
7.269142234373903166e-01 1.504445490882474257e+00 7.000000000000000000e+00 3.600000000000000000e+01 3.000000000000000000e+00
7.467992156386096259e-01 1.206570117626179384e+00 1.300000000000000000e+01 1.880000000000000000e+02 3.000000000000000000e+00
3.710803707738472568e-01 6.839611599888263394e-01 1.000000000000000000e+01 1.700000000000000000e+01 3.000000000000000000e+00
3.655876597225796720e-01 8.731869260894461471e-01 1.500000000000000000e+01 1.120000000000000000e+02 3.000000000000000000e+00
3.567518305881510754e-01 1.843902854814783554e+00 1.800000000000000000e+01 6.300000000000000000e+01 3.000000000000000000e+00
7.671532534572469419e-01 1.022689620409442002e+00 1.900000000000000000e+01 3.100000000000000000e+01 3.000000000000000000e+00
3.050886117590155822e-01 1.452487104118055150e+00 1.000000000000000000e+01 2.500000000000000000e+01 3.000000000000000000e+00
7.244653573701498317e-01 3.065574814971542272e-01 9.000000000000000000e+00 1.610000000000000000e+02 3.000000000000000000e+00
5.469666610881759317e-01 6.616096207549367891e-01 6.000000000000000000e+00 7.600000000000000000e+01 4.000000000000000000e+00
6.272442608609998249e-01 1.397811742152277770e+00 7.000000000000000000e+00 2.000000000000000000e+00 4.000000000000000000e+00
6.227724648743632185e-01 1.532718176769547913e+00 1.200000000000000000e+01 3.200000000000000000e+01 4.000000000000000000e+00
4.613420316723995107e-01 1.382017416098623386e+00 1.500000000000000000e+01 1.500000000000000000e+01 4.000000000000000000e+00
6.881374822082558795e-01 1.674398652749673699e+00 1.300000000000000000e+01 1.110000000000000000e+02 4.000000000000000000e+00
9.460292416884527045e-01 9.775746998871238658e-01 1.000000000000000000e+00 6.900000000000000000e+01 4.000000000000000000e+00
9.087745120402261900e-01 1.732557930136650048e+00 1.700000000000000000e+01 2.900000000000000000e+01 4.000000000000000000e+00
5.879194734952554180e-01 1.376055137533960471e+00 2.000000000000000000e+01 1.000000000000000000e+02 4.000000000000000000e+00
9.665948902620927763e-01 6.656762381203614742e-01 5.000000000000000000e+00 1.790000000000000000e+02 4.000000000000000000e+00
3.303447385680029491e-01 1.368832824048417551e+00 3.000000000000000000e+00 1.910000000000000000e+02 4.000000000000000000e+00
9.438733574472936150e-01 1.215499234024835840e+00 1.500000000000000000e+01 1.520000000000000000e+02 4.000000000000000000e+00
8.046012192818856601e-01 7.972182660268615217e-01 7.000000000000000000e+00 1.770000000000000000e+02 4.000000000000000000e+00
2.526709593857814351e-01 8.463162268804395039e-01 1.000000000000000000e+01 7.900000000000000000e+01 4.000000000000000000e+00
8.491597640693705484e-01 6.589838984068184802e-01 9.000000000000000000e+00 1.070000000000000000e+02 4.000000000000000000e+00
7.938407845595456536e-01 1.676814851348650048e+00 1.900000000000000000e+01 1.850000000000000000e+02 4.000000000000000000e+00
7.779307932594226038e-01 1.250508245505258520e+00 1.600000000000000000e+01 1.300000000000000000e+01 4.000000000000000000e+00
8.818493068118040679e-01 1.920728089868251498e+00 1.400000000000000000e+01 8.700000000000000000e+01 4.000000000000000000e+00
9.056551889932381583e-01 1.613164379137681959e+00 2.000000000000000000e+00 4.100000000000000000e+01 4.000000000000000000e+00
8.230337042924688040e-01 7.047067053255186009e-01 1.700000000000000000e+01 1.750000000000000000e+02 4.000000000000000000e+00
2.216646358658584948e-01 1.237677990528086858e-01 4.000000000000000000e+00 1.490000000000000000e+02 4.000000000000000000e+00
8.790197200697725810e-01 3.441790943093224753e-01 9.000000000000000000e+00 1.430000000000000000e+02 4.000000000000000000e+00
3.234887020431709281e-01 1.612998303675835299e+00 1.800000000000000000e+01 4.200000000000000000e+01 4.000000000000000000e+00
6.292261099594184115e-01 2.895006799294125299e-01 2.000000000000000000e+00 7.200000000000000000e+01 4.000000000000000000e+00
1.623167936365964986e-02 1.914385990585572905e+00 1.000000000000000000e+01 1.840000000000000000e+02 4.000000000000000000e+00
1.462396336089047955e-01 1.004466636331049934e+00 1.000000000000000000e+01 2.900000000000000000e+01 4.000000000000000000e+00
5.865311165467256699e-02 2.859921726752031601e-01 7.000000000000000000e+00 1.350000000000000000e+02 4.000000000000000000e+00
3.008055018610314990e-01 1.995832264617176888e+00 2.000000000000000000e+01 7.300000000000000000e+01 4.000000000000000000e+00
9.626646870956527824e-01 8.939142734013522107e-01 1.000000000000000000e+01 6.900000000000000000e+01 4.000000000000000000e+00
9.738524094802981645e-01 1.244592218001624229e+00 1.100000000000000000e+01 1.720000000000000000e+02 4.000000000000000000e+00
9.328477228991981507e-01 1.101403157896270413e+00 6.000000000000000000e+00 2.900000000000000000e+01 4.000000000000000000e+00
2.869207997922278430e-01 1.178432937592801100e+00 1.500000000000000000e+01 4.700000000000000000e+01 4.000000000000000000e+00
4.963840879392545924e-01 1.227249021291478392e+00 2.000000000000000000e+01 1.410000000000000000e+02 4.000000000000000000e+00
8.963317269702082424e-01 1.977444669436407176e+00 1.300000000000000000e+01 1.130000000000000000e+02 4.000000000000000000e+00
4.810253005349467426e-01 3.533318152679648660e-01 2.000000000000000000e+00 3.400000000000000000e+01 4.000000000000000000e+00
5.933117514415656713e-01 6.089764864043761827e-01 1.700000000000000000e+01 7.100000000000000000e+01 4.000000000000000000e+00
6.187783798778814237e-01 2.092916558337589272e+00 1.700000000000000000e+01 5.500000000000000000e+01 4.000000000000000000e+00
8.672775883059877788e-01 3.939034076014894525e-01 1.100000000000000000e+01 1.700000000000000000e+02 4.000000000000000000e+00
1.657795116565321525e-01 1.161744767505131781e+00 1.500000000000000000e+01 1.000000000000000000e+00 4.000000000000000000e+00
8.805956637713050483e-01 3.867160508339243519e-01 5.000000000000000000e+00 1.100000000000000000e+02 4.000000000000000000e+00
7.077782652607617075e-01 1.962246341329125121e+00 1.000000000000000000e+01 1.450000000000000000e+02 4.000000000000000000e+00
2.874612153919744451e-01 7.001141748065434767e-01 2.000000000000000000e+00 1.300000000000000000e+02 4.000000000000000000e+00
9.940385562894303584e-02 5.087940625212498125e-01 7.000000000000000000e+00 2.900000000000000000e+01 4.000000000000000000e+00
8.660325297064680461e-01 1.714600473345301967e+00 2.000000000000000000e+00 9.500000000000000000e+01 4.000000000000000000e+00
6.800966084184666416e-01 1.788186401276936621e+00 1.000000000000000000e+00 1.770000000000000000e+02 4.000000000000000000e+00
2.936609224495337900e-01 5.415846028350371766e-01 1.700000000000000000e+01 1.700000000000000000e+02 4.000000000000000000e+00
6.274378121578308987e-01 1.218426367487130069e+00 8.000000000000000000e+00 9.200000000000000000e+01 4.000000000000000000e+00
6.577618380760195949e-02 1.781842353044813310e+00 3.000000000000000000e+00 6.000000000000000000e+01 4.000000000000000000e+00
6.809834422383779229e-01 9.210869057563947360e-01 9.000000000000000000e+00 1.130000000000000000e+02 4.000000000000000000e+00
9.528501226500590837e-01 7.228604707793427897e-01 1.000000000000000000e+00 1.370000000000000000e+02 4.000000000000000000e+00
7.389310399570846177e-02 1.451030611709101636e+00 3.000000000000000000e+00 4.200000000000000000e+01 4.000000000000000000e+00
