-1.330968177506987900e+02
-1.189995222527869885e+02
-1.330965495422981917e+02
-1.328584657402619769e+02
-1.027915154607335495e+02
-1.330968166895625018e+02
-1.330758321492787104e+02
-1.180979117563202720e+02
-1.330968570838557810e+02
-1.240737808850362853e+02
-1.328028437714719132e+02
-1.330968880711639599e+02
-1.330408273374664816e+02
-8.887850022232500180e+01
-1.291755933615993115e+02
-1.330735323858559696e+02
-1.120749857631856372e+02
-1.095373968757581480e+02
-9.898694716890248912e+01
-1.212414692959736158e+02
-1.330967939138716645e+02
-1.330370597102981094e+02
-1.289728793067301922e+02
-1.330967173258889602e+02
-1.104835157260547760e+02
-9.104183785963989806e+01
-1.330967004805725082e+02
-1.235128006897663937e+02
-1.330968088381740984e+02
-8.975135835297838582e+01
-1.330968960043922493e+02
-1.330953511501801927e+02
-1.084340751972567176e+02
-1.330958502489215505e+02
-1.174296040689151539e+02
-1.138332973118916840e+02
-1.330966008761221246e+02
-1.178049792203530473e+02
-1.329754233868957272e+02
-1.324825313490545398e+02
-1.172953162537539100e+02
-1.330967594216371310e+02
-9.744638680726568225e+01
-1.240266713162261993e+02
-1.330654741949485071e+02
-1.310659277087029579e+02
-1.095297648954868066e+02
-9.088782889201894477e+01
-1.190082967489365871e+02
-9.640576630473209718e+01
-1.278273131676686205e+02
-1.278397678730696754e+02
-1.118975420805857794e+02
-1.278019134283440650e+02
-1.197023575123571817e+02
-1.179162961350978662e+02
-1.276512317019597305e+02
-1.278383920627083228e+02
-1.277898936811229049e+02
-1.278400980957247413e+02
-8.732478090158242878e+01
-1.277880543452451434e+02
-1.100377605820188620e+02
-1.179985823815429313e+02
-1.090969716961264879e+02
-1.235843885934068993e+02
-1.251368562090427332e+02
-1.152816512121222132e+02
-1.144958349624525482e+02
-1.278390610348213414e+02
-1.003852090757554834e+02
-1.278289808517320267e+02
-1.268884227530383555e+02
-9.509974478698507028e+01
-1.278400657232937760e+02
-1.164418833403518079e+02
-1.091847158122728985e+02
-1.278400260459084734e+02
-1.208457800561730124e+02
-9.561644868072374948e+01
-1.011437395515655027e+02
-1.277923517334196077e+02
-1.267580975401778431e+02
-9.407762882202554522e+01
-1.278401394887969502e+02
-1.278400420392482602e+02
-1.278144408927244200e+02
-1.274451572774614476e+02
-1.046533823713054545e+02
-1.278388190876433157e+02
-9.274789414549266553e+01
-1.278275736362048889e+02
-1.276482365506112586e+02
-9.828306825707790040e+01
-1.084718108241579131e+02
-1.277700631539622691e+02
-1.278394326729554535e+02
-1.278340002234269406e+02
-1.278390056691412155e+02
-1.278400055287320498e+02
-1.206835256292825562e+02
-9.241031371567974873e+01
-1.235557434224003686e+02
-1.234231400148651687e+02
-1.235612964289869069e+02
-1.067058221819317794e+02
-9.679159897710188432e+01
-1.056330115396609841e+02
-1.235614903378549485e+02
-1.229446343941416018e+02
-1.235589612663406882e+02
-1.115743014385453478e+02
-1.235613290400808779e+02
-1.125130349474877960e+02
-9.203790529428675882e+01
-1.235611585035565270e+02
-1.228772063384926838e+02
-1.235537653300688135e+02
-1.235611653385510635e+02
-1.235614735552841239e+02
-1.235615351294861171e+02
-9.038369757728526110e+01
-1.182056685261458000e+02
-1.123288764482218198e+02
-1.235341616106558718e+02
-8.823877455029870021e+01
-9.023726334098734014e+01
-1.128434191402077289e+02
-1.045008190583231169e+02
-9.473271029386458508e+01
-1.164162621458932705e+02
-1.095525787613312048e+02
-1.235612275701600424e+02
-9.700754495130065891e+01
-1.153823533432923654e+02
-1.021353022491097136e+02
-1.095340729946691027e+02
-1.022583674081620586e+02
-1.214310707958156570e+02
-1.164731021336705226e+02
-1.235607948463154315e+02
-1.235611934358593231e+02
-1.131003717197384759e+02
-1.207464962531217907e+02
-8.785708851631513028e+01
-1.235478791115857859e+02
-9.524088684869686006e+01
-1.069269548429418109e+02
-1.235384732358286328e+02
-1.036693008131130256e+02
-1.239394250578246925e+02
-8.630072963458198387e+01
-1.239423105565536645e+02
-1.178058520208858511e+02
-1.135124360510960031e+02
-1.239422820802594742e+02
-1.037062540107237254e+02
-1.239422098989139727e+02
-9.832934154660233617e+01
-1.179581672866468693e+02
-8.766988652896363021e+01
-1.056092768759567093e+02
-1.238695173611072562e+02
-9.321171564343528360e+01
-1.239413961007453224e+02
-1.238290303905993568e+02
-1.205308446699671094e+02
-1.209576052020208294e+02
-1.176351312075175173e+02
-8.706872435125200127e+01
-9.923589509809002607e+01
-1.034806933983401791e+02
-1.239422417505042091e+02
-1.239422638491258795e+02
-9.375834828522643249e+01
-1.239422184140327232e+02
-1.239421334780223845e+02
-8.612207815465147576e+01
-1.231241415947466038e+02
-1.034392140233237285e+02
-1.238976052088657269e+02
-1.228524084644422345e+02
-1.239421407934277823e+02
-1.239393864954032551e+02
-8.647150438188675992e+01
-1.237291362483465349e+02
-1.239419019568556877e+02
-1.073140505889710141e+02
-1.239422659050153612e+02
-1.236240077891536089e+02
-9.494866992075472467e+01
-1.239420330989568839e+02
-8.692728728862545040e+01
-8.627045703899202067e+01
-1.238659370884785886e+02
-1.239422986540746479e+02
-8.853354666896208869e+01
-1.116404099034114239e+02
-1.233452228177711874e+02
-1.238355325227258135e+02
-9.036261074567202911e+01
-1.251432991794023479e+02
-1.250759665498902820e+02
-1.105519739611745536e+02
-1.251145110521694477e+02
-1.119706415026039394e+02
-1.251434437447188799e+02
-1.251434008871425334e+02
-9.753586701820300675e+01
-1.251434421775612975e+02
-1.251414137976973819e+02
-1.141220923486697671e+02
-9.596866334880951399e+01
-1.044150488566705661e+02
-1.118624573721451725e+02
-1.229269226852190258e+02
-1.251434501667325208e+02
-1.020201010456205353e+02
-1.173552822904454302e+02
-9.904729902803494213e+01
-1.122571964231877644e+02
-1.251346279032245405e+02
-1.080048565692302844e+02
-9.879139683932972105e+01
-9.538851692825652151e+01
-8.997691164837556244e+01
-1.177924134521935997e+02
-8.893879460522430236e+01
-1.251434429497451504e+02
-1.251434076893098961e+02
-1.251433117240937918e+02
-1.251434398646337627e+02
-1.086535949791934712e+02
-1.158370435261245461e+02
-9.141096059346138247e+01
-1.123048843319814978e+02
-1.251415175851700070e+02
-1.224143798125111289e+02
-1.172868269736740956e+02
-1.251430873375208677e+02
-1.089019854074865918e+02
-1.247550455463098018e+02
-9.647710215711525450e+01
-1.251321058498598688e+02
-1.018858531562125478e+02
-9.934986878454004966e+01
-1.249033942166939397e+02
-1.127635076362484767e+02
-1.241319414499366616e+02
-1.251429945014716338e+02
