4.449866950886980366e-01 2.046904072921052364e+00 2.000000000000000000e+00 6.400000000000000000e+01 0.000000000000000000e+00
6.340766536954580701e-01 7.818594115988933835e-01 1.200000000000000000e+01 8.200000000000000000e+01 0.000000000000000000e+00
7.013645279725022608e-01 5.297289522922193905e-01 1.700000000000000000e+01 8.200000000000000000e+01 0.000000000000000000e+00
6.320881698916445968e-02 2.085979274249020854e+00 8.000000000000000000e+00 3.500000000000000000e+01 0.000000000000000000e+00
7.304452608320615159e-01 1.234965558046018153e+00 8.000000000000000000e+00 1.270000000000000000e+02 0.000000000000000000e+00
7.368390322873615839e-01 5.566234217504896220e-01 1.000000000000000000e+00 1.930000000000000000e+02 0.000000000000000000e+00
5.750739586359238098e-01 1.736939168551520085e+00 1.700000000000000000e+01 1.330000000000000000e+02 0.000000000000000000e+00
7.654996411729166894e-01 3.124268328432125985e-01 1.600000000000000000e+01 1.270000000000000000e+02 0.000000000000000000e+00
3.255797888802742790e-01 9.871008325142639483e-01 7.000000000000000000e+00 3.500000000000000000e+01 0.000000000000000000e+00
7.831649886759964874e-01 3.621629675089804712e-01 1.500000000000000000e+01 1.000000000000000000e+00 0.000000000000000000e+00
7.619460207402797280e-01 2.401548502544973707e-01 6.000000000000000000e+00 2.600000000000000000e+01 0.000000000000000000e+00
6.013314454148604993e-01 2.501430920686410486e-01 1.700000000000000000e+01 1.040000000000000000e+02 0.000000000000000000e+00
4.325762700613956513e-01 1.063964275185460773e+00 3.000000000000000000e+00 1.840000000000000000e+02 0.000000000000000000e+00
3.852940197700226443e-01 8.519819615195408646e-01 6.000000000000000000e+00 7.600000000000000000e+01 0.000000000000000000e+00
6.669597384307353050e-01 7.090410076409537909e-01 6.000000000000000000e+00 3.400000000000000000e+01 0.000000000000000000e+00
8.955715627895252107e-01 1.928098375347546689e+00 2.000000000000000000e+00 8.200000000000000000e+01 0.000000000000000000e+00
3.459219375992616391e-02 1.357607102301141788e+00 1.500000000000000000e+01 1.240000000000000000e+02 0.000000000000000000e+00
7.396380888343357940e-01 2.005443131852174155e+00 1.800000000000000000e+01 5.300000000000000000e+01 0.000000000000000000e+00
7.377294530708838893e-01 1.768751888760168312e+00 4.000000000000000000e+00 1.690000000000000000e+02 0.000000000000000000e+00
1.798786616467490385e-01 1.865278989160729317e+00 8.000000000000000000e+00 9.500000000000000000e+01 0.000000000000000000e+00
6.993733345422712411e-01 1.960971787148909851e+00 3.000000000000000000e+00 1.800000000000000000e+02 0.000000000000000000e+00
7.346279666344995851e-01 2.986669094108077571e-01 1.700000000000000000e+01 1.820000000000000000e+02 0.000000000000000000e+00
2.013760927023915404e-01 6.279724378970269472e-01 1.900000000000000000e+01 2.400000000000000000e+01 0.000000000000000000e+00
8.113302617558010299e-01 1.933205071722302604e+00 7.000000000000000000e+00 1.530000000000000000e+02 0.000000000000000000e+00
2.383114624301318346e-02 2.024801389659038442e+00 6.000000000000000000e+00 1.930000000000000000e+02 0.000000000000000000e+00
2.957727014391397374e-02 1.872502591858122845e+00 4.000000000000000000e+00 1.710000000000000000e+02 0.000000000000000000e+00
4.436141286414931884e-01 1.705056416647458883e+00 1.200000000000000000e+01 2.200000000000000000e+01 0.000000000000000000e+00
6.396975163648859208e-01 3.070681708354380257e-01 9.000000000000000000e+00 1.670000000000000000e+02 0.000000000000000000e+00
7.323253896574035693e-01 1.619859420035926201e+00 1.200000000000000000e+01 8.900000000000000000e+01 0.000000000000000000e+00
4.133885931571470440e-01 6.392221625419268749e-01 2.000000000000000000e+00 1.750000000000000000e+02 0.000000000000000000e+00
1.242560202194612357e-01 7.178450994213428915e-01 1.000000000000000000e+01 1.660000000000000000e+02 0.000000000000000000e+00
1.802480768687146906e-01 1.908218799657336318e+00 2.000000000000000000e+01 1.230000000000000000e+02 0.000000000000000000e+00
1.758423547336486203e-01 1.813834398881850607e+00 9.000000000000000000e+00 1.360000000000000000e+02 0.000000000000000000e+00
2.196932963965942953e-01 1.410676599518594143e+00 3.000000000000000000e+00 1.600000000000000000e+02 0.000000000000000000e+00
9.388234634350955954e-01 1.319368550771788495e+00 6.000000000000000000e+00 1.530000000000000000e+02 0.000000000000000000e+00
6.409788548880039905e-01 5.325723093463964330e-01 2.000000000000000000e+01 1.460000000000000000e+02 0.000000000000000000e+00
8.256185695878494046e-01 3.211071991639812273e-01 6.000000000000000000e+00 6.000000000000000000e+01 0.000000000000000000e+00
1.316833169305337004e-01 1.772355574756284968e-01 1.100000000000000000e+01 9.300000000000000000e+01 0.000000000000000000e+00
9.487824854502324712e-01 5.677991555341982410e-01 1.800000000000000000e+01 1.570000000000000000e+02 0.000000000000000000e+00
3.959563237954954323e-02 1.488604774783304219e+00 1.800000000000000000e+01 5.100000000000000000e+01 0.000000000000000000e+00
5.546886573997674708e-01 1.501783911295959228e+00 1.800000000000000000e+01 1.620000000000000000e+02 0.000000000000000000e+00
8.313442694531168742e-02 1.686133928790469971e+00 4.000000000000000000e+00 1.700000000000000000e+02 0.000000000000000000e+00
7.520673069230199292e-01 8.912534233996750599e-01 1.600000000000000000e+01 1.000000000000000000e+00 0.000000000000000000e+00
3.913255656876073463e-01 1.842677447031260574e+00 1.800000000000000000e+01 1.230000000000000000e+02 0.000000000000000000e+00
8.301151526671467218e-02 2.059690289510977268e-01 1.000000000000000000e+00 1.830000000000000000e+02 0.000000000000000000e+00
8.803706394835498772e-01 5.898212635603393705e-01 2.000000000000000000e+00 1.120000000000000000e+02 0.000000000000000000e+00
3.725803948843098290e-01 6.445099135213577801e-01 1.800000000000000000e+01 6.900000000000000000e+01 0.000000000000000000e+00
3.926322390550892605e-01 1.683529452475845734e+00 1.300000000000000000e+01 1.340000000000000000e+02 0.000000000000000000e+00
6.723254830347593636e-01 6.716538960161492211e-01 8.000000000000000000e+00 1.370000000000000000e+02 0.000000000000000000e+00
4.790347533950394254e-01 1.018078753409294768e+00 2.000000000000000000e+01 1.910000000000000000e+02 0.000000000000000000e+00
5.666294610552534694e-01 1.756373796541334409e+00 2.000000000000000000e+01 1.740000000000000000e+02 1.000000000000000000e+00
9.947059553027226553e-01 1.279483577658002913e+00 1.500000000000000000e+01 1.820000000000000000e+02 1.000000000000000000e+00
8.534938465105312844e-01 4.895564858166067124e-01 8.000000000000000000e+00 1.940000000000000000e+02 1.000000000000000000e+00
8.977683523798395127e-02 1.841534854374193009e-01 1.900000000000000000e+01 1.280000000000000000e+02 1.000000000000000000e+00
5.989786981407042576e-01 1.534729994130679342e+00 1.300000000000000000e+01 1.780000000000000000e+02 1.000000000000000000e+00
8.836874887308778792e-01 1.775012401176652821e+00 1.500000000000000000e+01 4.100000000000000000e+01 1.000000000000000000e+00
3.266404062288555954e-01 2.090365044901159486e+00 1.600000000000000000e+01 3.100000000000000000e+01 1.000000000000000000e+00
5.663046200014048015e-01 1.347230636389949554e+00 9.000000000000000000e+00 1.430000000000000000e+02 1.000000000000000000e+00
2.171397019129676087e-01 1.943226656120179641e+00 6.000000000000000000e+00 1.680000000000000000e+02 1.000000000000000000e+00
3.469414347518482433e-01 1.249951176058425206e+00 1.400000000000000000e+01 1.390000000000000000e+02 1.000000000000000000e+00
4.581782253542460159e-01 1.999283392563655504e+00 7.000000000000000000e+00 1.680000000000000000e+02 1.000000000000000000e+00
4.684540742537283142e-01 1.016639002860222574e+00 1.700000000000000000e+01 8.400000000000000000e+01 1.000000000000000000e+00
9.080693881145538437e-01 1.465335534264232964e-01 9.000000000000000000e+00 6.500000000000000000e+01 1.000000000000000000e+00
1.913212982792917849e-01 5.893149856691867194e-01 9.000000000000000000e+00 8.000000000000000000e+00 1.000000000000000000e+00
8.577524215454709333e-01 1.611297017401759568e+00 1.100000000000000000e+01 1.890000000000000000e+02 1.000000000000000000e+00
5.127897787045557765e-01 1.590167074385527846e+00 5.000000000000000000e+00 1.960000000000000000e+02 1.000000000000000000e+00
6.398340817208253428e-01 1.134263044087798988e+00 1.400000000000000000e+01 1.000000000000000000e+00 1.000000000000000000e+00
5.926963078198920626e-02 1.595155268870470433e+00 7.000000000000000000e+00 3.800000000000000000e+01 1.000000000000000000e+00
4.268215470048731808e-01 1.648585441622925307e+00 1.100000000000000000e+01 2.000000000000000000e+00 1.000000000000000000e+00
4.189484377529538728e-01 9.141107733472783048e-01 1.000000000000000000e+00 2.200000000000000000e+01 1.000000000000000000e+00
5.048017216819974395e-01 1.949840275998435457e+00 1.100000000000000000e+01 9.100000000000000000e+01 1.000000000000000000e+00
5.667137402655474387e-01 1.764489282117891467e+00 1.100000000000000000e+01 6.000000000000000000e+01 1.000000000000000000e+00
6.446844103762741085e-01 1.919858099690258391e-01 1.000000000000000000e+01 6.000000000000000000e+00 1.000000000000000000e+00
2.542657784689805744e-01 1.752088592591340532e+00 1.500000000000000000e+01 1.690000000000000000e+02 1.000000000000000000e+00
8.192365064836534261e-01 2.025513087449641425e+00 5.000000000000000000e+00 2.900000000000000000e+01 1.000000000000000000e+00
7.942555772352254129e-02 1.541421698482583924e+00 7.000000000000000000e+00 1.300000000000000000e+01 1.000000000000000000e+00
1.733866616092315516e-01 1.340943574913501690e+00 1.100000000000000000e+01 9.600000000000000000e+01 1.000000000000000000e+00
5.522451114432358477e-01 1.188199699414449473e+00 8.000000000000000000e+00 9.000000000000000000e+01 1.000000000000000000e+00
3.392743068041725873e-01 2.753631372380344056e-01 9.000000000000000000e+00 6.400000000000000000e+01 1.000000000000000000e+00
8.483502605582524669e-01 3.910406485186014303e-01 3.000000000000000000e+00 2.100000000000000000e+01 1.000000000000000000e+00
2.544709985634967531e-01 1.922424319911077539e+00 1.300000000000000000e+01 1.770000000000000000e+02 1.000000000000000000e+00
1.309774525828590885e-01 7.781475740264337526e-01 4.000000000000000000e+00 6.900000000000000000e+01 1.000000000000000000e+00
1.573549791593390479e-01 1.839333018250446372e+00 2.000000000000000000e+01 6.900000000000000000e+01 1.000000000000000000e+00
3.861737687848194600e-01 1.151272455901876768e+00 7.000000000000000000e+00 1.910000000000000000e+02 1.000000000000000000e+00
1.236906990928416800e-01 1.822314271196309399e+00 5.000000000000000000e+00 1.460000000000000000e+02 1.000000000000000000e+00
3.082995516293112193e-01 1.152322237890687662e+00 2.000000000000000000e+01 1.000000000000000000e+01 1.000000000000000000e+00
3.391916020520475694e-01 9.934270830152175380e-01 1.000000000000000000e+01 4.300000000000000000e+01 1.000000000000000000e+00
7.804664399666370045e-01 1.678359021634883153e+00 2.000000000000000000e+00 4.800000000000000000e+01 1.000000000000000000e+00
9.911773862315630401e-01 1.635812422865144278e+00 1.000000000000000000e+00 8.900000000000000000e+01 1.000000000000000000e+00
1.277917600681035548e-01 9.793110447382807893e-01 8.000000000000000000e+00 1.440000000000000000e+02 1.000000000000000000e+00
8.326439473019331405e-01 1.398795893361619802e+00 5.000000000000000000e+00 1.080000000000000000e+02 1.000000000000000000e+00
4.530169770999720180e-01 1.772092462983211991e+00 8.000000000000000000e+00 1.240000000000000000e+02 1.000000000000000000e+00
3.163490765615982747e-01 3.378961416546629737e-01 7.000000000000000000e+00 1.770000000000000000e+02 1.000000000000000000e+00
6.164605581407306412e-01 6.677985892112562327e-01 9.000000000000000000e+00 5.900000000000000000e+01 1.000000000000000000e+00
6.288618240531834713e-01 6.789541631852497039e-01 1.800000000000000000e+01 1.650000000000000000e+02 1.000000000000000000e+00
6.531477929110636182e-01 1.019711805890261280e-01 1.800000000000000000e+01 4.800000000000000000e+01 1.000000000000000000e+00
5.829702117736333955e-01 5.227381121951629739e-01 3.000000000000000000e+00 1.720000000000000000e+02 1.000000000000000000e+00
6.072452599529439832e-01 1.660716095847869278e+00 6.000000000000000000e+00 2.100000000000000000e+01 1.000000000000000000e+00
8.292010116449588519e-01 6.300060365779019955e-01 6.000000000000000000e+00 1.230000000000000000e+02 1.000000000000000000e+00
8.223744504584648007e-01 1.437123103226471965e+00 1.700000000000000000e+01 7.300000000000000000e+01 1.000000000000000000e+00
9.858339800087158045e-01 1.306896231559557364e+00 1.600000000000000000e+01 1.450000000000000000e+02 2.000000000000000000e+00
6.324762261187134582e-01 1.945837440067976987e+00 4.000000000000000000e+00 2.100000000000000000e+01 2.000000000000000000e+00
1.129058731491002637e-01 5.401839283246304690e-01 1.000000000000000000e+01 1.950000000000000000e+02 2.000000000000000000e+00
2.318389628702803851e-01 1.622280147446484300e+00 1.300000000000000000e+01 1.240000000000000000e+02 2.000000000000000000e+00
3.933653432827847185e-01 9.476749355295867039e-01 9.000000000000000000e+00 1.790000000000000000e+02 2.000000000000000000e+00
1.984513322763782339e-01 1.966664590329185947e+00 4.000000000000000000e+00 1.840000000000000000e+02 2.000000000000000000e+00
1.290629771536994097e-01 5.629436359597240758e-01 2.000000000000000000e+00 1.630000000000000000e+02 2.000000000000000000e+00
5.961653712720399456e-01 2.366455694469657145e-01 8.000000000000000000e+00 1.020000000000000000e+02 2.000000000000000000e+00
9.352083024019349766e-01 2.028906583217796378e+00 1.400000000000000000e+01 2.700000000000000000e+01 2.000000000000000000e+00
1.925727712371921863e-01 7.320206441753077664e-01 2.000000000000000000e+00 1.160000000000000000e+02 2.000000000000000000e+00
9.622463719060827536e-01 9.053939123706219450e-01 9.000000000000000000e+00 1.270000000000000000e+02 2.000000000000000000e+00
4.186044620865380095e-01 8.436047330876185191e-01 1.000000000000000000e+01 9.100000000000000000e+01 2.000000000000000000e+00
3.497062406959817737e-01 1.226968999468260046e-01 1.800000000000000000e+01 1.610000000000000000e+02 2.000000000000000000e+00
3.619829218979012664e-01 1.516882507744915509e+00 9.000000000000000000e+00 1.300000000000000000e+01 2.000000000000000000e+00
1.864099121526066050e-01 2.134609903553827126e-01 1.100000000000000000e+01 2.100000000000000000e+01 2.000000000000000000e+00
1.770076297603446758e-01 6.108848867942325844e-01 9.000000000000000000e+00 1.200000000000000000e+02 2.000000000000000000e+00
7.226732286714464271e-02 3.942350445608530096e-01 1.100000000000000000e+01 1.360000000000000000e+02 2.000000000000000000e+00
7.700497555015693718e-02 1.667697031469951741e+00 1.400000000000000000e+01 3.900000000000000000e+01 2.000000000000000000e+00
4.632543190092809349e-01 9.021951073551658373e-01 1.900000000000000000e+01 2.600000000000000000e+01 2.000000000000000000e+00
8.714938048461225995e-01 1.602923617222453689e+00 1.600000000000000000e+01 1.390000000000000000e+02 2.000000000000000000e+00
3.294559081418086954e-01 1.436132881066927602e+00 9.000000000000000000e+00 8.500000000000000000e+01 2.000000000000000000e+00
5.438004562850469181e-01 6.164149640614170478e-01 1.400000000000000000e+01 1.460000000000000000e+02 2.000000000000000000e+00
4.047311531134560880e-01 1.366044995745820056e+00 9.000000000000000000e+00 3.800000000000000000e+01 2.000000000000000000e+00
4.948469698247580650e-01 5.642707736843880495e-01 1.900000000000000000e+01 3.600000000000000000e+01 2.000000000000000000e+00
9.652423994851923039e-01 1.912368286314682697e+00 1.000000000000000000e+01 3.000000000000000000e+01 2.000000000000000000e+00
1.024404278295285436e-01 1.470077699261936655e+00 1.200000000000000000e+01 7.400000000000000000e+01 2.000000000000000000e+00
4.386116582659371765e-01 4.700405764249143692e-01 1.200000000000000000e+01 7.400000000000000000e+01 2.000000000000000000e+00
7.144771642437163228e-01 1.134811461419527490e+00 2.000000000000000000e+01 3.700000000000000000e+01 2.000000000000000000e+00
4.942261824562296235e-01 1.422048942899480695e+00 2.000000000000000000e+00 9.900000000000000000e+01 2.000000000000000000e+00
4.816160254165516852e-01 1.353142535044020045e+00 3.000000000000000000e+00 1.000000000000000000e+02 2.000000000000000000e+00
4.901114780971992796e-02 1.694746609196559339e-01 1.300000000000000000e+01 1.160000000000000000e+02 2.000000000000000000e+00
3.649321317887339600e-01 1.757273992459566170e+00 1.900000000000000000e+01 2.000000000000000000e+02 2.000000000000000000e+00
1.603401567460118748e-01 7.304937489072779178e-01 6.000000000000000000e+00 2.200000000000000000e+01 2.000000000000000000e+00
9.393462994422574486e-01 1.736746544746837095e+00 1.100000000000000000e+01 2.400000000000000000e+01 2.000000000000000000e+00
9.638583466118844090e-01 1.701587697986208569e+00 1.300000000000000000e+01 1.750000000000000000e+02 2.000000000000000000e+00
9.806445754889583366e-01 1.484226868753737216e+00 6.000000000000000000e+00 6.200000000000000000e+01 2.000000000000000000e+00
9.772375290496687628e-01 1.538706765572838586e+00 5.000000000000000000e+00 1.670000000000000000e+02 2.000000000000000000e+00
3.115389981530435753e-02 1.055137749141895898e-01 8.000000000000000000e+00 8.300000000000000000e+01 2.000000000000000000e+00
4.206149090486634989e-01 4.300841207183195847e-01 1.400000000000000000e+01 1.400000000000000000e+01 2.000000000000000000e+00
6.100127539949069533e-01 3.635198462726195734e-01 1.900000000000000000e+01 1.010000000000000000e+02 2.000000000000000000e+00
2.281840383565352237e-01 1.126367828911061464e+00 1.200000000000000000e+01 1.310000000000000000e+02 2.000000000000000000e+00
5.650068960311129818e-01 3.778437500909453961e-01 1.500000000000000000e+01 1.140000000000000000e+02 2.000000000000000000e+00
8.511507305845125160e-01 3.426102491042718468e-01 3.000000000000000000e+00 1.500000000000000000e+01 2.000000000000000000e+00
9.751743963703778384e-01 1.968927008670029011e+00 1.300000000000000000e+01 1.620000000000000000e+02 2.000000000000000000e+00
4.372640737879839729e-02 1.991894122341756335e+00 1.000000000000000000e+00 1.940000000000000000e+02 2.000000000000000000e+00
2.771556354779559639e-01 1.766326381160974179e+00 1.000000000000000000e+01 9.500000000000000000e+01 2.000000000000000000e+00
8.172362542554810760e-01 1.161721382519803891e-01 9.000000000000000000e+00 4.300000000000000000e+01 2.000000000000000000e+00
6.904114455854485355e-01 6.591172055320678735e-01 1.400000000000000000e+01 9.200000000000000000e+01 2.000000000000000000e+00
9.364658167698642899e-01 1.806736550589921553e+00 6.000000000000000000e+00 1.320000000000000000e+02 2.000000000000000000e+00
4.813285944589266174e-01 1.898635810334955709e-01 9.000000000000000000e+00 5.200000000000000000e+01 2.000000000000000000e+00
1.802313609921953885e-01 1.897208241440248300e-01 1.500000000000000000e+01 1.170000000000000000e+02 3.000000000000000000e+00
2.044043774822381643e-01 2.028047523857843704e+00 1.000000000000000000e+01 1.910000000000000000e+02 3.000000000000000000e+00
6.077860116948901048e-01 7.172098758081929537e-01 2.000000000000000000e+01 1.670000000000000000e+02 3.000000000000000000e+00
2.761848515018676675e-01 3.689807966094377223e-01 4.000000000000000000e+00 1.980000000000000000e+02 3.000000000000000000e+00
7.568987575971846127e-01 1.666100979479757938e-01 2.000000000000000000e+01 1.430000000000000000e+02 3.000000000000000000e+00
3.860656106127944298e-01 1.522724806418206844e+00 1.300000000000000000e+01 1.050000000000000000e+02 3.000000000000000000e+00
5.654994868036238298e-01 1.772471300910415826e+00 1.400000000000000000e+01 7.000000000000000000e+01 3.000000000000000000e+00
1.119100516859238524e-02 6.436786368784085388e-01 1.600000000000000000e+01 6.000000000000000000e+01 3.000000000000000000e+00
2.027554538728051359e-01 1.006105200874740424e+00 1.800000000000000000e+01 9.900000000000000000e+01 3.000000000000000000e+00
8.171126431738653384e-01 5.395283500210817929e-01 1.000000000000000000e+01 2.000000000000000000e+00 3.000000000000000000e+00
8.829680476688094026e-02 1.804381938533691498e-01 1.000000000000000000e+00 1.420000000000000000e+02 3.000000000000000000e+00
8.525680797249886034e-01 1.188021102942227625e+00 1.700000000000000000e+01 9.500000000000000000e+01 3.000000000000000000e+00
7.030786104269405312e-01 6.236812404886705741e-01 1.700000000000000000e+01 1.200000000000000000e+01 3.000000000000000000e+00
5.726954122001336883e-02 8.547461134831692009e-01 1.900000000000000000e+01 3.400000000000000000e+01 3.000000000000000000e+00
8.551836423486567362e-01 4.825070119025444138e-01 5.000000000000000000e+00 1.180000000000000000e+02 3.000000000000000000e+00
1.565399516927134388e-02 1.295486780838311924e+00 1.700000000000000000e+01 8.800000000000000000e+01 3.000000000000000000e+00
2.327550595405889489e-01 3.895535913155866448e-01 1.600000000000000000e+01 8.300000000000000000e+01 3.000000000000000000e+00
6.358131707069790417e-02 1.344924596707613551e+00 1.300000000000000000e+01 1.770000000000000000e+02 3.000000000000000000e+00
4.730667897626835705e-01 6.481524888079345237e-01 4.000000000000000000e+00 1.300000000000000000e+02 3.000000000000000000e+00
7.203886502233879108e-02 1.415506349259206376e+00 8.000000000000000000e+00 1.150000000000000000e+02 3.000000000000000000e+00
5.166961265381119217e-01 1.499514783129282991e+00 1.900000000000000000e+01 1.320000000000000000e+02 3.000000000000000000e+00
9.083077578049697509e-01 1.977012302576882652e+00 3.000000000000000000e+00 1.070000000000000000e+02 3.000000000000000000e+00
3.372012044657277663e-01 6.041717156663243271e-01 1.400000000000000000e+01 1.560000000000000000e+02 3.000000000000000000e+00
8.331588362692754490e-01 1.287311755533250279e+00 2.000000000000000000e+01 1.200000000000000000e+01 3.000000000000000000e+00
4.221608350500686280e-01 1.492878878966159562e+00 1.700000000000000000e+01 1.030000000000000000e+02 3.000000000000000000e+00
9.400781647371434513e-01 9.658463938056557341e-01 2.000000000000000000e+00 9.800000000000000000e+01 3.000000000000000000e+00
4.506385911198450972e-02 1.696949443554835124e+00 1.000000000000000000e+01 1.710000000000000000e+02 3.000000000000000000e+00
4.372669416198370768e-02 2.940214333512255473e-01 1.500000000000000000e+01 1.440000000000000000e+02 3.000000000000000000e+00
3.747797945357232985e-01 7.056884358304830185e-01 1.800000000000000000e+01 1.360000000000000000e+02 3.000000000000000000e+00
1.386700777875219392e-01 7.957132180766547380e-01 5.000000000000000000e+00 1.240000000000000000e+02 3.000000000000000000e+00
4.100329810928381863e-02 1.660621912082285379e+00 7.000000000000000000e+00 1.160000000000000000e+02 3.000000000000000000e+00
6.455572168144466660e-01 3.473148077068325401e-01 8.000000000000000000e+00 1.690000000000000000e+02 3.000000000000000000e+00
5.912968237654995241e-01 1.424681273680462379e+00 1.300000000000000000e+01 1.800000000000000000e+01 3.000000000000000000e+00
8.090381304364603343e-01 1.691781266090922387e+00 6.000000000000000000e+00 1.600000000000000000e+01 3.000000000000000000e+00
6.099505721713197604e-01 2.023991716794216966e+00 3.000000000000000000e+00 1.070000000000000000e+02 3.000000000000000000e+00
1.586568860459092178e-01 1.935865732601620426e+00 1.900000000000000000e+01 6.000000000000000000e+00 3.000000000000000000e+00
9.489655611732448204e-01 1.433297613597955378e+00 2.000000000000000000e+00 2.000000000000000000e+01 3.000000000000000000e+00
5.774701312811747478e-01 1.544939123869713882e+00 1.300000000000000000e+01 1.010000000000000000e+02 3.000000000000000000e+00
9.094831407237635723e-01 2.081038867978336260e+00 8.000000000000000000e+00 1.500000000000000000e+02 3.000000000000000000e+00
6.641981115416875081e-01 2.024031675032672339e+00 1.700000000000000000e+01 1.370000000000000000e+02 3.000000000000000000e+00
9.571290597930903754e-01 2.061145870037107974e-01 5.000000000000000000e+00 4.800000000000000000e+01 3.000000000000000000e+00
1.510522781094019162e-01 4.990277617411330580e-01 3.000000000000000000e+00 5.000000000000000000e+01 3.000000000000000000e+00
5.419253247844505461e-01 1.785972882044617238e+00 1.800000000000000000e+01 1.180000000000000000e+02 3.000000000000000000e+00
7.140126738951431129e-01 1.134985043791435055e+00 1.500000000000000000e+01 1.880000000000000000e+02 3.000000000000000000e+00
8.756814810815676253e-01 1.103300809787949754e+00 7.000000000000000000e+00 1.700000000000000000e+01 3.000000000000000000e+00
1.547520388141632175e-01 1.754946956954861026e+00 1.700000000000000000e+01 1.150000000000000000e+02 3.000000000000000000e+00
6.838183351165599833e-01 1.040480415422017302e+00 5.000000000000000000e+00 1.600000000000000000e+01 3.000000000000000000e+00
9.761083141375718197e-01 7.878330303411303914e-01 1.600000000000000000e+01 1.700000000000000000e+02 3.000000000000000000e+00
7.546445870736860906e-01 2.769743825131348869e-01 1.400000000000000000e+01 1.270000000000000000e+02 3.000000000000000000e+00
6.760188362034319498e-01 1.863284583123240523e+00 1.800000000000000000e+01 1.620000000000000000e+02 3.000000000000000000e+00
7.504655665791669372e-02 1.247844762296102195e+00 7.000000000000000000e+00 2.000000000000000000e+00 4.000000000000000000e+00
6.515376621076873764e-01 1.596858061652236760e+00 1.000000000000000000e+00 8.400000000000000000e+01 4.000000000000000000e+00
7.303439279608047174e-01 6.474954121699906251e-01 1.300000000000000000e+01 6.900000000000000000e+01 4.000000000000000000e+00
1.521106083374649254e-01 1.034454228307875256e+00 3.000000000000000000e+00 9.000000000000000000e+00 4.000000000000000000e+00
7.363044529885406364e-01 1.805210364685845059e+00 1.500000000000000000e+01 8.000000000000000000e+00 4.000000000000000000e+00
1.078950099156298220e-01 1.406381572900300692e-01 1.400000000000000000e+01 1.640000000000000000e+02 4.000000000000000000e+00
5.688246138241573879e-01 7.340245358903817463e-01 1.000000000000000000e+00 1.930000000000000000e+02 4.000000000000000000e+00
9.905807048227707190e-01 6.566629174430490545e-01 1.100000000000000000e+01 2.600000000000000000e+01 4.000000000000000000e+00
4.626525793961541178e-01 1.855862462027912940e+00 8.000000000000000000e+00 1.330000000000000000e+02 4.000000000000000000e+00
6.837962429179250679e-01 1.009337944267764353e+00 1.900000000000000000e+01 5.700000000000000000e+01 4.000000000000000000e+00
3.968599108097395911e-01 8.236699788076645712e-01 1.000000000000000000e+00 7.000000000000000000e+00 4.000000000000000000e+00
2.529984614911295893e-01 1.604882058231185349e+00 6.000000000000000000e+00 2.600000000000000000e+01 4.000000000000000000e+00
9.062991832601939579e-02 1.479550373164713495e+00 6.000000000000000000e+00 1.010000000000000000e+02 4.000000000000000000e+00
9.333584227578594072e-01 1.800484681899417128e+00 7.000000000000000000e+00 7.200000000000000000e+01 4.000000000000000000e+00
5.639483752955182227e-01 1.796054224764014773e+00 3.000000000000000000e+00 4.700000000000000000e+01 4.000000000000000000e+00
2.739917350850528122e-01 2.028126427843394419e-01 9.000000000000000000e+00 1.840000000000000000e+02 4.000000000000000000e+00
3.385528114789594367e-01 8.663159739436131490e-01 1.200000000000000000e+01 1.740000000000000000e+02 4.000000000000000000e+00
2.828194314952189314e-01 1.976145827900919194e+00 1.300000000000000000e+01 6.000000000000000000e+01 4.000000000000000000e+00
3.234903380759905911e-01 1.874703585591475763e+00 1.500000000000000000e+01 9.600000000000000000e+01 4.000000000000000000e+00
9.912790401968074594e-01 9.048164489493227824e-01 1.000000000000000000e+00 7.300000000000000000e+01 4.000000000000000000e+00
8.402364392404473303e-01 1.362297058961939644e+00 1.800000000000000000e+01 1.410000000000000000e+02 4.000000000000000000e+00
6.136179042410183637e-01 1.576106207314423857e+00 2.000000000000000000e+01 1.040000000000000000e+02 4.000000000000000000e+00
5.610970096970526733e-01 1.239742081570551768e+00 1.800000000000000000e+01 1.540000000000000000e+02 4.000000000000000000e+00
9.828355796794070454e-01 4.056360128620420946e-01 1.400000000000000000e+01 3.600000000000000000e+01 4.000000000000000000e+00
3.258180473197091337e-02 4.962106088663064130e-01 1.300000000000000000e+01 4.700000000000000000e+01 4.000000000000000000e+00
9.137564910907555182e-01 2.626908627855294442e-01 1.900000000000000000e+01 1.950000000000000000e+02 4.000000000000000000e+00
5.960551129023889949e-01 1.053749343850952924e-01 1.300000000000000000e+01 1.440000000000000000e+02 4.000000000000000000e+00
9.068316493269492629e-01 9.607555091649754297e-01 1.500000000000000000e+01 1.800000000000000000e+02 4.000000000000000000e+00
4.555896360446044513e-01 9.013864869463791285e-01 7.000000000000000000e+00 7.400000000000000000e+01 4.000000000000000000e+00
9.423509646929879580e-01 4.356162913958981919e-01 1.000000000000000000e+01 3.000000000000000000e+00 4.000000000000000000e+00
2.143609580409522319e-01 1.252120349666520971e+00 1.500000000000000000e+01 2.000000000000000000e+00 4.000000000000000000e+00
5.686963300615710537e-01 6.683243940943307537e-01 1.000000000000000000e+01 8.800000000000000000e+01 4.000000000000000000e+00
7.446074108232529909e-01 1.018408843371449102e+00 1.200000000000000000e+01 1.650000000000000000e+02 4.000000000000000000e+00
9.595197890290384224e-02 5.435736570597752282e-01 1.100000000000000000e+01 1.170000000000000000e+02 4.000000000000000000e+00
7.818395383043192925e-01 6.648554429112530917e-01 1.500000000000000000e+01 6.300000000000000000e+01 4.000000000000000000e+00
1.009355877174062055e+00 2.018569934600790816e+00 1.900000000000000000e+01 1.400000000000000000e+02 4.000000000000000000e+00
2.044751249733393061e-01 1.961887427721642263e+00 7.000000000000000000e+00 1.920000000000000000e+02 4.000000000000000000e+00
2.474449313043916021e-01 7.830158280443110241e-01 4.000000000000000000e+00 1.990000000000000000e+02 4.000000000000000000e+00
4.008903900930333997e-01 1.478534734067357359e+00 1.300000000000000000e+01 2.200000000000000000e+01 4.000000000000000000e+00
8.615617827395827266e-01 9.344602423147466697e-01 1.000000000000000000e+00 1.580000000000000000e+02 4.000000000000000000e+00
5.021244606646767944e-02 3.449395194647236762e-01 1.500000000000000000e+01 9.400000000000000000e+01 4.000000000000000000e+00
9.210611362447251871e-01 1.685415843010416914e+00 3.000000000000000000e+00 2.100000000000000000e+01 4.000000000000000000e+00
9.316437559342695129e-01 1.852515180099731928e+00 1.800000000000000000e+01 7.600000000000000000e+01 4.000000000000000000e+00
2.721152775453826722e-01 1.050129482550574034e+00 1.500000000000000000e+01 1.470000000000000000e+02 4.000000000000000000e+00
9.851533006560418693e-02 1.016923744889683068e+00 1.500000000000000000e+01 7.300000000000000000e+01 4.000000000000000000e+00
5.236270345316837993e-01 7.714371124802360535e-01 4.000000000000000000e+00 1.930000000000000000e+02 4.000000000000000000e+00
8.806370278151889330e-01 1.769869678302917082e+00 2.000000000000000000e+01 1.730000000000000000e+02 4.000000000000000000e+00
5.525903952050142953e-01 1.106694960061868516e+00 1.700000000000000000e+01 6.000000000000000000e+00 4.000000000000000000e+00
8.404365437254589233e-02 1.287666749374485331e+00 1.700000000000000000e+01 1.660000000000000000e+02 4.000000000000000000e+00
5.982959845857370729e-01 1.791318814702642426e+00 5.000000000000000000e+00 5.000000000000000000e+00 4.000000000000000000e+00
