7.745167229632090589e-01 3.747206120580893751e-01 7.000000000000000000e+00 9.900000000000000000e+01 0.000000000000000000e+00
7.883434180788416457e-02 1.855319607954487582e+00 1.000000000000000000e+00 1.960000000000000000e+02 0.000000000000000000e+00
8.621969082007003848e-01 2.053693461117996666e+00 1.000000000000000000e+01 7.200000000000000000e+01 0.000000000000000000e+00
8.135081863511255396e-01 8.176426040258982786e-01 1.000000000000000000e+01 1.680000000000000000e+02 0.000000000000000000e+00
9.614395738625412802e-02 1.524273840002383418e+00 1.400000000000000000e+01 1.300000000000000000e+01 0.000000000000000000e+00
4.951029019964225258e-02 1.493412218532242708e+00 1.300000000000000000e+01 1.440000000000000000e+02 0.000000000000000000e+00
7.362092588435740215e-01 7.071624304652769366e-01 7.000000000000000000e+00 2.800000000000000000e+01 0.000000000000000000e+00
1.769078657683960110e-01 7.172158994730705173e-01 6.000000000000000000e+00 6.600000000000000000e+01 0.000000000000000000e+00
6.290589376971551516e-01 9.635031944497151057e-01 1.100000000000000000e+01 8.900000000000000000e+01 0.000000000000000000e+00
5.114025144655741650e-01 1.086751797272219378e+00 1.300000000000000000e+01 1.580000000000000000e+02 0.000000000000000000e+00
7.920335383227254944e-01 1.147460046883816087e+00 1.200000000000000000e+01 1.480000000000000000e+02 0.000000000000000000e+00
5.199888588746809370e-01 1.878925135730425744e+00 2.000000000000000000e+00 1.900000000000000000e+02 0.000000000000000000e+00
8.451628635942355361e-01 7.367281523623258055e-01 1.800000000000000000e+01 1.490000000000000000e+02 0.000000000000000000e+00
3.518052147027356247e-01 1.210649884510387020e+00 1.200000000000000000e+01 1.420000000000000000e+02 0.000000000000000000e+00
6.014242018071028761e-01 1.429096661874373009e+00 6.000000000000000000e+00 8.300000000000000000e+01 0.000000000000000000e+00
4.031906363704963470e-01 7.949353177167107765e-01 1.600000000000000000e+01 1.450000000000000000e+02 0.000000000000000000e+00
2.898425204952659318e-01 1.247421481566789725e-01 9.000000000000000000e+00 2.000000000000000000e+00 0.000000000000000000e+00
5.113929505931307240e-01 1.307836174232717363e+00 7.000000000000000000e+00 9.300000000000000000e+01 0.000000000000000000e+00
1.927361746247139296e-01 1.011210236514812122e+00 1.700000000000000000e+01 5.900000000000000000e+01 0.000000000000000000e+00
6.665506747571533497e-01 1.049843130885930398e+00 7.000000000000000000e+00 7.000000000000000000e+01 0.000000000000000000e+00
1.109172038666065147e-01 1.707564975697949405e+00 6.000000000000000000e+00 1.790000000000000000e+02 0.000000000000000000e+00
9.238833822262021434e-01 1.767494212094135708e+00 5.000000000000000000e+00 5.000000000000000000e+00 0.000000000000000000e+00
2.263016482589742528e-01 2.049495536144064545e+00 1.600000000000000000e+01 1.430000000000000000e+02 0.000000000000000000e+00
2.613718215393106004e-01 3.751761281235675982e-01 2.000000000000000000e+01 2.000000000000000000e+00 0.000000000000000000e+00
8.469960547886655478e-02 1.448224457810898036e+00 1.900000000000000000e+01 1.800000000000000000e+02 0.000000000000000000e+00
9.877959221032467374e-01 1.345483838416461131e+00 9.000000000000000000e+00 1.540000000000000000e+02 0.000000000000000000e+00
4.702235825996213814e-01 1.760657506259554861e+00 1.900000000000000000e+01 5.500000000000000000e+01 0.000000000000000000e+00
4.292075505289095760e-01 7.183622070987044639e-01 6.000000000000000000e+00 6.700000000000000000e+01 0.000000000000000000e+00
9.086764097721207190e-01 8.678878511284665587e-01 1.000000000000000000e+00 4.200000000000000000e+01 0.000000000000000000e+00
6.036780252945297409e-01 8.798861266025975736e-01 9.000000000000000000e+00 1.080000000000000000e+02 0.000000000000000000e+00
4.110940498424288103e-01 1.655407521684993055e+00 1.800000000000000000e+01 1.860000000000000000e+02 0.000000000000000000e+00
9.519037900328317647e-01 1.736956538554064844e+00 9.000000000000000000e+00 1.160000000000000000e+02 0.000000000000000000e+00
1.001978829074042121e+00 9.072043052377415373e-01 2.000000000000000000e+01 1.980000000000000000e+02 0.000000000000000000e+00
8.097730169753287743e-01 1.767578914809934398e-01 1.100000000000000000e+01 1.900000000000000000e+02 0.000000000000000000e+00
9.497618377230323539e-01 1.749763180617578406e+00 1.500000000000000000e+01 1.350000000000000000e+02 0.000000000000000000e+00
7.611338497463874253e-01 4.611710923319579658e-01 9.000000000000000000e+00 9.900000000000000000e+01 0.000000000000000000e+00
7.301642709657385488e-01 8.716020514658603391e-01 2.000000000000000000e+00 1.650000000000000000e+02 0.000000000000000000e+00
3.310865414409234209e-01 1.756846028619380551e+00 6.000000000000000000e+00 2.300000000000000000e+01 0.000000000000000000e+00
8.259809558256809847e-01 1.465123985858301614e+00 1.000000000000000000e+00 2.400000000000000000e+01 0.000000000000000000e+00
3.043698319385400586e-01 7.921882618312913182e-01 9.000000000000000000e+00 2.300000000000000000e+01 0.000000000000000000e+00
2.311396973803404586e-01 1.150055407977745192e+00 5.000000000000000000e+00 4.400000000000000000e+01 0.000000000000000000e+00
5.915688083857072871e-02 1.615046859021904702e+00 1.300000000000000000e+01 2.100000000000000000e+01 0.000000000000000000e+00
8.991365577329478720e-01 1.088849254075616724e+00 3.000000000000000000e+00 1.650000000000000000e+02 0.000000000000000000e+00
5.136012452047507004e-01 1.994960439743451275e+00 1.500000000000000000e+01 1.970000000000000000e+02 0.000000000000000000e+00
7.309881234672702677e-01 1.662387492164268732e+00 1.700000000000000000e+01 6.400000000000000000e+01 0.000000000000000000e+00
5.996302035536594799e-01 1.865090708985045920e+00 2.000000000000000000e+00 1.600000000000000000e+02 0.000000000000000000e+00
3.869993341191469982e-01 1.578137605680690614e+00 1.000000000000000000e+01 1.270000000000000000e+02 0.000000000000000000e+00
6.783610898598964045e-01 1.508492552071352355e+00 2.000000000000000000e+01 1.090000000000000000e+02 0.000000000000000000e+00
9.463206314612913894e-02 1.059212731321389489e+00 1.800000000000000000e+01 1.470000000000000000e+02 0.000000000000000000e+00
4.163800347710945315e-01 1.632220470168277870e+00 2.000000000000000000e+01 9.300000000000000000e+01 0.000000000000000000e+00
3.610218818998403023e-01 1.316497011899330494e-01 1.300000000000000000e+01 8.900000000000000000e+01 1.000000000000000000e+00
1.435065105662388651e-01 2.062399160623785033e+00 5.000000000000000000e+00 1.570000000000000000e+02 1.000000000000000000e+00
2.742972008645354620e-01 1.894045706316762168e+00 4.000000000000000000e+00 1.510000000000000000e+02 1.000000000000000000e+00
5.263757240392616943e-01 5.452431103895213349e-01 1.800000000000000000e+01 1.810000000000000000e+02 1.000000000000000000e+00
4.569947144071293543e-01 2.064720558537092021e+00 4.000000000000000000e+00 3.200000000000000000e+01 1.000000000000000000e+00
4.302703239825508286e-01 5.483733416297252861e-01 2.000000000000000000e+00 1.160000000000000000e+02 1.000000000000000000e+00
1.480014693485953714e-01 1.240946370216728267e+00 1.700000000000000000e+01 1.100000000000000000e+01 1.000000000000000000e+00
2.701444984172284292e-01 4.980590898899149854e-01 1.900000000000000000e+01 2.000000000000000000e+01 1.000000000000000000e+00
5.891171036966476038e-01 1.005371248320932276e+00 1.000000000000000000e+00 3.000000000000000000e+01 1.000000000000000000e+00
7.187854227210571656e-01 1.840111931234458931e+00 1.500000000000000000e+01 5.300000000000000000e+01 1.000000000000000000e+00
7.153308020374647969e-01 1.460610164705960612e+00 1.000000000000000000e+01 1.760000000000000000e+02 1.000000000000000000e+00
4.895984757712450453e-01 1.722825729454532828e+00 1.700000000000000000e+01 2.600000000000000000e+01 1.000000000000000000e+00
1.916368879341733694e-02 1.512128026300927797e+00 1.100000000000000000e+01 9.100000000000000000e+01 1.000000000000000000e+00
1.008151012022433957e+00 9.012078163740092629e-01 1.400000000000000000e+01 1.260000000000000000e+02 1.000000000000000000e+00
2.724710922875039909e-01 1.489980010664126164e-01 1.700000000000000000e+01 9.300000000000000000e+01 1.000000000000000000e+00
4.579334479597805263e-01 9.204022382112228007e-01 1.800000000000000000e+01 8.900000000000000000e+01 1.000000000000000000e+00
7.524917938932030870e-01 1.425082229305355996e+00 4.000000000000000000e+00 1.580000000000000000e+02 1.000000000000000000e+00
6.950320362390034479e-01 1.358031930360390049e+00 1.100000000000000000e+01 1.280000000000000000e+02 1.000000000000000000e+00
1.241714736971416405e-01 3.823227436302530924e-01 2.000000000000000000e+00 4.600000000000000000e+01 1.000000000000000000e+00
6.964563939828687378e-01 1.625794535729986334e+00 1.800000000000000000e+01 5.700000000000000000e+01 1.000000000000000000e+00
5.016340511864146867e-01 7.211929177281862779e-01 2.000000000000000000e+00 6.000000000000000000e+00 1.000000000000000000e+00
3.314412387416127981e-01 3.119728681593246788e-01 1.400000000000000000e+01 3.000000000000000000e+01 1.000000000000000000e+00
3.653194651240731367e-02 9.670534571220305020e-01 1.800000000000000000e+01 1.330000000000000000e+02 1.000000000000000000e+00
6.597506262201049410e-01 1.421300401017189685e+00 1.200000000000000000e+01 1.500000000000000000e+02 1.000000000000000000e+00
1.926908009463073057e-01 1.901192227025275239e+00 1.400000000000000000e+01 1.550000000000000000e+02 1.000000000000000000e+00
7.495369765662499573e-01 6.400023602111940546e-01 1.400000000000000000e+01 8.600000000000000000e+01 1.000000000000000000e+00
5.926124313655436460e-01 7.629579524751107789e-01 2.000000000000000000e+01 5.200000000000000000e+01 1.000000000000000000e+00
5.097324974511283635e-01 4.974123071895718562e-01 7.000000000000000000e+00 7.900000000000000000e+01 1.000000000000000000e+00
6.835513659369050199e-01 1.153234724112802922e+00 1.300000000000000000e+01 1.330000000000000000e+02 1.000000000000000000e+00
9.051475236162541405e-02 8.431313707814850344e-01 3.000000000000000000e+00 2.300000000000000000e+01 1.000000000000000000e+00
1.144802284581546668e-02 5.464914938447812398e-01 4.000000000000000000e+00 1.150000000000000000e+02 1.000000000000000000e+00
3.541533426046423738e-01 2.095385861055898857e+00 1.600000000000000000e+01 1.750000000000000000e+02 1.000000000000000000e+00
1.892339434557723798e-01 1.910022968657455467e+00 1.400000000000000000e+01 7.200000000000000000e+01 1.000000000000000000e+00
7.572987797320209769e-01 1.695796214472048868e+00 5.000000000000000000e+00 9.100000000000000000e+01 1.000000000000000000e+00
7.145620236391369007e-01 4.261787752626690073e-01 1.000000000000000000e+00 1.980000000000000000e+02 1.000000000000000000e+00
8.511311991971345359e-01 1.938416045116388764e+00 9.000000000000000000e+00 2.500000000000000000e+01 1.000000000000000000e+00
3.306694456418094452e-01 2.001461292254515634e+00 2.000000000000000000e+01 1.600000000000000000e+01 1.000000000000000000e+00
4.459955244684393749e-01 4.054601394505096268e-01 1.900000000000000000e+01 1.840000000000000000e+02 1.000000000000000000e+00
5.337608539198296365e-01 9.511089772474249360e-01 7.000000000000000000e+00 4.700000000000000000e+01 1.000000000000000000e+00
1.604475490154183559e-01 1.081389037462475944e+00 2.000000000000000000e+00 4.500000000000000000e+01 1.000000000000000000e+00
7.370367918045230837e-01 1.208100532258959303e+00 1.600000000000000000e+01 1.950000000000000000e+02 1.000000000000000000e+00
9.541924624953401768e-01 1.633266664632985476e-01 1.100000000000000000e+01 3.000000000000000000e+01 1.000000000000000000e+00
2.577650384159262398e-01 1.537558911260613614e+00 1.100000000000000000e+01 3.000000000000000000e+01 1.000000000000000000e+00
3.087599913337723406e-02 1.623513783903370422e+00 1.600000000000000000e+01 2.900000000000000000e+01 1.000000000000000000e+00
8.644705753451875641e-01 2.400531340395112567e-01 2.000000000000000000e+00 1.500000000000000000e+01 1.000000000000000000e+00
6.314862506677684229e-01 6.646574414461351443e-01 9.000000000000000000e+00 7.300000000000000000e+01 1.000000000000000000e+00
8.402880198522767463e-01 1.772729564836829530e+00 1.300000000000000000e+01 7.000000000000000000e+00 1.000000000000000000e+00
5.221134531262178191e-01 1.400452641661949604e+00 2.000000000000000000e+00 6.500000000000000000e+01 1.000000000000000000e+00
8.250481051775059027e-02 9.147339337741061671e-01 9.000000000000000000e+00 2.100000000000000000e+01 1.000000000000000000e+00
6.796701860527762928e-01 4.545085003908303500e-01 1.100000000000000000e+01 1.280000000000000000e+02 1.000000000000000000e+00
3.109389341032322562e-01 1.589939016145638817e+00 1.200000000000000000e+01 5.500000000000000000e+01 2.000000000000000000e+00
9.011787901320029714e-01 3.384684297919596796e-01 8.000000000000000000e+00 8.800000000000000000e+01 2.000000000000000000e+00
7.435271468935404915e-01 2.001249268767603395e-01 1.000000000000000000e+01 1.600000000000000000e+01 2.000000000000000000e+00
7.216740025471654052e-01 1.871362220859072778e+00 5.000000000000000000e+00 1.050000000000000000e+02 2.000000000000000000e+00
2.615554542538577748e-02 2.482243815365791362e-01 1.400000000000000000e+01 1.750000000000000000e+02 2.000000000000000000e+00
4.420550305010262360e-01 1.866490800695837837e+00 1.600000000000000000e+01 1.730000000000000000e+02 2.000000000000000000e+00
7.521325120295866418e-01 1.846545680003625067e+00 7.000000000000000000e+00 6.500000000000000000e+01 2.000000000000000000e+00
2.758186732197392965e-01 1.929234458661830187e+00 6.000000000000000000e+00 1.100000000000000000e+01 2.000000000000000000e+00
8.166335153698360827e-01 1.480133521276799646e+00 7.000000000000000000e+00 8.700000000000000000e+01 2.000000000000000000e+00
8.102291058977982574e-02 9.928257307286586508e-01 1.400000000000000000e+01 6.400000000000000000e+01 2.000000000000000000e+00
9.468450295802950389e-01 9.956934552072101985e-01 5.000000000000000000e+00 2.400000000000000000e+01 2.000000000000000000e+00
4.234394458238315284e-01 6.579766281025453134e-01 1.800000000000000000e+01 1.400000000000000000e+02 2.000000000000000000e+00
1.718239750987636816e-01 3.964706032128012536e-01 9.000000000000000000e+00 6.600000000000000000e+01 2.000000000000000000e+00
7.040566804478504137e-01 1.112410507710204444e+00 2.000000000000000000e+01 1.320000000000000000e+02 2.000000000000000000e+00
4.380481393306093763e-01 9.281251195856249359e-01 9.000000000000000000e+00 3.900000000000000000e+01 2.000000000000000000e+00
3.281963356439131507e-01 2.066058310641573303e+00 1.100000000000000000e+01 1.440000000000000000e+02 2.000000000000000000e+00
9.444549041580533322e-01 6.747440780122980764e-01 1.000000000000000000e+00 8.000000000000000000e+01 2.000000000000000000e+00
1.735699734707728537e-01 1.635290908666831466e+00 1.000000000000000000e+00 1.700000000000000000e+02 2.000000000000000000e+00
8.353743622165483718e-01 1.511999405861747192e+00 1.500000000000000000e+01 1.630000000000000000e+02 2.000000000000000000e+00
1.129400997829571457e-01 7.095108315667063570e-01 1.800000000000000000e+01 7.500000000000000000e+01 2.000000000000000000e+00
9.161260752696599452e-01 3.606963189403814551e-01 8.000000000000000000e+00 1.980000000000000000e+02 2.000000000000000000e+00
2.031755415363828421e-01 4.419982898147599704e-01 6.000000000000000000e+00 7.300000000000000000e+01 2.000000000000000000e+00
4.241759312211413890e-01 7.828005617983350151e-01 1.200000000000000000e+01 1.910000000000000000e+02 2.000000000000000000e+00
3.921859374100143958e-01 1.097955341155460118e+00 9.000000000000000000e+00 1.510000000000000000e+02 2.000000000000000000e+00
7.048758618880235360e-01 1.558898888891487422e+00 1.000000000000000000e+00 1.380000000000000000e+02 2.000000000000000000e+00
6.580375929669753932e-01 8.954902420040206090e-01 1.000000000000000000e+00 1.780000000000000000e+02 2.000000000000000000e+00
9.228839865317965963e-01 5.118461509898811768e-01 1.900000000000000000e+01 1.000000000000000000e+01 2.000000000000000000e+00
5.951099079660999713e-01 6.351717026163324897e-01 1.800000000000000000e+01 1.520000000000000000e+02 2.000000000000000000e+00
7.652080126023504958e-01 1.851623880355118157e+00 8.000000000000000000e+00 1.960000000000000000e+02 2.000000000000000000e+00
1.387781216835922704e-01 3.590933939177775036e-01 1.000000000000000000e+01 1.820000000000000000e+02 2.000000000000000000e+00
5.851263674835568418e-01 1.727284714167495405e+00 1.400000000000000000e+01 1.140000000000000000e+02 2.000000000000000000e+00
5.204848423455014084e-01 9.855388828484742403e-01 1.500000000000000000e+01 1.640000000000000000e+02 2.000000000000000000e+00
9.154857333099258865e-01 1.812167549974731395e+00 1.100000000000000000e+01 7.700000000000000000e+01 2.000000000000000000e+00
3.331620359202510651e-01 7.143500535261709805e-01 1.000000000000000000e+01 1.220000000000000000e+02 2.000000000000000000e+00
8.693490717834592152e-01 7.887200320438051415e-01 1.300000000000000000e+01 9.500000000000000000e+01 2.000000000000000000e+00
3.613514917932089121e-01 1.780774281234050127e+00 1.400000000000000000e+01 5.100000000000000000e+01 2.000000000000000000e+00
1.259463469263665258e-01 1.154991856327515443e+00 1.500000000000000000e+01 8.200000000000000000e+01 2.000000000000000000e+00
2.427085139655256185e-01 6.901233803469791761e-01 1.000000000000000000e+01 1.690000000000000000e+02 2.000000000000000000e+00
1.768623258238103402e-01 2.063796803598176854e+00 4.000000000000000000e+00 1.550000000000000000e+02 2.000000000000000000e+00
2.404358208520727125e-01 2.008955203017400049e+00 3.000000000000000000e+00 1.550000000000000000e+02 2.000000000000000000e+00
2.815867743332621798e-01 3.419141900212480101e-01 1.100000000000000000e+01 1.140000000000000000e+02 2.000000000000000000e+00
5.462885512666836724e-02 8.093594987387987549e-01 8.000000000000000000e+00 1.680000000000000000e+02 2.000000000000000000e+00
5.007677759300012132e-01 1.413829799011711241e+00 1.900000000000000000e+01 5.000000000000000000e+00 2.000000000000000000e+00
2.296382668132943561e-01 7.586845529172073777e-01 5.000000000000000000e+00 1.580000000000000000e+02 2.000000000000000000e+00
8.998781963778005322e-01 1.717063726898780729e+00 6.000000000000000000e+00 1.210000000000000000e+02 2.000000000000000000e+00
1.347693129769127474e-01 1.747372854224852112e+00 1.000000000000000000e+01 1.060000000000000000e+02 2.000000000000000000e+00
8.132895511563021929e-01 4.950069006821374851e-01 1.900000000000000000e+01 9.300000000000000000e+01 2.000000000000000000e+00
2.256243182125468039e-01 1.061202465353664692e+00 1.700000000000000000e+01 1.340000000000000000e+02 2.000000000000000000e+00
5.939933278994925514e-01 2.001534731717894644e+00 5.000000000000000000e+00 7.800000000000000000e+01 2.000000000000000000e+00
5.248472485756813244e-01 4.805124871700413580e-01 1.200000000000000000e+01 2.700000000000000000e+01 2.000000000000000000e+00
2.964812824798164215e-01 1.200502524749874622e+00 5.000000000000000000e+00 1.600000000000000000e+02 3.000000000000000000e+00
7.878966711453789795e-01 9.841804093734470849e-01 1.700000000000000000e+01 1.730000000000000000e+02 3.000000000000000000e+00
2.192211418507674647e-01 3.975464067585062766e-01 1.000000000000000000e+01 2.600000000000000000e+01 3.000000000000000000e+00
3.275608247878744050e-01 1.388438188891033098e+00 1.700000000000000000e+01 3.200000000000000000e+01 3.000000000000000000e+00
9.744883759295374093e-01 1.156893527848978032e+00 1.300000000000000000e+01 1.670000000000000000e+02 3.000000000000000000e+00
9.677877224507795972e-01 1.881503968643629010e+00 4.000000000000000000e+00 7.400000000000000000e+01 3.000000000000000000e+00
4.600515635142823356e-01 7.669890332509249342e-01 6.000000000000000000e+00 1.270000000000000000e+02 3.000000000000000000e+00
3.467471645223575427e-01 2.808652484830890250e-01 1.300000000000000000e+01 1.690000000000000000e+02 3.000000000000000000e+00
3.058358478193375918e-01 6.861226540128791962e-01 4.000000000000000000e+00 1.400000000000000000e+02 3.000000000000000000e+00
9.158616080110546509e-01 8.196451716080263017e-01 1.000000000000000000e+01 5.600000000000000000e+01 3.000000000000000000e+00
9.545434681084575823e-01 1.870392918050306941e+00 1.900000000000000000e+01 5.400000000000000000e+01 3.000000000000000000e+00
3.120899423792667937e-01 1.772734756278743662e+00 1.800000000000000000e+01 4.700000000000000000e+01 3.000000000000000000e+00
5.643480664610940334e-01 3.180856533584061063e-01 4.000000000000000000e+00 5.000000000000000000e+01 3.000000000000000000e+00
3.509875658405675614e-01 1.923422144127841238e-01 1.200000000000000000e+01 4.700000000000000000e+01 3.000000000000000000e+00
9.182980881619461355e-01 1.911757922500035400e+00 1.000000000000000000e+00 2.300000000000000000e+01 3.000000000000000000e+00
7.741887437672038130e-01 1.645226609703313025e+00 9.000000000000000000e+00 1.070000000000000000e+02 3.000000000000000000e+00
9.633238611655314809e-01 1.204822660147179647e+00 1.100000000000000000e+01 3.700000000000000000e+01 3.000000000000000000e+00
1.169202053862968688e-01 9.720224273602783294e-01 1.000000000000000000e+01 9.700000000000000000e+01 3.000000000000000000e+00
5.308550324390619579e-01 7.451633458559215883e-01 5.000000000000000000e+00 1.610000000000000000e+02 3.000000000000000000e+00
6.961728902984021250e-01 1.272249206540446487e+00 1.000000000000000000e+01 2.900000000000000000e+01 3.000000000000000000e+00
6.957668423470394492e-01 9.654892936513249646e-01 1.100000000000000000e+01 2.000000000000000000e+01 3.000000000000000000e+00
2.635053200666969131e-01 6.084625395243231649e-01 1.300000000000000000e+01 1.950000000000000000e+02 3.000000000000000000e+00
8.485769226053305747e-01 1.679015372677641782e+00 3.000000000000000000e+00 1.650000000000000000e+02 3.000000000000000000e+00
4.530528488337813853e-01 1.754290225282909121e+00 1.400000000000000000e+01 1.960000000000000000e+02 3.000000000000000000e+00
6.228899674578438628e-01 1.993171869898731519e+00 1.100000000000000000e+01 1.710000000000000000e+02 3.000000000000000000e+00
5.772982905921517638e-01 1.747295732815568270e+00 2.000000000000000000e+00 1.120000000000000000e+02 3.000000000000000000e+00
2.942467214528280417e-01 1.114475676634927748e+00 1.800000000000000000e+01 9.800000000000000000e+01 3.000000000000000000e+00
7.395106558852078127e-01 1.999583729757319794e+00 4.000000000000000000e+00 3.100000000000000000e+01 3.000000000000000000e+00
3.464080613669401343e-01 4.964887735808031222e-01 1.200000000000000000e+01 2.500000000000000000e+01 3.000000000000000000e+00
8.445674158847049640e-01 1.083779117745981291e-01 1.300000000000000000e+01 2.900000000000000000e+01 3.000000000000000000e+00
9.968350693217097047e-02 1.638015913209233565e+00 1.800000000000000000e+01 1.820000000000000000e+02 3.000000000000000000e+00
7.126899353606814813e-01 1.074019480929891746e+00 1.900000000000000000e+01 1.650000000000000000e+02 3.000000000000000000e+00
7.959914516806247953e-01 9.836314278173513559e-01 1.800000000000000000e+01 1.530000000000000000e+02 3.000000000000000000e+00
3.464123010117292623e-01 1.748552869580149771e+00 1.200000000000000000e+01 6.400000000000000000e+01 3.000000000000000000e+00
9.927753619841299670e-01 2.375063070346396243e-01 7.000000000000000000e+00 1.000000000000000000e+00 3.000000000000000000e+00
7.497752211314556714e-01 1.185012419960396635e+00 1.100000000000000000e+01 5.500000000000000000e+01 3.000000000000000000e+00
8.994613699382972838e-01 1.409308852768614617e+00 1.200000000000000000e+01 1.000000000000000000e+01 3.000000000000000000e+00
3.893497143344556433e-01 1.765217079281085066e+00 2.000000000000000000e+00 1.700000000000000000e+02 3.000000000000000000e+00
7.227261589368160211e-01 1.926356394615774903e+00 1.200000000000000000e+01 1.040000000000000000e+02 3.000000000000000000e+00
5.953264496387855598e-01 1.712373504450953154e+00 1.300000000000000000e+01 5.200000000000000000e+01 3.000000000000000000e+00
7.229486335734758296e-01 1.808651869465355055e+00 1.600000000000000000e+01 1.310000000000000000e+02 3.000000000000000000e+00
1.098251961441637364e-01 5.094909968570832115e-01 2.000000000000000000e+00 1.510000000000000000e+02 3.000000000000000000e+00
2.353064536943411111e-01 1.208361487970380566e+00 1.300000000000000000e+01 1.270000000000000000e+02 3.000000000000000000e+00
8.517317254647760461e-01 1.821465199025749104e+00 5.000000000000000000e+00 1.920000000000000000e+02 3.000000000000000000e+00
4.981640525950595810e-01 1.800600184223820899e-01 1.500000000000000000e+01 8.500000000000000000e+01 3.000000000000000000e+00
1.962867648170405488e-01 1.842503901031654401e+00 1.500000000000000000e+01 4.000000000000000000e+01 3.000000000000000000e+00
9.175549284705639685e-01 4.231653433072738446e-01 1.600000000000000000e+01 1.710000000000000000e+02 3.000000000000000000e+00
9.518814734461431559e-01 9.135129764145816234e-01 1.000000000000000000e+00 9.500000000000000000e+01 3.000000000000000000e+00
1.887920987737069511e-01 7.788112926837876815e-01 2.000000000000000000e+01 5.600000000000000000e+01 3.000000000000000000e+00
2.914172265597850808e-01 8.803981981630980558e-01 3.000000000000000000e+00 3.000000000000000000e+00 3.000000000000000000e+00
7.330607403209470352e-01 1.021759876074722406e+00 1.200000000000000000e+01 1.760000000000000000e+02 4.000000000000000000e+00
7.116835563555261590e-01 1.269781833865470722e+00 9.000000000000000000e+00 1.200000000000000000e+02 4.000000000000000000e+00
9.593701902248972235e-01 1.780310227686870972e+00 1.300000000000000000e+01 2.700000000000000000e+01 4.000000000000000000e+00
9.740068397277207302e-01 8.351475137109999336e-01 1.400000000000000000e+01 1.960000000000000000e+02 4.000000000000000000e+00
8.780177485271778437e-01 3.741132503642060625e-01 4.000000000000000000e+00 1.700000000000000000e+02 4.000000000000000000e+00
7.168461500870337844e-01 1.417356676646120306e+00 4.000000000000000000e+00 1.910000000000000000e+02 4.000000000000000000e+00
5.539367205405486549e-01 9.912898621822955336e-01 1.600000000000000000e+01 1.510000000000000000e+02 4.000000000000000000e+00
1.257377206620967636e-01 1.560741374975009421e+00 1.000000000000000000e+01 6.600000000000000000e+01 4.000000000000000000e+00
5.085958154120404640e-01 1.513866895691862391e+00 9.000000000000000000e+00 4.900000000000000000e+01 4.000000000000000000e+00
2.453761488602123481e-02 7.157676093960964048e-01 1.800000000000000000e+01 1.690000000000000000e+02 4.000000000000000000e+00
5.084049821988807505e-01 1.676366019183497480e+00 8.000000000000000000e+00 1.870000000000000000e+02 4.000000000000000000e+00
9.574516783439719347e-01 1.667518397525894758e-01 5.000000000000000000e+00 1.820000000000000000e+02 4.000000000000000000e+00
5.703042799746765867e-01 1.176839497598502149e+00 4.000000000000000000e+00 1.550000000000000000e+02 4.000000000000000000e+00
8.805152775094622353e-01 1.948166964257412204e+00 1.000000000000000000e+01 2.600000000000000000e+01 4.000000000000000000e+00
6.791586552316383196e-01 4.542909473155704037e-01 7.000000000000000000e+00 1.300000000000000000e+02 4.000000000000000000e+00
1.265168090437243098e-01 1.575436362716194694e+00 5.000000000000000000e+00 5.000000000000000000e+00 4.000000000000000000e+00
2.265404631814100789e-01 1.086037190389819829e+00 6.000000000000000000e+00 9.300000000000000000e+01 4.000000000000000000e+00
8.841943594573044019e-01 8.573918786784023860e-01 2.000000000000000000e+00 1.060000000000000000e+02 4.000000000000000000e+00
5.481385852387908875e-01 1.793998650207123235e+00 2.000000000000000000e+00 1.090000000000000000e+02 4.000000000000000000e+00
5.769219534603025057e-01 8.644287643918925346e-01 5.000000000000000000e+00 9.300000000000000000e+01 4.000000000000000000e+00
6.117066542315431343e-01 1.429855253124349135e+00 1.600000000000000000e+01 1.360000000000000000e+02 4.000000000000000000e+00
7.466300272227727186e-01 1.845272918134535756e+00 3.000000000000000000e+00 1.490000000000000000e+02 4.000000000000000000e+00
3.647629253914218966e-02 9.955123738454191296e-01 8.000000000000000000e+00 1.780000000000000000e+02 4.000000000000000000e+00
3.254160213983288141e-01 4.884280209080714696e-01 1.200000000000000000e+01 1.660000000000000000e+02 4.000000000000000000e+00
8.416169627489126226e-01 1.507635446712245697e+00 1.500000000000000000e+01 7.300000000000000000e+01 4.000000000000000000e+00
3.778103627276200305e-01 1.424877748072072292e-01 1.300000000000000000e+01 1.570000000000000000e+02 4.000000000000000000e+00
3.450158928172867290e-01 1.972869081720165951e+00 1.600000000000000000e+01 4.400000000000000000e+01 4.000000000000000000e+00
4.061082932437098253e-02 1.452074518282896465e+00 1.000000000000000000e+01 3.900000000000000000e+01 4.000000000000000000e+00
9.126374563499535242e-01 4.133422138547032665e-01 2.000000000000000000e+00 1.830000000000000000e+02 4.000000000000000000e+00
1.106299697578821822e-01 1.309903393613887745e+00 4.000000000000000000e+00 8.900000000000000000e+01 4.000000000000000000e+00
2.945471851750695036e-01 6.813214916492350559e-01 2.000000000000000000e+00 7.200000000000000000e+01 4.000000000000000000e+00
5.984604329939357398e-02 7.189263029245717140e-01 4.000000000000000000e+00 3.700000000000000000e+01 4.000000000000000000e+00
6.099250909306705992e-01 6.621010435345034972e-01 1.400000000000000000e+01 1.570000000000000000e+02 4.000000000000000000e+00
8.623978739275020011e-01 1.191944722269238088e+00 1.200000000000000000e+01 1.470000000000000000e+02 4.000000000000000000e+00
2.887372980282572055e-01 7.359792788083402426e-01 1.800000000000000000e+01 9.600000000000000000e+01 4.000000000000000000e+00
2.521572769126574354e-01 1.718659453266204507e+00 7.000000000000000000e+00 2.200000000000000000e+01 4.000000000000000000e+00
6.339737838685368665e-01 7.164794753334758903e-01 1.200000000000000000e+01 1.710000000000000000e+02 4.000000000000000000e+00
5.765849543451310177e-01 2.054215863291221744e+00 1.000000000000000000e+01 1.930000000000000000e+02 4.000000000000000000e+00
5.880330296906012277e-01 7.128012060273473116e-01 1.900000000000000000e+01 1.400000000000000000e+01 4.000000000000000000e+00
4.365539213253105677e-01 1.569924508310884592e+00 1.500000000000000000e+01 1.770000000000000000e+02 4.000000000000000000e+00
6.052690144358306990e-01 1.745245706774809946e+00 6.000000000000000000e+00 4.000000000000000000e+00 4.000000000000000000e+00
5.937597666116100487e-02 7.766634873458092558e-01 6.000000000000000000e+00 1.690000000000000000e+02 4.000000000000000000e+00
3.206048286423234667e-02 1.522339999253189191e+00 1.400000000000000000e+01 9.900000000000000000e+01 4.000000000000000000e+00
1.950547060373361008e-01 7.914475924459546397e-01 4.000000000000000000e+00 9.700000000000000000e+01 4.000000000000000000e+00
4.035380740590421150e-02 6.644158126786338103e-01 1.500000000000000000e+01 1.590000000000000000e+02 4.000000000000000000e+00
4.862649092512059124e-01 1.939504576479370856e-01 1.500000000000000000e+01 1.330000000000000000e+02 4.000000000000000000e+00
1.382882126800077938e-01 1.667603981943499569e+00 1.000000000000000000e+01 1.540000000000000000e+02 4.000000000000000000e+00
1.468015573411132202e-01 1.214924407030481213e+00 9.000000000000000000e+00 9.000000000000000000e+00 4.000000000000000000e+00
4.459216100193285487e-02 8.318629634590867239e-01 9.000000000000000000e+00 4.300000000000000000e+01 4.000000000000000000e+00
6.578612608515442550e-02 1.528946922892087112e+00 1.000000000000000000e+01 1.320000000000000000e+02 4.000000000000000000e+00
