-9.408929151153655823e+01
-1.330968313934887419e+02
-1.330968400763366617e+02
-1.160267211235113791e+02
-1.330097291399475239e+02
-1.330910581579051666e+02
-1.112796201820000164e+02
-1.139138443283160314e+02
-1.228606804161699557e+02
-1.274256093615732084e+02
-1.292373876836892350e+02
-1.330968007423105064e+02
-1.118863121249150225e+02
-1.307913099970228643e+02
-1.330602802707582555e+02
-1.146344062243050530e+02
-1.298508667761585400e+02
-1.327670887978649148e+02
-1.280149196010173114e+02
-1.262915572768149559e+02
-1.330964524340130026e+02
-1.330968537160328538e+02
-1.330968593536713911e+02
-1.299294030136517790e+02
-1.330892487484121318e+02
-1.322224911170533233e+02
-1.330970897616110449e+02
-1.109277508557182159e+02
-1.192528376507327295e+02
-1.194692233807561195e+02
-1.330927553997473183e+02
-1.330965900454916664e+02
-1.206282716177080658e+02
-9.238091352130469147e+01
-1.330966083298477827e+02
-9.792206036984480022e+01
-1.188899749307048808e+02
-1.330971673153420340e+02
-1.330968580131520866e+02
-1.198594953555139426e+02
-1.329368982388218114e+02
-1.330303889407010445e+02
-1.275505446515375922e+02
-1.330967982133810779e+02
-1.330964333324276936e+02
-1.330968266542785443e+02
-1.330937923034364303e+02
-1.330452218895222245e+02
-1.289658260280938293e+02
-1.330944224015080977e+02
-9.173649901039165400e+01
-1.278399918015506813e+02
-1.278401700470762847e+02
-9.939738065520786847e+01
-1.278399248189283242e+02
-1.001830475937354379e+02
-1.276044147881027584e+02
-1.048496518748058861e+02
-1.222211331537767620e+02
-1.278402236700434571e+02
-1.275329604648526356e+02
-1.278388386156864271e+02
-1.278018158400918054e+02
-1.164342558604406008e+02
-9.041920231202909974e+01
-1.170457711675049666e+02
-1.274344046279384202e+02
-1.270655953514111332e+02
-1.040994692212411081e+02
-1.278388871250187577e+02
-1.254858291573465863e+02
-9.128686503776731342e+01
-1.250457674636803489e+02
-1.274653085160692143e+02
-1.278400151328829963e+02
-1.044734549660224445e+02
-1.103374720050396007e+02
-9.735385818093523369e+01
-1.243059170616699731e+02
-1.272456012741635618e+02
-1.251281007142682569e+02
-1.278401253560081727e+02
-1.278403661129154898e+02
-1.278399629019079953e+02
-1.037947224775849264e+02
-1.278399354092705380e+02
-1.278391815488245271e+02
-9.307235072771585749e+01
-1.183852226728787258e+02
-1.276903596669151284e+02
-1.254114772458988227e+02
-8.878688353928261279e+01
-1.278380622122328560e+02
-1.277345919371568783e+02
-9.219589913576731988e+01
-1.055079519174389588e+02
-1.278396617772585415e+02
-1.278386722560788371e+02
-1.270039433173399033e+02
-9.560417782630781858e+01
-1.235607480505859428e+02
-8.881993083635130404e+01
-8.575941982111670825e+01
-1.235614661885890939e+02
-9.200683056426274220e+01
-1.235614827960046256e+02
-1.235615066776619244e+02
-1.235604093920065907e+02
-1.235072010150083202e+02
-1.215528536154959056e+02
-1.164690079354886194e+02
-1.019840447939432266e+02
-9.234384624237054595e+01
-1.190121765062678492e+02
-1.140494779800246476e+02
-1.235615522673310807e+02
-1.066144741067300004e+02
-1.235614808299469161e+02
-1.233021735110710893e+02
-1.075888024364545430e+02
-8.962912025259855398e+01
-9.378797610562295972e+01
-1.074849743157970039e+02
-1.185699739178392775e+02
-1.235593505909367735e+02
-1.125545996691749338e+02
-9.929230478737983390e+01
-1.011491651389419673e+02
-1.235614692150634966e+02
-8.920137361715642044e+01
-1.235606675244892472e+02
-1.153523644595063899e+02
-1.235614835428224580e+02
-1.044255170927646930e+02
-1.080689503246774876e+02
-1.235613382651125249e+02
-1.229459488083334122e+02
-1.032568201004667259e+02
-1.235616067470753023e+02
-1.235615281023954708e+02
-8.845110295471772588e+01
-1.109605222875115373e+02
-1.235031089897150309e+02
-1.065502846531344119e+02
-1.235606889301682259e+02
-1.235611936430409230e+02
-9.492930118630977177e+01
-1.176312204933807664e+02
-1.235615794507077965e+02
-9.566946036358365291e+01
-1.213882026646487162e+02
-1.160280211809409252e+02
-9.609758183223195260e+01
-1.239263215549500927e+02
-1.206351861727936807e+02
-1.239422909475666330e+02
-1.071872038754657126e+02
-8.668147789339913345e+01
-1.033966972814406802e+02
-1.103297530468054788e+02
-1.239422366084025953e+02
-1.239422581174540028e+02
-8.781946599315769220e+01
-8.538460726784894916e+01
-1.239422890181672443e+02
-1.239392034121756865e+02
-1.219920877901899559e+02
-1.169118596197692881e+02
-1.061369768096891590e+02
-1.237905797295100427e+02
-1.164188842394091097e+02
-9.974172474374262265e+01
-1.239417704711304395e+02
-1.239422075221044679e+02
-1.239422957827102039e+02
-1.239421927472869669e+02
-1.197504102459428879e+02
-1.239424551491995032e+02
-9.747008156147670377e+01
-9.103495230237999181e+01
-1.239407398767248054e+02
-1.187070255952810527e+02
-1.160290035552272485e+02
-1.239420406709626405e+02
-1.208359435705398823e+02
-1.212991156628433771e+02
-1.239342924700971054e+02
-1.239422612268713806e+02
-1.239423077942195732e+02
-1.239422289855701251e+02
-1.239420486332805922e+02
-9.639809806892135668e+01
-1.220132288332374912e+02
-1.239422390570384493e+02
-8.782129910986358823e+01
-1.239418015612090471e+02
-9.181901657778813330e+01
-1.140071033355535093e+02
-1.097265161766929111e+02
-1.237801617570963799e+02
-1.186366152689048477e+02
-1.236286079348424494e+02
-1.251433229646366385e+02
-1.124267039376529738e+02
-9.149218003324287452e+01
-1.246124508261940065e+02
-1.176877930382223383e+02
-1.251427403722203309e+02
-1.251418495321631354e+02
-1.131944228271465391e+02
-1.251428931356145995e+02
-8.818221267359194826e+01
-1.222886974843885781e+02
-1.251433974719955700e+02
-9.435418961833723017e+01
-1.250896307900349456e+02
-1.210391681526373162e+02
-1.136722111635339587e+02
-1.251434021113926747e+02
-1.136092791329609781e+02
-1.247552220940599312e+02
-1.251434145150941362e+02
-1.232874594345472161e+02
-9.560318209427455827e+01
-1.251148687742387011e+02
-9.163811883948048376e+01
-1.251435770427582668e+02
-1.250829745413676477e+02
-9.478163799071924700e+01
-1.251344037192327221e+02
-1.069193332343839842e+02
-1.228726926258905081e+02
-1.041096428953928239e+02
-1.226415216092425169e+02
-1.077137841979569686e+02
-1.251429198255910507e+02
-1.067502543326412479e+02
-1.251434273538524451e+02
-1.100130784691249772e+02
-1.251192073749154900e+02
-1.251397592500249374e+02
-1.116326372948788475e+02
-1.251290008445485000e+02
-1.113002568950558100e+02
-1.088035827714476795e+02
-8.884376236663138116e+01
-1.251427230816981364e+02
-1.249954765655787696e+02
-1.235572601104388610e+02
-1.251407898487010897e+02
