-9.457856318788577710e+01
-1.330955911607611597e+02
-1.103839445334371163e+02
-1.198985360036321168e+02
-1.043527321100439451e+02
-1.330937216365617815e+02
-1.330722245692115564e+02
-9.667072238081145485e+01
-1.330957393719812387e+02
-1.214457055926989995e+02
-1.246730733827163107e+02
-1.330968208089118718e+02
-9.325578926502254262e+01
-1.330966692010231327e+02
-9.939231175238249705e+01
-9.458352631915609265e+01
-1.217387357243001418e+02
-1.322870390871724453e+02
-1.202328839230478508e+02
-1.330964946965976310e+02
-9.742135099785409125e+01
-9.085915815306465504e+01
-1.231682400295893700e+02
-1.149672265239662465e+02
-1.330960972368571902e+02
-9.744992739331107146e+01
-1.180380391010592120e+02
-1.234014943531947353e+02
-1.129625063837040813e+02
-1.323008592196619588e+02
-1.330952661125837722e+02
-9.672744792939558067e+01
-1.330968368148197953e+02
-1.262386185338290545e+02
-1.330967173379651172e+02
-1.329972340816138683e+02
-1.330966287416279954e+02
-9.786248228505066038e+01
-9.838170022869988429e+01
-1.316949640510465542e+02
-1.025456689056290145e+02
-1.179524650467498503e+02
-1.054421208068160496e+02
-1.330915019936447834e+02
-1.223285863625387435e+02
-1.255370521313298866e+02
-1.022611762367822763e+02
-1.058209440366175045e+02
-9.422332366966793415e+01
-9.709210821838190952e+01
-1.278297064209856302e+02
-9.769225039104912867e+01
-8.905551747804223339e+01
-1.204006356892701319e+02
-1.278400592915779583e+02
-1.278402271972011448e+02
-1.278400756306284478e+02
-1.278400671219054061e+02
-1.220989461341136888e+02
-1.278398400779512230e+02
-1.278394920414268654e+02
-1.278392741976932143e+02
-1.278370064686805847e+02
-1.278401265275245180e+02
-9.468229772682552436e+01
-1.276939848416131866e+02
-1.278398970495856730e+02
-1.278350135599442012e+02
-1.185155328630579987e+02
-9.871457175483268998e+01
-1.024180947973309657e+02
-1.278401844237139926e+02
-1.215417712002527821e+02
-1.177361984634923857e+02
-1.275043818347996023e+02
-1.275407480471261152e+02
-1.278393298197012058e+02
-1.255542770781163426e+02
-1.219306380121656872e+02
-1.080610492680430923e+02
-1.278398801548863588e+02
-1.278397202205562451e+02
-8.873356436755292975e+01
-1.278400772330209918e+02
-9.876015762807894305e+01
-1.278385235560919995e+02
-1.179336245475681437e+02
-8.946466014911258924e+01
-8.930130550281683099e+01
-9.473404679915910265e+01
-1.263313464483261725e+02
-1.278400714554520903e+02
-1.278401540920202279e+02
-1.276780101051651286e+02
-1.278388893935400290e+02
-1.081083547027320577e+02
-1.278399868949203722e+02
-1.201195654629614040e+02
-1.278398462223887719e+02
-1.278400529844757614e+02
-1.050640005521867408e+02
-1.082906048326893966e+02
-9.145029567403510384e+01
-1.235613942713322615e+02
-9.438257508915587835e+01
-1.235613096270008100e+02
-1.235578183210633654e+02
-8.761857877786424353e+01
-1.217790275412839094e+02
-1.200911755220356696e+02
-8.619889507316797506e+01
-1.235613327097356091e+02
-9.383887523437348932e+01
-1.119198644235976872e+02
-8.709821663957168880e+01
-1.234326726890429597e+02
-1.165782753348147338e+02
-1.235288330062228397e+02
-9.611079249176061978e+01
-1.235374155468217197e+02
-9.012722049274542258e+01
-1.187820108580058758e+02
-1.235613374236742317e+02
-8.960235182276657895e+01
-1.128779476834474309e+02
-1.220028252442621550e+02
-9.651633586044161461e+01
-1.231307431850227943e+02
-1.235281735761273296e+02
-1.235543552884974332e+02
-1.235615085650901364e+02
-1.228401069787424404e+02
-1.218973897383315261e+02
-9.875195482724069507e+01
-8.673624598745975334e+01
-1.235615116667537592e+02
-1.040501228799783036e+02
-1.062144706926327160e+02
-1.234029685734960822e+02
-1.235611263649749816e+02
-1.235478562889279743e+02
-1.235593463426738481e+02
-1.230348246086103927e+02
-1.235565120973894864e+02
-1.200267556592995248e+02
-1.235614540070389467e+02
-1.235614503466601946e+02
-9.999360921462317719e+01
-8.630578857066933551e+01
-1.008475888849288822e+02
-1.237773648084207707e+02
-1.236075678849015986e+02
-1.198248264736012914e+02
-1.216806440690483697e+02
-1.239422661529356873e+02
-9.500851752863069066e+01
-1.239422854071277129e+02
-1.239422033616336165e+02
-1.238770780864588090e+02
-1.062135168172681858e+02
-1.160658901219166808e+02
-1.118428262759883580e+02
-1.239194549676730475e+02
-1.239411042167547521e+02
-8.653866585451871174e+01
-1.200518900511564198e+02
-1.238463325671315118e+02
-1.117365004099032433e+02
-8.775212309103250163e+01
-1.239419202151750738e+02
-1.015212067719548656e+02
-1.235738768837763502e+02
-1.123377042665241135e+02
-1.227357119777449981e+02
-8.830957044208808782e+01
-1.239407885408050305e+02
-1.239421849283368573e+02
-8.668641774422616209e+01
-1.239387395350721732e+02
-9.427682901987795105e+01
-1.228572532041640670e+02
-1.169124754398363990e+02
-1.239406217874457639e+02
-9.098291937682127184e+01
-1.233330527613437368e+02
-8.784209674493442321e+01
-1.239422106993328185e+02
-1.239421154696095186e+02
-1.228832572814963413e+02
-1.122338261213283914e+02
-9.330149939621978206e+01
-1.239184000758359474e+02
-9.668787459394688710e+01
-1.239421473644696476e+02
-1.239421438655914329e+02
-1.188897828581882976e+02
-9.869262473853183337e+01
-1.239424295502526689e+02
-1.239409153803310488e+02
-9.532355950339393758e+01
-1.115377614873737997e+02
-1.251117375148007369e+02
-1.231894040287027821e+02
-1.184531170672286038e+02
-1.251433410047771133e+02
-1.101914102710417183e+02
-1.251431774702834758e+02
-8.631917630677459385e+01
-9.781743367875643003e+01
-9.586328004375788225e+01
-1.251432805088244180e+02
-1.226369910906152541e+02
-9.132812609591508135e+01
-1.229030626298624327e+02
-1.238857435730065077e+02
-9.660904741946517049e+01
-1.119277276494474762e+02
-1.250468245091359591e+02
-1.251430832975588743e+02
-1.251432459984491885e+02
-1.251102416927808179e+02
-1.251382985256426679e+02
-8.698664931743974194e+01
-1.251434405065099611e+02
-8.790675553086070693e+01
-1.061730185996960358e+02
-1.251297775423270622e+02
-1.024020663533303974e+02
-1.203342109551548020e+02
-1.111016692382354165e+02
-1.251432266067022283e+02
-1.251433874526589420e+02
-1.215719533355866417e+02
-1.070580309988719279e+02
-1.250745007395249360e+02
-1.222431855409206776e+02
-1.251434311590099213e+02
-1.251434204861118644e+02
-1.249945318936223089e+02
-9.623253819535275966e+01
-1.251344233752204218e+02
-1.251365730392785593e+02
-1.092854631086380550e+02
-9.114099078723263858e+01
-9.350479021659413092e+01
-1.251236230958822091e+02
-1.249923841029272324e+02
-1.249808565464778098e+02
-1.154406592397648552e+02
-1.251431606302608515e+02
