-1.330966167928229709e+02
-1.278400253771159640e+02
-1.235613340824582878e+02
-1.239421481486752157e+02
-1.251433434878491653e+02
-1.330967568239497894e+02
-1.278400351986038288e+02
-1.235614500913671350e+02
-1.239422449851028603e+02
-1.251434047382341248e+02
-1.320618966517486683e+02
-1.268074068797587159e+02
-1.223421876342061694e+02
-1.228003137516527943e+02
-1.240675889066367432e+02
-1.290651750782634792e+02
-1.239697818739426367e+02
-1.195931710498743286e+02
-1.201754903043921416e+02
-1.215591822944106042e+02
-9.820836911051638651e+01
-9.614406765132544308e+01
-9.374232241716484282e+01
-9.343177821671635286e+01
-9.496058734592995165e+01
-1.330967532850738166e+02
-1.278398834927967300e+02
-1.235610555529687957e+02
-1.239420490046712047e+02
-1.251431578816963395e+02
-9.559896670123345075e+01
-9.363193580428158214e+01
-9.143406695944550222e+01
-9.105930526305854755e+01
-9.238860607895111343e+01
-1.075217527121217813e+02
-1.048544502699757004e+02
-1.020977179510550457e+02
-1.020658654765671542e+02
-1.037856471485972776e+02
-1.097008013380290379e+02
-1.073415188891563901e+02
-1.043639527259175424e+02
-1.041909769946152977e+02
-1.060576915496065737e+02
-1.315076053618259380e+02
-1.262134724169244890e+02
-1.217366610190814527e+02
-1.222346594037417589e+02
-1.234988521094928302e+02
-1.063518294914421460e+02
-1.039467778781204572e+02
-1.011264030702273260e+02
-1.011194577162058295e+02
-1.028227436694577648e+02
-1.049971430040999962e+02
-1.026283615465109591e+02
-9.996610597823911348e+01
-9.997469384955282123e+01
-1.014766929941956590e+02
-9.409530682640557586e+01
-9.237807085369215088e+01
-9.005055883988497101e+01
-8.959687799121027751e+01
-9.118853632848784230e+01
-1.330968403299268630e+02
-1.278400170303854537e+02
-1.235615190014001570e+02
-1.239422765042291132e+02
-1.251434728349442906e+02
-9.923370925626193184e+01
-9.711180752751744194e+01
-9.485816792405276487e+01
-9.410257408894095477e+01
-9.570280007458026716e+01
-1.128572883664358528e+02
-1.086720928797372068e+02
-1.061646847752085137e+02
-1.056541213726463297e+02
-1.074594132375774365e+02
-1.330926498668384284e+02
-1.278388966117795178e+02
-1.235544428017260685e+02
-1.239360406728887085e+02
-1.251401959533997967e+02
-1.329948284050121856e+02
-1.277263426946235967e+02
-1.233980060796399982e+02
-1.238336488603197267e+02
-1.250354949909069120e+02
-1.330655891953043692e+02
-1.277748861901670097e+02
-1.235320158447825776e+02
-1.238979416636183828e+02
-1.251109760392923960e+02
-1.330968151575793570e+02
-1.278400692043195193e+02
-1.235615080498250222e+02
-1.239422829959761998e+02
-1.251434535196056714e+02
-1.330966333546013800e+02
-1.278396414807402124e+02
-1.235611880052521485e+02
-1.239415104066964517e+02
-1.251432231034631997e+02
-1.330968184144597615e+02
-1.278400602411854550e+02
-1.235615146568790408e+02
-1.239422661933766250e+02
-1.251434431155231835e+02
-1.326879399212369322e+02
-1.274004324055551223e+02
-1.231233461321223217e+02
-1.235578560136195989e+02
-1.247217035075272094e+02
-1.207221340030389030e+02
-1.169865609280383865e+02
-1.131412426962910160e+02
-1.137474300264042597e+02
-1.151349072231657971e+02
-1.322599218921213833e+02
-1.263742852292943724e+02
-1.216246685635592399e+02
-1.220879700041680280e+02
-1.233753839198449214e+02
-1.269132942111657769e+02
-1.221970852362751288e+02
-1.179593907529911974e+02
-1.185674841040930971e+02
-1.200563753395281594e+02
-1.328265124160089670e+02
-1.274547897393737657e+02
-1.231667265068618917e+02
-1.235631288764096070e+02
-1.247322388728339178e+02
-1.184894858195067968e+02
-1.139124516905727376e+02
-1.108004496685584144e+02
-1.107135438124041684e+02
-1.121109193160156394e+02
-1.323647666362983273e+02
-1.271413638284474956e+02
-1.227559320801337179e+02
-1.231120825293479157e+02
-1.244236865627095483e+02
-1.312122777905912869e+02
-1.259351992989507636e+02
-1.214849288891315808e+02
-1.219350016407183546e+02
-1.232044884279795554e+02
-1.330720751007431488e+02
-1.278217973966637544e+02
-1.235427704306437846e+02
-1.239232771489300546e+02
-1.251208004891275749e+02
-1.330967755565893356e+02
-1.278400521316176679e+02
-1.235615317725627023e+02
-1.239422396714624881e+02
-1.251434373155560422e+02
-9.136965195149112162e+01
-8.963713027350799223e+01
-8.716164391068846840e+01
-8.687991688613526264e+01
-8.871177183230403784e+01
-9.098265891453091569e+01
-8.820225864615660782e+01
-8.562379191910109455e+01
-8.538044412256141413e+01
-8.671147875354677126e+01
-1.330958093992632314e+02
-1.278391482973154041e+02
-1.235597391823709756e+02
-1.239411351172226716e+02
-1.251424655385468157e+02
-1.003922550920769652e+02
-9.836768621697700610e+01
-9.570667526388109536e+01
-9.553239768177526514e+01
-9.687942895995753645e+01
-1.039421044012754294e+02
-1.013823101788520660e+02
-9.879954645023589421e+01
-9.880588582070373604e+01
-1.003942037436119676e+02
-1.152681799867813197e+02
-1.121901380722321022e+02
-1.086718864032237661e+02
-1.091938164819663513e+02
-1.108468189431398372e+02
-1.274742643796967343e+02
-1.226051076916614022e+02
-1.184323303525801663e+02
-1.189659038821242518e+02
-1.204146556757949611e+02
-1.330967923054971038e+02
-1.278400873868304757e+02
-1.235615141466753784e+02
-1.239422966723102917e+02
-1.251434401149492004e+02
-9.581396545541119281e+01
-9.367101543567534350e+01
-9.154620222734818924e+01
-9.103684413443514245e+01
-9.207614248834595116e+01
-1.308633237952901425e+02
-1.255202462208530534e+02
-1.214845404416094112e+02
-1.216891200357878944e+02
-1.229702915350320467e+02
-1.189996571357608133e+02
-1.153763657934888727e+02
-1.117132301623466191e+02
-1.120867139200624933e+02
-1.137913386703162502e+02
-1.330968168089648600e+02
-1.278400659632284260e+02
-1.235615053730236781e+02
-1.239422917866642990e+02
-1.251434473837843342e+02
-9.784308200468746008e+01
-9.377079392767369370e+01
-9.279255048460618127e+01
-9.243526719480942688e+01
-9.386569072861591678e+01
-9.269216937409105128e+01
-9.121569077827074068e+01
-8.899515230183409642e+01
-8.809951034015543314e+01
-8.969844616267371862e+01
-1.330969020818058937e+02
-1.278400374112652145e+02
-1.235613408054678075e+02
-1.239420566332943423e+02
-1.251433681091816794e+02
-1.316844502556927523e+02
-1.263107288459466133e+02
-1.220248162333968054e+02
-1.223448487534771374e+02
-1.235144805949761775e+02
-9.193515634740732878e+01
-9.003240913546335378e+01
-8.761683508926350328e+01
-8.849720128309500922e+01
-8.918005992929731462e+01
-1.210901410917027050e+02
-1.173139217331395088e+02
-1.136170674482780214e+02
-1.140891990278893928e+02
-1.156176946166630870e+02
