1.030569112239778824e+21
1.000000000000000000e+00
6.874751748369337600e+16
1.000000000000000000e+00
1.343286389685394080e+17
1.000000000000000000e+00
2.973484481208095539e+19
1.000000000000000000e+00
9.804051673796182016e+19
1.000000000000000000e+00
6.042702527838933484e+20
1.000000000000000000e+00
8.259268147702163046e+20
1.000000000000000000e+00
6.114942840032508000e+16
1.000000000000000000e+00
1.251040716676518800e+16
1.000000000000000000e+00
2.079184080134347600e+16
1.000000000000000000e+00
5.202296484881060000e+16
1.000000000000000000e+00
7.404346704111417500e+14
1.000000000000000000e+00
1.252393852814665625e+14
1.000000000000000000e+00
2.305699837509794000e+16
1.000000000000000000e+00
6.304145662977041408e+18
1.000000000000000000e+00
7.038702201821053750e+14
1.000000000000000000e+00
9.884961985724321600e+16
1.000000000000000000e+00
4.643772796397408800e+16
1.000000000000000000e+00
1.539320177243612750e+15
1.000000000000000000e+00
3.597880698621314764e+08
1.000000000000000000e+00
8.631418918827634375e+13
1.000000000000000000e+00
3.487830401680844116e+11
1.000000000000000000e+00
1.785770929092458000e+15
1.000000000000000000e+00
4.683704407936533203e+12
1.000000000000000000e+00
2.331988195855606995e+11
1.000000000000000000e+00
2.744261578123054688e+14
1.000000000000000000e+00
3.987609081326574683e+08
1.000000000000000000e+00
2.596385927874921560e+08
1.000000000000000000e+00
8.299159864286136475e+11
1.000000000000000000e+00
1.828876046253051376e+10
1.000000000000000000e+00
4.358277601969601631e+09
1.000000000000000000e+00
4.097900259880977051e+12
1.000000000000000000e+00
8.815405719199081883e+06
5.000000000000000000e+00
3.477888110450852662e+07
5.000000000000000000e+00
5.045703206209174219e+13
1.000000000000000000e+00
2.580043561019023415e+06
5.000000000000000000e+00
1.671493030783107281e+09
1.000000000000000000e+00
9.224341388404554455e+05
5.000000000000000000e+00
5.312209304765134732e+01
1.000000000000000000e+00
2.506571615029153181e+05
5.000000000000000000e+00
1.601616951706795692e+09
1.000000000000000000e+00
2.721418634090345860e+09
1.000000000000000000e+00
3.367034049541248779e+11
1.000000000000000000e+00
5.459247939586622697e-05
1.000000000000000000e+00
