7.233516268981907693e-01 1.841039140737124713e+00 1.900000000000000000e+01 3.000000000000000000e+01 0.000000000000000000e+00
6.239365134283387793e-01 1.103010069449546604e+00 1.900000000000000000e+01 2.600000000000000000e+01 0.000000000000000000e+00
6.642475041682114334e-01 1.429346321556295818e+00 1.100000000000000000e+01 7.800000000000000000e+01 0.000000000000000000e+00
4.875457589960032756e-01 3.993911522869203479e-01 1.500000000000000000e+01 9.600000000000000000e+01 0.000000000000000000e+00
8.942991177875648789e-01 1.988867454789806644e+00 1.000000000000000000e+00 1.320000000000000000e+02 0.000000000000000000e+00
6.035526713267355126e-01 1.622061114054146991e+00 1.900000000000000000e+01 3.200000000000000000e+01 0.000000000000000000e+00
7.014627907121978589e-01 7.037124226473777666e-01 1.700000000000000000e+01 1.660000000000000000e+02 0.000000000000000000e+00
7.674359746050427589e-01 1.293384591113638793e+00 5.000000000000000000e+00 1.260000000000000000e+02 0.000000000000000000e+00
4.757167766592672598e-01 2.004549626314938493e+00 1.700000000000000000e+01 3.100000000000000000e+01 0.000000000000000000e+00
8.664581755437609223e-01 1.420975605681610576e-01 4.000000000000000000e+00 1.640000000000000000e+02 0.000000000000000000e+00
3.419545248135313908e-01 1.384796195012030218e+00 1.600000000000000000e+01 3.900000000000000000e+01 0.000000000000000000e+00
4.208699854857894662e-01 8.888690676042559913e-01 8.000000000000000000e+00 1.440000000000000000e+02 0.000000000000000000e+00
8.289136805961880849e-01 1.688279291053050857e+00 1.300000000000000000e+01 3.800000000000000000e+01 0.000000000000000000e+00
8.963577596336391728e-01 4.373651606646519197e-01 3.000000000000000000e+00 3.200000000000000000e+01 0.000000000000000000e+00
1.151798813561174389e-01 1.677077410632128895e+00 2.000000000000000000e+00 8.800000000000000000e+01 0.000000000000000000e+00
5.167323262412999441e-01 1.072429994496567895e-01 2.000000000000000000e+01 1.370000000000000000e+02 0.000000000000000000e+00
4.645388735687202564e-01 7.240754118683200291e-01 9.000000000000000000e+00 1.300000000000000000e+01 0.000000000000000000e+00
7.640379787702440417e-01 1.439807122407897211e+00 1.900000000000000000e+01 1.030000000000000000e+02 0.000000000000000000e+00
2.356130753241674203e-01 1.413215115554699031e+00 4.000000000000000000e+00 1.210000000000000000e+02 0.000000000000000000e+00
1.809195997182652116e-01 1.683193949197591410e-01 5.000000000000000000e+00 5.000000000000000000e+01 0.000000000000000000e+00
6.520702352642784305e-01 1.859420455441865849e+00 1.700000000000000000e+01 3.700000000000000000e+01 0.000000000000000000e+00
8.910588484680631582e-01 2.011436112321606462e+00 2.000000000000000000e+00 9.800000000000000000e+01 0.000000000000000000e+00
3.597196115174627895e-01 1.573105774337685059e+00 1.700000000000000000e+01 5.700000000000000000e+01 0.000000000000000000e+00
2.464988793801016209e-01 1.587695226652053870e+00 1.400000000000000000e+01 5.000000000000000000e+00 0.000000000000000000e+00
7.371782006181423208e-01 1.944163978697579509e+00 1.500000000000000000e+01 2.300000000000000000e+01 0.000000000000000000e+00
5.311456820795895650e-01 1.698319269061014491e+00 1.600000000000000000e+01 1.890000000000000000e+02 0.000000000000000000e+00
1.457146885683001901e-02 2.095715929800483490e+00 1.700000000000000000e+01 5.000000000000000000e+00 0.000000000000000000e+00
1.647255926413814242e-01 6.607172036850835761e-01 6.000000000000000000e+00 1.490000000000000000e+02 0.000000000000000000e+00
4.250250264152062307e-01 1.948565673517712815e+00 2.000000000000000000e+01 5.100000000000000000e+01 0.000000000000000000e+00
3.866982562011413993e-01 1.745630862453915633e+00 8.000000000000000000e+00 5.000000000000000000e+00 0.000000000000000000e+00
6.595830258540705815e-01 1.028160856629750930e-01 1.100000000000000000e+01 6.500000000000000000e+01 0.000000000000000000e+00
2.830779123263148928e-02 6.676651054123984297e-01 1.600000000000000000e+01 2.300000000000000000e+01 0.000000000000000000e+00
1.241756805925292445e-01 1.374249213577193096e+00 3.000000000000000000e+00 1.800000000000000000e+01 0.000000000000000000e+00
3.919245752806180816e-01 1.778187326898397203e+00 1.200000000000000000e+01 1.340000000000000000e+02 0.000000000000000000e+00
6.657916359047882926e-01 1.651349115396702816e+00 7.000000000000000000e+00 1.100000000000000000e+02 0.000000000000000000e+00
7.980333237167127614e-01 1.678198270868600739e+00 4.000000000000000000e+00 1.220000000000000000e+02 0.000000000000000000e+00
9.063210357876803069e-01 1.635686522622078698e+00 1.500000000000000000e+01 1.760000000000000000e+02 0.000000000000000000e+00
6.998696611021591740e-02 1.289955011158939513e+00 1.000000000000000000e+01 4.000000000000000000e+00 0.000000000000000000e+00
3.234801672045521936e-01 1.520354989276506252e+00 1.200000000000000000e+01 1.530000000000000000e+02 0.000000000000000000e+00
3.614497126787654668e-01 2.004473219782422433e+00 1.400000000000000000e+01 7.600000000000000000e+01 0.000000000000000000e+00
4.487175889057858358e-01 1.758035426095620801e+00 1.400000000000000000e+01 1.950000000000000000e+02 0.000000000000000000e+00
1.009122014387499489e+00 1.107998314846665666e+00 1.800000000000000000e+01 1.050000000000000000e+02 0.000000000000000000e+00
7.486303028774460300e-01 1.650844837601456450e-01 2.000000000000000000e+01 7.100000000000000000e+01 0.000000000000000000e+00
4.060037573310678605e-01 1.479319175847312318e+00 1.300000000000000000e+01 2.000000000000000000e+02 0.000000000000000000e+00
6.453013185897292781e-01 1.420700849656884923e+00 1.800000000000000000e+01 9.700000000000000000e+01 0.000000000000000000e+00
2.857183676840189257e-01 1.921017571446309802e+00 1.800000000000000000e+01 1.670000000000000000e+02 0.000000000000000000e+00
6.801911475133136376e-02 1.858976404491592183e+00 1.400000000000000000e+01 1.350000000000000000e+02 0.000000000000000000e+00
2.423692421180491108e-01 4.066272787497137164e-01 1.200000000000000000e+01 1.040000000000000000e+02 0.000000000000000000e+00
7.856254265911492007e-01 3.551574340691371345e-01 1.000000000000000000e+01 7.900000000000000000e+01 0.000000000000000000e+00
2.910676865934989088e-01 1.478098178091608261e+00 1.600000000000000000e+01 1.270000000000000000e+02 0.000000000000000000e+00
6.458023365792701087e-01 1.228319251760519037e+00 1.600000000000000000e+01 1.490000000000000000e+02 1.000000000000000000e+00
9.370069139866484820e-01 9.864030166968821289e-01 9.000000000000000000e+00 7.100000000000000000e+01 1.000000000000000000e+00
2.967273897288772444e-01 1.036271125388482206e+00 1.600000000000000000e+01 1.570000000000000000e+02 1.000000000000000000e+00
4.303288761497586767e-01 8.384739230217114203e-01 1.000000000000000000e+01 1.230000000000000000e+02 1.000000000000000000e+00
5.176043422551607209e-01 1.684558372431882667e+00 1.700000000000000000e+01 3.200000000000000000e+01 1.000000000000000000e+00
7.896218942246049366e-01 2.017612405522701824e+00 4.000000000000000000e+00 1.780000000000000000e+02 1.000000000000000000e+00
2.287786084541839626e-01 8.376761367140274084e-01 4.000000000000000000e+00 1.050000000000000000e+02 1.000000000000000000e+00
3.250907824564477355e-01 1.927950702811187744e+00 1.900000000000000000e+01 6.800000000000000000e+01 1.000000000000000000e+00
4.780891273414366455e-02 6.582741380837416889e-01 2.000000000000000000e+01 1.650000000000000000e+02 1.000000000000000000e+00
6.334151344261286232e-01 1.182431189052578269e+00 1.500000000000000000e+01 1.600000000000000000e+01 1.000000000000000000e+00
5.032331502946917334e-01 9.117223341359118605e-01 1.300000000000000000e+01 9.200000000000000000e+01 1.000000000000000000e+00
7.319458374332206141e-01 1.628509209514616307e+00 1.200000000000000000e+01 1.330000000000000000e+02 1.000000000000000000e+00
3.848005394324285344e-01 7.055206352484059140e-01 1.000000000000000000e+00 1.700000000000000000e+01 1.000000000000000000e+00
8.075506338879461232e-01 5.771202300655698947e-01 1.300000000000000000e+01 1.780000000000000000e+02 1.000000000000000000e+00
5.601324101788373033e-01 4.564479893080867212e-01 1.400000000000000000e+01 8.100000000000000000e+01 1.000000000000000000e+00
7.581438836521974256e-01 2.014722372301630315e+00 1.600000000000000000e+01 1.000000000000000000e+02 1.000000000000000000e+00
8.928249513781048863e-02 1.591319002443627451e+00 1.100000000000000000e+01 1.480000000000000000e+02 1.000000000000000000e+00
8.682175338016212551e-01 1.288442254199754000e+00 9.000000000000000000e+00 7.000000000000000000e+01 1.000000000000000000e+00
1.909062678190908136e-01 7.359200836559217640e-01 1.000000000000000000e+00 1.410000000000000000e+02 1.000000000000000000e+00
6.545664114908121833e-01 1.154030720206674854e+00 1.400000000000000000e+01 1.380000000000000000e+02 1.000000000000000000e+00
7.066545092958598229e-01 1.652322975656255188e+00 1.000000000000000000e+01 7.600000000000000000e+01 1.000000000000000000e+00
6.362519008385102148e-02 1.311218166187843703e+00 1.800000000000000000e+01 6.200000000000000000e+01 1.000000000000000000e+00
8.354809547430106509e-01 1.422037426553657502e+00 1.700000000000000000e+01 3.100000000000000000e+01 1.000000000000000000e+00
2.100886452267408666e-01 9.509379494149988732e-01 2.000000000000000000e+00 1.750000000000000000e+02 1.000000000000000000e+00
8.992011551914580458e-01 1.998162587729374273e+00 1.300000000000000000e+01 1.200000000000000000e+01 1.000000000000000000e+00
6.928560146094208116e-01 1.196855938686791632e+00 1.300000000000000000e+01 1.590000000000000000e+02 1.000000000000000000e+00
5.819680639750512280e-02 2.081460478883868870e+00 1.900000000000000000e+01 1.010000000000000000e+02 1.000000000000000000e+00
7.873544191138787118e-01 8.367941276272289342e-01 3.000000000000000000e+00 1.230000000000000000e+02 1.000000000000000000e+00
4.139114643985070119e-01 1.622167616060457895e+00 9.000000000000000000e+00 1.000000000000000000e+02 1.000000000000000000e+00
9.624658439775955754e-02 1.893764788408828670e+00 1.100000000000000000e+01 1.560000000000000000e+02 1.000000000000000000e+00
4.411262528806838557e-01 1.312159815929560436e+00 9.000000000000000000e+00 3.200000000000000000e+01 1.000000000000000000e+00
7.622093224909388676e-01 1.715272202371900923e+00 5.000000000000000000e+00 2.500000000000000000e+01 1.000000000000000000e+00
4.356481492788503163e-01 1.441268281867175149e+00 5.000000000000000000e+00 1.670000000000000000e+02 1.000000000000000000e+00
5.105554209327816118e-01 1.987876781763072254e+00 3.000000000000000000e+00 1.870000000000000000e+02 1.000000000000000000e+00
9.350223501590597674e-01 1.179648361429761927e+00 6.000000000000000000e+00 1.160000000000000000e+02 1.000000000000000000e+00
2.033931900392516035e-01 5.786895499958274458e-01 1.100000000000000000e+01 1.450000000000000000e+02 1.000000000000000000e+00
2.603517420047203323e-01 5.667810498140458675e-01 1.900000000000000000e+01 6.000000000000000000e+00 1.000000000000000000e+00
6.722364836382612729e-01 5.690491148093178575e-01 1.000000000000000000e+01 5.000000000000000000e+00 1.000000000000000000e+00
5.050580497471678365e-01 1.809919178373449622e+00 1.000000000000000000e+00 1.690000000000000000e+02 1.000000000000000000e+00
3.838628395929386539e-01 1.921343994541222289e+00 3.000000000000000000e+00 1.400000000000000000e+02 1.000000000000000000e+00
8.237783748233780123e-01 8.265681659656703983e-01 1.900000000000000000e+01 6.300000000000000000e+01 1.000000000000000000e+00
4.875340606775525609e-01 1.893397210615807902e+00 8.000000000000000000e+00 1.200000000000000000e+02 1.000000000000000000e+00
8.770264957211274526e-01 2.000959485543205130e+00 4.000000000000000000e+00 1.690000000000000000e+02 1.000000000000000000e+00
8.735927421310477614e-01 1.938737745549645952e+00 1.800000000000000000e+01 3.200000000000000000e+01 1.000000000000000000e+00
2.345117689211754231e-01 1.182859302645239641e+00 4.000000000000000000e+00 1.070000000000000000e+02 1.000000000000000000e+00
2.906776226501845972e-01 2.046829269145869379e+00 1.700000000000000000e+01 8.900000000000000000e+01 1.000000000000000000e+00
2.273045283438541730e-01 1.580725365327421417e-01 6.000000000000000000e+00 1.520000000000000000e+02 1.000000000000000000e+00
1.418074756017103644e-01 4.713289161772308278e-01 8.000000000000000000e+00 1.600000000000000000e+02 1.000000000000000000e+00
7.823195145720371890e-01 1.317385043203238126e+00 1.000000000000000000e+01 1.300000000000000000e+01 1.000000000000000000e+00
5.652996455893194439e-01 1.605618235312787911e+00 1.900000000000000000e+01 6.600000000000000000e+01 1.000000000000000000e+00
9.042642945246076591e-01 1.730506351939195442e+00 1.300000000000000000e+01 1.660000000000000000e+02 2.000000000000000000e+00
4.238358320275780189e-01 7.309196620523764620e-01 2.000000000000000000e+01 1.480000000000000000e+02 2.000000000000000000e+00
9.979048137572783528e-01 1.448752304725508422e+00 1.100000000000000000e+01 7.600000000000000000e+01 2.000000000000000000e+00
8.127228204982325233e-01 4.623786788214426791e-01 1.300000000000000000e+01 6.300000000000000000e+01 2.000000000000000000e+00
2.816735342825079647e-01 1.677445654799558650e+00 1.600000000000000000e+01 9.700000000000000000e+01 2.000000000000000000e+00
4.221083989864692354e-01 9.540449007847188190e-01 1.800000000000000000e+01 1.250000000000000000e+02 2.000000000000000000e+00
3.898663168506532467e-02 5.519193193139723119e-01 1.200000000000000000e+01 5.000000000000000000e+00 2.000000000000000000e+00
6.116660097560803200e-01 1.334167057324090744e-01 1.600000000000000000e+01 1.720000000000000000e+02 2.000000000000000000e+00
5.207765616191767366e-01 1.502406465655630186e+00 1.200000000000000000e+01 1.800000000000000000e+01 2.000000000000000000e+00
6.431828697795430871e-01 1.527964833235359310e-01 2.000000000000000000e+01 1.180000000000000000e+02 2.000000000000000000e+00
3.918537328539225539e-01 6.790471521165944990e-01 1.000000000000000000e+00 7.000000000000000000e+01 2.000000000000000000e+00
3.041907580334547445e-01 8.853385869389837071e-01 1.900000000000000000e+01 1.450000000000000000e+02 2.000000000000000000e+00
4.601748059758745679e-01 1.974045800846508492e+00 4.000000000000000000e+00 1.620000000000000000e+02 2.000000000000000000e+00
6.624012829793833879e-01 1.172677348055481739e+00 1.000000000000000000e+01 1.120000000000000000e+02 2.000000000000000000e+00
3.425488773419509414e-01 1.983765086828071178e+00 2.000000000000000000e+00 4.500000000000000000e+01 2.000000000000000000e+00
3.499788844257084586e-01 1.746416773333212102e+00 2.000000000000000000e+01 1.100000000000000000e+01 2.000000000000000000e+00
9.423015445236342380e-01 3.170145617339322763e-01 5.000000000000000000e+00 1.160000000000000000e+02 2.000000000000000000e+00
4.012141629271548382e-01 1.124137831133861509e-01 1.500000000000000000e+01 1.740000000000000000e+02 2.000000000000000000e+00
5.805446361725070670e-01 1.487843775484607667e+00 6.000000000000000000e+00 4.500000000000000000e+01 2.000000000000000000e+00
6.595706353345178741e-01 7.362031223833468419e-01 1.600000000000000000e+01 1.170000000000000000e+02 2.000000000000000000e+00
9.252256305303961925e-01 2.088330673279901184e+00 2.000000000000000000e+00 1.800000000000000000e+01 2.000000000000000000e+00
8.761800666863316100e-02 1.447846466569792101e+00 1.000000000000000000e+01 1.160000000000000000e+02 2.000000000000000000e+00
4.275146502005153781e-01 4.741252460438457605e-01 1.300000000000000000e+01 1.770000000000000000e+02 2.000000000000000000e+00
4.584790988130473810e-01 1.080004142691258551e+00 8.000000000000000000e+00 2.000000000000000000e+01 2.000000000000000000e+00
2.540176208369082644e-01 6.222649713123878934e-01 1.400000000000000000e+01 1.090000000000000000e+02 2.000000000000000000e+00
5.471718147643601649e-01 1.860095604077201203e+00 5.000000000000000000e+00 6.700000000000000000e+01 2.000000000000000000e+00
1.428375400817645247e-01 3.514169998816271123e-01 6.000000000000000000e+00 1.800000000000000000e+02 2.000000000000000000e+00
1.220480118952926712e-01 1.452118991859902453e+00 7.000000000000000000e+00 7.100000000000000000e+01 2.000000000000000000e+00
7.011673337473109946e-01 2.937798423857814756e-01 8.000000000000000000e+00 1.850000000000000000e+02 2.000000000000000000e+00
4.759094847251612581e-01 7.226605652845238259e-01 1.500000000000000000e+01 1.030000000000000000e+02 2.000000000000000000e+00
4.313964774601012353e-01 1.091509144705559431e-01 1.400000000000000000e+01 1.390000000000000000e+02 2.000000000000000000e+00
7.488674551838340188e-01 1.588068081730844572e+00 1.900000000000000000e+01 1.050000000000000000e+02 2.000000000000000000e+00
6.895839322815199013e-02 7.305101557128234058e-01 1.100000000000000000e+01 1.000000000000000000e+02 2.000000000000000000e+00
9.623269135581299372e-01 5.241471242969378830e-01 1.500000000000000000e+01 1.180000000000000000e+02 2.000000000000000000e+00
9.020444271876100206e-01 4.641264518256505989e-01 4.000000000000000000e+00 1.900000000000000000e+01 2.000000000000000000e+00
7.397898213605940132e-01 2.382292222516439184e-01 1.400000000000000000e+01 7.100000000000000000e+01 2.000000000000000000e+00
3.307582909103077284e-01 1.680283299383528828e+00 1.600000000000000000e+01 7.800000000000000000e+01 2.000000000000000000e+00
5.573119427597922337e-01 3.300397180948105857e-01 1.700000000000000000e+01 1.030000000000000000e+02 2.000000000000000000e+00
8.400996253399889424e-01 1.108877761326893252e-01 1.000000000000000000e+01 1.740000000000000000e+02 2.000000000000000000e+00
7.410151007399136125e-01 2.472286620443208405e-01 8.000000000000000000e+00 1.660000000000000000e+02 2.000000000000000000e+00
9.049222792750388766e-01 1.768374976982278746e+00 4.000000000000000000e+00 1.550000000000000000e+02 2.000000000000000000e+00
6.540577661489552774e-01 3.409984255914561002e-01 3.000000000000000000e+00 1.500000000000000000e+02 2.000000000000000000e+00
1.071835526771641595e-01 1.516891214929161125e+00 2.000000000000000000e+00 2.800000000000000000e+01 2.000000000000000000e+00
6.141763521006623483e-01 9.968367402661145737e-01 1.600000000000000000e+01 1.230000000000000000e+02 2.000000000000000000e+00
9.261318794096538021e-01 1.670405213668843647e+00 1.300000000000000000e+01 4.800000000000000000e+01 2.000000000000000000e+00
2.927881367887624764e-01 3.061535983896751523e-01 8.000000000000000000e+00 9.500000000000000000e+01 2.000000000000000000e+00
5.396626907782297450e-02 1.434133319767969761e+00 1.000000000000000000e+00 4.900000000000000000e+01 2.000000000000000000e+00
1.987988265143655342e-01 8.826108240038971209e-01 9.000000000000000000e+00 1.370000000000000000e+02 2.000000000000000000e+00
9.304308763603889032e-01 2.289486462241378251e-01 9.000000000000000000e+00 6.800000000000000000e+01 2.000000000000000000e+00
8.499446537216229780e-01 2.051805034536557493e+00 8.000000000000000000e+00 4.500000000000000000e+01 2.000000000000000000e+00
2.248940647173213597e-02 1.708763393611819614e+00 1.600000000000000000e+01 6.500000000000000000e+01 3.000000000000000000e+00
7.861196675471131545e-01 1.679272122853094462e+00 1.800000000000000000e+01 1.330000000000000000e+02 3.000000000000000000e+00
9.805523218397738106e-01 1.719148713265393313e+00 1.500000000000000000e+01 1.760000000000000000e+02 3.000000000000000000e+00
8.427746937442227582e-01 2.916357282397837869e-01 1.600000000000000000e+01 8.800000000000000000e+01 3.000000000000000000e+00
2.540299098392286847e-01 1.358151580609163078e+00 3.000000000000000000e+00 1.560000000000000000e+02 3.000000000000000000e+00
2.500770449808510376e-01 1.447055943105882703e+00 1.000000000000000000e+00 1.560000000000000000e+02 3.000000000000000000e+00
8.568174173044018627e-01 5.054607491717083567e-01 3.000000000000000000e+00 3.900000000000000000e+01 3.000000000000000000e+00
2.217884346203257556e-02 1.410569830192502483e+00 1.200000000000000000e+01 7.100000000000000000e+01 3.000000000000000000e+00
5.385497420692652443e-02 1.493077077822162702e+00 1.900000000000000000e+01 1.700000000000000000e+01 3.000000000000000000e+00
8.552032869020320671e-01 4.041332959922093737e-01 4.000000000000000000e+00 6.700000000000000000e+01 3.000000000000000000e+00
5.037059082482638894e-01 1.986586297334548501e+00 3.000000000000000000e+00 3.700000000000000000e+01 3.000000000000000000e+00
6.433811318337235852e-01 1.419008452040817048e+00 1.100000000000000000e+01 1.000000000000000000e+02 3.000000000000000000e+00
6.920299387792228085e-01 1.972689512033271475e+00 1.700000000000000000e+01 1.560000000000000000e+02 3.000000000000000000e+00
3.815845835027118493e-01 1.943999973850936369e+00 1.700000000000000000e+01 6.900000000000000000e+01 3.000000000000000000e+00
6.661063541315659364e-01 1.705221562058573781e+00 1.500000000000000000e+01 8.800000000000000000e+01 3.000000000000000000e+00
3.116756897807906324e-01 1.905380031668553631e+00 2.000000000000000000e+01 1.750000000000000000e+02 3.000000000000000000e+00
6.144597471806997335e-01 1.433646282828440643e+00 2.000000000000000000e+00 6.100000000000000000e+01 3.000000000000000000e+00
6.427925038156984128e-01 1.552421336926972817e+00 1.000000000000000000e+00 1.760000000000000000e+02 3.000000000000000000e+00
5.380917734600796365e-01 1.803268964997306822e+00 9.000000000000000000e+00 1.000000000000000000e+02 3.000000000000000000e+00
3.739444333943837684e-01 2.650706618777719514e-01 4.000000000000000000e+00 1.470000000000000000e+02 3.000000000000000000e+00
6.389067383047881687e-01 1.249175674849816842e+00 1.300000000000000000e+01 1.820000000000000000e+02 3.000000000000000000e+00
2.834553709381474329e-01 1.330525962423833919e+00 7.000000000000000000e+00 1.440000000000000000e+02 3.000000000000000000e+00
4.603096422326945492e-01 1.388240864873436786e+00 1.900000000000000000e+01 1.210000000000000000e+02 3.000000000000000000e+00
5.239171521750886074e-01 1.073888101140535900e+00 3.000000000000000000e+00 1.480000000000000000e+02 3.000000000000000000e+00
7.861586633024991722e-01 1.440617143509497877e+00 1.100000000000000000e+01 8.300000000000000000e+01 3.000000000000000000e+00
9.648354825516658462e-01 6.105592662031905649e-01 1.600000000000000000e+01 1.370000000000000000e+02 3.000000000000000000e+00
5.235874634983537224e-01 3.880637712194699995e-01 1.600000000000000000e+01 1.200000000000000000e+01 3.000000000000000000e+00
7.644974796616011981e-01 6.369689899982814429e-01 1.100000000000000000e+01 1.700000000000000000e+01 3.000000000000000000e+00
9.715390397084523455e-01 1.427502019218009066e-01 1.100000000000000000e+01 1.960000000000000000e+02 3.000000000000000000e+00
1.460310674305649314e-01 1.523030244668797550e+00 5.000000000000000000e+00 3.400000000000000000e+01 3.000000000000000000e+00
6.246574147616433814e-01 3.062318535518077089e-01 2.000000000000000000e+00 6.400000000000000000e+01 3.000000000000000000e+00
1.330062488040700819e-01 1.269936290493100639e+00 3.000000000000000000e+00 1.250000000000000000e+02 3.000000000000000000e+00
1.360940295763093388e-01 1.956028424985204905e+00 1.000000000000000000e+01 1.130000000000000000e+02 3.000000000000000000e+00
6.532252026059111039e-01 1.580677573893151777e+00 1.700000000000000000e+01 8.400000000000000000e+01 3.000000000000000000e+00
1.598186493710844758e-01 1.777980158829745472e+00 2.000000000000000000e+00 3.400000000000000000e+01 3.000000000000000000e+00
2.958720929996513371e-01 9.114995829048274656e-01 7.000000000000000000e+00 1.100000000000000000e+02 3.000000000000000000e+00
4.620904065792651866e-02 2.458632964882482563e-01 1.600000000000000000e+01 8.200000000000000000e+01 3.000000000000000000e+00
5.424218778951875874e-01 1.585393068485209389e-01 9.000000000000000000e+00 1.750000000000000000e+02 3.000000000000000000e+00
2.784686976339140196e-01 1.398583524846104043e+00 8.000000000000000000e+00 9.700000000000000000e+01 3.000000000000000000e+00
5.885099588089424127e-01 5.353201372017214466e-01 2.000000000000000000e+01 4.100000000000000000e+01 3.000000000000000000e+00
2.120931606225751054e-01 1.662415757476366052e+00 7.000000000000000000e+00 1.040000000000000000e+02 3.000000000000000000e+00
7.885171241860933211e-01 1.243932251653480758e+00 1.300000000000000000e+01 1.910000000000000000e+02 3.000000000000000000e+00
4.508112354339520733e-01 7.762455828438824534e-01 7.000000000000000000e+00 1.710000000000000000e+02 3.000000000000000000e+00
5.926997981110410096e-01 1.171265560209280077e+00 5.000000000000000000e+00 9.000000000000000000e+00 3.000000000000000000e+00
7.045421036468891840e-01 1.409329329974503997e+00 1.300000000000000000e+01 5.000000000000000000e+00 3.000000000000000000e+00
7.196108125944574718e-01 1.279577264791406099e+00 1.200000000000000000e+01 2.900000000000000000e+01 3.000000000000000000e+00
5.768614465213496301e-01 1.493355707166486690e+00 3.000000000000000000e+00 5.200000000000000000e+01 3.000000000000000000e+00
5.054790249730046758e-01 1.960011677725893353e+00 1.900000000000000000e+01 8.300000000000000000e+01 3.000000000000000000e+00
9.181498291787159038e-01 9.633281252006681283e-01 1.300000000000000000e+01 1.260000000000000000e+02 3.000000000000000000e+00
7.641205884886047295e-02 1.989438234233176006e+00 1.400000000000000000e+01 1.270000000000000000e+02 3.000000000000000000e+00
3.441097158038008280e-02 1.281385259233665197e+00 1.800000000000000000e+01 2.600000000000000000e+01 4.000000000000000000e+00
2.910556223746849636e-01 2.078181587150035592e-01 1.900000000000000000e+01 1.970000000000000000e+02 4.000000000000000000e+00
4.814471933413890792e-01 9.069282207436138998e-01 5.000000000000000000e+00 6.000000000000000000e+01 4.000000000000000000e+00
6.301863753092934450e-01 1.427480356117098170e-01 1.900000000000000000e+01 1.180000000000000000e+02 4.000000000000000000e+00
8.533665267777653662e-01 4.206910855802915572e-01 1.100000000000000000e+01 1.680000000000000000e+02 4.000000000000000000e+00
5.375064203996249290e-01 1.891713233221608670e+00 1.000000000000000000e+00 1.050000000000000000e+02 4.000000000000000000e+00
5.918950905560615983e-01 3.474914632479259025e-01 7.000000000000000000e+00 8.100000000000000000e+01 4.000000000000000000e+00
6.587110279911430055e-01 1.036864800008842957e+00 2.000000000000000000e+01 4.000000000000000000e+01 4.000000000000000000e+00
1.507079567316828017e-01 1.240452614678361654e+00 7.000000000000000000e+00 2.300000000000000000e+01 4.000000000000000000e+00
3.745384643298149685e-01 1.067066394353402670e+00 2.000000000000000000e+01 1.670000000000000000e+02 4.000000000000000000e+00
8.817487491652914455e-01 8.129952289532541565e-01 8.000000000000000000e+00 1.000000000000000000e+00 4.000000000000000000e+00
7.655530306348478087e-01 1.171180448715733791e+00 3.000000000000000000e+00 5.300000000000000000e+01 4.000000000000000000e+00
8.304208189946969965e-01 1.247047804958669515e+00 1.100000000000000000e+01 1.910000000000000000e+02 4.000000000000000000e+00
5.855701399382841066e-01 1.323702306532968276e+00 1.800000000000000000e+01 2.000000000000000000e+00 4.000000000000000000e+00
1.118440309357336820e-01 1.045533581564986658e+00 1.700000000000000000e+01 1.370000000000000000e+02 4.000000000000000000e+00
2.160578412140613525e-01 1.989852291394015316e+00 2.000000000000000000e+00 4.500000000000000000e+01 4.000000000000000000e+00
2.096764991807978928e-01 3.659229964398474921e-01 1.800000000000000000e+01 5.100000000000000000e+01 4.000000000000000000e+00
5.791589833632710960e-01 1.412485896832678778e+00 1.000000000000000000e+01 7.600000000000000000e+01 4.000000000000000000e+00
5.226635119151615827e-01 1.991345841874748279e+00 6.000000000000000000e+00 1.270000000000000000e+02 4.000000000000000000e+00
3.246865005639766322e-01 6.490872330312454919e-01 3.000000000000000000e+00 6.000000000000000000e+00 4.000000000000000000e+00
9.337622414620271039e-02 1.290418084292898948e+00 8.000000000000000000e+00 1.410000000000000000e+02 4.000000000000000000e+00
8.484414332863354780e-01 8.288924913458234345e-01 6.000000000000000000e+00 3.600000000000000000e+01 4.000000000000000000e+00
7.290421671133677783e-01 1.422157238370229893e+00 4.000000000000000000e+00 5.300000000000000000e+01 4.000000000000000000e+00
5.672563246184276764e-01 1.099017526031753844e+00 2.000000000000000000e+00 8.800000000000000000e+01 4.000000000000000000e+00
8.929020832764366089e-01 4.539649939345454799e-01 1.100000000000000000e+01 2.800000000000000000e+01 4.000000000000000000e+00
8.743344156338320738e-01 1.548047242982647786e-01 7.000000000000000000e+00 5.700000000000000000e+01 4.000000000000000000e+00
5.171681097929201609e-01 4.044205269116550872e-01 1.000000000000000000e+00 8.500000000000000000e+01 4.000000000000000000e+00
7.684071397276851512e-01 1.191750511181239425e+00 1.000000000000000000e+01 6.300000000000000000e+01 4.000000000000000000e+00
2.851152945143179407e-01 4.663441839833512015e-01 1.400000000000000000e+01 1.300000000000000000e+02 4.000000000000000000e+00
7.213119141584390936e-01 1.443660673951457474e+00 1.200000000000000000e+01 2.700000000000000000e+01 4.000000000000000000e+00
5.330251638057933450e-01 1.720464404284826276e+00 9.000000000000000000e+00 4.000000000000000000e+00 4.000000000000000000e+00
3.725239009747906005e-01 5.728482170104941540e-01 1.200000000000000000e+01 1.530000000000000000e+02 4.000000000000000000e+00
5.177272514993367380e-01 1.454041352698363765e+00 1.200000000000000000e+01 1.360000000000000000e+02 4.000000000000000000e+00
9.990402508700411133e-01 1.732404907322959930e+00 7.000000000000000000e+00 3.700000000000000000e+01 4.000000000000000000e+00
2.189435244477978548e-01 1.190183210937178215e-01 1.400000000000000000e+01 7.300000000000000000e+01 4.000000000000000000e+00
2.077675807367037608e-01 1.799867137816550056e+00 1.600000000000000000e+01 6.600000000000000000e+01 4.000000000000000000e+00
1.044813107222485569e-02 2.641082217528746279e-01 3.000000000000000000e+00 1.710000000000000000e+02 4.000000000000000000e+00
5.199657993749150497e-01 5.252516265818346630e-01 1.300000000000000000e+01 1.770000000000000000e+02 4.000000000000000000e+00
1.392842469909408853e-01 1.128025117153277579e+00 2.000000000000000000e+01 1.570000000000000000e+02 4.000000000000000000e+00
6.627506578604931420e-01 1.302385244984579915e-01 1.700000000000000000e+01 9.000000000000000000e+01 4.000000000000000000e+00
4.355111283464951216e-02 1.886854797337098377e+00 1.900000000000000000e+01 1.550000000000000000e+02 4.000000000000000000e+00
7.077826660196327724e-02 2.099415073819150823e+00 1.200000000000000000e+01 3.000000000000000000e+01 4.000000000000000000e+00
1.069173080955029137e-01 1.504010722436431413e+00 1.900000000000000000e+01 1.160000000000000000e+02 4.000000000000000000e+00
7.434155301307097119e-01 9.428475972944422301e-01 1.900000000000000000e+01 1.660000000000000000e+02 4.000000000000000000e+00
6.787039889479955512e-01 5.132454509892822037e-01 1.700000000000000000e+01 1.660000000000000000e+02 4.000000000000000000e+00
7.001699271948434722e-02 2.033679007269718841e+00 1.000000000000000000e+01 1.210000000000000000e+02 4.000000000000000000e+00
2.650344303326168660e-01 1.693974440120403546e+00 1.000000000000000000e+00 2.000000000000000000e+02 4.000000000000000000e+00
5.841745675179074171e-01 1.402237855029965452e+00 8.000000000000000000e+00 6.700000000000000000e+01 4.000000000000000000e+00
7.390045942694896119e-01 1.616497170827043028e+00 1.700000000000000000e+01 5.700000000000000000e+01 4.000000000000000000e+00
5.813879780010766662e-01 2.473284904715890298e-01 1.100000000000000000e+01 8.000000000000000000e+00 4.000000000000000000e+00
