6.713289424499646607e-01 7.553894006013096574e-01 1.800000000000000000e+01 8.700000000000000000e+01 0.000000000000000000e+00
6.713289424499646607e-01 7.553894006013096574e-01 1.800000000000000000e+01 8.700000000000000000e+01 1.000000000000000000e+00
6.713289424499646607e-01 7.553894006013096574e-01 1.800000000000000000e+01 8.700000000000000000e+01 2.000000000000000000e+00
6.713289424499646607e-01 7.553894006013096574e-01 1.800000000000000000e+01 8.700000000000000000e+01 3.000000000000000000e+00
6.713289424499646607e-01 7.553894006013096574e-01 1.800000000000000000e+01 8.700000000000000000e+01 4.000000000000000000e+00
2.053981756125798919e-01 1.825964626777802469e+00 2.000000000000000000e+01 1.290000000000000000e+02 0.000000000000000000e+00
2.053981756125798919e-01 1.825964626777802469e+00 2.000000000000000000e+01 1.290000000000000000e+02 1.000000000000000000e+00
2.053981756125798919e-01 1.825964626777802469e+00 2.000000000000000000e+01 1.290000000000000000e+02 2.000000000000000000e+00
2.053981756125798919e-01 1.825964626777802469e+00 2.000000000000000000e+01 1.290000000000000000e+02 3.000000000000000000e+00
2.053981756125798919e-01 1.825964626777802469e+00 2.000000000000000000e+01 1.290000000000000000e+02 4.000000000000000000e+00
7.921322605557757912e-01 4.150839997560392680e-01 1.400000000000000000e+01 5.500000000000000000e+01 0.000000000000000000e+00
7.921322605557757912e-01 4.150839997560392680e-01 1.400000000000000000e+01 5.500000000000000000e+01 1.000000000000000000e+00
7.921322605557757912e-01 4.150839997560392680e-01 1.400000000000000000e+01 5.500000000000000000e+01 2.000000000000000000e+00
7.921322605557757912e-01 4.150839997560392680e-01 1.400000000000000000e+01 5.500000000000000000e+01 3.000000000000000000e+00
7.921322605557757912e-01 4.150839997560392680e-01 1.400000000000000000e+01 5.500000000000000000e+01 4.000000000000000000e+00
5.306056770089114805e-01 2.027911230266769227e+00 2.000000000000000000e+01 5.700000000000000000e+01 0.000000000000000000e+00
5.306056770089114805e-01 2.027911230266769227e+00 2.000000000000000000e+01 5.700000000000000000e+01 1.000000000000000000e+00
5.306056770089114805e-01 2.027911230266769227e+00 2.000000000000000000e+01 5.700000000000000000e+01 2.000000000000000000e+00
5.306056770089114805e-01 2.027911230266769227e+00 2.000000000000000000e+01 5.700000000000000000e+01 3.000000000000000000e+00
5.306056770089114805e-01 2.027911230266769227e+00 2.000000000000000000e+01 5.700000000000000000e+01 4.000000000000000000e+00
6.255594905798843308e-02 1.960527139659535845e+00 2.000000000000000000e+00 6.300000000000000000e+01 0.000000000000000000e+00
6.255594905798843308e-02 1.960527139659535845e+00 2.000000000000000000e+00 6.300000000000000000e+01 1.000000000000000000e+00
6.255594905798843308e-02 1.960527139659535845e+00 2.000000000000000000e+00 6.300000000000000000e+01 2.000000000000000000e+00
6.255594905798843308e-02 1.960527139659535845e+00 2.000000000000000000e+00 6.300000000000000000e+01 3.000000000000000000e+00
6.255594905798843308e-02 1.960527139659535845e+00 2.000000000000000000e+00 6.300000000000000000e+01 4.000000000000000000e+00
3.833195572914082083e-01 3.553262055958433807e-01 4.000000000000000000e+00 7.200000000000000000e+01 0.000000000000000000e+00
3.833195572914082083e-01 3.553262055958433807e-01 4.000000000000000000e+00 7.200000000000000000e+01 1.000000000000000000e+00
3.833195572914082083e-01 3.553262055958433807e-01 4.000000000000000000e+00 7.200000000000000000e+01 2.000000000000000000e+00
3.833195572914082083e-01 3.553262055958433807e-01 4.000000000000000000e+00 7.200000000000000000e+01 3.000000000000000000e+00
3.833195572914082083e-01 3.553262055958433807e-01 4.000000000000000000e+00 7.200000000000000000e+01 4.000000000000000000e+00
3.861158152610829619e-01 4.481193896770695462e-01 7.000000000000000000e+00 1.620000000000000000e+02 0.000000000000000000e+00
3.861158152610829619e-01 4.481193896770695462e-01 7.000000000000000000e+00 1.620000000000000000e+02 1.000000000000000000e+00
3.861158152610829619e-01 4.481193896770695462e-01 7.000000000000000000e+00 1.620000000000000000e+02 2.000000000000000000e+00
3.861158152610829619e-01 4.481193896770695462e-01 7.000000000000000000e+00 1.620000000000000000e+02 3.000000000000000000e+00
3.861158152610829619e-01 4.481193896770695462e-01 7.000000000000000000e+00 1.620000000000000000e+02 4.000000000000000000e+00
4.309298217645939760e-02 1.340578450214507944e+00 6.000000000000000000e+00 3.300000000000000000e+01 0.000000000000000000e+00
4.309298217645939760e-02 1.340578450214507944e+00 6.000000000000000000e+00 3.300000000000000000e+01 1.000000000000000000e+00
4.309298217645939760e-02 1.340578450214507944e+00 6.000000000000000000e+00 3.300000000000000000e+01 2.000000000000000000e+00
4.309298217645939760e-02 1.340578450214507944e+00 6.000000000000000000e+00 3.300000000000000000e+01 3.000000000000000000e+00
4.309298217645939760e-02 1.340578450214507944e+00 6.000000000000000000e+00 3.300000000000000000e+01 4.000000000000000000e+00
1.007252010827922817e+00 1.556195271608650454e+00 1.600000000000000000e+01 5.500000000000000000e+01 0.000000000000000000e+00
1.007252010827922817e+00 1.556195271608650454e+00 1.600000000000000000e+01 5.500000000000000000e+01 1.000000000000000000e+00
1.007252010827922817e+00 1.556195271608650454e+00 1.600000000000000000e+01 5.500000000000000000e+01 2.000000000000000000e+00
1.007252010827922817e+00 1.556195271608650454e+00 1.600000000000000000e+01 5.500000000000000000e+01 3.000000000000000000e+00
1.007252010827922817e+00 1.556195271608650454e+00 1.600000000000000000e+01 5.500000000000000000e+01 4.000000000000000000e+00
5.108949129425210262e-02 1.637310047003141866e+00 1.900000000000000000e+01 4.600000000000000000e+01 0.000000000000000000e+00
5.108949129425210262e-02 1.637310047003141866e+00 1.900000000000000000e+01 4.600000000000000000e+01 1.000000000000000000e+00
5.108949129425210262e-02 1.637310047003141866e+00 1.900000000000000000e+01 4.600000000000000000e+01 2.000000000000000000e+00
5.108949129425210262e-02 1.637310047003141866e+00 1.900000000000000000e+01 4.600000000000000000e+01 3.000000000000000000e+00
5.108949129425210262e-02 1.637310047003141866e+00 1.900000000000000000e+01 4.600000000000000000e+01 4.000000000000000000e+00
2.763472921381902037e-01 4.222727341995525796e-01 1.100000000000000000e+01 1.500000000000000000e+02 0.000000000000000000e+00
2.763472921381902037e-01 4.222727341995525796e-01 1.100000000000000000e+01 1.500000000000000000e+02 1.000000000000000000e+00
2.763472921381902037e-01 4.222727341995525796e-01 1.100000000000000000e+01 1.500000000000000000e+02 2.000000000000000000e+00
2.763472921381902037e-01 4.222727341995525796e-01 1.100000000000000000e+01 1.500000000000000000e+02 3.000000000000000000e+00
2.763472921381902037e-01 4.222727341995525796e-01 1.100000000000000000e+01 1.500000000000000000e+02 4.000000000000000000e+00
3.286789205330337138e-01 1.943688321761621207e+00 2.000000000000000000e+00 1.390000000000000000e+02 0.000000000000000000e+00
3.286789205330337138e-01 1.943688321761621207e+00 2.000000000000000000e+00 1.390000000000000000e+02 1.000000000000000000e+00
3.286789205330337138e-01 1.943688321761621207e+00 2.000000000000000000e+00 1.390000000000000000e+02 2.000000000000000000e+00
3.286789205330337138e-01 1.943688321761621207e+00 2.000000000000000000e+00 1.390000000000000000e+02 3.000000000000000000e+00
3.286789205330337138e-01 1.943688321761621207e+00 2.000000000000000000e+00 1.390000000000000000e+02 4.000000000000000000e+00
5.922586425593918680e-01 1.285970954742270633e+00 2.000000000000000000e+01 2.000000000000000000e+00 0.000000000000000000e+00
5.922586425593918680e-01 1.285970954742270633e+00 2.000000000000000000e+01 2.000000000000000000e+00 1.000000000000000000e+00
5.922586425593918680e-01 1.285970954742270633e+00 2.000000000000000000e+01 2.000000000000000000e+00 2.000000000000000000e+00
5.922586425593918680e-01 1.285970954742270633e+00 2.000000000000000000e+01 2.000000000000000000e+00 3.000000000000000000e+00
5.922586425593918680e-01 1.285970954742270633e+00 2.000000000000000000e+01 2.000000000000000000e+00 4.000000000000000000e+00
5.368407129002038952e-02 1.770917749169128363e+00 1.000000000000000000e+00 6.200000000000000000e+01 0.000000000000000000e+00
5.368407129002038952e-02 1.770917749169128363e+00 1.000000000000000000e+00 6.200000000000000000e+01 1.000000000000000000e+00
5.368407129002038952e-02 1.770917749169128363e+00 1.000000000000000000e+00 6.200000000000000000e+01 2.000000000000000000e+00
5.368407129002038952e-02 1.770917749169128363e+00 1.000000000000000000e+00 6.200000000000000000e+01 3.000000000000000000e+00
5.368407129002038952e-02 1.770917749169128363e+00 1.000000000000000000e+00 6.200000000000000000e+01 4.000000000000000000e+00
6.496097417639619120e-01 2.066765634212677227e+00 1.400000000000000000e+01 1.000000000000000000e+01 0.000000000000000000e+00
6.496097417639619120e-01 2.066765634212677227e+00 1.400000000000000000e+01 1.000000000000000000e+01 1.000000000000000000e+00
6.496097417639619120e-01 2.066765634212677227e+00 1.400000000000000000e+01 1.000000000000000000e+01 2.000000000000000000e+00
6.496097417639619120e-01 2.066765634212677227e+00 1.400000000000000000e+01 1.000000000000000000e+01 3.000000000000000000e+00
6.496097417639619120e-01 2.066765634212677227e+00 1.400000000000000000e+01 1.000000000000000000e+01 4.000000000000000000e+00
9.465299042320494127e-01 3.567667878609747101e-01 2.000000000000000000e+00 1.140000000000000000e+02 0.000000000000000000e+00
9.465299042320494127e-01 3.567667878609747101e-01 2.000000000000000000e+00 1.140000000000000000e+02 1.000000000000000000e+00
9.465299042320494127e-01 3.567667878609747101e-01 2.000000000000000000e+00 1.140000000000000000e+02 2.000000000000000000e+00
9.465299042320494127e-01 3.567667878609747101e-01 2.000000000000000000e+00 1.140000000000000000e+02 3.000000000000000000e+00
9.465299042320494127e-01 3.567667878609747101e-01 2.000000000000000000e+00 1.140000000000000000e+02 4.000000000000000000e+00
5.353061659304516606e-01 1.967487663749080351e+00 4.000000000000000000e+00 1.420000000000000000e+02 0.000000000000000000e+00
5.353061659304516606e-01 1.967487663749080351e+00 4.000000000000000000e+00 1.420000000000000000e+02 1.000000000000000000e+00
5.353061659304516606e-01 1.967487663749080351e+00 4.000000000000000000e+00 1.420000000000000000e+02 2.000000000000000000e+00
5.353061659304516606e-01 1.967487663749080351e+00 4.000000000000000000e+00 1.420000000000000000e+02 3.000000000000000000e+00
5.353061659304516606e-01 1.967487663749080351e+00 4.000000000000000000e+00 1.420000000000000000e+02 4.000000000000000000e+00
5.457662533798812027e-02 8.463558015573490190e-01 4.000000000000000000e+00 9.600000000000000000e+01 0.000000000000000000e+00
5.457662533798812027e-02 8.463558015573490190e-01 4.000000000000000000e+00 9.600000000000000000e+01 1.000000000000000000e+00
5.457662533798812027e-02 8.463558015573490190e-01 4.000000000000000000e+00 9.600000000000000000e+01 2.000000000000000000e+00
5.457662533798812027e-02 8.463558015573490190e-01 4.000000000000000000e+00 9.600000000000000000e+01 3.000000000000000000e+00
5.457662533798812027e-02 8.463558015573490190e-01 4.000000000000000000e+00 9.600000000000000000e+01 4.000000000000000000e+00
9.444705962731517745e-01 1.241798697706619325e+00 2.000000000000000000e+00 1.420000000000000000e+02 0.000000000000000000e+00
9.444705962731517745e-01 1.241798697706619325e+00 2.000000000000000000e+00 1.420000000000000000e+02 1.000000000000000000e+00
9.444705962731517745e-01 1.241798697706619325e+00 2.000000000000000000e+00 1.420000000000000000e+02 2.000000000000000000e+00
9.444705962731517745e-01 1.241798697706619325e+00 2.000000000000000000e+00 1.420000000000000000e+02 3.000000000000000000e+00
9.444705962731517745e-01 1.241798697706619325e+00 2.000000000000000000e+00 1.420000000000000000e+02 4.000000000000000000e+00
8.978232556894591987e-01 1.726506106114147787e+00 1.000000000000000000e+01 8.500000000000000000e+01 0.000000000000000000e+00
8.978232556894591987e-01 1.726506106114147787e+00 1.000000000000000000e+01 8.500000000000000000e+01 1.000000000000000000e+00
8.978232556894591987e-01 1.726506106114147787e+00 1.000000000000000000e+01 8.500000000000000000e+01 2.000000000000000000e+00
8.978232556894591987e-01 1.726506106114147787e+00 1.000000000000000000e+01 8.500000000000000000e+01 3.000000000000000000e+00
8.978232556894591987e-01 1.726506106114147787e+00 1.000000000000000000e+01 8.500000000000000000e+01 4.000000000000000000e+00
8.260696797102426991e-01 1.296888872262866865e+00 1.000000000000000000e+00 4.000000000000000000e+01 0.000000000000000000e+00
8.260696797102426991e-01 1.296888872262866865e+00 1.000000000000000000e+00 4.000000000000000000e+01 1.000000000000000000e+00
8.260696797102426991e-01 1.296888872262866865e+00 1.000000000000000000e+00 4.000000000000000000e+01 2.000000000000000000e+00
8.260696797102426991e-01 1.296888872262866865e+00 1.000000000000000000e+00 4.000000000000000000e+01 3.000000000000000000e+00
8.260696797102426991e-01 1.296888872262866865e+00 1.000000000000000000e+00 4.000000000000000000e+01 4.000000000000000000e+00
3.643473747214949210e-01 9.208817658530928929e-01 8.000000000000000000e+00 1.120000000000000000e+02 0.000000000000000000e+00
3.643473747214949210e-01 9.208817658530928929e-01 8.000000000000000000e+00 1.120000000000000000e+02 1.000000000000000000e+00
3.643473747214949210e-01 9.208817658530928929e-01 8.000000000000000000e+00 1.120000000000000000e+02 2.000000000000000000e+00
3.643473747214949210e-01 9.208817658530928929e-01 8.000000000000000000e+00 1.120000000000000000e+02 3.000000000000000000e+00
3.643473747214949210e-01 9.208817658530928929e-01 8.000000000000000000e+00 1.120000000000000000e+02 4.000000000000000000e+00
5.943689379483740876e-01 1.985080804451181680e-01 4.000000000000000000e+00 5.600000000000000000e+01 0.000000000000000000e+00
5.943689379483740876e-01 1.985080804451181680e-01 4.000000000000000000e+00 5.600000000000000000e+01 1.000000000000000000e+00
5.943689379483740876e-01 1.985080804451181680e-01 4.000000000000000000e+00 5.600000000000000000e+01 2.000000000000000000e+00
5.943689379483740876e-01 1.985080804451181680e-01 4.000000000000000000e+00 5.600000000000000000e+01 3.000000000000000000e+00
5.943689379483740876e-01 1.985080804451181680e-01 4.000000000000000000e+00 5.600000000000000000e+01 4.000000000000000000e+00
8.654872666934963765e-02 1.573427110487767955e+00 5.000000000000000000e+00 1.070000000000000000e+02 0.000000000000000000e+00
8.654872666934963765e-02 1.573427110487767955e+00 5.000000000000000000e+00 1.070000000000000000e+02 1.000000000000000000e+00
8.654872666934963765e-02 1.573427110487767955e+00 5.000000000000000000e+00 1.070000000000000000e+02 2.000000000000000000e+00
8.654872666934963765e-02 1.573427110487767955e+00 5.000000000000000000e+00 1.070000000000000000e+02 3.000000000000000000e+00
8.654872666934963765e-02 1.573427110487767955e+00 5.000000000000000000e+00 1.070000000000000000e+02 4.000000000000000000e+00
3.231534479312305752e-01 1.511135314928671702e+00 1.000000000000000000e+00 1.090000000000000000e+02 0.000000000000000000e+00
3.231534479312305752e-01 1.511135314928671702e+00 1.000000000000000000e+00 1.090000000000000000e+02 1.000000000000000000e+00
3.231534479312305752e-01 1.511135314928671702e+00 1.000000000000000000e+00 1.090000000000000000e+02 2.000000000000000000e+00
3.231534479312305752e-01 1.511135314928671702e+00 1.000000000000000000e+00 1.090000000000000000e+02 3.000000000000000000e+00
3.231534479312305752e-01 1.511135314928671702e+00 1.000000000000000000e+00 1.090000000000000000e+02 4.000000000000000000e+00
6.345440343505879266e-01 1.083127000281629781e+00 4.000000000000000000e+00 1.580000000000000000e+02 0.000000000000000000e+00
6.345440343505879266e-01 1.083127000281629781e+00 4.000000000000000000e+00 1.580000000000000000e+02 1.000000000000000000e+00
6.345440343505879266e-01 1.083127000281629781e+00 4.000000000000000000e+00 1.580000000000000000e+02 2.000000000000000000e+00
6.345440343505879266e-01 1.083127000281629781e+00 4.000000000000000000e+00 1.580000000000000000e+02 3.000000000000000000e+00
6.345440343505879266e-01 1.083127000281629781e+00 4.000000000000000000e+00 1.580000000000000000e+02 4.000000000000000000e+00
7.247459287766295777e-01 1.849291842950485210e+00 4.000000000000000000e+00 1.620000000000000000e+02 0.000000000000000000e+00
7.247459287766295777e-01 1.849291842950485210e+00 4.000000000000000000e+00 1.620000000000000000e+02 1.000000000000000000e+00
7.247459287766295777e-01 1.849291842950485210e+00 4.000000000000000000e+00 1.620000000000000000e+02 2.000000000000000000e+00
7.247459287766295777e-01 1.849291842950485210e+00 4.000000000000000000e+00 1.620000000000000000e+02 3.000000000000000000e+00
7.247459287766295777e-01 1.849291842950485210e+00 4.000000000000000000e+00 1.620000000000000000e+02 4.000000000000000000e+00
5.565641804882955901e-01 1.799455737450841974e+00 8.000000000000000000e+00 2.000000000000000000e+01 0.000000000000000000e+00
5.565641804882955901e-01 1.799455737450841974e+00 8.000000000000000000e+00 2.000000000000000000e+01 1.000000000000000000e+00
5.565641804882955901e-01 1.799455737450841974e+00 8.000000000000000000e+00 2.000000000000000000e+01 2.000000000000000000e+00
5.565641804882955901e-01 1.799455737450841974e+00 8.000000000000000000e+00 2.000000000000000000e+01 3.000000000000000000e+00
5.565641804882955901e-01 1.799455737450841974e+00 8.000000000000000000e+00 2.000000000000000000e+01 4.000000000000000000e+00
4.529116457295327969e-01 7.086059929348557107e-01 4.000000000000000000e+00 1.790000000000000000e+02 0.000000000000000000e+00
4.529116457295327969e-01 7.086059929348557107e-01 4.000000000000000000e+00 1.790000000000000000e+02 1.000000000000000000e+00
4.529116457295327969e-01 7.086059929348557107e-01 4.000000000000000000e+00 1.790000000000000000e+02 2.000000000000000000e+00
4.529116457295327969e-01 7.086059929348557107e-01 4.000000000000000000e+00 1.790000000000000000e+02 3.000000000000000000e+00
4.529116457295327969e-01 7.086059929348557107e-01 4.000000000000000000e+00 1.790000000000000000e+02 4.000000000000000000e+00
9.780303556686344990e-01 1.094183722942883685e+00 1.000000000000000000e+01 1.000000000000000000e+00 0.000000000000000000e+00
9.780303556686344990e-01 1.094183722942883685e+00 1.000000000000000000e+01 1.000000000000000000e+00 1.000000000000000000e+00
9.780303556686344990e-01 1.094183722942883685e+00 1.000000000000000000e+01 1.000000000000000000e+00 2.000000000000000000e+00
9.780303556686344990e-01 1.094183722942883685e+00 1.000000000000000000e+01 1.000000000000000000e+00 3.000000000000000000e+00
9.780303556686344990e-01 1.094183722942883685e+00 1.000000000000000000e+01 1.000000000000000000e+00 4.000000000000000000e+00
8.636896125494410992e-01 1.230148473610670479e+00 1.400000000000000000e+01 9.400000000000000000e+01 0.000000000000000000e+00
8.636896125494410992e-01 1.230148473610670479e+00 1.400000000000000000e+01 9.400000000000000000e+01 1.000000000000000000e+00
8.636896125494410992e-01 1.230148473610670479e+00 1.400000000000000000e+01 9.400000000000000000e+01 2.000000000000000000e+00
8.636896125494410992e-01 1.230148473610670479e+00 1.400000000000000000e+01 9.400000000000000000e+01 3.000000000000000000e+00
8.636896125494410992e-01 1.230148473610670479e+00 1.400000000000000000e+01 9.400000000000000000e+01 4.000000000000000000e+00
8.804808002994544136e-01 2.035768664492430879e+00 8.000000000000000000e+00 1.660000000000000000e+02 0.000000000000000000e+00
8.804808002994544136e-01 2.035768664492430879e+00 8.000000000000000000e+00 1.660000000000000000e+02 1.000000000000000000e+00
8.804808002994544136e-01 2.035768664492430879e+00 8.000000000000000000e+00 1.660000000000000000e+02 2.000000000000000000e+00
8.804808002994544136e-01 2.035768664492430879e+00 8.000000000000000000e+00 1.660000000000000000e+02 3.000000000000000000e+00
8.804808002994544136e-01 2.035768664492430879e+00 8.000000000000000000e+00 1.660000000000000000e+02 4.000000000000000000e+00
8.521880621025584857e-01 4.792953852204736576e-01 7.000000000000000000e+00 2.400000000000000000e+01 0.000000000000000000e+00
8.521880621025584857e-01 4.792953852204736576e-01 7.000000000000000000e+00 2.400000000000000000e+01 1.000000000000000000e+00
8.521880621025584857e-01 4.792953852204736576e-01 7.000000000000000000e+00 2.400000000000000000e+01 2.000000000000000000e+00
8.521880621025584857e-01 4.792953852204736576e-01 7.000000000000000000e+00 2.400000000000000000e+01 3.000000000000000000e+00
8.521880621025584857e-01 4.792953852204736576e-01 7.000000000000000000e+00 2.400000000000000000e+01 4.000000000000000000e+00
6.017860338707682333e-01 1.920190700822091312e+00 1.300000000000000000e+01 6.700000000000000000e+01 0.000000000000000000e+00
6.017860338707682333e-01 1.920190700822091312e+00 1.300000000000000000e+01 6.700000000000000000e+01 1.000000000000000000e+00
6.017860338707682333e-01 1.920190700822091312e+00 1.300000000000000000e+01 6.700000000000000000e+01 2.000000000000000000e+00
6.017860338707682333e-01 1.920190700822091312e+00 1.300000000000000000e+01 6.700000000000000000e+01 3.000000000000000000e+00
6.017860338707682333e-01 1.920190700822091312e+00 1.300000000000000000e+01 6.700000000000000000e+01 4.000000000000000000e+00
5.163218907264625068e-01 1.883489960711471012e+00 1.300000000000000000e+01 1.760000000000000000e+02 0.000000000000000000e+00
5.163218907264625068e-01 1.883489960711471012e+00 1.300000000000000000e+01 1.760000000000000000e+02 1.000000000000000000e+00
5.163218907264625068e-01 1.883489960711471012e+00 1.300000000000000000e+01 1.760000000000000000e+02 2.000000000000000000e+00
5.163218907264625068e-01 1.883489960711471012e+00 1.300000000000000000e+01 1.760000000000000000e+02 3.000000000000000000e+00
5.163218907264625068e-01 1.883489960711471012e+00 1.300000000000000000e+01 1.760000000000000000e+02 4.000000000000000000e+00
6.021911653465281677e-01 6.694999030091938197e-01 7.000000000000000000e+00 1.800000000000000000e+02 0.000000000000000000e+00
6.021911653465281677e-01 6.694999030091938197e-01 7.000000000000000000e+00 1.800000000000000000e+02 1.000000000000000000e+00
6.021911653465281677e-01 6.694999030091938197e-01 7.000000000000000000e+00 1.800000000000000000e+02 2.000000000000000000e+00
6.021911653465281677e-01 6.694999030091938197e-01 7.000000000000000000e+00 1.800000000000000000e+02 3.000000000000000000e+00
6.021911653465281677e-01 6.694999030091938197e-01 7.000000000000000000e+00 1.800000000000000000e+02 4.000000000000000000e+00
5.310795356918301957e-01 5.180738848854208323e-01 2.000000000000000000e+01 1.670000000000000000e+02 0.000000000000000000e+00
5.310795356918301957e-01 5.180738848854208323e-01 2.000000000000000000e+01 1.670000000000000000e+02 1.000000000000000000e+00
5.310795356918301957e-01 5.180738848854208323e-01 2.000000000000000000e+01 1.670000000000000000e+02 2.000000000000000000e+00
5.310795356918301957e-01 5.180738848854208323e-01 2.000000000000000000e+01 1.670000000000000000e+02 3.000000000000000000e+00
5.310795356918301957e-01 5.180738848854208323e-01 2.000000000000000000e+01 1.670000000000000000e+02 4.000000000000000000e+00
6.184254547520390277e-01 3.993371736960190654e-01 1.700000000000000000e+01 1.100000000000000000e+02 0.000000000000000000e+00
6.184254547520390277e-01 3.993371736960190654e-01 1.700000000000000000e+01 1.100000000000000000e+02 1.000000000000000000e+00
6.184254547520390277e-01 3.993371736960190654e-01 1.700000000000000000e+01 1.100000000000000000e+02 2.000000000000000000e+00
6.184254547520390277e-01 3.993371736960190654e-01 1.700000000000000000e+01 1.100000000000000000e+02 3.000000000000000000e+00
6.184254547520390277e-01 3.993371736960190654e-01 1.700000000000000000e+01 1.100000000000000000e+02 4.000000000000000000e+00
9.948378987557863207e-01 1.669066755767060872e+00 1.700000000000000000e+01 1.650000000000000000e+02 0.000000000000000000e+00
9.948378987557863207e-01 1.669066755767060872e+00 1.700000000000000000e+01 1.650000000000000000e+02 1.000000000000000000e+00
9.948378987557863207e-01 1.669066755767060872e+00 1.700000000000000000e+01 1.650000000000000000e+02 2.000000000000000000e+00
9.948378987557863207e-01 1.669066755767060872e+00 1.700000000000000000e+01 1.650000000000000000e+02 3.000000000000000000e+00
9.948378987557863207e-01 1.669066755767060872e+00 1.700000000000000000e+01 1.650000000000000000e+02 4.000000000000000000e+00
7.978213335788515437e-01 1.619852344793066168e+00 2.000000000000000000e+01 1.590000000000000000e+02 0.000000000000000000e+00
7.978213335788515437e-01 1.619852344793066168e+00 2.000000000000000000e+01 1.590000000000000000e+02 1.000000000000000000e+00
7.978213335788515437e-01 1.619852344793066168e+00 2.000000000000000000e+01 1.590000000000000000e+02 2.000000000000000000e+00
7.978213335788515437e-01 1.619852344793066168e+00 2.000000000000000000e+01 1.590000000000000000e+02 3.000000000000000000e+00
7.978213335788515437e-01 1.619852344793066168e+00 2.000000000000000000e+01 1.590000000000000000e+02 4.000000000000000000e+00
6.673783530982980716e-01 1.787163590599101681e+00 1.600000000000000000e+01 3.800000000000000000e+01 0.000000000000000000e+00
6.673783530982980716e-01 1.787163590599101681e+00 1.600000000000000000e+01 3.800000000000000000e+01 1.000000000000000000e+00
6.673783530982980716e-01 1.787163590599101681e+00 1.600000000000000000e+01 3.800000000000000000e+01 2.000000000000000000e+00
6.673783530982980716e-01 1.787163590599101681e+00 1.600000000000000000e+01 3.800000000000000000e+01 3.000000000000000000e+00
6.673783530982980716e-01 1.787163590599101681e+00 1.600000000000000000e+01 3.800000000000000000e+01 4.000000000000000000e+00
8.104450525223381163e-01 1.056370316500375273e+00 1.300000000000000000e+01 7.900000000000000000e+01 0.000000000000000000e+00
8.104450525223381163e-01 1.056370316500375273e+00 1.300000000000000000e+01 7.900000000000000000e+01 1.000000000000000000e+00
8.104450525223381163e-01 1.056370316500375273e+00 1.300000000000000000e+01 7.900000000000000000e+01 2.000000000000000000e+00
8.104450525223381163e-01 1.056370316500375273e+00 1.300000000000000000e+01 7.900000000000000000e+01 3.000000000000000000e+00
8.104450525223381163e-01 1.056370316500375273e+00 1.300000000000000000e+01 7.900000000000000000e+01 4.000000000000000000e+00
4.083992033086452089e-01 1.687666451316260086e-01 7.000000000000000000e+00 1.190000000000000000e+02 0.000000000000000000e+00
4.083992033086452089e-01 1.687666451316260086e-01 7.000000000000000000e+00 1.190000000000000000e+02 1.000000000000000000e+00
4.083992033086452089e-01 1.687666451316260086e-01 7.000000000000000000e+00 1.190000000000000000e+02 2.000000000000000000e+00
4.083992033086452089e-01 1.687666451316260086e-01 7.000000000000000000e+00 1.190000000000000000e+02 3.000000000000000000e+00
4.083992033086452089e-01 1.687666451316260086e-01 7.000000000000000000e+00 1.190000000000000000e+02 4.000000000000000000e+00
8.691616070201267641e-02 1.780137156064457216e+00 5.000000000000000000e+00 1.290000000000000000e+02 0.000000000000000000e+00
8.691616070201267641e-02 1.780137156064457216e+00 5.000000000000000000e+00 1.290000000000000000e+02 1.000000000000000000e+00
8.691616070201267641e-02 1.780137156064457216e+00 5.000000000000000000e+00 1.290000000000000000e+02 2.000000000000000000e+00
8.691616070201267641e-02 1.780137156064457216e+00 5.000000000000000000e+00 1.290000000000000000e+02 3.000000000000000000e+00
8.691616070201267641e-02 1.780137156064457216e+00 5.000000000000000000e+00 1.290000000000000000e+02 4.000000000000000000e+00
3.311750565425602977e-01 9.975629473391721680e-01 1.700000000000000000e+01 1.930000000000000000e+02 0.000000000000000000e+00
3.311750565425602977e-01 9.975629473391721680e-01 1.700000000000000000e+01 1.930000000000000000e+02 1.000000000000000000e+00
3.311750565425602977e-01 9.975629473391721680e-01 1.700000000000000000e+01 1.930000000000000000e+02 2.000000000000000000e+00
3.311750565425602977e-01 9.975629473391721680e-01 1.700000000000000000e+01 1.930000000000000000e+02 3.000000000000000000e+00
3.311750565425602977e-01 9.975629473391721680e-01 1.700000000000000000e+01 1.930000000000000000e+02 4.000000000000000000e+00
2.432551064302053145e-01 1.326946673900808005e+00 2.000000000000000000e+01 5.100000000000000000e+01 0.000000000000000000e+00
2.432551064302053145e-01 1.326946673900808005e+00 2.000000000000000000e+01 5.100000000000000000e+01 1.000000000000000000e+00
2.432551064302053145e-01 1.326946673900808005e+00 2.000000000000000000e+01 5.100000000000000000e+01 2.000000000000000000e+00
2.432551064302053145e-01 1.326946673900808005e+00 2.000000000000000000e+01 5.100000000000000000e+01 3.000000000000000000e+00
2.432551064302053145e-01 1.326946673900808005e+00 2.000000000000000000e+01 5.100000000000000000e+01 4.000000000000000000e+00
6.480604353016153896e-01 1.234919490640945972e+00 4.000000000000000000e+00 1.750000000000000000e+02 0.000000000000000000e+00
6.480604353016153896e-01 1.234919490640945972e+00 4.000000000000000000e+00 1.750000000000000000e+02 1.000000000000000000e+00
6.480604353016153896e-01 1.234919490640945972e+00 4.000000000000000000e+00 1.750000000000000000e+02 2.000000000000000000e+00
6.480604353016153896e-01 1.234919490640945972e+00 4.000000000000000000e+00 1.750000000000000000e+02 3.000000000000000000e+00
6.480604353016153896e-01 1.234919490640945972e+00 4.000000000000000000e+00 1.750000000000000000e+02 4.000000000000000000e+00
3.075030440267603193e-01 1.908531125443379217e+00 2.000000000000000000e+00 6.600000000000000000e+01 0.000000000000000000e+00
3.075030440267603193e-01 1.908531125443379217e+00 2.000000000000000000e+00 6.600000000000000000e+01 1.000000000000000000e+00
3.075030440267603193e-01 1.908531125443379217e+00 2.000000000000000000e+00 6.600000000000000000e+01 2.000000000000000000e+00
3.075030440267603193e-01 1.908531125443379217e+00 2.000000000000000000e+00 6.600000000000000000e+01 3.000000000000000000e+00
3.075030440267603193e-01 1.908531125443379217e+00 2.000000000000000000e+00 6.600000000000000000e+01 4.000000000000000000e+00
3.140632280804191989e-01 1.563484794741410999e+00 1.600000000000000000e+01 1.150000000000000000e+02 0.000000000000000000e+00
3.140632280804191989e-01 1.563484794741410999e+00 1.600000000000000000e+01 1.150000000000000000e+02 1.000000000000000000e+00
3.140632280804191989e-01 1.563484794741410999e+00 1.600000000000000000e+01 1.150000000000000000e+02 2.000000000000000000e+00
3.140632280804191989e-01 1.563484794741410999e+00 1.600000000000000000e+01 1.150000000000000000e+02 3.000000000000000000e+00
3.140632280804191989e-01 1.563484794741410999e+00 1.600000000000000000e+01 1.150000000000000000e+02 4.000000000000000000e+00
8.293003402267657975e-01 1.954777361131544877e+00 5.000000000000000000e+00 1.550000000000000000e+02 0.000000000000000000e+00
8.293003402267657975e-01 1.954777361131544877e+00 5.000000000000000000e+00 1.550000000000000000e+02 1.000000000000000000e+00
8.293003402267657975e-01 1.954777361131544877e+00 5.000000000000000000e+00 1.550000000000000000e+02 2.000000000000000000e+00
8.293003402267657975e-01 1.954777361131544877e+00 5.000000000000000000e+00 1.550000000000000000e+02 3.000000000000000000e+00
8.293003402267657975e-01 1.954777361131544877e+00 5.000000000000000000e+00 1.550000000000000000e+02 4.000000000000000000e+00
