1.110410271979502678e-01 1.039069534770037384e+00 1.800000000000000000e+01 1.460000000000000000e+02 0.000000000000000000e+00
8.293946646511820564e-01 5.033337974857879926e-01 1.000000000000000000e+00 3.600000000000000000e+01 0.000000000000000000e+00
2.268545962712998909e-01 2.010501699163466771e+00 1.700000000000000000e+01 4.400000000000000000e+01 0.000000000000000000e+00
3.946528274394759395e-01 1.495668322133395511e+00 1.400000000000000000e+01 3.000000000000000000e+01 0.000000000000000000e+00
3.275018574473362865e-01 8.886063070440898271e-01 9.000000000000000000e+00 1.530000000000000000e+02 0.000000000000000000e+00
7.827961136559682398e-01 1.735732587822161666e+00 2.000000000000000000e+00 1.710000000000000000e+02 0.000000000000000000e+00
6.704058582133597399e-01 9.179813751738624683e-01 1.900000000000000000e+01 7.900000000000000000e+01 0.000000000000000000e+00
3.104705451287392837e-01 1.861204938881520610e+00 1.500000000000000000e+01 9.000000000000000000e+00 0.000000000000000000e+00
1.602602416823281084e-01 9.876867645401540274e-01 7.000000000000000000e+00 1.800000000000000000e+01 0.000000000000000000e+00
3.391859943160150381e-01 1.330162614859320858e+00 1.600000000000000000e+01 7.800000000000000000e+01 0.000000000000000000e+00
7.479548931163899628e-01 6.676920194116066076e-01 1.500000000000000000e+01 1.000000000000000000e+02 0.000000000000000000e+00
2.684813754045773937e-01 1.377017529642296623e+00 4.000000000000000000e+00 1.380000000000000000e+02 0.000000000000000000e+00
7.525250356729810131e-01 3.758736394163245675e-01 1.200000000000000000e+01 8.700000000000000000e+01 0.000000000000000000e+00
7.453933813744089143e-01 5.827584597945566491e-01 1.200000000000000000e+01 1.000000000000000000e+00 0.000000000000000000e+00
8.108983065456769612e-01 1.780630952855456028e+00 1.500000000000000000e+01 1.700000000000000000e+02 0.000000000000000000e+00
3.037082127201973236e-01 6.124602430838194111e-01 1.300000000000000000e+01 8.100000000000000000e+01 0.000000000000000000e+00
5.911931099952888458e-01 1.663578543641492102e-01 9.000000000000000000e+00 1.740000000000000000e+02 0.000000000000000000e+00
1.005715170432307293e+00 1.155276871099754354e-01 1.100000000000000000e+01 1.800000000000000000e+01 0.000000000000000000e+00
5.478678669186738404e-01 7.887512033215223761e-01 2.000000000000000000e+01 4.200000000000000000e+01 0.000000000000000000e+00
2.334978649879556611e-01 2.290347153774922317e-01 1.200000000000000000e+01 1.680000000000000000e+02 0.000000000000000000e+00
1.594304519001476378e-02 1.744149607111537437e+00 6.000000000000000000e+00 1.190000000000000000e+02 0.000000000000000000e+00
8.815543103620382404e-01 3.051945214576888832e-01 1.900000000000000000e+01 9.000000000000000000e+00 0.000000000000000000e+00
3.886734270254241785e-01 1.744404899278861054e-01 1.500000000000000000e+01 8.400000000000000000e+01 0.000000000000000000e+00
2.832603826508667266e-01 2.855018423706695563e-01 2.000000000000000000e+01 1.900000000000000000e+01 0.000000000000000000e+00
5.685789359373732976e-01 1.126136368275803212e+00 1.300000000000000000e+01 9.000000000000000000e+01 0.000000000000000000e+00
8.220061682735945174e-01 9.700630609076404953e-01 2.000000000000000000e+01 4.000000000000000000e+01 0.000000000000000000e+00
4.076783230952685244e-01 1.122875730144505146e+00 8.000000000000000000e+00 2.100000000000000000e+01 0.000000000000000000e+00
9.365234223581108131e-01 1.793020707356745458e+00 5.000000000000000000e+00 5.900000000000000000e+01 0.000000000000000000e+00
4.032068591130382185e-01 1.231411228368362920e+00 5.000000000000000000e+00 1.360000000000000000e+02 0.000000000000000000e+00
3.571778643029429601e-01 1.956161709929119807e-01 1.000000000000000000e+00 1.510000000000000000e+02 0.000000000000000000e+00
1.319017850542570924e-01 5.629529973874854987e-01 1.100000000000000000e+01 8.000000000000000000e+00 0.000000000000000000e+00
4.386201226217393279e-01 7.241281861614224935e-01 3.000000000000000000e+00 6.200000000000000000e+01 0.000000000000000000e+00
9.071280559072675276e-01 1.590169513096950205e+00 1.900000000000000000e+01 1.270000000000000000e+02 0.000000000000000000e+00
2.800501547849666428e-01 2.039403698912669594e+00 1.200000000000000000e+01 1.420000000000000000e+02 0.000000000000000000e+00
3.162614476102595384e-01 2.039936227424191006e+00 1.100000000000000000e+01 1.140000000000000000e+02 0.000000000000000000e+00
7.058403765365748317e-01 2.070080890474486068e+00 9.000000000000000000e+00 1.280000000000000000e+02 0.000000000000000000e+00
7.441685075505030111e-01 4.307874851971656982e-01 9.000000000000000000e+00 1.380000000000000000e+02 0.000000000000000000e+00
5.938426084039524211e-01 1.726205097244410736e+00 1.700000000000000000e+01 1.050000000000000000e+02 0.000000000000000000e+00
9.543987295800314408e-02 8.184611249031449320e-01 1.800000000000000000e+01 1.120000000000000000e+02 0.000000000000000000e+00
4.948729018349471431e-01 2.806478719466994898e-01 1.300000000000000000e+01 7.200000000000000000e+01 0.000000000000000000e+00
9.982757601692816563e-01 6.836667155682537578e-01 2.000000000000000000e+00 1.500000000000000000e+01 0.000000000000000000e+00
7.765941295240557096e-01 1.177298931507072322e+00 1.400000000000000000e+01 7.800000000000000000e+01 0.000000000000000000e+00
5.363915458922036139e-01 4.989670161153892947e-01 7.000000000000000000e+00 3.600000000000000000e+01 0.000000000000000000e+00
2.214117449553929529e-01 1.673598389402133346e+00 1.100000000000000000e+01 1.540000000000000000e+02 0.000000000000000000e+00
9.929713257541141758e-01 7.407850256536497868e-01 8.000000000000000000e+00 1.950000000000000000e+02 0.000000000000000000e+00
2.861048773312048210e-01 1.194735656934859502e+00 1.000000000000000000e+01 1.470000000000000000e+02 0.000000000000000000e+00
8.636025599662124907e-01 1.257748479931015018e+00 1.500000000000000000e+01 1.810000000000000000e+02 0.000000000000000000e+00
2.608103781302167912e-01 5.056589679822719452e-01 3.000000000000000000e+00 6.700000000000000000e+01 0.000000000000000000e+00
1.910406155337840417e-01 1.502376270654531609e+00 1.000000000000000000e+01 1.930000000000000000e+02 0.000000000000000000e+00
2.155468860971868628e-01 1.503044421058352009e+00 8.000000000000000000e+00 2.100000000000000000e+01 0.000000000000000000e+00
4.078100661739869626e-01 1.059774697123363696e+00 1.400000000000000000e+01 1.910000000000000000e+02 1.000000000000000000e+00
2.394376861033173931e-01 2.026083768811076435e+00 2.000000000000000000e+00 9.200000000000000000e+01 1.000000000000000000e+00
6.447651075023748124e-01 1.584891300938298775e+00 5.000000000000000000e+00 1.150000000000000000e+02 1.000000000000000000e+00
5.771977993705534188e-02 1.976425542147177694e+00 1.000000000000000000e+01 1.570000000000000000e+02 1.000000000000000000e+00
9.097518531023695010e-01 3.547724773495969375e-01 9.000000000000000000e+00 4.100000000000000000e+01 1.000000000000000000e+00
2.291475839880057208e-01 1.489496587496685454e+00 1.000000000000000000e+01 3.900000000000000000e+01 1.000000000000000000e+00
5.946308147287443502e-01 1.149494818018899966e+00 1.900000000000000000e+01 1.860000000000000000e+02 1.000000000000000000e+00
5.409914866331897443e-01 9.981402803675650803e-01 7.000000000000000000e+00 9.700000000000000000e+01 1.000000000000000000e+00
6.331037560820134136e-01 1.639988304384943918e+00 1.100000000000000000e+01 8.500000000000000000e+01 1.000000000000000000e+00
5.134886714007182995e-01 1.661862845889004126e+00 1.000000000000000000e+00 1.260000000000000000e+02 1.000000000000000000e+00
7.735942974490652713e-01 1.023400736386974152e+00 1.100000000000000000e+01 4.800000000000000000e+01 1.000000000000000000e+00
8.754114136203916541e-01 9.063160618962303738e-01 4.000000000000000000e+00 1.200000000000000000e+01 1.000000000000000000e+00
2.954856628929235923e-02 5.673096780648579918e-01 8.000000000000000000e+00 1.880000000000000000e+02 1.000000000000000000e+00
3.758334831210760063e-01 1.688958039660013233e+00 1.500000000000000000e+01 1.070000000000000000e+02 1.000000000000000000e+00
8.446532466611638146e-01 6.705874058287631945e-01 9.000000000000000000e+00 1.240000000000000000e+02 1.000000000000000000e+00
8.365329908866833142e-01 1.326657713732041499e-01 1.000000000000000000e+00 9.000000000000000000e+00 1.000000000000000000e+00
6.613368317578629529e-01 1.776309908902262258e+00 1.200000000000000000e+01 1.370000000000000000e+02 1.000000000000000000e+00
7.402218611674825643e-01 2.098672584545416608e+00 1.300000000000000000e+01 1.700000000000000000e+02 1.000000000000000000e+00
2.891773754089711490e-01 7.358567603027877935e-01 2.000000000000000000e+00 5.100000000000000000e+01 1.000000000000000000e+00
9.147788671752016265e-01 1.692586092551958687e+00 6.000000000000000000e+00 1.610000000000000000e+02 1.000000000000000000e+00
3.261072733574567062e-01 3.420308921059390661e-01 1.600000000000000000e+01 5.400000000000000000e+01 1.000000000000000000e+00
3.164858501461508267e-01 1.042159013611208662e+00 1.600000000000000000e+01 1.730000000000000000e+02 1.000000000000000000e+00
3.157597518945680637e-01 1.144489954232883022e+00 3.000000000000000000e+00 1.530000000000000000e+02 1.000000000000000000e+00
4.129965755261321564e-02 7.370227491295072708e-01 1.500000000000000000e+01 3.900000000000000000e+01 1.000000000000000000e+00
3.862326401746185578e-01 1.610612349763265616e+00 1.000000000000000000e+00 9.000000000000000000e+00 1.000000000000000000e+00
7.128644220187800862e-01 1.686611495352968726e+00 7.000000000000000000e+00 1.780000000000000000e+02 1.000000000000000000e+00
5.664073490408281231e-01 2.097430240734524887e+00 2.000000000000000000e+00 6.000000000000000000e+00 1.000000000000000000e+00
8.281339995968670653e-01 4.334445916198274018e-01 1.700000000000000000e+01 3.400000000000000000e+01 1.000000000000000000e+00
9.477085827029320120e-01 5.181200294496092207e-01 1.900000000000000000e+01 1.360000000000000000e+02 1.000000000000000000e+00
1.307419882225315799e-01 1.135613765544338571e+00 1.200000000000000000e+01 1.700000000000000000e+02 1.000000000000000000e+00
5.549840908890801838e-01 1.578345845157203220e+00 1.100000000000000000e+01 1.120000000000000000e+02 1.000000000000000000e+00
3.098717150252777719e-01 4.160149753897287583e-01 1.700000000000000000e+01 7.000000000000000000e+01 1.000000000000000000e+00
5.088104667295469952e-01 1.907279037446806713e+00 1.900000000000000000e+01 1.680000000000000000e+02 1.000000000000000000e+00
2.753934420133167249e-01 1.749465166385556936e+00 5.000000000000000000e+00 1.950000000000000000e+02 1.000000000000000000e+00
3.654477387033245872e-01 1.618121628915494048e+00 1.900000000000000000e+01 1.580000000000000000e+02 1.000000000000000000e+00
4.910005847580360960e-01 2.025858100178269616e+00 1.900000000000000000e+01 2.300000000000000000e+01 1.000000000000000000e+00
2.474716820402034223e-01 1.460657859248514878e+00 1.000000000000000000e+00 1.620000000000000000e+02 1.000000000000000000e+00
5.569659303279523854e-01 1.388662960028064219e+00 1.000000000000000000e+01 2.300000000000000000e+01 1.000000000000000000e+00
1.248304536280394478e-01 3.906081570436444883e-01 1.100000000000000000e+01 1.880000000000000000e+02 1.000000000000000000e+00
9.385520339494625164e-01 2.043774330318560484e+00 1.500000000000000000e+01 7.000000000000000000e+00 1.000000000000000000e+00
7.362345345958645204e-01 5.424928749378400417e-01 4.000000000000000000e+00 3.800000000000000000e+01 1.000000000000000000e+00
4.286921874011705436e-01 1.467279074477113143e+00 1.000000000000000000e+01 1.950000000000000000e+02 1.000000000000000000e+00
6.606071463721713277e-01 1.433501075794975099e+00 1.000000000000000000e+01 2.300000000000000000e+01 1.000000000000000000e+00
2.701363686720816837e-01 1.839758129343447735e+00 3.000000000000000000e+00 9.400000000000000000e+01 1.000000000000000000e+00
6.134030646975032752e-01 1.481466472973803850e+00 1.200000000000000000e+01 1.760000000000000000e+02 1.000000000000000000e+00
1.403512159496794753e-01 1.178340639716680016e+00 2.000000000000000000e+00 5.300000000000000000e+01 1.000000000000000000e+00
3.639646784612149411e-01 1.627963014681153231e+00 1.900000000000000000e+01 5.500000000000000000e+01 1.000000000000000000e+00
4.733902715292092472e-02 1.410094951984849798e+00 1.600000000000000000e+01 2.300000000000000000e+01 1.000000000000000000e+00
6.577126809904575433e-01 1.770005843900227527e+00 1.900000000000000000e+01 8.700000000000000000e+01 1.000000000000000000e+00
5.842872483009279305e-01 1.150909987515773336e+00 1.100000000000000000e+01 1.000000000000000000e+01 1.000000000000000000e+00
5.066423612219004280e-01 2.781071781295433309e-01 1.200000000000000000e+01 1.450000000000000000e+02 2.000000000000000000e+00
1.799640516514752209e-01 4.611589732065751734e-01 1.800000000000000000e+01 9.800000000000000000e+01 2.000000000000000000e+00
5.280536442536490904e-01 2.073757606251975361e+00 2.000000000000000000e+00 8.300000000000000000e+01 2.000000000000000000e+00
7.805489444872035776e-01 6.207320546035538511e-01 1.400000000000000000e+01 9.700000000000000000e+01 2.000000000000000000e+00
3.861951281293434235e-01 2.804538527282508520e-01 1.300000000000000000e+01 2.500000000000000000e+01 2.000000000000000000e+00
9.110372591097304351e-01 1.968778545975073069e+00 8.000000000000000000e+00 1.210000000000000000e+02 2.000000000000000000e+00
7.210594518910582451e-01 1.763986545938401873e+00 1.700000000000000000e+01 6.400000000000000000e+01 2.000000000000000000e+00
2.486755348337065241e-01 4.770921677021685570e-01 5.000000000000000000e+00 5.200000000000000000e+01 2.000000000000000000e+00
5.317732548231624001e-01 1.730544868564615868e+00 1.300000000000000000e+01 5.200000000000000000e+01 2.000000000000000000e+00
1.894998118167110501e-01 8.015685556459345440e-01 4.000000000000000000e+00 1.510000000000000000e+02 2.000000000000000000e+00
4.500194192054849385e-01 1.137878907499990877e+00 5.000000000000000000e+00 9.000000000000000000e+01 2.000000000000000000e+00
4.562122699465934739e-01 3.983332519874461797e-01 1.500000000000000000e+01 1.960000000000000000e+02 2.000000000000000000e+00
4.226167646168941250e-01 1.820485950808843567e+00 1.100000000000000000e+01 8.500000000000000000e+01 2.000000000000000000e+00
7.457238798277305847e-01 3.119395984288825252e-01 1.500000000000000000e+01 4.800000000000000000e+01 2.000000000000000000e+00
9.689365140226757767e-01 1.298479234204731769e+00 1.900000000000000000e+01 1.820000000000000000e+02 2.000000000000000000e+00
9.444562249936534482e-01 1.878455538247531198e+00 9.000000000000000000e+00 1.880000000000000000e+02 2.000000000000000000e+00
5.566163622548867540e-01 1.999099590326419262e+00 1.100000000000000000e+01 7.800000000000000000e+01 2.000000000000000000e+00
6.056475271645165304e-01 1.274586107217143160e+00 1.700000000000000000e+01 1.650000000000000000e+02 2.000000000000000000e+00
6.228383145111953123e-01 1.971998264223872033e+00 8.000000000000000000e+00 3.300000000000000000e+01 2.000000000000000000e+00
8.867921886323468783e-01 1.548701952148061833e+00 1.000000000000000000e+01 1.260000000000000000e+02 2.000000000000000000e+00
7.781307484398901353e-02 1.243435228134712744e+00 1.300000000000000000e+01 1.140000000000000000e+02 2.000000000000000000e+00
2.768433689099724510e-02 1.252377076832210001e+00 7.000000000000000000e+00 1.670000000000000000e+02 2.000000000000000000e+00
7.496008524370170178e-01 7.697974729952502537e-01 1.300000000000000000e+01 9.500000000000000000e+01 2.000000000000000000e+00
1.784607095499334689e-02 1.980651722018123007e+00 2.000000000000000000e+01 4.100000000000000000e+01 2.000000000000000000e+00
7.817385753699822304e-02 4.414375675502623109e-01 1.700000000000000000e+01 8.200000000000000000e+01 2.000000000000000000e+00
6.740886271569537236e-01 1.389575739267695509e+00 1.600000000000000000e+01 1.290000000000000000e+02 2.000000000000000000e+00
9.267454060903153046e-01 7.760693044872822854e-01 1.000000000000000000e+01 3.500000000000000000e+01 2.000000000000000000e+00
3.507996599367262380e-01 7.558534993169204741e-01 2.000000000000000000e+00 1.140000000000000000e+02 2.000000000000000000e+00
3.273586875851962619e-01 4.737326630558443830e-01 5.000000000000000000e+00 8.700000000000000000e+01 2.000000000000000000e+00
4.498148478583747778e-01 1.356494397253488637e+00 1.000000000000000000e+01 7.500000000000000000e+01 2.000000000000000000e+00
4.728387556745369258e-01 8.406113963696867364e-01 1.000000000000000000e+01 2.600000000000000000e+01 2.000000000000000000e+00
5.863095982435002629e-01 1.044456419228372956e+00 1.900000000000000000e+01 1.110000000000000000e+02 2.000000000000000000e+00
1.857557966716549824e-01 6.256598787601758138e-01 1.400000000000000000e+01 9.200000000000000000e+01 2.000000000000000000e+00
7.455929605550336570e-01 1.714795910457046269e+00 1.200000000000000000e+01 6.800000000000000000e+01 2.000000000000000000e+00
8.531606959727615624e-01 1.045069754070676371e+00 7.000000000000000000e+00 1.330000000000000000e+02 2.000000000000000000e+00
2.050217932174176472e-01 1.838511582922458087e+00 8.000000000000000000e+00 9.200000000000000000e+01 2.000000000000000000e+00
1.295432404451891673e-01 2.079983848593564222e+00 1.500000000000000000e+01 4.500000000000000000e+01 2.000000000000000000e+00
1.971403199499417447e-01 1.311791804700113584e+00 9.000000000000000000e+00 7.800000000000000000e+01 2.000000000000000000e+00
6.937780565215878603e-01 1.455581826785350641e+00 3.000000000000000000e+00 1.100000000000000000e+02 2.000000000000000000e+00
4.340114096096521212e-01 3.867157420877264107e-01 3.000000000000000000e+00 1.810000000000000000e+02 2.000000000000000000e+00
3.088428024047530362e-01 1.921560670255062719e+00 7.000000000000000000e+00 1.000000000000000000e+02 2.000000000000000000e+00
1.575902490954806945e-01 1.667707900127275211e+00 1.100000000000000000e+01 7.000000000000000000e+01 2.000000000000000000e+00
5.440021650497843808e-01 5.388217504797664370e-01 9.000000000000000000e+00 9.900000000000000000e+01 2.000000000000000000e+00
8.860118146256686922e-01 2.962526101825265767e-01 3.000000000000000000e+00 1.940000000000000000e+02 2.000000000000000000e+00
3.488117876275481644e-01 6.575015952824648791e-01 1.200000000000000000e+01 1.650000000000000000e+02 2.000000000000000000e+00
3.375054031697208856e-01 9.298817327805394273e-01 1.600000000000000000e+01 1.900000000000000000e+01 2.000000000000000000e+00
1.904614974106252356e-01 2.317973565448626927e-01 1.800000000000000000e+01 8.300000000000000000e+01 2.000000000000000000e+00
6.774530599255372820e-01 4.662587037637172527e-01 6.000000000000000000e+00 1.640000000000000000e+02 2.000000000000000000e+00
3.141241073045589749e-01 3.055306175675746028e-01 1.000000000000000000e+00 5.500000000000000000e+01 2.000000000000000000e+00
9.720071610088336644e-01 1.688077154551558712e+00 1.100000000000000000e+01 7.000000000000000000e+00 2.000000000000000000e+00
2.364431322458111495e-01 1.219736444116309881e+00 2.000000000000000000e+01 1.400000000000000000e+01 3.000000000000000000e+00
4.642818068724636760e-01 4.173407659469040576e-01 1.000000000000000000e+01 6.600000000000000000e+01 3.000000000000000000e+00
7.880297001989658989e-01 6.722934184193848361e-01 3.000000000000000000e+00 5.600000000000000000e+01 3.000000000000000000e+00
4.273059131231676799e-01 3.061181621123924002e-01 1.400000000000000000e+01 1.620000000000000000e+02 3.000000000000000000e+00
5.988680784713402705e-01 9.806696939319775597e-01 9.000000000000000000e+00 1.050000000000000000e+02 3.000000000000000000e+00
4.944640603860783051e-02 5.469724326351742549e-01 6.000000000000000000e+00 1.190000000000000000e+02 3.000000000000000000e+00
7.283778483600413800e-01 8.449000779739949119e-01 1.900000000000000000e+01 1.050000000000000000e+02 3.000000000000000000e+00
4.832271700033429207e-01 7.795584694686185090e-01 1.700000000000000000e+01 1.790000000000000000e+02 3.000000000000000000e+00
7.735320542791338516e-01 2.173388027014219459e-01 2.000000000000000000e+01 1.550000000000000000e+02 3.000000000000000000e+00
1.645404595480345344e-01 7.677793784660583709e-01 2.000000000000000000e+00 3.800000000000000000e+01 3.000000000000000000e+00
3.876423453820362353e-01 1.779956853333872102e+00 1.500000000000000000e+01 9.900000000000000000e+01 3.000000000000000000e+00
8.825822721055013309e-01 2.884617758080100236e-01 1.200000000000000000e+01 1.410000000000000000e+02 3.000000000000000000e+00
3.670889049523503589e-01 7.368345499078768901e-01 5.000000000000000000e+00 1.620000000000000000e+02 3.000000000000000000e+00
5.074619151537773654e-01 5.268411253572445885e-01 1.700000000000000000e+01 1.400000000000000000e+02 3.000000000000000000e+00
6.440400633674115971e-01 1.500236236873920381e+00 7.000000000000000000e+00 1.530000000000000000e+02 3.000000000000000000e+00
6.040876711034274260e-01 5.198310956626944757e-01 1.800000000000000000e+01 4.000000000000000000e+01 3.000000000000000000e+00
5.847574267137901627e-01 2.750990499729876193e-01 1.500000000000000000e+01 2.600000000000000000e+01 3.000000000000000000e+00
7.279487975089187213e-01 1.848239231220535128e+00 2.000000000000000000e+01 1.140000000000000000e+02 3.000000000000000000e+00
5.261032093661306419e-01 9.205560191908787049e-01 1.100000000000000000e+01 1.070000000000000000e+02 3.000000000000000000e+00
3.381942096243335527e-01 6.068611009370340481e-01 1.300000000000000000e+01 1.250000000000000000e+02 3.000000000000000000e+00
9.794813576322920490e-01 1.733880862492545916e+00 9.000000000000000000e+00 7.900000000000000000e+01 3.000000000000000000e+00
8.936563054547767004e-01 1.794845249003333532e+00 1.000000000000000000e+00 9.700000000000000000e+01 3.000000000000000000e+00
2.056563597349907457e-01 8.319792564655738021e-01 1.000000000000000000e+00 8.600000000000000000e+01 3.000000000000000000e+00
9.566878750679803645e-01 1.377529008862792059e+00 1.500000000000000000e+01 1.200000000000000000e+01 3.000000000000000000e+00
4.077981739826580521e-01 1.644984478301366515e+00 6.000000000000000000e+00 1.040000000000000000e+02 3.000000000000000000e+00
9.926642245384261765e-01 1.219276251080754658e+00 8.000000000000000000e+00 1.850000000000000000e+02 3.000000000000000000e+00
2.025749431404193501e-01 1.983529799280878025e+00 1.000000000000000000e+00 9.100000000000000000e+01 3.000000000000000000e+00
6.752138829442606571e-01 1.202777188113526741e+00 1.000000000000000000e+01 1.330000000000000000e+02 3.000000000000000000e+00
2.977203391205329730e-01 1.526131800699971119e+00 1.200000000000000000e+01 1.590000000000000000e+02 3.000000000000000000e+00
8.068900547761255204e-01 7.314725989826976749e-01 7.000000000000000000e+00 1.530000000000000000e+02 3.000000000000000000e+00
9.343353725550306299e-01 1.874898816200318619e+00 1.800000000000000000e+01 1.810000000000000000e+02 3.000000000000000000e+00
2.463261042499111930e-01 3.378794634256819807e-01 1.700000000000000000e+01 3.300000000000000000e+01 3.000000000000000000e+00
2.976675097439928502e-02 6.431301555316409901e-01 9.000000000000000000e+00 4.300000000000000000e+01 3.000000000000000000e+00
7.963811816112484898e-01 1.278543306813417324e+00 1.700000000000000000e+01 1.200000000000000000e+01 3.000000000000000000e+00
8.324089711084875498e-01 9.384909503060973046e-01 2.000000000000000000e+00 1.480000000000000000e+02 3.000000000000000000e+00
2.107042350132122266e-01 3.164092702143016522e-01 1.300000000000000000e+01 1.490000000000000000e+02 3.000000000000000000e+00
4.858294939398092316e-01 1.209309500325671083e+00 1.400000000000000000e+01 4.900000000000000000e+01 3.000000000000000000e+00
8.446309913302673111e-01 1.578437791278359592e+00 1.500000000000000000e+01 1.830000000000000000e+02 3.000000000000000000e+00
9.259277060176875906e-01 6.070543195348069299e-01 5.000000000000000000e+00 1.510000000000000000e+02 3.000000000000000000e+00
5.816678333070198770e-01 5.544479288167555309e-01 1.500000000000000000e+01 6.800000000000000000e+01 3.000000000000000000e+00
6.471182345625765553e-01 3.983208618704575654e-01 5.000000000000000000e+00 5.800000000000000000e+01 3.000000000000000000e+00
2.905776288748431746e-01 1.743698979446433706e+00 9.000000000000000000e+00 9.200000000000000000e+01 3.000000000000000000e+00
5.337894797964821691e-01 5.242823033853124537e-01 1.700000000000000000e+01 1.150000000000000000e+02 3.000000000000000000e+00
3.724616816198335068e-01 1.168482817907599225e+00 1.600000000000000000e+01 1.910000000000000000e+02 3.000000000000000000e+00
8.047597510588436753e-01 1.151457313430480911e-01 2.000000000000000000e+00 5.900000000000000000e+01 3.000000000000000000e+00
2.954283302264767430e-01 1.001763735555973645e+00 1.700000000000000000e+01 1.120000000000000000e+02 3.000000000000000000e+00
6.237796992521349448e-01 1.483717463816730087e+00 1.700000000000000000e+01 8.400000000000000000e+01 3.000000000000000000e+00
6.861851882813022607e-01 1.938180442896369593e+00 1.800000000000000000e+01 1.120000000000000000e+02 3.000000000000000000e+00
2.992439379599642207e-02 1.462847600765789791e+00 4.000000000000000000e+00 1.990000000000000000e+02 3.000000000000000000e+00
7.665920726697894594e-01 1.626351426242248488e+00 1.300000000000000000e+01 1.790000000000000000e+02 3.000000000000000000e+00
9.459160198006942577e-02 1.173710485735601106e+00 1.500000000000000000e+01 1.710000000000000000e+02 4.000000000000000000e+00
2.380380821554800574e-01 1.052464040744073959e+00 1.100000000000000000e+01 3.800000000000000000e+01 4.000000000000000000e+00
5.287066033317145974e-01 9.532015116111914876e-01 1.000000000000000000e+01 4.700000000000000000e+01 4.000000000000000000e+00
3.892431880182153359e-01 8.100375458279852614e-01 1.200000000000000000e+01 1.100000000000000000e+01 4.000000000000000000e+00
3.971936646826369488e-01 2.901265855031193164e-01 1.600000000000000000e+01 1.210000000000000000e+02 4.000000000000000000e+00
6.540940349833626044e-01 1.652090392583188960e-01 1.800000000000000000e+01 3.300000000000000000e+01 4.000000000000000000e+00
2.632725174775839561e-01 9.911620918048525963e-01 2.000000000000000000e+01 6.300000000000000000e+01 4.000000000000000000e+00
7.722407440109710919e-01 2.038318530178709675e+00 6.000000000000000000e+00 9.100000000000000000e+01 4.000000000000000000e+00
1.606126611651549352e-01 1.466088378094605904e+00 2.000000000000000000e+00 1.260000000000000000e+02 4.000000000000000000e+00
4.099718314340232705e-01 1.855791546928645674e+00 2.000000000000000000e+00 1.610000000000000000e+02 4.000000000000000000e+00
5.191205492177541903e-01 2.022008555297652332e+00 1.700000000000000000e+01 4.800000000000000000e+01 4.000000000000000000e+00
8.447461988257336518e-01 1.531926229739035250e+00 1.000000000000000000e+01 4.400000000000000000e+01 4.000000000000000000e+00
8.473826998264579746e-01 1.327930548912030995e+00 1.600000000000000000e+01 1.000000000000000000e+01 4.000000000000000000e+00
1.108393756912812028e-01 7.638219204014821129e-01 4.000000000000000000e+00 1.690000000000000000e+02 4.000000000000000000e+00
5.684564264330971284e-01 1.242834999844274257e+00 1.800000000000000000e+01 1.230000000000000000e+02 4.000000000000000000e+00
8.696221474756075098e-01 1.515577591565261839e+00 1.400000000000000000e+01 1.260000000000000000e+02 4.000000000000000000e+00
4.358339394311051551e-01 1.832164519639495337e+00 3.000000000000000000e+00 1.110000000000000000e+02 4.000000000000000000e+00
5.706254067794970242e-01 3.838079472888394905e-01 4.000000000000000000e+00 8.100000000000000000e+01 4.000000000000000000e+00
2.179532828827976942e-01 9.027915969076812930e-01 1.000000000000000000e+00 1.170000000000000000e+02 4.000000000000000000e+00
2.669540975928962334e-01 1.862077099095138299e+00 1.600000000000000000e+01 1.080000000000000000e+02 4.000000000000000000e+00
6.480174338665665168e-01 2.448885764786178643e-01 2.000000000000000000e+00 1.400000000000000000e+02 4.000000000000000000e+00
7.179727968662931170e-01 2.091225661539036995e+00 7.000000000000000000e+00 4.800000000000000000e+01 4.000000000000000000e+00
5.724064757032433226e-01 4.652669575196971552e-01 7.000000000000000000e+00 1.800000000000000000e+02 4.000000000000000000e+00
4.037113894543568060e-01 1.389661592489150665e+00 1.800000000000000000e+01 1.740000000000000000e+02 4.000000000000000000e+00
7.673094376665382521e-01 2.045794548184748152e+00 5.000000000000000000e+00 1.390000000000000000e+02 4.000000000000000000e+00
8.687422526890203889e-01 4.359404533070204701e-01 1.300000000000000000e+01 1.610000000000000000e+02 4.000000000000000000e+00
9.395479584776577076e-01 3.268816453592516824e-01 1.200000000000000000e+01 1.230000000000000000e+02 4.000000000000000000e+00
7.399856061768820270e-01 1.147747562011806277e+00 1.200000000000000000e+01 7.100000000000000000e+01 4.000000000000000000e+00
1.495359434443385149e-01 1.693126572217570569e+00 1.600000000000000000e+01 7.400000000000000000e+01 4.000000000000000000e+00
3.808167979356735788e-01 1.527773182111953121e+00 1.200000000000000000e+01 1.200000000000000000e+01 4.000000000000000000e+00
2.158054023270697952e-01 2.678463461245218502e-01 1.500000000000000000e+01 1.820000000000000000e+02 4.000000000000000000e+00
3.717529966797352703e-01 1.758711039921343477e+00 1.500000000000000000e+01 1.240000000000000000e+02 4.000000000000000000e+00
7.608979179490846789e-01 1.983839367195113113e+00 7.000000000000000000e+00 1.880000000000000000e+02 4.000000000000000000e+00
2.868118056809586536e-01 8.341506928603931170e-01 2.000000000000000000e+00 2.700000000000000000e+01 4.000000000000000000e+00
8.789319640555690594e-01 2.009144778406457110e+00 4.000000000000000000e+00 1.360000000000000000e+02 4.000000000000000000e+00
5.425251447432017926e-01 1.427501053269705888e+00 6.000000000000000000e+00 8.400000000000000000e+01 4.000000000000000000e+00
1.244816171942060151e-01 1.398578764538088048e+00 4.000000000000000000e+00 7.400000000000000000e+01 4.000000000000000000e+00
4.261341793059408856e-01 6.246700479289380992e-01 1.400000000000000000e+01 4.700000000000000000e+01 4.000000000000000000e+00
6.365832094098098359e-01 2.523594760197681586e-01 1.000000000000000000e+01 9.500000000000000000e+01 4.000000000000000000e+00
8.947779544049859479e-02 2.041852028506155214e+00 1.900000000000000000e+01 3.600000000000000000e+01 4.000000000000000000e+00
8.299756030930981465e-01 1.512868111853884034e+00 3.000000000000000000e+00 2.000000000000000000e+00 4.000000000000000000e+00
3.660278007115983501e-01 1.393715053125651249e+00 1.000000000000000000e+00 1.400000000000000000e+01 4.000000000000000000e+00
8.175757819912730096e-01 7.825636478231360327e-01 1.600000000000000000e+01 1.200000000000000000e+01 4.000000000000000000e+00
2.263087058477354363e-01 5.507951170606432134e-01 9.000000000000000000e+00 1.160000000000000000e+02 4.000000000000000000e+00
7.099974962305874993e-01 1.838220505102324598e+00 9.000000000000000000e+00 1.500000000000000000e+02 4.000000000000000000e+00
3.739601266206914465e-01 1.425411571796351140e+00 1.300000000000000000e+01 1.850000000000000000e+02 4.000000000000000000e+00
4.332464492260930111e-01 5.860484450013593305e-01 2.000000000000000000e+01 1.260000000000000000e+02 4.000000000000000000e+00
8.066160420429062672e-01 4.520907470684497609e-01 4.000000000000000000e+00 1.280000000000000000e+02 4.000000000000000000e+00
2.374596665590690270e-01 1.909791972931676352e+00 1.800000000000000000e+01 8.200000000000000000e+01 4.000000000000000000e+00
9.435648910419278668e-01 5.032819111354170927e-01 7.000000000000000000e+00 1.920000000000000000e+02 4.000000000000000000e+00
