7.513389942152202128e-01 1.798689974498019206e-01 1.300000000000000000e+01 8.100000000000000000e+01 0.000000000000000000e+00
4.353318373603394242e-01 7.517874372413674289e-01 1.300000000000000000e+01 5.500000000000000000e+01 0.000000000000000000e+00
7.847975036881564836e-01 9.029523259282389303e-01 1.800000000000000000e+01 9.200000000000000000e+01 0.000000000000000000e+00
7.363857727734478276e-02 2.001058159774171674e+00 1.400000000000000000e+01 5.400000000000000000e+01 0.000000000000000000e+00
2.602009516470685790e-01 2.015655102032201107e+00 2.000000000000000000e+00 1.590000000000000000e+02 0.000000000000000000e+00
6.355950077436481882e-01 1.125301968568366728e+00 1.100000000000000000e+01 1.120000000000000000e+02 0.000000000000000000e+00
6.751947667082579263e-02 2.035132844625962889e+00 1.300000000000000000e+01 3.000000000000000000e+00 0.000000000000000000e+00
2.594487102947633517e-01 1.229557854156312580e+00 1.000000000000000000e+01 1.400000000000000000e+02 0.000000000000000000e+00
1.750363972183839323e-01 2.885124505932420425e-01 1.300000000000000000e+01 2.600000000000000000e+01 0.000000000000000000e+00
3.034163999278436386e-01 1.448078327503063534e+00 4.000000000000000000e+00 1.690000000000000000e+02 0.000000000000000000e+00
1.467373996144748505e-01 2.590714719825434331e-01 1.400000000000000000e+01 4.000000000000000000e+01 0.000000000000000000e+00
4.945142265883545329e-01 3.276030972261200214e-01 2.000000000000000000e+00 1.310000000000000000e+02 0.000000000000000000e+00
8.126803536086125712e-01 2.187771832175621489e-01 1.500000000000000000e+01 1.460000000000000000e+02 0.000000000000000000e+00
8.591740681387198819e-01 1.956522596891862475e+00 1.000000000000000000e+01 1.980000000000000000e+02 0.000000000000000000e+00
6.674319686374806659e-01 1.559873287985161783e+00 1.600000000000000000e+01 1.170000000000000000e+02 0.000000000000000000e+00
9.252364984772504242e-01 1.372768996510670192e+00 4.000000000000000000e+00 9.100000000000000000e+01 0.000000000000000000e+00
1.329964358245719902e-01 3.982431611780931080e-01 1.000000000000000000e+01 9.700000000000000000e+01 0.000000000000000000e+00
6.513439751164922242e-01 7.749688640705182374e-01 1.000000000000000000e+00 1.240000000000000000e+02 0.000000000000000000e+00
7.713113518296698112e-01 7.734096245377498624e-01 4.000000000000000000e+00 9.600000000000000000e+01 0.000000000000000000e+00
3.780135683239601585e-01 9.805299839117823657e-01 8.000000000000000000e+00 2.000000000000000000e+02 0.000000000000000000e+00
8.645622947162250327e-01 1.715331781633206543e+00 6.000000000000000000e+00 1.430000000000000000e+02 0.000000000000000000e+00
9.302766250607441556e-01 1.332941811847265567e+00 1.700000000000000000e+01 1.810000000000000000e+02 0.000000000000000000e+00
2.544756490701087781e-01 3.787049864142902900e-01 1.900000000000000000e+01 1.330000000000000000e+02 0.000000000000000000e+00
5.232395033757935021e-01 1.913916964361737527e+00 2.000000000000000000e+00 5.600000000000000000e+01 0.000000000000000000e+00
5.830616189198212229e-01 1.010326425627513292e+00 5.000000000000000000e+00 1.310000000000000000e+02 0.000000000000000000e+00
2.308005662123202573e-01 3.167692049055407244e-01 8.000000000000000000e+00 1.170000000000000000e+02 0.000000000000000000e+00
7.069496451021355377e-01 6.446593390885576591e-01 2.000000000000000000e+00 1.380000000000000000e+02 0.000000000000000000e+00
3.108521760262262790e-01 9.358398348627704477e-01 1.500000000000000000e+01 6.200000000000000000e+01 0.000000000000000000e+00
3.063299111523563045e-01 6.955181205698240943e-01 2.000000000000000000e+01 1.580000000000000000e+02 0.000000000000000000e+00
9.044290271166367523e-01 1.309890445101490108e+00 1.600000000000000000e+01 9.500000000000000000e+01 0.000000000000000000e+00
9.113354325743976414e-01 2.086779501916177448e+00 9.000000000000000000e+00 1.530000000000000000e+02 0.000000000000000000e+00
1.801361639590625119e-01 1.519573143311348629e+00 1.400000000000000000e+01 1.530000000000000000e+02 0.000000000000000000e+00
5.157908161841726624e-01 4.053454030447430911e-01 4.000000000000000000e+00 3.300000000000000000e+01 0.000000000000000000e+00
7.802912462680999806e-01 6.539517324049254343e-01 1.100000000000000000e+01 1.540000000000000000e+02 0.000000000000000000e+00
4.652550789267555498e-01 1.193202749482849212e+00 1.200000000000000000e+01 1.380000000000000000e+02 0.000000000000000000e+00
8.507646088785869587e-01 1.522755216673647993e+00 1.700000000000000000e+01 1.330000000000000000e+02 0.000000000000000000e+00
6.408803291638044408e-01 9.632350176088574356e-01 1.100000000000000000e+01 3.900000000000000000e+01 0.000000000000000000e+00
6.346982561643608189e-01 1.635754819899079004e+00 2.000000000000000000e+01 1.740000000000000000e+02 0.000000000000000000e+00
4.094566703384295847e-01 1.254014767657410934e+00 1.300000000000000000e+01 1.300000000000000000e+02 0.000000000000000000e+00
8.693608282292474010e-02 5.304538918900757460e-01 1.100000000000000000e+01 1.050000000000000000e+02 0.000000000000000000e+00
9.773841245389128796e-01 1.208564137314944720e+00 1.900000000000000000e+01 2.000000000000000000e+01 0.000000000000000000e+00
8.384596393563010785e-01 9.079057996501650463e-01 1.200000000000000000e+01 5.200000000000000000e+01 0.000000000000000000e+00
6.616206814657779045e-01 7.484716889532750939e-01 1.500000000000000000e+01 1.840000000000000000e+02 0.000000000000000000e+00
8.116075755683251902e-01 1.096337268742002324e+00 6.000000000000000000e+00 1.540000000000000000e+02 0.000000000000000000e+00
7.000900937733958163e-01 5.229405354309512033e-01 1.000000000000000000e+01 1.300000000000000000e+01 0.000000000000000000e+00
6.949942637109656207e-01 4.725978216305942725e-01 1.500000000000000000e+01 7.000000000000000000e+01 0.000000000000000000e+00
4.972801995407012399e-01 1.649678006765597171e+00 1.200000000000000000e+01 5.100000000000000000e+01 0.000000000000000000e+00
1.259619428176358413e-01 9.103349217820194683e-01 1.600000000000000000e+01 1.100000000000000000e+01 0.000000000000000000e+00
8.139234634469422192e-01 4.154765880225551600e-01 1.200000000000000000e+01 4.400000000000000000e+01 0.000000000000000000e+00
5.717398794214011426e-01 1.321924126397509225e+00 1.000000000000000000e+00 9.000000000000000000e+01 0.000000000000000000e+00
5.367385693573174521e-01 1.312878680725858838e-01 7.000000000000000000e+00 1.290000000000000000e+02 1.000000000000000000e+00
1.001945300903825053e+00 1.614553857226342926e+00 6.000000000000000000e+00 1.030000000000000000e+02 1.000000000000000000e+00
4.357866499056632925e-01 7.958336827765876142e-01 1.200000000000000000e+01 1.210000000000000000e+02 1.000000000000000000e+00
1.867428713100648396e-01 1.215278685734683339e+00 9.000000000000000000e+00 5.600000000000000000e+01 1.000000000000000000e+00
3.086074857074460470e-02 1.547324195457041807e+00 6.000000000000000000e+00 4.200000000000000000e+01 1.000000000000000000e+00
8.748433758855190812e-01 1.943527625144256143e+00 1.300000000000000000e+01 1.380000000000000000e+02 1.000000000000000000e+00
3.504730864854503913e-01 1.692339498208635273e+00 9.000000000000000000e+00 1.660000000000000000e+02 1.000000000000000000e+00
2.607563583440263288e-01 6.722984542078974668e-01 7.000000000000000000e+00 6.000000000000000000e+01 1.000000000000000000e+00
5.693039971663604176e-02 1.590220557448826844e+00 2.000000000000000000e+00 1.000000000000000000e+01 1.000000000000000000e+00
4.253178181246660694e-01 1.427278804370594456e-01 1.100000000000000000e+01 1.790000000000000000e+02 1.000000000000000000e+00
2.317969498312609788e-01 1.057205259343777293e+00 1.000000000000000000e+00 1.660000000000000000e+02 1.000000000000000000e+00
2.606817716583509359e-01 3.947674543335167874e-01 1.600000000000000000e+01 1.530000000000000000e+02 1.000000000000000000e+00
7.081391795488566343e-01 5.839033540896850782e-01 8.000000000000000000e+00 1.010000000000000000e+02 1.000000000000000000e+00
8.925614011245234236e-01 2.057179791481948516e+00 9.000000000000000000e+00 6.000000000000000000e+01 1.000000000000000000e+00
4.188911104576891198e-01 1.684160960833144260e+00 1.800000000000000000e+01 3.500000000000000000e+01 1.000000000000000000e+00
1.729361328913393558e-01 1.148725767826930921e+00 1.100000000000000000e+01 4.300000000000000000e+01 1.000000000000000000e+00
9.961894329364886502e-01 1.416512048166275850e+00 1.200000000000000000e+01 9.800000000000000000e+01 1.000000000000000000e+00
9.283051304372905710e-01 9.357201449091395729e-01 8.000000000000000000e+00 1.280000000000000000e+02 1.000000000000000000e+00
1.267505909086629433e-02 4.618826176803264572e-01 1.000000000000000000e+01 1.690000000000000000e+02 1.000000000000000000e+00
4.976035836628259768e-01 4.973673634805954036e-01 5.000000000000000000e+00 1.000000000000000000e+02 1.000000000000000000e+00
9.409691677681893962e-01 6.227467530673093110e-01 7.000000000000000000e+00 8.600000000000000000e+01 1.000000000000000000e+00
9.551821513536566943e-01 1.651189929349195618e+00 7.000000000000000000e+00 1.880000000000000000e+02 1.000000000000000000e+00
1.308335581629226606e-02 1.096728073219771504e+00 9.000000000000000000e+00 1.530000000000000000e+02 1.000000000000000000e+00
9.024140021004689594e-01 1.866242305700461124e+00 9.000000000000000000e+00 5.900000000000000000e+01 1.000000000000000000e+00
4.961079066127023207e-01 1.273862449024146581e+00 3.000000000000000000e+00 4.600000000000000000e+01 1.000000000000000000e+00
2.072345747507498004e-01 1.448555282604666594e+00 9.000000000000000000e+00 1.550000000000000000e+02 1.000000000000000000e+00
9.182891039849165882e-01 2.050197391449160467e+00 1.300000000000000000e+01 5.500000000000000000e+01 1.000000000000000000e+00
8.522290791050145531e-01 7.314184094267007774e-01 2.000000000000000000e+01 1.160000000000000000e+02 1.000000000000000000e+00
3.882862868520033928e-01 2.054480628837057843e+00 8.000000000000000000e+00 2.500000000000000000e+01 1.000000000000000000e+00
1.658865713331029168e-01 2.032784314444956220e+00 5.000000000000000000e+00 2.000000000000000000e+00 1.000000000000000000e+00
1.539413440160769531e-01 1.568579739096767289e+00 1.500000000000000000e+01 1.840000000000000000e+02 1.000000000000000000e+00
8.284609340113114895e-01 1.272875354117749325e+00 4.000000000000000000e+00 1.280000000000000000e+02 1.000000000000000000e+00
4.479204214214838053e-01 1.624292654328644669e+00 1.600000000000000000e+01 1.460000000000000000e+02 1.000000000000000000e+00
9.830619984987213344e-01 5.174944493740490925e-01 9.000000000000000000e+00 2.700000000000000000e+01 1.000000000000000000e+00
1.757057646490317593e-01 7.016663514139750424e-01 9.000000000000000000e+00 3.900000000000000000e+01 1.000000000000000000e+00
8.583401489728893496e-01 2.069925635665884833e+00 1.500000000000000000e+01 4.000000000000000000e+01 1.000000000000000000e+00
7.080172904057342453e-01 7.930406997088074172e-01 9.000000000000000000e+00 4.900000000000000000e+01 1.000000000000000000e+00
3.235956415813040499e-01 1.871159922896504346e+00 8.000000000000000000e+00 1.870000000000000000e+02 1.000000000000000000e+00
9.174426578313895631e-01 1.985739512615310343e+00 2.000000000000000000e+00 4.800000000000000000e+01 1.000000000000000000e+00
1.968223051387781863e-01 2.689513416923891009e-01 8.000000000000000000e+00 2.800000000000000000e+01 1.000000000000000000e+00
5.457379097194015038e-01 1.469631888654231222e+00 1.000000000000000000e+01 1.050000000000000000e+02 1.000000000000000000e+00
6.705909658677651208e-01 1.823151459673775676e+00 2.000000000000000000e+00 1.830000000000000000e+02 1.000000000000000000e+00
1.292861466758971067e-01 1.708992069392906155e+00 1.300000000000000000e+01 1.730000000000000000e+02 1.000000000000000000e+00
3.348780865748597346e-01 1.731469463475524551e+00 3.000000000000000000e+00 3.600000000000000000e+01 1.000000000000000000e+00
3.422216100154978902e-01 1.887670044692239424e+00 4.000000000000000000e+00 8.100000000000000000e+01 1.000000000000000000e+00
5.106406288511726732e-01 1.778049376792692371e+00 1.500000000000000000e+01 1.980000000000000000e+02 1.000000000000000000e+00
6.202447160761843659e-01 1.160831089913334502e+00 2.000000000000000000e+01 7.900000000000000000e+01 1.000000000000000000e+00
6.240772907873676223e-01 1.429035542306618778e+00 1.700000000000000000e+01 1.200000000000000000e+01 1.000000000000000000e+00
3.770058365658414123e-01 8.932818638323268834e-01 3.000000000000000000e+00 9.900000000000000000e+01 1.000000000000000000e+00
1.985839753735278990e-01 2.404823532618071413e-01 1.000000000000000000e+01 1.460000000000000000e+02 1.000000000000000000e+00
1.651712240019276301e-01 2.099568879781414044e+00 1.700000000000000000e+01 2.300000000000000000e+01 2.000000000000000000e+00
1.657582948088444086e-01 6.711014943255791954e-01 1.000000000000000000e+01 1.150000000000000000e+02 2.000000000000000000e+00
6.929543317750118392e-02 1.911102200538142837e+00 1.200000000000000000e+01 1.710000000000000000e+02 2.000000000000000000e+00
3.523265064412373082e-01 2.279335406519037710e-01 1.200000000000000000e+01 1.480000000000000000e+02 2.000000000000000000e+00
9.689708018562493974e-01 2.002381323022358828e+00 2.000000000000000000e+00 1.200000000000000000e+02 2.000000000000000000e+00
5.169066243088019652e-01 9.023841802808546531e-01 1.200000000000000000e+01 5.800000000000000000e+01 2.000000000000000000e+00
9.197719973730538179e-01 1.902522294940564906e+00 1.600000000000000000e+01 2.400000000000000000e+01 2.000000000000000000e+00
6.984344928781078821e-01 2.055439284305197456e-01 1.500000000000000000e+01 1.670000000000000000e+02 2.000000000000000000e+00
9.325118651996032459e-02 2.031860463932629202e+00 1.900000000000000000e+01 1.340000000000000000e+02 2.000000000000000000e+00
4.690941751171845420e-01 1.954547542668110482e+00 1.600000000000000000e+01 1.170000000000000000e+02 2.000000000000000000e+00
5.503116099649374426e-01 1.289579578265710458e+00 2.000000000000000000e+00 4.800000000000000000e+01 2.000000000000000000e+00
2.165288224020426311e-01 1.320776343937809072e+00 1.000000000000000000e+01 1.670000000000000000e+02 2.000000000000000000e+00
5.386742249051317266e-01 1.015881662353540493e+00 9.000000000000000000e+00 5.000000000000000000e+01 2.000000000000000000e+00
7.174207762937194754e-01 7.173331344718759661e-01 2.000000000000000000e+01 4.000000000000000000e+01 2.000000000000000000e+00
6.553475839726903285e-01 2.263509313335540230e-01 6.000000000000000000e+00 5.000000000000000000e+01 2.000000000000000000e+00
7.692104583335719337e-01 1.712016649831745507e+00 1.300000000000000000e+01 1.100000000000000000e+01 2.000000000000000000e+00
7.048160057907719711e-01 2.087982923247527545e+00 1.000000000000000000e+00 5.900000000000000000e+01 2.000000000000000000e+00
6.414783078445055464e-01 7.599879977881996984e-01 4.000000000000000000e+00 6.000000000000000000e+01 2.000000000000000000e+00
4.122947229875059127e-01 6.911201177194116196e-01 9.000000000000000000e+00 1.940000000000000000e+02 2.000000000000000000e+00
3.559470084029822123e-01 6.342878785817981369e-01 1.500000000000000000e+01 2.400000000000000000e+01 2.000000000000000000e+00
2.213199038996075396e-01 1.342019420924961848e+00 1.500000000000000000e+01 4.100000000000000000e+01 2.000000000000000000e+00
5.802791850315170974e-01 2.652246512172536930e-01 1.000000000000000000e+00 2.300000000000000000e+01 2.000000000000000000e+00
9.663696210243675200e-01 1.016945509635261979e+00 1.700000000000000000e+01 1.430000000000000000e+02 2.000000000000000000e+00
4.181185664184174922e-01 1.070698893412418862e+00 3.000000000000000000e+00 8.900000000000000000e+01 2.000000000000000000e+00
8.098155279927771177e-01 2.069082607245881500e-01 2.000000000000000000e+01 3.200000000000000000e+01 2.000000000000000000e+00
6.039615598644163530e-01 1.601656954296112989e+00 1.000000000000000000e+01 1.810000000000000000e+02 2.000000000000000000e+00
9.477211371153385633e-01 1.440359283699182313e+00 1.100000000000000000e+01 8.000000000000000000e+01 2.000000000000000000e+00
2.400981768015568729e-01 1.821085836049511242e+00 9.000000000000000000e+00 1.570000000000000000e+02 2.000000000000000000e+00
9.006291819380229935e-01 9.198175881220439498e-01 1.500000000000000000e+01 1.880000000000000000e+02 2.000000000000000000e+00
9.496779527303792490e-01 1.257857984984868560e+00 2.000000000000000000e+01 1.550000000000000000e+02 2.000000000000000000e+00
2.767417703226534575e-01 1.510593057277641871e-01 1.800000000000000000e+01 1.490000000000000000e+02 2.000000000000000000e+00
3.095061755897207112e-01 1.086911256995829689e+00 1.300000000000000000e+01 6.100000000000000000e+01 2.000000000000000000e+00
9.812331759469794523e-01 1.572409602828916952e+00 1.100000000000000000e+01 1.680000000000000000e+02 2.000000000000000000e+00
1.065480158120491877e-01 1.715740071922521315e+00 1.700000000000000000e+01 2.500000000000000000e+01 2.000000000000000000e+00
1.244419244363321603e-01 1.538308989143636618e-01 1.000000000000000000e+01 1.600000000000000000e+02 2.000000000000000000e+00
8.863072821714912397e-01 1.432446828040004894e+00 6.000000000000000000e+00 1.300000000000000000e+01 2.000000000000000000e+00
8.734757038766833848e-01 1.738437442771116226e+00 1.300000000000000000e+01 1.850000000000000000e+02 2.000000000000000000e+00
8.931362878338457989e-01 1.145937366636906374e+00 1.100000000000000000e+01 1.410000000000000000e+02 2.000000000000000000e+00
6.438157961358836889e-01 6.282500178139501790e-01 4.000000000000000000e+00 1.500000000000000000e+01 2.000000000000000000e+00
5.076874368814342925e-02 5.126867276683716446e-01 1.100000000000000000e+01 3.200000000000000000e+01 2.000000000000000000e+00
8.507050364178142532e-01 1.054583662677767597e+00 8.000000000000000000e+00 1.560000000000000000e+02 2.000000000000000000e+00
7.047199461837692080e-01 1.285411407086432423e+00 6.000000000000000000e+00 8.900000000000000000e+01 2.000000000000000000e+00
4.735002191757826662e-01 1.218074733827930967e+00 1.100000000000000000e+01 9.600000000000000000e+01 2.000000000000000000e+00
5.904087901940806571e-01 1.865367169682374149e+00 1.300000000000000000e+01 5.900000000000000000e+01 2.000000000000000000e+00
1.783966336890764337e-01 8.870769441498477237e-01 1.000000000000000000e+01 1.390000000000000000e+02 2.000000000000000000e+00
1.195263868462609208e-01 1.252788140698441799e+00 1.100000000000000000e+01 1.130000000000000000e+02 2.000000000000000000e+00
7.519829020202106751e-01 1.351776530179345182e+00 4.000000000000000000e+00 6.900000000000000000e+01 2.000000000000000000e+00
3.489241256717889872e-01 1.859775755264889696e+00 1.300000000000000000e+01 1.540000000000000000e+02 2.000000000000000000e+00
3.046625025557133659e-01 1.414670325136092810e+00 6.000000000000000000e+00 1.280000000000000000e+02 2.000000000000000000e+00
7.073180489495402012e-01 3.339032954338764236e-01 2.000000000000000000e+00 1.100000000000000000e+02 2.000000000000000000e+00
3.878896803259548332e-01 1.874159784659154226e+00 1.000000000000000000e+01 1.800000000000000000e+01 3.000000000000000000e+00
1.002470553394495978e+00 2.641647177617588715e-01 3.000000000000000000e+00 1.940000000000000000e+02 3.000000000000000000e+00
3.687921999478359636e-01 9.821588419545378423e-01 1.100000000000000000e+01 1.300000000000000000e+02 3.000000000000000000e+00
2.854319839794274838e-01 1.300168892664340881e+00 4.000000000000000000e+00 3.600000000000000000e+01 3.000000000000000000e+00
3.635264834529940980e-01 1.289153196027573722e+00 1.800000000000000000e+01 8.800000000000000000e+01 3.000000000000000000e+00
4.333727525197481611e-01 9.965912692183919175e-01 8.000000000000000000e+00 3.800000000000000000e+01 3.000000000000000000e+00
1.579210591618979143e-01 7.663559510764962335e-01 1.000000000000000000e+00 1.410000000000000000e+02 3.000000000000000000e+00
8.461789796254777229e-01 6.394413474574328626e-01 3.000000000000000000e+00 1.460000000000000000e+02 3.000000000000000000e+00
6.241488935520355524e-02 1.626791033736695979e+00 2.000000000000000000e+00 9.500000000000000000e+01 3.000000000000000000e+00
6.403072013724137035e-01 1.519650217034888895e+00 2.000000000000000000e+01 1.210000000000000000e+02 3.000000000000000000e+00
1.092015919215222203e-01 1.087963041565612521e+00 2.000000000000000000e+01 1.560000000000000000e+02 3.000000000000000000e+00
9.292097778264390984e-01 1.694756370013057012e+00 3.000000000000000000e+00 1.430000000000000000e+02 3.000000000000000000e+00
7.134145413847660100e-01 6.636086229434462469e-01 2.000000000000000000e+00 6.500000000000000000e+01 3.000000000000000000e+00
3.602324593337808967e-01 7.746942259418455601e-01 1.400000000000000000e+01 1.050000000000000000e+02 3.000000000000000000e+00
1.166886843549664737e-01 1.557163735568525498e+00 8.000000000000000000e+00 1.210000000000000000e+02 3.000000000000000000e+00
5.907226072502494985e-01 1.405951035177404496e+00 6.000000000000000000e+00 1.500000000000000000e+01 3.000000000000000000e+00
1.947690868097198269e-01 1.836393027979771553e+00 6.000000000000000000e+00 7.700000000000000000e+01 3.000000000000000000e+00
5.634035460822305330e-01 1.296438782574011572e+00 2.000000000000000000e+00 2.800000000000000000e+01 3.000000000000000000e+00
4.520769252379236436e-01 1.959765015998709892e+00 1.500000000000000000e+01 1.990000000000000000e+02 3.000000000000000000e+00
3.862716452126188083e-01 6.176536608287238606e-01 7.000000000000000000e+00 1.310000000000000000e+02 3.000000000000000000e+00
2.056358812143141979e-01 1.368687681237946263e+00 1.000000000000000000e+00 1.150000000000000000e+02 3.000000000000000000e+00
2.994683254169977493e-01 2.730008076608670953e-01 1.500000000000000000e+01 4.100000000000000000e+01 3.000000000000000000e+00
1.002015865418178331e+00 5.877490249069358130e-01 1.900000000000000000e+01 1.000000000000000000e+01 3.000000000000000000e+00
1.569445809317032703e-01 2.733071952627993406e-01 2.000000000000000000e+00 1.840000000000000000e+02 3.000000000000000000e+00
2.409987597838416651e-01 2.046973485116347469e+00 1.000000000000000000e+00 1.100000000000000000e+02 3.000000000000000000e+00
4.847264235904113344e-02 6.939499398752059234e-01 1.200000000000000000e+01 1.110000000000000000e+02 3.000000000000000000e+00
2.416139760295207273e-01 9.782040911653250292e-01 1.800000000000000000e+01 1.450000000000000000e+02 3.000000000000000000e+00
7.307504571268273741e-02 6.488706790680925929e-01 6.000000000000000000e+00 3.100000000000000000e+01 3.000000000000000000e+00
1.290524529838974477e-01 1.310918028150596992e+00 1.600000000000000000e+01 1.000000000000000000e+01 3.000000000000000000e+00
9.254838183259636031e-01 9.349380849664078452e-01 5.000000000000000000e+00 1.990000000000000000e+02 3.000000000000000000e+00
5.467722132834711424e-01 1.271342720593337416e+00 2.000000000000000000e+00 3.200000000000000000e+01 3.000000000000000000e+00
8.074786412157766158e-01 1.711159453313599033e-01 6.000000000000000000e+00 1.790000000000000000e+02 3.000000000000000000e+00
3.160117745795700817e-01 1.735875479116313347e+00 1.500000000000000000e+01 1.960000000000000000e+02 3.000000000000000000e+00
9.373213102789452744e-01 1.666710529572565269e+00 1.100000000000000000e+01 1.220000000000000000e+02 3.000000000000000000e+00
2.308811862186349595e-01 2.304025665645582921e-01 6.000000000000000000e+00 5.800000000000000000e+01 3.000000000000000000e+00
2.141279454278770533e-01 2.094923207712086344e-01 3.000000000000000000e+00 1.500000000000000000e+01 3.000000000000000000e+00
7.069494065956896112e-01 2.069148066935687869e+00 8.000000000000000000e+00 1.680000000000000000e+02 3.000000000000000000e+00
6.833274341099987437e-01 1.715104714134555008e+00 1.200000000000000000e+01 1.660000000000000000e+02 3.000000000000000000e+00
8.675967964186424852e-02 1.050316817031982763e+00 1.400000000000000000e+01 1.570000000000000000e+02 3.000000000000000000e+00
5.536419821444826112e-02 1.625862390070845320e+00 1.700000000000000000e+01 1.450000000000000000e+02 3.000000000000000000e+00
4.306373867732751215e-01 1.391716351697050102e+00 1.900000000000000000e+01 1.970000000000000000e+02 3.000000000000000000e+00
1.017801972472609368e-01 5.055278772820058775e-01 4.000000000000000000e+00 9.700000000000000000e+01 3.000000000000000000e+00
5.342868486406879835e-01 1.706606508808517164e+00 4.000000000000000000e+00 2.000000000000000000e+00 3.000000000000000000e+00
8.917613918849175147e-02 1.093079048019090838e+00 1.000000000000000000e+01 1.710000000000000000e+02 3.000000000000000000e+00
4.189127144400579539e-01 1.063850474101325494e+00 1.400000000000000000e+01 1.080000000000000000e+02 3.000000000000000000e+00
4.153157605403283714e-01 1.326652922663172474e+00 1.600000000000000000e+01 1.830000000000000000e+02 3.000000000000000000e+00
4.961900329374948626e-01 1.272848369729311147e+00 3.000000000000000000e+00 2.200000000000000000e+01 3.000000000000000000e+00
8.984214821924023653e-01 9.974497106830851889e-01 3.000000000000000000e+00 3.200000000000000000e+01 3.000000000000000000e+00
6.880319437657433923e-01 9.099512892793283347e-01 6.000000000000000000e+00 2.000000000000000000e+02 3.000000000000000000e+00
3.343889457492759121e-01 7.816693038420930995e-01 1.200000000000000000e+01 8.000000000000000000e+00 3.000000000000000000e+00
7.412603956362816549e-01 1.206432703912270643e+00 1.300000000000000000e+01 1.930000000000000000e+02 4.000000000000000000e+00
3.984618654649845215e-01 1.011862082348742309e+00 1.000000000000000000e+00 1.750000000000000000e+02 4.000000000000000000e+00
6.197313694397978967e-01 3.305421789753398842e-01 1.400000000000000000e+01 1.560000000000000000e+02 4.000000000000000000e+00
6.317140711097771755e-01 1.777301733375180159e+00 1.800000000000000000e+01 2.500000000000000000e+01 4.000000000000000000e+00
5.401817137603649455e-01 1.609787376382690871e+00 8.000000000000000000e+00 1.070000000000000000e+02 4.000000000000000000e+00
1.736248649647364334e-02 1.354594964189710815e+00 1.200000000000000000e+01 2.200000000000000000e+01 4.000000000000000000e+00
4.404105417549232238e-01 1.719592229858205590e+00 1.900000000000000000e+01 5.700000000000000000e+01 4.000000000000000000e+00
8.707052013891101172e-01 5.191678450404183520e-01 1.800000000000000000e+01 3.900000000000000000e+01 4.000000000000000000e+00
2.299311160694940126e-01 1.625522324275364028e+00 1.000000000000000000e+01 6.600000000000000000e+01 4.000000000000000000e+00
6.457564772627298888e-01 2.047349818362473872e+00 1.700000000000000000e+01 1.240000000000000000e+02 4.000000000000000000e+00
5.281302157167672151e-01 1.654800977942498141e+00 7.000000000000000000e+00 2.000000000000000000e+00 4.000000000000000000e+00
9.738558529528026364e-01 1.416351061636670572e+00 7.000000000000000000e+00 1.550000000000000000e+02 4.000000000000000000e+00
5.646042620351503505e-01 1.751484959644556083e+00 1.400000000000000000e+01 1.600000000000000000e+02 4.000000000000000000e+00
1.070911867754244934e-01 1.535158115850554283e+00 1.300000000000000000e+01 5.100000000000000000e+01 4.000000000000000000e+00
7.549824225509382813e-01 1.107364705576008301e+00 3.000000000000000000e+00 1.400000000000000000e+01 4.000000000000000000e+00
8.077188726687285492e-01 1.920783860400010479e+00 9.000000000000000000e+00 1.900000000000000000e+01 4.000000000000000000e+00
4.776556764405412991e-01 9.997202932105119233e-01 1.900000000000000000e+01 1.240000000000000000e+02 4.000000000000000000e+00
2.427304758555740571e-01 1.741570499067182531e+00 8.000000000000000000e+00 1.120000000000000000e+02 4.000000000000000000e+00
8.198603999255237307e-01 1.670535116121096841e+00 5.000000000000000000e+00 5.300000000000000000e+01 4.000000000000000000e+00
4.981621823576304342e-01 9.093385751361834357e-01 1.600000000000000000e+01 4.000000000000000000e+00 4.000000000000000000e+00
7.399749849155555781e-01 2.025334693820665388e-01 3.000000000000000000e+00 7.400000000000000000e+01 4.000000000000000000e+00
6.295218756425872142e-01 2.076814166814321183e+00 1.600000000000000000e+01 2.500000000000000000e+01 4.000000000000000000e+00
7.851445897788796868e-01 1.929162064823846556e+00 1.300000000000000000e+01 1.770000000000000000e+02 4.000000000000000000e+00
6.646243235439365238e-01 1.381073855010698015e+00 1.800000000000000000e+01 8.100000000000000000e+01 4.000000000000000000e+00
2.423918792736697858e-01 1.131811268493491784e+00 1.600000000000000000e+01 2.000000000000000000e+01 4.000000000000000000e+00
1.082248954359133902e-01 1.765014263263423144e+00 2.000000000000000000e+01 2.000000000000000000e+00 4.000000000000000000e+00
2.142374069259377761e-02 1.878201042178122115e+00 1.500000000000000000e+01 1.520000000000000000e+02 4.000000000000000000e+00
6.723276932827529917e-01 1.681496940498852455e+00 9.000000000000000000e+00 7.400000000000000000e+01 4.000000000000000000e+00
6.923549427345375706e-01 1.972082173232961644e+00 2.000000000000000000e+01 1.100000000000000000e+02 4.000000000000000000e+00
4.490370989142830060e-01 2.061237822050380863e+00 1.600000000000000000e+01 4.500000000000000000e+01 4.000000000000000000e+00
1.022225542752472766e-01 2.090599489060946059e+00 1.100000000000000000e+01 1.600000000000000000e+02 4.000000000000000000e+00
3.185413717517313614e-01 1.336951991036349652e+00 2.000000000000000000e+01 8.000000000000000000e+00 4.000000000000000000e+00
1.636662736259513196e-01 7.578774239596947071e-01 1.900000000000000000e+01 8.200000000000000000e+01 4.000000000000000000e+00
7.786420162253120392e-01 4.291091479579461909e-01 3.000000000000000000e+00 1.220000000000000000e+02 4.000000000000000000e+00
7.438275852891860218e-01 1.475532172204265136e+00 2.000000000000000000e+00 1.320000000000000000e+02 4.000000000000000000e+00
8.447935834469836314e-01 1.281661602320781412e+00 7.000000000000000000e+00 1.300000000000000000e+01 4.000000000000000000e+00
7.358164165513224608e-01 1.210187989800573405e+00 1.300000000000000000e+01 1.950000000000000000e+02 4.000000000000000000e+00
6.616196244283469863e-01 1.994778837728098664e-01 1.700000000000000000e+01 8.700000000000000000e+01 4.000000000000000000e+00
2.748161945139494522e-01 6.633678832035000417e-01 7.000000000000000000e+00 1.740000000000000000e+02 4.000000000000000000e+00
3.551415208635811949e-01 1.509690344289502217e+00 1.400000000000000000e+01 1.500000000000000000e+01 4.000000000000000000e+00
6.387389565872602093e-01 3.575974950910864036e-01 1.800000000000000000e+01 4.700000000000000000e+01 4.000000000000000000e+00
2.303143351856311583e-01 1.981311930664003906e+00 2.000000000000000000e+01 5.100000000000000000e+01 4.000000000000000000e+00
4.114868104283074812e-01 1.143376875637720280e+00 1.800000000000000000e+01 4.000000000000000000e+01 4.000000000000000000e+00
3.819961255319136439e-01 2.242011838572978422e-01 1.100000000000000000e+01 1.560000000000000000e+02 4.000000000000000000e+00
3.448802286703033654e-02 7.100988786659377938e-01 4.000000000000000000e+00 1.080000000000000000e+02 4.000000000000000000e+00
7.183215229603764351e-01 1.014809425867540638e+00 4.000000000000000000e+00 1.600000000000000000e+01 4.000000000000000000e+00
4.752753857114463409e-01 7.208251720803641183e-01 1.400000000000000000e+01 1.230000000000000000e+02 4.000000000000000000e+00
6.367841508467433354e-01 1.605072522933018053e+00 4.000000000000000000e+00 2.600000000000000000e+01 4.000000000000000000e+00
5.959952982279905775e-01 1.840421586053906600e+00 9.000000000000000000e+00 1.200000000000000000e+02 4.000000000000000000e+00
5.006445470222498084e-01 2.022546681448275763e+00 1.000000000000000000e+00 1.530000000000000000e+02 4.000000000000000000e+00
