1.454273808367726462e-01 1.135009134549925358e+00 7.000000000000000000e+00 1.190000000000000000e+02 0.000000000000000000e+00
8.445219183218678483e-01 1.952726868386762460e+00 9.000000000000000000e+00 1.330000000000000000e+02 0.000000000000000000e+00
5.485999419537505029e-01 1.080904380605552939e+00 2.000000000000000000e+00 1.710000000000000000e+02 0.000000000000000000e+00
1.475743912529891011e-01 1.171550824908285771e+00 1.400000000000000000e+01 1.550000000000000000e+02 0.000000000000000000e+00
3.838455532358077127e-01 1.975092872736578187e+00 7.000000000000000000e+00 1.850000000000000000e+02 0.000000000000000000e+00
5.929766865672524839e-02 1.269183673568412996e+00 2.000000000000000000e+00 7.700000000000000000e+01 0.000000000000000000e+00
7.552562264981339535e-01 1.777128666446890382e+00 2.000000000000000000e+01 5.600000000000000000e+01 0.000000000000000000e+00
7.573284582286305966e-01 8.419223854851044520e-01 1.000000000000000000e+01 6.800000000000000000e+01 0.000000000000000000e+00
2.349328038099012250e-01 9.604912565459716722e-01 2.000000000000000000e+01 1.770000000000000000e+02 0.000000000000000000e+00
1.542972603289537448e-01 5.308762393897402676e-01 9.000000000000000000e+00 8.500000000000000000e+01 0.000000000000000000e+00
7.323226252187853280e-01 1.454025725433085503e+00 1.900000000000000000e+01 8.100000000000000000e+01 0.000000000000000000e+00
1.017486007274782528e-01 1.206233208831642090e+00 1.000000000000000000e+00 6.600000000000000000e+01 0.000000000000000000e+00
8.889958824592816278e-01 1.334828800087141387e-01 8.000000000000000000e+00 3.900000000000000000e+01 0.000000000000000000e+00
7.106335678598617589e-01 2.782673799049396601e-01 1.600000000000000000e+01 1.640000000000000000e+02 0.000000000000000000e+00
8.554174127254252635e-01 1.259884000149179561e+00 3.000000000000000000e+00 1.000000000000000000e+00 0.000000000000000000e+00
9.585818280553655146e-01 5.911926344535202160e-01 1.900000000000000000e+01 4.400000000000000000e+01 0.000000000000000000e+00
4.563658534111663112e-01 1.202907791435701590e+00 3.000000000000000000e+00 1.380000000000000000e+02 0.000000000000000000e+00
5.737962133399032022e-02 1.223067574442827932e-01 1.400000000000000000e+01 1.370000000000000000e+02 0.000000000000000000e+00
6.277592314948601260e-01 1.716819591900270447e+00 9.000000000000000000e+00 2.000000000000000000e+02 0.000000000000000000e+00
6.298576593853515426e-01 1.406192991478159904e+00 1.200000000000000000e+01 8.700000000000000000e+01 0.000000000000000000e+00
7.709447587481279562e-01 2.745040955373546643e-01 1.400000000000000000e+01 1.210000000000000000e+02 0.000000000000000000e+00
1.412142440382441189e-01 1.091610481273452393e+00 1.400000000000000000e+01 1.790000000000000000e+02 0.000000000000000000e+00
1.778245645705958111e-01 1.240358688093350592e+00 6.000000000000000000e+00 2.000000000000000000e+02 0.000000000000000000e+00
4.484757208658917138e-01 3.236507751278731027e-01 4.000000000000000000e+00 3.700000000000000000e+01 0.000000000000000000e+00
7.130019425441025405e-01 6.356301236586573422e-01 1.500000000000000000e+01 1.580000000000000000e+02 0.000000000000000000e+00
4.115986329815802813e-01 1.829786634727636363e+00 9.000000000000000000e+00 1.700000000000000000e+02 0.000000000000000000e+00
2.184278319224088882e-01 1.288197984822897491e+00 1.300000000000000000e+01 1.460000000000000000e+02 0.000000000000000000e+00
6.339395357353287963e-01 5.176152979444325064e-01 1.900000000000000000e+01 9.300000000000000000e+01 0.000000000000000000e+00
4.367052182167971974e-01 1.914777071513951601e+00 1.900000000000000000e+01 2.000000000000000000e+01 0.000000000000000000e+00
8.417277442512781371e-02 1.575737289499949290e+00 1.000000000000000000e+01 1.980000000000000000e+02 0.000000000000000000e+00
2.562827589754339552e-01 2.049314993921230954e+00 6.000000000000000000e+00 6.700000000000000000e+01 0.000000000000000000e+00
5.454232768685604027e-01 6.433459440209735591e-01 1.000000000000000000e+01 5.500000000000000000e+01 0.000000000000000000e+00
5.902999301337718413e-02 1.963677809284083198e+00 7.000000000000000000e+00 1.030000000000000000e+02 0.000000000000000000e+00
6.271085767807168532e-01 1.138709033331657183e+00 1.900000000000000000e+01 1.640000000000000000e+02 0.000000000000000000e+00
4.343329305142699104e-01 1.180095893531728946e+00 6.000000000000000000e+00 1.940000000000000000e+02 0.000000000000000000e+00
7.012393211070057086e-01 1.466318417623144077e+00 3.000000000000000000e+00 1.480000000000000000e+02 0.000000000000000000e+00
3.219633567312798483e-01 1.331224010005925606e+00 7.000000000000000000e+00 1.200000000000000000e+01 0.000000000000000000e+00
9.297497721647922653e-01 1.695720865712703862e+00 5.000000000000000000e+00 1.200000000000000000e+01 0.000000000000000000e+00
6.880738242079151856e-01 1.110273583472813685e+00 1.500000000000000000e+01 1.470000000000000000e+02 0.000000000000000000e+00
2.859542982282105017e-01 1.432516707290284463e+00 9.000000000000000000e+00 4.200000000000000000e+01 0.000000000000000000e+00
3.250142330954001180e-01 8.205229387340867708e-01 8.000000000000000000e+00 1.000000000000000000e+01 0.000000000000000000e+00
1.740204039051101992e-01 1.424268094352293679e-01 2.000000000000000000e+00 9.800000000000000000e+01 0.000000000000000000e+00
7.366765764724606536e-01 7.649696588309758960e-01 1.900000000000000000e+01 1.990000000000000000e+02 0.000000000000000000e+00
8.124747134123967429e-01 3.243959362373610711e-01 1.600000000000000000e+01 1.850000000000000000e+02 0.000000000000000000e+00
5.705481461865460346e-01 1.636053924120668412e+00 2.000000000000000000e+01 1.230000000000000000e+02 0.000000000000000000e+00
2.910468681945785896e-01 1.621060274510490284e+00 1.400000000000000000e+01 1.350000000000000000e+02 0.000000000000000000e+00
7.342566332554231190e-01 1.757084352597825028e+00 5.000000000000000000e+00 1.040000000000000000e+02 0.000000000000000000e+00
3.838694159389658411e-01 1.194435126507443101e+00 1.000000000000000000e+01 1.700000000000000000e+01 0.000000000000000000e+00
4.599026411544627768e-01 6.883399549175727161e-01 2.000000000000000000e+01 4.800000000000000000e+01 0.000000000000000000e+00
1.219853353987504357e-01 9.182013428377814312e-01 1.500000000000000000e+01 3.000000000000000000e+00 0.000000000000000000e+00
1.596288561881572532e-01 9.843379245761912921e-01 1.000000000000000000e+01 1.850000000000000000e+02 1.000000000000000000e+00
2.650609750034438328e-01 2.020052696334567965e+00 6.000000000000000000e+00 1.020000000000000000e+02 1.000000000000000000e+00
5.527847467930029346e-01 2.106935900789807248e-01 6.000000000000000000e+00 4.000000000000000000e+01 1.000000000000000000e+00
7.786643763083747061e-01 1.931679435114323162e+00 9.000000000000000000e+00 1.800000000000000000e+02 1.000000000000000000e+00
6.240768653932520227e-01 2.025304956421779767e+00 2.000000000000000000e+01 1.490000000000000000e+02 1.000000000000000000e+00
7.796812528133786335e-01 2.944243870054460421e-01 1.600000000000000000e+01 1.800000000000000000e+01 1.000000000000000000e+00
7.416984632361039997e-01 7.931598368581013192e-01 1.100000000000000000e+01 3.300000000000000000e+01 1.000000000000000000e+00
5.965662795841041310e-01 6.724912238566650435e-01 1.400000000000000000e+01 1.930000000000000000e+02 1.000000000000000000e+00
2.472227759085211529e-01 7.604598106659129497e-01 1.400000000000000000e+01 1.290000000000000000e+02 1.000000000000000000e+00
9.228360867479529217e-01 1.454508109503964031e+00 1.500000000000000000e+01 2.000000000000000000e+02 1.000000000000000000e+00
7.636486636159570685e-01 2.210972667847058981e-01 4.000000000000000000e+00 1.660000000000000000e+02 1.000000000000000000e+00
8.122023604517548678e-01 1.452220662774436288e+00 7.000000000000000000e+00 3.400000000000000000e+01 1.000000000000000000e+00
3.263951368308122269e-01 1.262361771759459073e+00 2.000000000000000000e+01 6.400000000000000000e+01 1.000000000000000000e+00
5.227260884191914370e-01 2.016323870766363768e+00 1.900000000000000000e+01 1.190000000000000000e+02 1.000000000000000000e+00
9.891977944288521396e-01 9.266501148210989358e-01 2.000000000000000000e+00 1.650000000000000000e+02 1.000000000000000000e+00
4.834563859205639469e-01 4.525956947163037869e-01 9.000000000000000000e+00 1.470000000000000000e+02 1.000000000000000000e+00
3.255952012773672966e-01 2.046393553930101916e+00 1.900000000000000000e+01 1.900000000000000000e+01 1.000000000000000000e+00
3.721344628213142380e-01 1.735105137363957661e+00 1.200000000000000000e+01 1.800000000000000000e+02 1.000000000000000000e+00
2.748185868657584408e-01 1.158419927266297889e-01 1.100000000000000000e+01 5.000000000000000000e+00 1.000000000000000000e+00
9.797930256238637226e-01 1.128537704344095838e+00 1.000000000000000000e+01 1.660000000000000000e+02 1.000000000000000000e+00
4.274763917790013606e-02 2.009514761422793061e+00 1.000000000000000000e+01 1.600000000000000000e+02 1.000000000000000000e+00
8.216888359791983676e-02 1.623611738522696912e+00 1.000000000000000000e+00 5.600000000000000000e+01 1.000000000000000000e+00
6.647157587924577837e-02 1.761872571201550830e+00 1.400000000000000000e+01 8.700000000000000000e+01 1.000000000000000000e+00
4.044421265937164778e-01 1.950536486182478102e+00 1.000000000000000000e+01 5.400000000000000000e+01 1.000000000000000000e+00
8.532139053412944596e-02 1.132731127762929280e+00 1.100000000000000000e+01 1.450000000000000000e+02 1.000000000000000000e+00
8.064516071113343454e-01 1.879116065919006484e+00 1.300000000000000000e+01 3.900000000000000000e+01 1.000000000000000000e+00
8.203841483237035437e-01 1.780599872332865763e+00 1.000000000000000000e+00 3.300000000000000000e+01 1.000000000000000000e+00
5.235519735494224003e-01 8.498788618204616840e-01 1.000000000000000000e+00 6.000000000000000000e+01 1.000000000000000000e+00
4.558812635149691594e-01 1.759148269244709129e+00 1.200000000000000000e+01 2.000000000000000000e+01 1.000000000000000000e+00
7.362282364414410862e-01 6.628001851373109821e-01 1.200000000000000000e+01 4.000000000000000000e+00 1.000000000000000000e+00
7.108924314957215662e-01 1.049470659316073640e+00 1.000000000000000000e+01 1.010000000000000000e+02 1.000000000000000000e+00
1.961514775649236819e-01 1.178046057162564608e+00 3.000000000000000000e+00 1.370000000000000000e+02 1.000000000000000000e+00
6.719694704666832885e-02 1.666660104541489273e+00 9.000000000000000000e+00 2.100000000000000000e+01 1.000000000000000000e+00
3.119958805375376842e-01 1.136820833046443324e+00 1.200000000000000000e+01 1.980000000000000000e+02 1.000000000000000000e+00
1.064465308994553133e-01 2.822466468996956968e-01 1.700000000000000000e+01 7.400000000000000000e+01 1.000000000000000000e+00
2.680502660038499574e-01 3.159590284699916873e-01 1.400000000000000000e+01 3.000000000000000000e+00 1.000000000000000000e+00
4.681648483962984608e-01 1.563835530422609033e+00 2.000000000000000000e+00 1.880000000000000000e+02 1.000000000000000000e+00
3.255609360496553029e-01 2.622117201604651227e-01 6.000000000000000000e+00 9.900000000000000000e+01 1.000000000000000000e+00
6.759146660962087605e-01 1.517485036490929584e+00 1.700000000000000000e+01 1.830000000000000000e+02 1.000000000000000000e+00
6.330742324673677146e-01 7.603478443290417887e-01 1.000000000000000000e+00 7.700000000000000000e+01 1.000000000000000000e+00
3.931065987471387135e-01 2.266973790286445356e-01 4.000000000000000000e+00 4.300000000000000000e+01 1.000000000000000000e+00
7.948806239224183168e-01 1.893849053898435386e+00 1.400000000000000000e+01 1.330000000000000000e+02 1.000000000000000000e+00
2.865150616128071537e-01 1.576133123050881546e-01 1.500000000000000000e+01 9.500000000000000000e+01 1.000000000000000000e+00
7.742654241570494644e-01 8.710023810570967084e-01 1.500000000000000000e+01 4.300000000000000000e+01 1.000000000000000000e+00
1.343028486143518219e-01 3.480232786052187555e-01 1.500000000000000000e+01 1.530000000000000000e+02 1.000000000000000000e+00
9.680912148322583510e-01 1.789581284395178828e+00 9.000000000000000000e+00 1.390000000000000000e+02 1.000000000000000000e+00
6.663263958332404924e-01 1.100783045977517194e+00 1.900000000000000000e+01 4.500000000000000000e+01 1.000000000000000000e+00
9.056597518015661041e-01 1.400730115756514182e+00 1.700000000000000000e+01 1.790000000000000000e+02 1.000000000000000000e+00
3.450710550748048444e-01 1.950045331852913844e+00 4.000000000000000000e+00 8.100000000000000000e+01 1.000000000000000000e+00
5.788780864849731866e-01 1.091703500195083942e-01 1.400000000000000000e+01 1.900000000000000000e+02 1.000000000000000000e+00
6.543784613703133024e-01 1.320195956560895834e+00 1.400000000000000000e+01 1.960000000000000000e+02 2.000000000000000000e+00
1.410809953207946797e-02 1.017850830654627892e+00 1.800000000000000000e+01 5.100000000000000000e+01 2.000000000000000000e+00
3.378097944512242767e-01 1.048704899367890742e-01 8.000000000000000000e+00 1.830000000000000000e+02 2.000000000000000000e+00
2.529815661649665870e-01 9.760382673493218642e-01 2.000000000000000000e+01 1.140000000000000000e+02 2.000000000000000000e+00
8.889548621050349375e-01 1.787795705320819328e+00 1.800000000000000000e+01 1.500000000000000000e+02 2.000000000000000000e+00
7.505024674811200391e-01 1.527746261052267851e+00 1.700000000000000000e+01 6.400000000000000000e+01 2.000000000000000000e+00
4.521551996463855083e-01 2.336469017858912312e-01 1.000000000000000000e+00 3.700000000000000000e+01 2.000000000000000000e+00
8.493173297837862679e-01 2.009863092097859294e+00 1.400000000000000000e+01 8.100000000000000000e+01 2.000000000000000000e+00
5.891479097759398931e-01 6.326379177782900376e-01 4.000000000000000000e+00 6.100000000000000000e+01 2.000000000000000000e+00
2.506759414659048835e-01 1.617417282111409005e+00 9.000000000000000000e+00 9.000000000000000000e+00 2.000000000000000000e+00
1.021430742199407188e-01 1.492176380138160230e+00 2.000000000000000000e+00 1.640000000000000000e+02 2.000000000000000000e+00
7.763309447204923275e-02 5.328161984521407879e-01 1.800000000000000000e+01 1.620000000000000000e+02 2.000000000000000000e+00
3.365238911464090155e-01 1.454308509510974512e-01 1.200000000000000000e+01 6.200000000000000000e+01 2.000000000000000000e+00
9.586264021401750268e-01 1.250582649971685889e+00 8.000000000000000000e+00 1.270000000000000000e+02 2.000000000000000000e+00
4.070079799918465691e-01 1.800295687515202525e+00 1.500000000000000000e+01 1.200000000000000000e+01 2.000000000000000000e+00
8.842758565081551003e-01 2.097245030183445547e+00 6.000000000000000000e+00 5.000000000000000000e+00 2.000000000000000000e+00
4.096963970707041547e-01 1.000382673984894888e+00 1.400000000000000000e+01 1.550000000000000000e+02 2.000000000000000000e+00
3.117610184768707660e-01 8.029262876543082905e-01 1.200000000000000000e+01 8.400000000000000000e+01 2.000000000000000000e+00
5.625771227739001512e-01 1.824021326868132897e+00 9.000000000000000000e+00 7.000000000000000000e+00 2.000000000000000000e+00
1.220234975955018925e-01 1.018326823301611395e+00 1.600000000000000000e+01 1.190000000000000000e+02 2.000000000000000000e+00
7.353026135545669140e-02 9.944402335933749670e-01 1.300000000000000000e+01 1.680000000000000000e+02 2.000000000000000000e+00
7.430025334805305803e-01 1.672275868221503592e-01 4.000000000000000000e+00 8.200000000000000000e+01 2.000000000000000000e+00
3.915601694737191191e-02 1.008524090929679096e+00 2.000000000000000000e+01 1.070000000000000000e+02 2.000000000000000000e+00
5.029611635329277464e-01 7.857333599557477788e-01 3.000000000000000000e+00 1.010000000000000000e+02 2.000000000000000000e+00
1.513828906496779148e-01 1.374728988252509332e+00 4.000000000000000000e+00 1.080000000000000000e+02 2.000000000000000000e+00
7.195883981249282524e-01 1.374921338250984171e+00 1.300000000000000000e+01 1.200000000000000000e+02 2.000000000000000000e+00
2.767191847969797669e-01 1.016803625842478853e+00 1.900000000000000000e+01 1.550000000000000000e+02 2.000000000000000000e+00
1.352781336443812377e-01 1.457052693716506697e+00 6.000000000000000000e+00 1.740000000000000000e+02 2.000000000000000000e+00
5.812843347195506549e-01 7.432648897832981882e-01 1.400000000000000000e+01 9.700000000000000000e+01 2.000000000000000000e+00
5.683930807564040871e-02 1.268254435753244369e+00 5.000000000000000000e+00 5.100000000000000000e+01 2.000000000000000000e+00
7.570283941746864809e-01 2.017053281640077245e+00 2.000000000000000000e+01 2.400000000000000000e+01 2.000000000000000000e+00
6.410730258371044599e-01 1.247054948837641009e+00 6.000000000000000000e+00 1.480000000000000000e+02 2.000000000000000000e+00
2.262365948315552266e-01 1.396283145697388539e+00 8.000000000000000000e+00 2.600000000000000000e+01 2.000000000000000000e+00
6.399719183372586384e-01 1.775510657733758713e+00 1.000000000000000000e+00 1.480000000000000000e+02 2.000000000000000000e+00
6.124734406352995153e-01 1.805207673463776752e+00 1.800000000000000000e+01 1.480000000000000000e+02 2.000000000000000000e+00
5.750415307175212876e-01 1.462114688440348420e+00 1.000000000000000000e+00 1.000000000000000000e+00 2.000000000000000000e+00
3.841195945581975524e-01 1.225357534887160649e-01 1.300000000000000000e+01 8.600000000000000000e+01 2.000000000000000000e+00
5.308996895674844563e-01 2.037552384119156290e+00 1.100000000000000000e+01 1.690000000000000000e+02 2.000000000000000000e+00
6.345121031511045950e-02 1.792006469366688837e+00 1.900000000000000000e+01 1.230000000000000000e+02 2.000000000000000000e+00
6.620612421820389892e-01 1.163981128341138538e+00 1.100000000000000000e+01 1.520000000000000000e+02 2.000000000000000000e+00
2.440069446932174868e-01 4.663971355233907934e-01 2.000000000000000000e+00 1.430000000000000000e+02 2.000000000000000000e+00
7.555890107464489081e-01 2.198704573965492293e-01 2.000000000000000000e+01 8.200000000000000000e+01 2.000000000000000000e+00
5.008642025406145892e-01 1.338718090457256205e+00 1.400000000000000000e+01 1.280000000000000000e+02 2.000000000000000000e+00
9.504306167062694932e-01 1.328212959521623882e+00 1.900000000000000000e+01 4.800000000000000000e+01 2.000000000000000000e+00
6.441976513339043864e-01 6.829882506305112733e-01 1.100000000000000000e+01 1.570000000000000000e+02 2.000000000000000000e+00
6.932548323107122490e-02 2.039494315875829411e+00 7.000000000000000000e+00 1.300000000000000000e+02 2.000000000000000000e+00
8.410278751082578275e-01 3.450684840612049387e-01 1.800000000000000000e+01 1.900000000000000000e+02 2.000000000000000000e+00
5.294811777042858214e-01 1.628156827199021661e+00 3.000000000000000000e+00 3.300000000000000000e+01 2.000000000000000000e+00
7.238090153934654269e-01 1.001753690197087154e+00 1.900000000000000000e+01 5.300000000000000000e+01 2.000000000000000000e+00
7.159725248025609057e-01 8.833513590865714749e-01 1.000000000000000000e+01 4.100000000000000000e+01 2.000000000000000000e+00
1.498399356120631021e-01 1.803920330157234853e+00 1.500000000000000000e+01 1.800000000000000000e+02 3.000000000000000000e+00
2.148407549262486560e-01 2.004877882571967085e+00 8.000000000000000000e+00 5.100000000000000000e+01 3.000000000000000000e+00
3.077088423742456724e-01 1.870927494659800239e+00 1.700000000000000000e+01 1.990000000000000000e+02 3.000000000000000000e+00
8.860264896234502086e-01 1.127782033722859456e+00 2.000000000000000000e+01 1.850000000000000000e+02 3.000000000000000000e+00
6.852718178845206287e-01 1.461445548324463495e+00 8.000000000000000000e+00 5.400000000000000000e+01 3.000000000000000000e+00
2.390332002412231399e-02 1.168525422058480923e-01 5.000000000000000000e+00 5.900000000000000000e+01 3.000000000000000000e+00
3.701287077604141773e-01 1.196404516207458801e+00 1.200000000000000000e+01 1.500000000000000000e+01 3.000000000000000000e+00
2.803733568530752951e-01 1.686323187829365633e+00 1.500000000000000000e+01 4.100000000000000000e+01 3.000000000000000000e+00
7.045923099471337325e-01 1.870719032110953473e+00 1.800000000000000000e+01 1.500000000000000000e+02 3.000000000000000000e+00
8.486482114015427847e-01 1.411206313970104320e+00 1.400000000000000000e+01 1.430000000000000000e+02 3.000000000000000000e+00
1.077629177135452053e-02 1.115289625360631476e+00 8.000000000000000000e+00 3.900000000000000000e+01 3.000000000000000000e+00
1.452122177363028843e-01 1.844029531438768021e+00 1.000000000000000000e+01 9.000000000000000000e+00 3.000000000000000000e+00
4.689676898064877308e-01 8.272751621910149344e-01 1.200000000000000000e+01 7.200000000000000000e+01 3.000000000000000000e+00
8.053742969777527572e-01 1.694586600332384618e+00 2.000000000000000000e+00 4.600000000000000000e+01 3.000000000000000000e+00
9.192358161747997691e-01 1.473376540319012662e+00 1.000000000000000000e+00 9.600000000000000000e+01 3.000000000000000000e+00
7.419985353066659017e-02 7.378036349214865952e-01 1.700000000000000000e+01 1.490000000000000000e+02 3.000000000000000000e+00
7.819490430957919402e-01 8.604183834265725084e-01 2.000000000000000000e+01 1.310000000000000000e+02 3.000000000000000000e+00
7.118519217931616738e-02 1.809106233658280605e+00 1.800000000000000000e+01 5.500000000000000000e+01 3.000000000000000000e+00
7.072994158400478515e-01 2.934926609862159586e-01 1.300000000000000000e+01 8.600000000000000000e+01 3.000000000000000000e+00
5.634800706623269706e-01 1.043741139070822443e+00 8.000000000000000000e+00 1.280000000000000000e+02 3.000000000000000000e+00
1.406250346582931243e-01 1.819190820934668551e+00 2.000000000000000000e+01 2.500000000000000000e+01 3.000000000000000000e+00
2.892746939832290670e-02 1.337044161800234887e+00 8.000000000000000000e+00 5.900000000000000000e+01 3.000000000000000000e+00
5.894528929687073981e-01 1.486741261946419757e+00 7.000000000000000000e+00 6.100000000000000000e+01 3.000000000000000000e+00
9.155401029971733662e-01 1.740406655568970340e+00 4.000000000000000000e+00 1.720000000000000000e+02 3.000000000000000000e+00
4.832574601337398246e-01 2.866697312682157106e-01 1.500000000000000000e+01 1.650000000000000000e+02 3.000000000000000000e+00
3.850395517550411206e-01 1.811795948972580783e+00 1.500000000000000000e+01 1.000000000000000000e+01 3.000000000000000000e+00
6.875097166048425024e-01 1.624114480834963459e+00 5.000000000000000000e+00 9.600000000000000000e+01 3.000000000000000000e+00
7.244173934219080291e-01 1.895954524913310069e+00 4.000000000000000000e+00 3.400000000000000000e+01 3.000000000000000000e+00
4.617654982520665863e-01 1.706623477254904098e-01 1.700000000000000000e+01 1.010000000000000000e+02 3.000000000000000000e+00
7.774194940586674762e-02 1.211430539086987557e-01 6.000000000000000000e+00 2.600000000000000000e+01 3.000000000000000000e+00
6.476597736870289834e-01 9.738511297640780606e-01 1.800000000000000000e+01 1.050000000000000000e+02 3.000000000000000000e+00
7.328042916212900160e-01 1.501549450241608241e+00 8.000000000000000000e+00 1.340000000000000000e+02 3.000000000000000000e+00
3.506422368825489605e-02 1.894666950567571728e+00 6.000000000000000000e+00 1.440000000000000000e+02 3.000000000000000000e+00
5.159980874325333922e-01 3.042758865888325337e-01 6.000000000000000000e+00 1.300000000000000000e+01 3.000000000000000000e+00
2.785749797642751435e-01 3.809467625038279737e-01 1.700000000000000000e+01 1.400000000000000000e+02 3.000000000000000000e+00
7.255908502603526378e-01 1.618118804820747325e+00 1.700000000000000000e+01 1.100000000000000000e+01 3.000000000000000000e+00
1.864906120685433377e-01 8.839559674242200016e-01 1.100000000000000000e+01 1.300000000000000000e+01 3.000000000000000000e+00
2.625958140728078954e-02 1.658859946874963409e+00 1.800000000000000000e+01 1.280000000000000000e+02 3.000000000000000000e+00
6.001585270888044610e-01 1.523541217797169944e-01 1.800000000000000000e+01 3.500000000000000000e+01 3.000000000000000000e+00
1.375825025625302400e-01 5.525516358875467438e-01 1.300000000000000000e+01 9.500000000000000000e+01 3.000000000000000000e+00
8.459575514551566089e-01 1.771560804554552782e+00 1.100000000000000000e+01 1.620000000000000000e+02 3.000000000000000000e+00
7.661512173071179932e-01 1.672863975098828337e+00 4.000000000000000000e+00 8.800000000000000000e+01 3.000000000000000000e+00
9.605344090659218015e-01 1.765202508814224469e+00 3.000000000000000000e+00 7.400000000000000000e+01 3.000000000000000000e+00
5.116721837936488021e-02 1.694618873892930644e+00 1.000000000000000000e+01 1.160000000000000000e+02 3.000000000000000000e+00
8.855984343332913289e-01 6.955713261098838140e-01 1.500000000000000000e+01 1.400000000000000000e+02 3.000000000000000000e+00
1.792423262357183411e-01 1.936166204543718239e+00 1.700000000000000000e+01 8.700000000000000000e+01 3.000000000000000000e+00
9.021332697718716931e-01 2.062658260724326897e+00 2.000000000000000000e+00 5.500000000000000000e+01 3.000000000000000000e+00
2.824480022003276192e-01 1.161558189147897879e+00 2.000000000000000000e+00 1.010000000000000000e+02 3.000000000000000000e+00
1.720495822651102458e-01 2.758933330720790833e-01 9.000000000000000000e+00 1.450000000000000000e+02 3.000000000000000000e+00
8.058426865943708606e-01 1.184985791480931638e+00 1.700000000000000000e+01 1.010000000000000000e+02 3.000000000000000000e+00
1.784914228376571765e-01 9.904356562252653040e-01 1.100000000000000000e+01 1.330000000000000000e+02 4.000000000000000000e+00
2.542542987117366593e-01 1.528659198358014670e+00 1.400000000000000000e+01 1.190000000000000000e+02 4.000000000000000000e+00
2.664432990715337457e-01 1.690411210116855134e+00 1.700000000000000000e+01 1.750000000000000000e+02 4.000000000000000000e+00
2.277074421343037169e-01 1.061208625743516709e+00 1.600000000000000000e+01 1.470000000000000000e+02 4.000000000000000000e+00
9.694915095208787026e-01 1.528068721821328690e+00 5.000000000000000000e+00 1.270000000000000000e+02 4.000000000000000000e+00
7.276324848352581087e-01 2.823697901769887109e-01 2.000000000000000000e+01 9.900000000000000000e+01 4.000000000000000000e+00
2.922801522688641684e-01 1.664981567892351633e+00 1.100000000000000000e+01 1.260000000000000000e+02 4.000000000000000000e+00
5.262666304668345285e-01 1.871021115532111312e-01 3.000000000000000000e+00 5.400000000000000000e+01 4.000000000000000000e+00
1.904327586546143980e-01 1.131717625535174854e+00 1.000000000000000000e+00 8.600000000000000000e+01 4.000000000000000000e+00
5.422350683659564741e-01 1.402006498376642263e+00 1.700000000000000000e+01 6.600000000000000000e+01 4.000000000000000000e+00
1.282810147882928152e-02 4.396266336671496022e-01 7.000000000000000000e+00 1.270000000000000000e+02 4.000000000000000000e+00
3.599170746512291713e-02 1.146704716582144901e+00 1.500000000000000000e+01 4.200000000000000000e+01 4.000000000000000000e+00
5.977878028009698808e-01 1.244982732833755268e+00 1.800000000000000000e+01 1.260000000000000000e+02 4.000000000000000000e+00
4.989284752424301139e-01 1.972320073918380157e+00 1.900000000000000000e+01 1.270000000000000000e+02 4.000000000000000000e+00
5.642895035888512156e-01 4.338576151138694437e-01 1.800000000000000000e+01 1.470000000000000000e+02 4.000000000000000000e+00
6.632801875091674793e-02 5.854876495829154370e-01 1.800000000000000000e+01 1.600000000000000000e+01 4.000000000000000000e+00
9.351353262081163464e-01 1.153632604601931622e+00 5.000000000000000000e+00 2.200000000000000000e+01 4.000000000000000000e+00
9.477715034145164363e-01 5.443530965682726874e-01 1.400000000000000000e+01 1.360000000000000000e+02 4.000000000000000000e+00
5.958920416675047571e-01 1.441476977201686660e+00 1.700000000000000000e+01 1.700000000000000000e+01 4.000000000000000000e+00
3.786212332184344387e-01 1.964451124911481550e+00 5.000000000000000000e+00 1.910000000000000000e+02 4.000000000000000000e+00
8.408964173598950653e-01 8.215817231809320331e-01 1.300000000000000000e+01 7.700000000000000000e+01 4.000000000000000000e+00
8.612203067913084542e-01 5.440937579565362503e-01 1.700000000000000000e+01 1.810000000000000000e+02 4.000000000000000000e+00
6.095013795625052744e-01 1.415393375110554519e+00 1.700000000000000000e+01 1.760000000000000000e+02 4.000000000000000000e+00
6.688842986723074757e-01 9.756784347679680058e-01 1.100000000000000000e+01 5.300000000000000000e+01 4.000000000000000000e+00
7.795468566944450950e-02 3.162770198280514533e-01 2.000000000000000000e+00 1.300000000000000000e+02 4.000000000000000000e+00
3.218348197970472002e-01 6.441757040873282714e-01 8.000000000000000000e+00 1.160000000000000000e+02 4.000000000000000000e+00
3.330266364477667551e-01 1.670020362844973461e+00 1.000000000000000000e+00 6.200000000000000000e+01 4.000000000000000000e+00
4.292524694497160676e-01 1.807269660975698633e+00 3.000000000000000000e+00 1.500000000000000000e+01 4.000000000000000000e+00
7.354707152747458343e-01 2.014718370773152412e+00 3.000000000000000000e+00 1.020000000000000000e+02 4.000000000000000000e+00
8.288254425031801320e-01 1.614688024871195893e+00 1.000000000000000000e+00 1.500000000000000000e+02 4.000000000000000000e+00
6.708440305346035082e-01 1.914449223103650566e-01 1.300000000000000000e+01 1.450000000000000000e+02 4.000000000000000000e+00
4.506915949019286716e-01 8.609163703871048900e-01 8.000000000000000000e+00 1.140000000000000000e+02 4.000000000000000000e+00
7.056070413261560370e-01 1.347397447586406116e+00 8.000000000000000000e+00 1.920000000000000000e+02 4.000000000000000000e+00
5.468093996067961982e-01 1.541341102274401909e+00 4.000000000000000000e+00 4.700000000000000000e+01 4.000000000000000000e+00
1.134480193556140909e-01 1.882475404890993742e+00 1.900000000000000000e+01 8.300000000000000000e+01 4.000000000000000000e+00
2.101807296255367996e-01 5.667913272189925022e-01 3.000000000000000000e+00 1.160000000000000000e+02 4.000000000000000000e+00
7.051841357146642064e-01 1.127118332714394988e+00 1.300000000000000000e+01 1.640000000000000000e+02 4.000000000000000000e+00
2.583376077454157399e-02 2.225167680241487977e-01 1.400000000000000000e+01 7.700000000000000000e+01 4.000000000000000000e+00
5.477534395503916853e-01 6.929122883330894878e-01 1.200000000000000000e+01 2.300000000000000000e+01 4.000000000000000000e+00
4.915041871247629590e-01 9.433858892168730526e-01 1.600000000000000000e+01 1.840000000000000000e+02 4.000000000000000000e+00
6.588086774832460080e-01 8.344173353230320833e-01 1.000000000000000000e+00 9.000000000000000000e+01 4.000000000000000000e+00
8.038585707981882322e-01 1.505467896865435362e+00 3.000000000000000000e+00 1.210000000000000000e+02 4.000000000000000000e+00
1.139153351711226086e-01 5.984233629675818067e-01 2.000000000000000000e+00 1.200000000000000000e+02 4.000000000000000000e+00
4.537159905141154859e-01 3.516885659810838893e-01 4.000000000000000000e+00 2.100000000000000000e+01 4.000000000000000000e+00
7.251353570216126920e-01 5.096726202231179892e-01 1.900000000000000000e+01 4.900000000000000000e+01 4.000000000000000000e+00
4.025150671241733979e-01 2.016173758714942199e+00 1.600000000000000000e+01 5.400000000000000000e+01 4.000000000000000000e+00
8.794972758219253839e-01 5.423797308061658606e-01 2.000000000000000000e+01 1.640000000000000000e+02 4.000000000000000000e+00
6.319152435995368799e-01 1.213546873328330777e+00 2.000000000000000000e+01 1.200000000000000000e+02 4.000000000000000000e+00
6.623313512206495668e-01 1.783519231599247856e+00 2.000000000000000000e+01 1.670000000000000000e+02 4.000000000000000000e+00
1.557437105934222042e-02 3.543611107649092817e-01 1.800000000000000000e+01 1.740000000000000000e+02 4.000000000000000000e+00
