4.079689861830172459e-01 1.413938987893499588e+00 7.000000000000000000e+00 1.050000000000000000e+02 0.000000000000000000e+00
4.415647459253466689e-01 1.766705776475042677e+00 2.000000000000000000e+00 1.760000000000000000e+02 0.000000000000000000e+00
7.518784473803532542e-01 1.434017353283564278e+00 2.000000000000000000e+01 1.330000000000000000e+02 0.000000000000000000e+00
6.717251687621064171e-01 1.415598895953720016e+00 1.000000000000000000e+00 1.790000000000000000e+02 0.000000000000000000e+00
7.534914817176427970e-01 1.789402681156137875e+00 2.000000000000000000e+01 1.700000000000000000e+02 0.000000000000000000e+00
5.763647298928245011e-01 2.053817155418283580e+00 1.900000000000000000e+01 1.670000000000000000e+02 0.000000000000000000e+00
9.389151495578630380e-01 7.465230640642420701e-01 1.200000000000000000e+01 1.070000000000000000e+02 0.000000000000000000e+00
8.406455227447590106e-01 1.579589344902452064e+00 8.000000000000000000e+00 1.540000000000000000e+02 0.000000000000000000e+00
4.646390354545588686e-01 1.724169738627727710e+00 1.800000000000000000e+01 1.380000000000000000e+02 0.000000000000000000e+00
4.027925217044366901e-01 1.920348346323288213e+00 9.000000000000000000e+00 1.370000000000000000e+02 0.000000000000000000e+00
1.813393554198409197e-01 2.880755291227022896e-01 8.000000000000000000e+00 5.000000000000000000e+01 0.000000000000000000e+00
7.387772386438989924e-01 1.482371247719422414e+00 1.100000000000000000e+01 8.700000000000000000e+01 0.000000000000000000e+00
6.582327711217327015e-02 5.200264748689912286e-01 7.000000000000000000e+00 1.660000000000000000e+02 0.000000000000000000e+00
6.903800984523410234e-02 1.979184629226024672e+00 1.800000000000000000e+01 1.910000000000000000e+02 0.000000000000000000e+00
9.087883502601243890e-01 1.137132506569574986e+00 8.000000000000000000e+00 7.800000000000000000e+01 0.000000000000000000e+00
7.614736635048773294e-01 6.806719407924169962e-01 3.000000000000000000e+00 7.000000000000000000e+00 0.000000000000000000e+00
1.009882789384783791e-01 1.753623203326389657e+00 6.000000000000000000e+00 9.700000000000000000e+01 0.000000000000000000e+00
1.462405564668791680e-01 8.974479163418348504e-01 1.600000000000000000e+01 1.950000000000000000e+02 0.000000000000000000e+00
6.443630324508128338e-01 6.960478137340063709e-01 1.600000000000000000e+01 1.200000000000000000e+02 0.000000000000000000e+00
5.352811575470517447e-01 1.618732060492666713e+00 1.200000000000000000e+01 1.150000000000000000e+02 0.000000000000000000e+00
4.278262694704912938e-01 5.694295179920144667e-01 1.900000000000000000e+01 1.950000000000000000e+02 0.000000000000000000e+00
1.695104027298148797e-01 1.451564670614267083e+00 1.700000000000000000e+01 1.020000000000000000e+02 0.000000000000000000e+00
9.365616488413291973e-01 8.754624756218437609e-01 1.700000000000000000e+01 1.880000000000000000e+02 0.000000000000000000e+00
1.242057724464576823e-01 1.853851079266976454e+00 1.400000000000000000e+01 1.550000000000000000e+02 0.000000000000000000e+00
7.456399558782853543e-01 9.661652850330396669e-01 5.000000000000000000e+00 3.700000000000000000e+01 0.000000000000000000e+00
1.988805386380096962e-01 9.916429052598997318e-01 8.000000000000000000e+00 1.200000000000000000e+01 0.000000000000000000e+00
9.922635498791742004e-01 7.826405447855732112e-01 9.000000000000000000e+00 1.590000000000000000e+02 0.000000000000000000e+00
2.356807666359389541e-01 2.043369876750166014e+00 1.700000000000000000e+01 1.500000000000000000e+02 0.000000000000000000e+00
2.907741415071154467e-01 2.769670571496608558e-01 1.900000000000000000e+01 3.600000000000000000e+01 0.000000000000000000e+00
7.584108724267189794e-02 1.785679072699285774e-01 1.900000000000000000e+01 5.900000000000000000e+01 0.000000000000000000e+00
3.471077257544596256e-02 8.174254402398900554e-01 1.400000000000000000e+01 8.200000000000000000e+01 0.000000000000000000e+00
7.365819038610098290e-02 7.171867347418791061e-01 1.900000000000000000e+01 5.800000000000000000e+01 0.000000000000000000e+00
2.817938023442220219e-01 5.896475182705157581e-01 1.600000000000000000e+01 1.740000000000000000e+02 0.000000000000000000e+00
2.936240328365522512e-01 1.466624792912132325e+00 1.900000000000000000e+01 1.870000000000000000e+02 0.000000000000000000e+00
7.457724056454664296e-01 7.652614373883085408e-01 5.000000000000000000e+00 6.900000000000000000e+01 0.000000000000000000e+00
6.006797243048523915e-01 2.034843094573083544e+00 7.000000000000000000e+00 2.000000000000000000e+01 0.000000000000000000e+00
7.160595080877792951e-01 1.870455449422462557e+00 1.500000000000000000e+01 2.800000000000000000e+01 0.000000000000000000e+00
8.298790807242193424e-01 2.928692545131453828e-01 2.000000000000000000e+01 1.780000000000000000e+02 0.000000000000000000e+00
7.734549612445396072e-01 8.277875027433482247e-01 5.000000000000000000e+00 4.600000000000000000e+01 0.000000000000000000e+00
9.115082958757008136e-01 6.749538416156718457e-01 2.000000000000000000e+00 5.200000000000000000e+01 0.000000000000000000e+00
9.410679608402402474e-01 1.290895719302649347e+00 6.000000000000000000e+00 1.620000000000000000e+02 0.000000000000000000e+00
2.971147215766575256e-01 1.959904433146884895e+00 1.500000000000000000e+01 1.670000000000000000e+02 0.000000000000000000e+00
2.783030205354011244e-01 8.605078831914959592e-01 1.000000000000000000e+01 7.500000000000000000e+01 0.000000000000000000e+00
6.832775360321858837e-01 1.064265859766398314e+00 8.000000000000000000e+00 2.500000000000000000e+01 0.000000000000000000e+00
9.832854315900879660e-01 7.405375653245965806e-01 7.000000000000000000e+00 9.300000000000000000e+01 0.000000000000000000e+00
8.005429324899467902e-01 3.807020058259827922e-01 9.000000000000000000e+00 1.300000000000000000e+01 0.000000000000000000e+00
8.661355633598736281e-01 1.620985970058840930e+00 1.000000000000000000e+01 8.000000000000000000e+01 0.000000000000000000e+00
4.489969578505599301e-01 1.640034712682330031e+00 3.000000000000000000e+00 1.740000000000000000e+02 0.000000000000000000e+00
9.813692442072704525e-01 1.497974721903209128e+00 1.700000000000000000e+01 1.150000000000000000e+02 0.000000000000000000e+00
8.685490046780338647e-01 8.246406396365936198e-01 2.000000000000000000e+01 8.300000000000000000e+01 0.000000000000000000e+00
3.107709275566186147e-01 2.343035545100170813e-01 1.300000000000000000e+01 7.600000000000000000e+01 1.000000000000000000e+00
6.542351837094139144e-01 3.699115054214942022e-01 4.000000000000000000e+00 2.600000000000000000e+01 1.000000000000000000e+00
9.319609213234316680e-01 2.551132071517067113e-01 9.000000000000000000e+00 1.120000000000000000e+02 1.000000000000000000e+00
5.849851947650476225e-01 1.060475772385428783e+00 1.000000000000000000e+00 6.700000000000000000e+01 1.000000000000000000e+00
1.207955398006691355e-01 1.719883360488764223e+00 1.300000000000000000e+01 1.690000000000000000e+02 1.000000000000000000e+00
4.295182102522299150e-01 2.023513738865006406e+00 3.000000000000000000e+00 1.910000000000000000e+02 1.000000000000000000e+00
9.500055939354286050e-01 7.124825028824645079e-01 1.000000000000000000e+00 1.540000000000000000e+02 1.000000000000000000e+00
8.650648704923908916e-01 8.102875385711850731e-01 6.000000000000000000e+00 1.800000000000000000e+02 1.000000000000000000e+00
5.380467905979703369e-01 1.829594114279662120e+00 1.600000000000000000e+01 1.490000000000000000e+02 1.000000000000000000e+00
9.603941605202901410e-01 1.525251112639028905e+00 4.000000000000000000e+00 2.000000000000000000e+01 1.000000000000000000e+00
1.002191698969221001e+00 2.081504679092749832e+00 6.000000000000000000e+00 4.300000000000000000e+01 1.000000000000000000e+00
3.386905419010072249e-01 1.750782078728810198e+00 1.500000000000000000e+01 1.720000000000000000e+02 1.000000000000000000e+00
6.651250707356848313e-01 6.996842259757679594e-01 1.400000000000000000e+01 8.600000000000000000e+01 1.000000000000000000e+00
4.275635407837029972e-02 1.618971425790639573e+00 1.700000000000000000e+01 8.000000000000000000e+01 1.000000000000000000e+00
9.429208512096302064e-01 1.662792113749535394e+00 5.000000000000000000e+00 1.240000000000000000e+02 1.000000000000000000e+00
5.198064380875120349e-01 4.189292239491343439e-01 1.400000000000000000e+01 1.050000000000000000e+02 1.000000000000000000e+00
1.451146487685585074e-01 1.463252774147994373e+00 1.400000000000000000e+01 1.080000000000000000e+02 1.000000000000000000e+00
1.542279030431000786e-01 1.377177984002454503e+00 3.000000000000000000e+00 1.550000000000000000e+02 1.000000000000000000e+00
8.036862990505841964e-01 3.549051426119599340e-01 1.200000000000000000e+01 5.000000000000000000e+01 1.000000000000000000e+00
5.071812381006529646e-01 4.654622078175697508e-01 3.000000000000000000e+00 8.700000000000000000e+01 1.000000000000000000e+00
7.995283256705920660e-01 3.517968792393809663e-01 5.000000000000000000e+00 1.760000000000000000e+02 1.000000000000000000e+00
1.723407927300733000e-01 4.099622395501468786e-01 1.100000000000000000e+01 2.500000000000000000e+01 1.000000000000000000e+00
4.989095222411529251e-01 1.848921084661816261e+00 9.000000000000000000e+00 5.500000000000000000e+01 1.000000000000000000e+00
1.008826470606392300e+00 1.265995248392032702e+00 1.900000000000000000e+01 1.000000000000000000e+01 1.000000000000000000e+00
3.651296037742869371e-01 7.750160635306978518e-01 1.500000000000000000e+01 1.260000000000000000e+02 1.000000000000000000e+00
8.683276464348629320e-01 4.107356268366194607e-01 3.000000000000000000e+00 1.670000000000000000e+02 1.000000000000000000e+00
3.673479413819768363e-02 1.445327212448543452e+00 2.000000000000000000e+01 9.100000000000000000e+01 1.000000000000000000e+00
2.043279681516416701e-01 1.563612025797691762e+00 1.800000000000000000e+01 1.300000000000000000e+01 1.000000000000000000e+00
4.053941657678722388e-01 4.867571716072111032e-01 3.000000000000000000e+00 5.300000000000000000e+01 1.000000000000000000e+00
6.781042984201821611e-01 1.582344008622135645e+00 6.000000000000000000e+00 3.000000000000000000e+00 1.000000000000000000e+00
4.751239201780410593e-01 1.444913115309409024e+00 9.000000000000000000e+00 1.580000000000000000e+02 1.000000000000000000e+00
6.285700160046981955e-01 1.464307972062953933e+00 8.000000000000000000e+00 1.540000000000000000e+02 1.000000000000000000e+00
4.247737748770723520e-01 5.274941959174913597e-01 1.100000000000000000e+01 1.920000000000000000e+02 1.000000000000000000e+00
8.016829561500027346e-01 8.692548956464251075e-01 8.000000000000000000e+00 1.200000000000000000e+01 1.000000000000000000e+00
7.155664416950814344e-01 1.083543190959995739e+00 1.500000000000000000e+01 1.010000000000000000e+02 1.000000000000000000e+00
4.002706930426657567e-02 2.032594226842398655e+00 6.000000000000000000e+00 1.210000000000000000e+02 1.000000000000000000e+00
3.050251339816757445e-01 1.776885939798443337e+00 1.000000000000000000e+01 1.500000000000000000e+02 1.000000000000000000e+00
1.612298914521073101e-01 2.165785336891733748e-01 6.000000000000000000e+00 6.700000000000000000e+01 1.000000000000000000e+00
9.818275392840585258e-01 2.039740268240760379e+00 1.600000000000000000e+01 1.550000000000000000e+02 1.000000000000000000e+00
1.444720292623081770e-01 8.479288840690973883e-01 1.000000000000000000e+00 1.360000000000000000e+02 1.000000000000000000e+00
6.458744414301349490e-01 1.352972913253556619e+00 1.300000000000000000e+01 9.800000000000000000e+01 1.000000000000000000e+00
3.929216292200127247e-01 3.738276701973103355e-01 1.700000000000000000e+01 1.250000000000000000e+02 1.000000000000000000e+00
3.595951456260959578e-01 1.689054480038604700e+00 9.000000000000000000e+00 3.300000000000000000e+01 1.000000000000000000e+00
1.915501695528864373e-02 7.240934128935111458e-01 5.000000000000000000e+00 4.500000000000000000e+01 1.000000000000000000e+00
5.279204834330187834e-01 6.237839229427054599e-01 1.000000000000000000e+00 5.500000000000000000e+01 1.000000000000000000e+00
9.774969858909855480e-01 2.035192328992796007e+00 1.900000000000000000e+01 1.670000000000000000e+02 1.000000000000000000e+00
4.380069981882404040e-01 2.541452564719829388e-01 1.500000000000000000e+01 1.540000000000000000e+02 1.000000000000000000e+00
8.646354483924998391e-01 1.656368101361818113e+00 1.700000000000000000e+01 1.570000000000000000e+02 1.000000000000000000e+00
1.037907021069661567e-01 1.415346268015979403e+00 1.300000000000000000e+01 1.900000000000000000e+01 1.000000000000000000e+00
6.401311166632955851e-01 9.012167526612461232e-01 5.000000000000000000e+00 8.100000000000000000e+01 1.000000000000000000e+00
6.901373720007869528e-01 1.965257269458539291e+00 8.000000000000000000e+00 1.900000000000000000e+01 2.000000000000000000e+00
9.685539430122486193e-01 1.760865000375918088e+00 9.000000000000000000e+00 1.340000000000000000e+02 2.000000000000000000e+00
2.855946359861248895e-01 1.797623188870583144e+00 1.000000000000000000e+00 1.360000000000000000e+02 2.000000000000000000e+00
1.301964565913444893e-01 1.240655347013442267e+00 9.000000000000000000e+00 4.900000000000000000e+01 2.000000000000000000e+00
6.700059031804782572e-01 1.671373714516569464e+00 2.000000000000000000e+01 4.500000000000000000e+01 2.000000000000000000e+00
4.509479570989229913e-01 4.735253834736187217e-01 1.300000000000000000e+01 9.100000000000000000e+01 2.000000000000000000e+00
4.906569110046250515e-01 8.704319331091071588e-01 1.800000000000000000e+01 7.200000000000000000e+01 2.000000000000000000e+00
1.489142288029178252e-01 6.545940307165621919e-01 1.200000000000000000e+01 1.490000000000000000e+02 2.000000000000000000e+00
4.371804435636325037e-01 5.627142091424687242e-01 3.000000000000000000e+00 1.190000000000000000e+02 2.000000000000000000e+00
2.297761811316306746e-01 1.718847705707600815e+00 1.000000000000000000e+00 2.300000000000000000e+01 2.000000000000000000e+00
3.954730550533496203e-01 1.898781056771189357e+00 1.100000000000000000e+01 1.600000000000000000e+02 2.000000000000000000e+00
1.960828477688273397e-01 1.532458043254375069e+00 1.800000000000000000e+01 2.900000000000000000e+01 2.000000000000000000e+00
8.794561315022174641e-01 1.216628658832900334e-01 1.000000000000000000e+00 1.160000000000000000e+02 2.000000000000000000e+00
7.390781922416094218e-01 2.078756144184355392e+00 1.000000000000000000e+01 1.430000000000000000e+02 2.000000000000000000e+00
9.082239262103872779e-01 8.748442779689723503e-01 1.300000000000000000e+01 1.080000000000000000e+02 2.000000000000000000e+00
7.157454236287156268e-01 1.942026448911869041e+00 4.000000000000000000e+00 3.800000000000000000e+01 2.000000000000000000e+00
3.624475395064000738e-01 5.241475538075196505e-01 9.000000000000000000e+00 1.350000000000000000e+02 2.000000000000000000e+00
3.290068170030362449e-01 1.678666382442776772e+00 1.000000000000000000e+00 5.100000000000000000e+01 2.000000000000000000e+00
1.505001333718002619e-02 2.029304321135187550e+00 1.700000000000000000e+01 8.400000000000000000e+01 2.000000000000000000e+00
2.770989919979578442e-01 1.704134863912506903e+00 1.200000000000000000e+01 2.300000000000000000e+01 2.000000000000000000e+00
8.425871167620407887e-01 1.201299998556996984e+00 1.500000000000000000e+01 1.330000000000000000e+02 2.000000000000000000e+00
6.682445919509950594e-01 2.020222561617631918e+00 2.000000000000000000e+01 1.460000000000000000e+02 2.000000000000000000e+00
8.898066464823632948e-01 6.714978473549856330e-01 1.400000000000000000e+01 8.100000000000000000e+01 2.000000000000000000e+00
5.208997990580100934e-01 1.703880126977824760e+00 2.000000000000000000e+00 1.030000000000000000e+02 2.000000000000000000e+00
7.328529005811941222e-01 2.828941163153438909e-01 1.100000000000000000e+01 6.800000000000000000e+01 2.000000000000000000e+00
3.216831823883803398e-01 1.080259204923510241e+00 9.000000000000000000e+00 1.710000000000000000e+02 2.000000000000000000e+00
4.740859230882108477e-01 2.866171933456439502e-01 1.500000000000000000e+01 1.610000000000000000e+02 2.000000000000000000e+00
1.244090039983484081e-01 1.585173325863557192e+00 5.000000000000000000e+00 4.900000000000000000e+01 2.000000000000000000e+00
4.549468076251518278e-01 9.762178702212885861e-01 1.000000000000000000e+01 1.510000000000000000e+02 2.000000000000000000e+00
2.044736178243492519e-01 1.569415321221753423e+00 1.400000000000000000e+01 1.500000000000000000e+01 2.000000000000000000e+00
8.484257099321951268e-01 1.609106031736782905e+00 5.000000000000000000e+00 1.440000000000000000e+02 2.000000000000000000e+00
4.676954045407309968e-01 2.568327894671050826e-01 8.000000000000000000e+00 6.200000000000000000e+01 2.000000000000000000e+00
7.387482192474815745e-01 6.253827975654625559e-01 2.000000000000000000e+01 9.500000000000000000e+01 2.000000000000000000e+00
9.965936659497314221e-01 1.496778301138508294e+00 1.200000000000000000e+01 1.010000000000000000e+02 2.000000000000000000e+00
4.035671061710088825e-01 1.242245907992033660e-01 1.100000000000000000e+01 1.130000000000000000e+02 2.000000000000000000e+00
8.660249782002074070e-01 6.569144659359943406e-01 6.000000000000000000e+00 6.600000000000000000e+01 2.000000000000000000e+00
2.913022107830616214e-01 1.825499200758056828e+00 8.000000000000000000e+00 5.500000000000000000e+01 2.000000000000000000e+00
2.769303513617232815e-01 1.177213552569178479e+00 8.000000000000000000e+00 1.530000000000000000e+02 2.000000000000000000e+00
5.749062632459394084e-01 1.221397112126015871e+00 6.000000000000000000e+00 1.420000000000000000e+02 2.000000000000000000e+00
4.502025372352517207e-01 2.091504800855296331e+00 1.200000000000000000e+01 9.500000000000000000e+01 2.000000000000000000e+00
8.033961544219947459e-01 1.783744395569394792e+00 2.000000000000000000e+01 1.550000000000000000e+02 2.000000000000000000e+00
2.436000392919063229e-01 1.446577902658285009e+00 1.000000000000000000e+01 5.200000000000000000e+01 2.000000000000000000e+00
4.852852901349751225e-01 7.412848184748633829e-01 1.000000000000000000e+01 3.100000000000000000e+01 2.000000000000000000e+00
2.788694340254667114e-01 1.118892713770385239e+00 2.000000000000000000e+01 3.900000000000000000e+01 2.000000000000000000e+00
8.693441775526130622e-01 6.698097160168986486e-01 1.700000000000000000e+01 1.980000000000000000e+02 2.000000000000000000e+00
4.284735818559891607e-01 2.067198076671715068e+00 1.500000000000000000e+01 1.750000000000000000e+02 2.000000000000000000e+00
7.786788949195878606e-01 4.456094007805689872e-01 8.000000000000000000e+00 8.900000000000000000e+01 2.000000000000000000e+00
3.249572718040372177e-01 1.024531317213847936e+00 1.700000000000000000e+01 5.900000000000000000e+01 2.000000000000000000e+00
8.067671785398409234e-01 7.620881275983929504e-01 3.000000000000000000e+00 1.980000000000000000e+02 2.000000000000000000e+00
3.444051490000378246e-01 6.275763275300839661e-01 1.200000000000000000e+01 2.000000000000000000e+00 2.000000000000000000e+00
5.791099972265987272e-01 3.187853900457787715e-01 2.000000000000000000e+01 8.100000000000000000e+01 3.000000000000000000e+00
5.508551168143935861e-01 2.383280185482442859e-01 1.700000000000000000e+01 1.910000000000000000e+02 3.000000000000000000e+00
4.986349773672992258e-01 1.956613769348560128e+00 6.000000000000000000e+00 1.600000000000000000e+02 3.000000000000000000e+00
7.323605425660384416e-01 1.526961197122336023e+00 1.700000000000000000e+01 4.800000000000000000e+01 3.000000000000000000e+00
7.808095887876524976e-01 1.390573478434820043e+00 3.000000000000000000e+00 9.700000000000000000e+01 3.000000000000000000e+00
9.300446126818492365e-01 1.062809559745614862e+00 2.000000000000000000e+01 5.000000000000000000e+00 3.000000000000000000e+00
9.366007938799342236e-01 1.632282726937078765e+00 1.600000000000000000e+01 1.400000000000000000e+02 3.000000000000000000e+00
7.271120819927757717e-01 7.609305596808476624e-01 1.500000000000000000e+01 2.000000000000000000e+01 3.000000000000000000e+00
4.318056695666870892e-01 9.575264351127114049e-01 7.000000000000000000e+00 9.600000000000000000e+01 3.000000000000000000e+00
3.214249572764359825e-02 9.422709266789265348e-01 1.600000000000000000e+01 1.490000000000000000e+02 3.000000000000000000e+00
2.197268942148760118e-01 1.288536699702600430e+00 4.000000000000000000e+00 1.930000000000000000e+02 3.000000000000000000e+00
4.980780214999436240e-01 1.229836871076837479e+00 6.000000000000000000e+00 1.280000000000000000e+02 3.000000000000000000e+00
4.141421582203618224e-01 9.275823422013212971e-01 1.600000000000000000e+01 8.500000000000000000e+01 3.000000000000000000e+00
4.090855775340084682e-02 9.155550629843433041e-01 1.900000000000000000e+01 1.430000000000000000e+02 3.000000000000000000e+00
7.132197734474073902e-01 4.002835454215373234e-01 1.000000000000000000e+00 1.400000000000000000e+02 3.000000000000000000e+00
1.975010947142562534e-01 9.454269780030438719e-01 1.200000000000000000e+01 1.690000000000000000e+02 3.000000000000000000e+00
1.927605894125897779e-01 3.377781016752375853e-01 4.000000000000000000e+00 1.150000000000000000e+02 3.000000000000000000e+00
7.838545876233495857e-01 3.151188222921609272e-01 1.700000000000000000e+01 4.100000000000000000e+01 3.000000000000000000e+00
1.000576133857929095e+00 1.866339107514559226e+00 1.500000000000000000e+01 1.660000000000000000e+02 3.000000000000000000e+00
2.158214514622883717e-01 8.110221251471579906e-01 1.100000000000000000e+01 1.020000000000000000e+02 3.000000000000000000e+00
6.204084863264033300e-01 1.687278182142250671e+00 2.000000000000000000e+01 1.750000000000000000e+02 3.000000000000000000e+00
3.650664089534548795e-01 2.013478395579783253e+00 1.500000000000000000e+01 2.000000000000000000e+00 3.000000000000000000e+00
9.791649793881376240e-01 1.581155642809643602e+00 1.300000000000000000e+01 6.300000000000000000e+01 3.000000000000000000e+00
8.654232091675025940e-01 1.341169653712144250e+00 7.000000000000000000e+00 5.000000000000000000e+01 3.000000000000000000e+00
4.083760989402762664e-01 9.469195900530812393e-01 1.000000000000000000e+00 1.590000000000000000e+02 3.000000000000000000e+00
9.751201892843478491e-01 8.779429601450107201e-01 1.600000000000000000e+01 1.860000000000000000e+02 3.000000000000000000e+00
5.870238294677685431e-01 8.823342522427671808e-01 1.800000000000000000e+01 1.020000000000000000e+02 3.000000000000000000e+00
7.255549730574706313e-01 1.247934107845974472e+00 7.000000000000000000e+00 1.100000000000000000e+01 3.000000000000000000e+00
7.898360911667522133e-02 9.681968099062691069e-01 8.000000000000000000e+00 1.540000000000000000e+02 3.000000000000000000e+00
9.317281468828934043e-01 8.423590501781798023e-01 1.600000000000000000e+01 1.080000000000000000e+02 3.000000000000000000e+00
4.933347742730217478e-01 2.678272577559456247e-01 1.700000000000000000e+01 4.000000000000000000e+00 3.000000000000000000e+00
6.842418487523691528e-01 1.142736724429637141e+00 1.800000000000000000e+01 7.600000000000000000e+01 3.000000000000000000e+00
8.054695397904079179e-01 5.381736726377951419e-01 8.000000000000000000e+00 1.360000000000000000e+02 3.000000000000000000e+00
4.816801538972790286e-01 1.827035500731700068e+00 6.000000000000000000e+00 1.490000000000000000e+02 3.000000000000000000e+00
3.828917110713256911e-01 1.554508877600419225e+00 1.700000000000000000e+01 9.600000000000000000e+01 3.000000000000000000e+00
6.080025768624348625e-01 1.531858318924356421e+00 1.700000000000000000e+01 1.270000000000000000e+02 3.000000000000000000e+00
2.467435043812225004e-01 5.599758679486298574e-01 1.000000000000000000e+00 9.100000000000000000e+01 3.000000000000000000e+00
5.267218553145508464e-01 1.519442727999796627e+00 1.800000000000000000e+01 3.300000000000000000e+01 3.000000000000000000e+00
3.132524848908295745e-01 1.340556916935824239e+00 1.900000000000000000e+01 1.000000000000000000e+01 3.000000000000000000e+00
3.636240294475211465e-01 1.602101350107346223e+00 1.800000000000000000e+01 1.680000000000000000e+02 3.000000000000000000e+00
5.840546451224817304e-01 6.511717219843770055e-01 1.300000000000000000e+01 2.000000000000000000e+02 3.000000000000000000e+00
5.460359818008537758e-01 1.765851805937746599e+00 1.500000000000000000e+01 5.700000000000000000e+01 3.000000000000000000e+00
4.248144670790759969e-01 2.015955603448848610e+00 6.000000000000000000e+00 1.470000000000000000e+02 3.000000000000000000e+00
2.930616916709325448e-01 9.671190539378838880e-01 1.000000000000000000e+01 1.860000000000000000e+02 3.000000000000000000e+00
6.612346437156509937e-01 1.876890984491781156e+00 1.700000000000000000e+01 1.200000000000000000e+01 3.000000000000000000e+00
9.066794951850265516e-01 1.188003986032053039e+00 1.000000000000000000e+00 1.700000000000000000e+01 3.000000000000000000e+00
4.293991304737999615e-01 1.456471873715587506e+00 2.000000000000000000e+00 1.340000000000000000e+02 3.000000000000000000e+00
1.563829619815115812e-01 1.408690216936783868e+00 6.000000000000000000e+00 9.300000000000000000e+01 3.000000000000000000e+00
7.761393920355504905e-01 1.056613405055368604e+00 1.700000000000000000e+01 6.400000000000000000e+01 3.000000000000000000e+00
7.884438669078606965e-02 6.724016101094772990e-01 2.000000000000000000e+01 7.200000000000000000e+01 3.000000000000000000e+00
9.074826751553185522e-01 1.936146042722438898e-01 1.000000000000000000e+00 1.200000000000000000e+02 4.000000000000000000e+00
5.679916570173915158e-01 7.229975601141572783e-01 2.000000000000000000e+01 2.400000000000000000e+01 4.000000000000000000e+00
2.603102769924887649e-01 1.161085121819972754e-01 1.800000000000000000e+01 1.530000000000000000e+02 4.000000000000000000e+00
9.415000024716839722e-01 4.346906213949642828e-01 1.700000000000000000e+01 9.000000000000000000e+01 4.000000000000000000e+00
2.647444678375432403e-01 1.714988154922270525e+00 1.900000000000000000e+01 1.000000000000000000e+02 4.000000000000000000e+00
8.001171425192447062e-01 2.962759228662511513e-01 1.000000000000000000e+01 1.410000000000000000e+02 4.000000000000000000e+00
2.034692853276083291e-01 7.347120161701331531e-01 1.700000000000000000e+01 5.900000000000000000e+01 4.000000000000000000e+00
2.356456839258583846e-01 1.111947165193674536e+00 6.000000000000000000e+00 1.520000000000000000e+02 4.000000000000000000e+00
7.134686831599692525e-01 2.077689287804653784e+00 8.000000000000000000e+00 1.470000000000000000e+02 4.000000000000000000e+00
3.123006296200634413e-01 1.709694467314616828e+00 1.500000000000000000e+01 1.450000000000000000e+02 4.000000000000000000e+00
7.966613608348517284e-01 1.907411164966936745e+00 5.000000000000000000e+00 1.750000000000000000e+02 4.000000000000000000e+00
2.417882272273030875e-01 6.834965713231694329e-01 1.400000000000000000e+01 1.000000000000000000e+02 4.000000000000000000e+00
3.187425383832864084e-02 1.706254122556199349e+00 3.000000000000000000e+00 8.100000000000000000e+01 4.000000000000000000e+00
6.080533641533746730e-02 1.435648202812388696e+00 1.100000000000000000e+01 1.900000000000000000e+01 4.000000000000000000e+00
8.968315199980422259e-01 1.464967354698110347e+00 9.000000000000000000e+00 6.600000000000000000e+01 4.000000000000000000e+00
1.689727573845580810e-01 1.508961562425549019e+00 7.000000000000000000e+00 1.630000000000000000e+02 4.000000000000000000e+00
1.653562687604506198e-01 1.472739270310906567e+00 8.000000000000000000e+00 1.510000000000000000e+02 4.000000000000000000e+00
8.653554312352309541e-01 1.193077750099595047e+00 6.000000000000000000e+00 7.600000000000000000e+01 4.000000000000000000e+00
4.421573328804488945e-01 1.096655336618368448e+00 5.000000000000000000e+00 1.000000000000000000e+02 4.000000000000000000e+00
8.402247650474023999e-01 1.270782188693223569e+00 6.000000000000000000e+00 1.300000000000000000e+02 4.000000000000000000e+00
1.082638581274362050e-01 1.768485030004438352e+00 1.600000000000000000e+01 1.360000000000000000e+02 4.000000000000000000e+00
7.307556547931329805e-01 6.015723830990736820e-01 1.200000000000000000e+01 1.620000000000000000e+02 4.000000000000000000e+00
2.173634046580018575e-01 1.388016142238581718e+00 1.400000000000000000e+01 1.480000000000000000e+02 4.000000000000000000e+00
7.032149816883934701e-01 3.669248354015789415e-01 8.000000000000000000e+00 1.490000000000000000e+02 4.000000000000000000e+00
6.438535291277858175e-01 1.903628323414116696e+00 1.200000000000000000e+01 1.750000000000000000e+02 4.000000000000000000e+00
8.214850253772365551e-01 5.093763694818927990e-01 1.600000000000000000e+01 1.440000000000000000e+02 4.000000000000000000e+00
7.019417324748848941e-01 2.673715471204077820e-01 1.000000000000000000e+01 1.290000000000000000e+02 4.000000000000000000e+00
7.759286315121503019e-01 2.628103281008292713e-01 1.500000000000000000e+01 4.400000000000000000e+01 4.000000000000000000e+00
9.696416606391787818e-01 1.720448528262032761e+00 1.500000000000000000e+01 1.630000000000000000e+02 4.000000000000000000e+00
7.991245510931965779e-01 7.423290724667567231e-01 1.000000000000000000e+01 1.270000000000000000e+02 4.000000000000000000e+00
7.658839402536278262e-01 8.306570113006480627e-01 2.000000000000000000e+01 1.640000000000000000e+02 4.000000000000000000e+00
9.335653024514006804e-01 4.269923849900366664e-01 2.000000000000000000e+00 1.400000000000000000e+02 4.000000000000000000e+00
2.899497228705890661e-01 5.078197244224739171e-01 1.200000000000000000e+01 1.680000000000000000e+02 4.000000000000000000e+00
1.781783871653178641e-01 1.349128300977398442e+00 1.000000000000000000e+00 1.440000000000000000e+02 4.000000000000000000e+00
1.075300902329265756e-01 1.458046714751171535e+00 1.400000000000000000e+01 1.580000000000000000e+02 4.000000000000000000e+00
7.955995899545644789e-01 2.007540976334313498e+00 6.000000000000000000e+00 4.200000000000000000e+01 4.000000000000000000e+00
4.578092398927675610e-01 1.281159585306443471e+00 8.000000000000000000e+00 1.550000000000000000e+02 4.000000000000000000e+00
6.150016109457825397e-01 1.217212400977860431e+00 1.000000000000000000e+00 1.500000000000000000e+01 4.000000000000000000e+00
4.032500835897211422e-01 4.307469223954284443e-01 1.900000000000000000e+01 1.230000000000000000e+02 4.000000000000000000e+00
2.654804448049041116e-02 1.187972274059565070e+00 2.000000000000000000e+00 4.100000000000000000e+01 4.000000000000000000e+00
1.500190414716831011e-01 1.569222231259979061e+00 1.600000000000000000e+01 1.870000000000000000e+02 4.000000000000000000e+00
5.526001921655220306e-01 2.064300144000380755e+00 1.200000000000000000e+01 1.700000000000000000e+02 4.000000000000000000e+00
3.028695619366817970e-01 1.763720265735456927e+00 1.400000000000000000e+01 1.230000000000000000e+02 4.000000000000000000e+00
3.121073744409239570e-01 1.855890173207030147e-01 1.000000000000000000e+00 3.000000000000000000e+00 4.000000000000000000e+00
8.894833690332974996e-01 1.668428486369919028e+00 1.600000000000000000e+01 1.930000000000000000e+02 4.000000000000000000e+00
8.194023671647825413e-01 1.987431113635499846e+00 7.000000000000000000e+00 1.010000000000000000e+02 4.000000000000000000e+00
4.543172142875296915e-01 1.530389577720593808e+00 2.000000000000000000e+00 1.520000000000000000e+02 4.000000000000000000e+00
3.104501723115239420e-01 8.559176135326770352e-01 1.600000000000000000e+01 8.700000000000000000e+01 4.000000000000000000e+00
9.224541367257376168e-01 1.011259550944348273e+00 6.000000000000000000e+00 9.000000000000000000e+01 4.000000000000000000e+00
5.966906900287484161e-01 1.941198690123148163e+00 8.000000000000000000e+00 1.730000000000000000e+02 4.000000000000000000e+00
