-1.330597910751220923e+02
-1.330968082097047613e+02
-1.327492177886786919e+02
-1.329030146169785951e+02
-1.330967323415036958e+02
-1.330968545771484912e+02
-1.124788211398093409e+02
-1.330740154137101854e+02
-1.330967117970416211e+02
-1.330967654885387788e+02
-9.299898072193725795e+01
-1.330702531570980511e+02
-1.023821499152831791e+02
-1.330970105505844003e+02
-1.291821958029040047e+02
-1.194274190479052322e+02
-1.330966658129867710e+02
-1.198974832591781450e+02
-1.095923674881834557e+02
-1.330950462625426383e+02
-1.029579490339224748e+02
-1.330911724318407323e+02
-1.190353279911976188e+02
-1.330965901603747739e+02
-1.234815830078622128e+02
-1.325592137497216925e+02
-1.144921210877305242e+02
-1.330968438923484314e+02
-9.160958552510500397e+01
-9.334752306814814915e+01
-1.287521559566329472e+02
-1.191578248011361723e+02
-1.040952438106311746e+02
-1.330335067114646677e+02
-1.133361274363843307e+02
-1.330968558630675318e+02
-1.330960767176801198e+02
-9.167006300035713195e+01
-1.172639277766207329e+02
-1.089866033549687216e+02
-1.317804592965043184e+02
-1.330967652389932425e+02
-1.187108493610112419e+02
-1.298128859651426126e+02
-1.123291501953415832e+02
-9.728388237398088734e+01
-1.330948408044234554e+02
-1.330938606608185637e+02
-1.329611772132892042e+02
-1.165488351689239579e+02
-8.774559664933960335e+01
-9.302977830008228466e+01
-8.879820503032189549e+01
-1.219397415788344290e+02
-1.278401400829313417e+02
-1.278400440256285862e+02
-1.107633518465010383e+02
-1.123732333366294540e+02
-1.278399592749339888e+02
-1.278398945727073084e+02
-1.278400849981326246e+02
-1.278398731608164667e+02
-1.068965118242127375e+02
-1.278316493805854179e+02
-1.278395105645083731e+02
-9.378742057919731678e+01
-1.278346204858480206e+02
-1.278347746298413909e+02
-9.144348726510958159e+01
-9.600158070395889354e+01
-9.146041159692147460e+01
-1.032202333833595276e+02
-1.278398533349645305e+02
-1.277805955731610084e+02
-1.104154025945475581e+02
-9.404321676000536456e+01
-1.278073652225456556e+02
-1.278184823641087746e+02
-9.790849672965934758e+01
-1.278309921875358128e+02
-1.276610078851849011e+02
-1.276309786850545720e+02
-9.851117166187248131e+01
-1.178159805426864040e+02
-1.225677181936527234e+02
-1.278398645286833641e+02
-1.278399704580136955e+02
-8.781089283377806964e+01
-1.278400843182531617e+02
-1.148176514251292275e+02
-1.272237287564097272e+02
-9.165439912331247285e+01
-1.278402171181211457e+02
-1.272133542757675713e+02
-1.081059645901092807e+02
-1.278400577466356225e+02
-8.869848962238833678e+01
-1.278351313752229288e+02
-1.277820080398103926e+02
-1.164557574208793085e+02
-1.235614062585364366e+02
-1.235615240816179750e+02
-1.235615122715158662e+02
-1.235102544438862111e+02
-1.235605571674249177e+02
-9.374493748072630694e+01
-1.117319313021333045e+02
-1.020039858284935690e+02
-9.810371315473587117e+01
-1.235614729458280863e+02
-1.235614839647066248e+02
-1.235531332739617199e+02
-9.910535884202994339e+01
-1.235615213935855792e+02
-1.120659220661083708e+02
-1.235615107576167588e+02
-9.593828374352473531e+01
-1.235615604533840468e+02
-1.235396856701779029e+02
-1.235605001962778431e+02
-1.209279605313434303e+02
-1.235614914627135761e+02
-1.028971255355106535e+02
-1.235614341083011851e+02
-8.730445826811089205e+01
-1.180423128889455313e+02
-8.718764059467800109e+01
-1.235607997805425100e+02
-1.150169567948032352e+02
-1.235462517229151729e+02
-1.235575459097775592e+02
-8.647974252811701490e+01
-1.009113193632703513e+02
-1.233445101153050985e+02
-9.009218638102322529e+01
-1.024642014418069920e+02
-1.235614499061926495e+02
-1.204803269242392929e+02
-1.212330267467424534e+02
-1.235614855980740003e+02
-1.235614325761754202e+02
-1.235558349341075797e+02
-1.081379961104001097e+02
-1.219916952348797849e+02
-1.029728831047454776e+02
-1.235615040767352468e+02
-9.301563015631909082e+01
-1.170207878490252114e+02
-1.068085754359985060e+02
-1.221616529119680479e+02
-8.724511527584108705e+01
-8.676174858612075980e+01
-1.239422354181887584e+02
-1.239308204578807562e+02
-1.236775292980702261e+02
-1.232140217594496931e+02
-1.239309831713600261e+02
-1.089741066949160881e+02
-1.150533875206984504e+02
-1.207455343786122341e+02
-1.229442648417087298e+02
-1.218473139155492788e+02
-1.139683829337365495e+02
-1.176169755565246646e+02
-1.007681083205986141e+02
-1.145332419099195107e+02
-8.819805470272196146e+01
-8.708883547469356756e+01
-1.239422720920969425e+02
-1.102250510233272252e+02
-1.239402491756537188e+02
-1.238854055354974264e+02
-1.239366880277945455e+02
-1.234990404390921270e+02
-1.146165928070140581e+02
-1.124634922686481531e+02
-1.124359477564736807e+02
-1.238998636428148501e+02
-1.167977316471515081e+02
-1.110326045608017580e+02
-1.051294944680164321e+02
-1.203422882473033155e+02
-9.665123912857060873e+01
-1.239422202159027506e+02
-1.239377556932263786e+02
-1.238650673318941813e+02
-1.036614267552141087e+02
-1.239402403348056794e+02
-1.238742595011071472e+02
-1.239316301988409066e+02
-1.020647337406067834e+02
-1.239423101158221243e+02
-1.239422874474613820e+02
-1.152227361812270487e+02
-1.239422364160382557e+02
-1.239187027714799427e+02
-1.239336655021653542e+02
-1.239395907874464768e+02
-1.182107738957713252e+02
-1.079459647190912790e+02
-1.004456911515146516e+02
-1.090700808198265577e+02
-9.462182060640245140e+01
-9.394391919060394969e+01
-1.251427959598213846e+02
-8.876963628411637330e+01
-1.095204437350280244e+02
-1.209638950439489093e+02
-1.251434389007904713e+02
-1.251430926615192902e+02
-1.251434466952327824e+02
-1.053190746552919279e+02
-1.251409375274701574e+02
-1.250379652518920750e+02
-1.250980544392153746e+02
-1.251405890075116361e+02
-1.251369073368990996e+02
-1.226526247887144621e+02
-1.206030688039308956e+02
-1.236572729167670275e+02
-1.251431230755200090e+02
-1.014537309647782308e+02
-1.250389092300065386e+02
-9.052407870210646479e+01
-1.251434418170572087e+02
-9.683928570077586073e+01
-8.815717434851080725e+01
-8.777647512787103778e+01
-1.251430963488152912e+02
-1.081010038248279272e+02
-1.121023630557540116e+02
-9.508781520827352551e+01
-9.639125198063845801e+01
-1.251259204899644999e+02
-1.251339535978570439e+02
-1.251433693512645959e+02
-1.237148853270135191e+02
-1.251391577947008784e+02
-9.305537892850487935e+01
-1.251055339027966653e+02
-1.251408922100631003e+02
-1.251434407638604114e+02
-1.251432036349745545e+02
-1.239703402397778262e+02
-1.251393934142436422e+02
-1.251434291883064702e+02
-1.251402568247804510e+02
-1.132866780799708977e+02
-1.185986886252612891e+02
-1.251434186069482877e+02
