-9.849501925053854734e+01
-1.116750408147799476e+02
-1.330968604926732723e+02
-9.261134476769021262e+01
-9.350118966615626448e+01
-1.218646772378992438e+02
-1.330962222331894509e+02
-1.162965732167413364e+02
-1.060415766398143234e+02
-1.330750311169103668e+02
-1.329781028776851599e+02
-1.330962353832771043e+02
-1.262531781561065287e+02
-9.221898061268454683e+01
-1.330964275909225591e+02
-1.223982467112857790e+02
-1.330961420236523622e+02
-1.213075374006415927e+02
-9.064859392061160293e+01
-9.251255623543998752e+01
-1.286209268284757741e+02
-1.303046062999997616e+02
-1.304953166001841680e+02
-1.330956258708973508e+02
-1.036462336302893306e+02
-1.330967055106330008e+02
-9.149189681076494196e+01
-9.951561655031396469e+01
-1.330969394159532442e+02
-1.330953444812163298e+02
-1.285763523262692445e+02
-9.148555959893388945e+01
-1.330968218500873377e+02
-1.330968495159908684e+02
-1.330442078803766037e+02
-1.003913599389268256e+02
-1.330799137856601533e+02
-1.131815671300301602e+02
-9.551743858367574092e+01
-1.001261551531676304e+02
-8.878608555800592228e+01
-1.330967587691255289e+02
-1.330968158462253825e+02
-1.330846547223450216e+02
-1.025370048738376596e+02
-1.329124838059592264e+02
-9.900484576916329615e+01
-1.322140408901176158e+02
-1.326549599588255148e+02
-9.777610797239218243e+01
-1.278400360540315859e+02
-9.666092330380011788e+01
-1.128497470625436989e+02
-9.831133227623642767e+01
-1.278400259600982309e+02
-1.278304523539691075e+02
-1.213662208713716808e+02
-1.278398864180048804e+02
-1.278054513995239887e+02
-1.041747820618364102e+02
-1.271358171875770040e+02
-1.276918993657065471e+02
-1.278400847886591833e+02
-1.191104052760913419e+02
-9.681186839409953393e+01
-1.278398705643594155e+02
-9.465721365480639804e+01
-1.104516510683803006e+02
-1.278392795819721357e+02
-1.179248947603775122e+02
-1.226925763669309362e+02
-1.182103848416810763e+02
-8.961017202189161424e+01
-1.145579857694282424e+02
-8.857279281093900636e+01
-1.018145772524044332e+02
-9.791593005506936720e+01
-1.124575557657092872e+02
-1.106168761890214114e+02
-1.036930368648970386e+02
-1.278401107502663621e+02
-9.507217475635084725e+01
-1.278393226593730958e+02
-9.481124467060568861e+01
-1.271639189319529066e+02
-1.208876274821857493e+02
-8.857237179032355812e+01
-1.141319377349449411e+02
-1.278386179470496984e+02
-8.829442039908188633e+01
-1.036906348064211159e+02
-1.196309873208248007e+02
-9.961647786359272061e+01
-1.278400417108724696e+02
-9.822008619758855730e+01
-8.990550494631665401e+01
-1.266975619470839689e+02
-1.278401193659641990e+02
-1.278401457086725088e+02
-1.275438391931253079e+02
-1.234718149054323817e+02
-1.235610628668750337e+02
-9.200081705654248765e+01
-1.202172809437386007e+02
-9.859570394982752362e+01
-1.235615507474506813e+02
-9.086014513157685712e+01
-1.235615038090540168e+02
-1.175041744181631032e+02
-1.101341868784889044e+02
-1.235603007904614685e+02
-1.107557947672444385e+02
-1.235597754455885138e+02
-8.610742901786201742e+01
-1.033538952397260289e+02
-9.017860363835296766e+01
-9.884082429754069210e+01
-1.235615763844603094e+02
-1.222748214675486906e+02
-8.639702476513468810e+01
-1.235615318231382105e+02
-1.116335390812072603e+02
-1.235599698529570247e+02
-1.083460133368814127e+02
-1.141402450803450392e+02
-1.149516226113280908e+02
-1.166352851714430585e+02
-9.712637176897440838e+01
-8.601027456612338540e+01
-8.511692738961995985e+01
-1.234870965871184012e+02
-9.763931477139249182e+01
-9.287328995592653769e+01
-1.216456158559364127e+02
-1.235317905105952434e+02
-1.114509604014780990e+02
-9.537566432182174481e+01
-1.235614511304671908e+02
-1.235302485221243245e+02
-8.660571135368252271e+01
-8.713285580539866260e+01
-1.235603220177924726e+02
-1.192220927986899000e+02
-1.235614406242262646e+02
-1.235614333680561998e+02
-1.085778480440327911e+02
-1.189941821429321607e+02
-1.235614530043874169e+02
-1.235496148990420977e+02
-1.235615193320698495e+02
-1.220925468077171274e+02
-1.224363965925879540e+02
-1.157300957494814782e+02
-8.827532082792359347e+01
-1.239422660699886194e+02
-1.149646246436425940e+02
-1.083136625087837359e+02
-9.465464346163986420e+01
-1.239422257577521123e+02
-1.231719714356270572e+02
-1.114065555279602222e+02
-1.239422297255275964e+02
-1.144511718834437772e+02
-1.145981404504090193e+02
-1.237256433783656462e+02
-1.238714683287121403e+02
-8.798334881905600469e+01
-9.850630791653762230e+01
-1.239393142350776458e+02
-1.009878354489813574e+02
-1.168257657771876126e+02
-1.239239124591745309e+02
-1.222704271659548851e+02
-1.239424118850609489e+02
-1.218982274007990583e+02
-9.660870533471729971e+01
-9.991329863416540036e+01
-1.235593432306699100e+02
-1.110979007943050192e+02
-1.239179393856638427e+02
-1.190976627552240359e+02
-9.213638706422337066e+01
-1.036497725651175870e+02
-8.714068124355189582e+01
-1.199502275660755686e+02
-1.239422620250028757e+02
-1.069178161266167990e+02
-8.853867236849288247e+01
-1.230578841342236700e+02
-1.202320162950509541e+02
-9.683165275612410028e+01
-1.149603547760947606e+02
-1.239166741873127080e+02
-1.239070991045885251e+02
-1.055148255578118039e+02
-9.025396102740187132e+01
-8.713237921459474933e+01
-1.238738207731689016e+02
-1.239422764363203697e+02
-1.056463600807442162e+02
-1.251434191616624929e+02
-1.159247744780353315e+02
-1.234421850990602252e+02
-9.548911386767647969e+01
-1.251012910904830306e+02
-1.246050441213991462e+02
-1.251364182494686190e+02
-1.013325568960479899e+02
-1.251337891529388884e+02
-1.251377529373563675e+02
-1.251433694605525773e+02
-9.202968589037855907e+01
-1.251434403804174451e+02
-9.073921575940651962e+01
-1.251292053447856887e+02
-1.157533392175955811e+02
-1.250592122857244561e+02
-1.251402911390034660e+02
-1.251424988110221364e+02
-1.141867387131088520e+02
-1.119253000317039550e+02
-1.078174294508242923e+02
-1.227101623572921056e+02
-8.904837735624991524e+01
-1.197162873642086680e+02
-9.388749356329735463e+01
-1.149543423817724630e+02
-1.251433767333701752e+02
-1.251432594080467169e+02
-1.134399787712021777e+02
-1.251430880550235685e+02
-1.250971363991014442e+02
-1.251400360947439623e+02
-1.221439186560811692e+02
-9.331310132527400469e+01
-1.070424223327929241e+02
-1.111780435030671441e+02
-1.026014355040315422e+02
-1.251369576301035238e+02
-1.097982210571793331e+02
-1.248630014262905377e+02
-1.105081497897986083e+02
-1.251409027331000630e+02
-8.899431075522424806e+01
-1.251431295645004838e+02
-1.251433651979151165e+02
-1.235226874139219575e+02
-1.216654406829601527e+02
-1.246705990461204152e+02
-1.045729776440692547e+02
