-1.255195728147390071e+02
-1.209901161181935265e+02
-1.168887384646734660e+02
-1.174958394408398163e+02
-1.189890790409129977e+02
-9.467354965558556046e+01
-9.303989927634773949e+01
-9.067419386021143168e+01
-9.032724737745992627e+01
-9.170858673381772519e+01
-1.122712302557787467e+02
-1.092325945822435642e+02
-1.061703256770205428e+02
-1.065147758460917515e+02
-1.081438056700378070e+02
-1.330963633682193574e+02
-1.278398511619580660e+02
-1.235597888766529024e+02
-1.239413632604531017e+02
-1.251428984716614963e+02
-1.323068720856374227e+02
-1.269863074878790883e+02
-1.227419951323915228e+02
-1.230360212639180162e+02
-1.244482956462042296e+02
-1.330963790580765078e+02
-1.278396709916626861e+02
-1.235613169833585090e+02
-1.239416260683216819e+02
-1.251434565929306473e+02
-1.276199776330192179e+02
-1.228915941457643441e+02
-1.185368021229400881e+02
-1.190058215630184435e+02
-1.205759606628381562e+02
-1.296359725004032839e+02
-1.241373086373571937e+02
-1.196937313506400784e+02
-1.203160017967012152e+02
-1.216881905286297183e+02
-9.818140111539828752e+01
-9.616124732280997023e+01
-9.377782797088191558e+01
-9.341652944797280611e+01
-9.497097499809086685e+01
-1.156072451574890181e+02
-1.114592546566267117e+02
-1.081743782346420488e+02
-1.081235035535302416e+02
-1.100330454613595634e+02
-1.205349535937667298e+02
-1.167054282365281637e+02
-1.130103143196625552e+02
-1.135111722722796941e+02
-1.151150964152583640e+02
-9.054429922078291781e+01
-8.802041199977999497e+01
-8.690167580055614849e+01
-8.502168804887202214e+01
-8.569608533255886584e+01
-1.330968218136994494e+02
-1.278401237396938654e+02
-1.235615491122851779e+02
-1.239422800363168449e+02
-1.251434355724649237e+02
-1.330966329745414214e+02
-1.278315424432129959e+02
-1.235312868825087236e+02
-1.239274865601227305e+02
-1.251374422484369973e+02
-1.330968191308001849e+02
-1.278400697721705797e+02
-1.235615166823602635e+02
-1.239422800994754539e+02
-1.251434433372950537e+02
-1.328487654389469412e+02
-1.274422618195261379e+02
-1.231341456652653079e+02
-1.235819639930835621e+02
-1.247714522155342678e+02
-1.110317278690599920e+02
-1.081500085440275711e+02
-1.052002346539723021e+02
-1.052233113296032343e+02
-1.070009515987831747e+02
-9.961523760308078579e+01
-9.715835862489706187e+01
-9.482661738197515433e+01
-9.448058472385783091e+01
-9.597002112454441658e+01
-1.234877505449413633e+02
-1.193629061256754227e+02
-1.152833033234141169e+02
-1.158644992840116856e+02
-1.174258772251931475e+02
-1.118018334190455505e+02
-1.094713934555263251e+02
-1.062947791023372162e+02
-1.061538607110468462e+02
-1.080328757267510014e+02
-1.186123540429218934e+02
-1.151432016532903049e+02
-1.114671475518584316e+02
-1.119279554995094514e+02
-1.138434488626512291e+02
-9.811653461302519474e+01
-9.535289091768861169e+01
-9.290693100230812718e+01
-9.280875310268808676e+01
-9.401708662299215291e+01
-1.330968239750968678e+02
-1.278399985785064246e+02
-1.235615994727263995e+02
-1.239422309051809066e+02
-1.251435114502577051e+02
-1.121562864607704881e+02
-1.091924232540451669e+02
-1.059983533898759163e+02
-1.063575569586132019e+02
-1.081490795454760558e+02
-1.330730401309310480e+02
-1.278200889763763968e+02
-1.235386153760724710e+02
-1.239212484669956638e+02
-1.251198971906422486e+02
-1.203358254518992538e+02
-1.164785015917365172e+02
-1.128767316157699696e+02
-1.132688162255380604e+02
-1.149204581946521699e+02
-1.331028639557688962e+02
-1.278318248015637835e+02
-1.235502222078730767e+02
-1.239046472291524594e+02
-1.251357737010956583e+02
-1.330968228467840504e+02
-1.278400290215466129e+02
-1.235611950994135952e+02
-1.239420360677586359e+02
-1.251438437699297026e+02
-1.330564231250235139e+02
-1.277798377451100862e+02
-1.234243306634215998e+02
-1.238440338212070060e+02
-1.250548423788884378e+02
-1.310738622087289968e+02
-1.257757469077724011e+02
-1.213541697342981962e+02
-1.218786051201521445e+02
-1.231718720152624087e+02
-9.052613039244424442e+01
-8.869897855410843590e+01
-8.658310887389656330e+01
-8.581840646068296508e+01
-8.720441825626971877e+01
-1.330958098290715270e+02
-1.278399857959580999e+02
-1.235604177024665233e+02
-1.239409372915620366e+02
-1.251423494054347145e+02
-1.263713069728763685e+02
-1.216617312476243171e+02
-1.177000535799611640e+02
-1.182446627842123519e+02
-1.196571794666955242e+02
-1.330960824285244541e+02
-1.278377500634160384e+02
-1.235586952951937860e+02
-1.239313720526619420e+02
-1.251388120959478982e+02
-9.008424296760139782e+01
-8.853538178383456625e+01
-8.668525268239801562e+01
-8.549660146502358771e+01
-8.701553354541047725e+01
-1.133684157938654238e+02
-1.102051501660004789e+02
-1.070030011070606406e+02
-1.072330802486348915e+02
-1.091065773459366000e+02
-9.492766503279101187e+01
-9.160775767537408854e+01
-8.949312377303783705e+01
-9.043987013005032338e+01
-9.111867190952027329e+01
-1.014728464878943441e+02
-9.928914550203631961e+01
-9.693835747345399056e+01
-9.652565115500503623e+01
-9.825103919353153969e+01
-1.301870611379285378e+02
-1.243406540556528483e+02
-1.199903499751699485e+02
-1.203803325877895105e+02
-1.216344913834122394e+02
-1.330969861079673251e+02
-1.278398127232259043e+02
-1.235611968715601137e+02
-1.239407638269833569e+02
-1.251431644734796151e+02
-1.138614718882191283e+02
-1.108237491450619956e+02
-1.074531728821421837e+02
-1.073085460220724769e+02
-1.088674882252691702e+02
-1.330951372519974711e+02
-1.278378792319460757e+02
-1.235596048576419861e+02
-1.239403873297183907e+02
-1.251412580744874816e+02
-1.330940187284223555e+02
-1.278319458651224920e+02
-1.235588439680578290e+02
-1.239401903085168613e+02
-1.251427417635233752e+02
-1.329984323280900185e+02
-1.277159065415041539e+02
-1.233771365393884594e+02
-1.236923142331082488e+02
-1.249765842660092403e+02
-1.330968379108520594e+02
-1.278400701757013991e+02
-1.235615279423060429e+02
-1.239422833670043076e+02
-1.251433704802014830e+02
-9.874652617918525266e+01
-9.675954182662391645e+01
-9.428913642169196407e+01
-9.395672767011177484e+01
-9.561188769655134934e+01
-9.289447828505795712e+01
-9.028372156895567002e+01
-8.820718384251371447e+01
-8.818790313606197628e+01
-8.911696196107025969e+01
-1.161025998363521410e+02
-1.127901734582732018e+02
-1.093824163581061981e+02
-1.097499835438077866e+02
-1.115738472554726286e+02
-1.176050328333181767e+02
-1.138116394722683964e+02
-1.099312994969852326e+02
-1.104081033471461240e+02
-1.117049146899544922e+02
-1.320868159053889315e+02
-1.269049685200724014e+02
-1.224702161383565198e+02
-1.229111594537516226e+02
-1.241648819064278229e+02
