5.360284260841476911e-01 1.470634370167350102e+00 2.000000000000000000e+00 3.700000000000000000e+01 0.000000000000000000e+00
8.456741882596999771e-01 1.407530518432400735e+00 1.900000000000000000e+01 1.770000000000000000e+02 0.000000000000000000e+00
4.702195494811644422e-02 4.603113264564991924e-01 1.400000000000000000e+01 8.300000000000000000e+01 0.000000000000000000e+00
7.705694186783423882e-01 5.486092343362259927e-01 1.000000000000000000e+00 8.400000000000000000e+01 0.000000000000000000e+00
7.451350725311761680e-01 6.749809231839055679e-01 6.000000000000000000e+00 8.800000000000000000e+01 0.000000000000000000e+00
7.427800051371984402e-01 3.152949593158252961e-01 1.800000000000000000e+01 1.100000000000000000e+01 0.000000000000000000e+00
1.038521616117676766e-01 1.666378146361774393e+00 1.500000000000000000e+01 6.600000000000000000e+01 0.000000000000000000e+00
5.295973948864203251e-01 1.910193664856753681e+00 8.000000000000000000e+00 1.200000000000000000e+01 0.000000000000000000e+00
4.077383736352961918e-01 6.032372536653948236e-01 8.000000000000000000e+00 1.800000000000000000e+02 0.000000000000000000e+00
9.445278110488843915e-01 2.649615553281919889e-01 2.000000000000000000e+00 1.300000000000000000e+01 0.000000000000000000e+00
4.355026279393292565e-01 1.597452111015621234e+00 1.000000000000000000e+00 1.500000000000000000e+02 0.000000000000000000e+00
2.604140449826175541e-01 1.031834452011019421e+00 8.000000000000000000e+00 3.100000000000000000e+01 0.000000000000000000e+00
2.078231369631277081e-01 5.937471102539740864e-01 1.900000000000000000e+01 1.500000000000000000e+01 0.000000000000000000e+00
3.634505096014968295e-01 1.720699472242430250e+00 1.400000000000000000e+01 7.000000000000000000e+00 0.000000000000000000e+00
8.199663068445610659e-01 1.776126274351392587e+00 1.100000000000000000e+01 1.890000000000000000e+02 0.000000000000000000e+00
9.309977693377342600e-01 1.145233512265654285e+00 3.000000000000000000e+00 3.200000000000000000e+01 0.000000000000000000e+00
6.901904897814798989e-01 4.166840917647697262e-01 9.000000000000000000e+00 1.000000000000000000e+00 0.000000000000000000e+00
3.915384625316550293e-01 1.658275164615885533e+00 7.000000000000000000e+00 8.900000000000000000e+01 0.000000000000000000e+00
7.345163025180863059e-01 1.972745691127641754e+00 1.300000000000000000e+01 9.800000000000000000e+01 0.000000000000000000e+00
2.967286091329829345e-01 6.152019891997430046e-01 1.800000000000000000e+01 1.370000000000000000e+02 0.000000000000000000e+00
3.138536002415682757e-01 4.984764685475265855e-01 1.400000000000000000e+01 1.590000000000000000e+02 0.000000000000000000e+00
3.042380203463319610e-01 1.243906795415524513e+00 2.000000000000000000e+01 1.810000000000000000e+02 0.000000000000000000e+00
9.966771630224593448e-01 2.044725778164933949e+00 9.000000000000000000e+00 1.720000000000000000e+02 0.000000000000000000e+00
6.544928813658755506e-02 3.847021760766170528e-01 1.100000000000000000e+01 1.800000000000000000e+02 0.000000000000000000e+00
5.629236922129619014e-01 1.202132846735243676e+00 1.000000000000000000e+01 5.600000000000000000e+01 0.000000000000000000e+00
9.483342011926902959e-01 1.143804403786923940e+00 1.000000000000000000e+01 1.610000000000000000e+02 0.000000000000000000e+00
2.639568013658915024e-01 6.231920200384438724e-01 2.000000000000000000e+00 1.400000000000000000e+01 0.000000000000000000e+00
3.976390993878099467e-01 1.820389883235709938e+00 5.000000000000000000e+00 1.060000000000000000e+02 0.000000000000000000e+00
7.900199002433226647e-02 1.002507620865725313e+00 1.700000000000000000e+01 1.820000000000000000e+02 0.000000000000000000e+00
4.102511707850251543e-01 2.041314609264321955e+00 1.600000000000000000e+01 1.510000000000000000e+02 0.000000000000000000e+00
3.135193343529265597e-01 4.143804324159644503e-01 1.000000000000000000e+00 1.490000000000000000e+02 0.000000000000000000e+00
6.514492545535829349e-01 1.917707220643078136e-01 1.200000000000000000e+01 1.710000000000000000e+02 0.000000000000000000e+00
7.435817271895098779e-01 6.504818250770100230e-01 3.000000000000000000e+00 1.130000000000000000e+02 0.000000000000000000e+00
1.002877784303503494e+00 1.438686876762108158e+00 1.000000000000000000e+01 1.740000000000000000e+02 0.000000000000000000e+00
8.345322019359224797e-01 6.676885622582829916e-01 1.300000000000000000e+01 1.840000000000000000e+02 0.000000000000000000e+00
6.115303684220327884e-01 1.984894928378786005e+00 3.000000000000000000e+00 8.000000000000000000e+01 0.000000000000000000e+00
2.379991651871953273e-01 5.065401499138312280e-01 1.400000000000000000e+01 1.790000000000000000e+02 0.000000000000000000e+00
2.184814281154656007e-02 2.013024774636510639e+00 4.000000000000000000e+00 1.650000000000000000e+02 0.000000000000000000e+00
4.495266520917678976e-01 9.946265042798597689e-01 1.000000000000000000e+01 1.430000000000000000e+02 0.000000000000000000e+00
9.436155344398765576e-01 9.892496193022232154e-01 1.100000000000000000e+01 1.470000000000000000e+02 0.000000000000000000e+00
2.315816695054685459e-01 1.842802629853175445e+00 1.300000000000000000e+01 4.000000000000000000e+01 0.000000000000000000e+00
4.844343763351310200e-02 1.924314113957822592e+00 8.000000000000000000e+00 6.000000000000000000e+01 0.000000000000000000e+00
1.735329238504138560e-01 1.458991293224455754e+00 8.000000000000000000e+00 1.140000000000000000e+02 0.000000000000000000e+00
1.331777475795515864e-01 8.428536272076411207e-01 3.000000000000000000e+00 4.000000000000000000e+00 0.000000000000000000e+00
5.927876713781754514e-01 1.500923497424973885e+00 1.500000000000000000e+01 1.830000000000000000e+02 0.000000000000000000e+00
5.363706599509335815e-01 1.294978585102908308e+00 8.000000000000000000e+00 1.730000000000000000e+02 0.000000000000000000e+00
7.540584835598308500e-01 1.934674143810779734e+00 8.000000000000000000e+00 4.500000000000000000e+01 0.000000000000000000e+00
2.840719439638006438e-01 6.925651710510970505e-01 1.400000000000000000e+01 1.630000000000000000e+02 0.000000000000000000e+00
1.449967089713228852e-01 5.924053560811318730e-01 1.900000000000000000e+01 1.700000000000000000e+01 0.000000000000000000e+00
5.217473061817440305e-01 2.077545457352050207e+00 4.000000000000000000e+00 4.000000000000000000e+01 0.000000000000000000e+00
5.655283601516641889e-01 1.723774708515488641e+00 1.900000000000000000e+01 8.500000000000000000e+01 1.000000000000000000e+00
8.292533171539872017e-01 9.999475524002739979e-01 8.000000000000000000e+00 1.530000000000000000e+02 1.000000000000000000e+00
1.006150039640349769e+00 7.990662947842578356e-01 7.000000000000000000e+00 9.600000000000000000e+01 1.000000000000000000e+00
8.919040585436061042e-01 1.908594549346849245e+00 8.000000000000000000e+00 1.750000000000000000e+02 1.000000000000000000e+00
6.930277384282351738e-01 1.122166980553702231e+00 1.500000000000000000e+01 3.300000000000000000e+01 1.000000000000000000e+00
3.822202476302118956e-01 1.390167667217100611e+00 1.000000000000000000e+01 3.100000000000000000e+01 1.000000000000000000e+00
1.377854996743488325e-01 1.553787015868457022e+00 3.000000000000000000e+00 7.400000000000000000e+01 1.000000000000000000e+00
1.158269222029328777e-01 1.679692801155385329e+00 4.000000000000000000e+00 2.800000000000000000e+01 1.000000000000000000e+00
2.030800706104031184e-01 1.389161304477837477e+00 1.400000000000000000e+01 1.700000000000000000e+02 1.000000000000000000e+00
4.221453504527468148e-01 1.292799155987335080e+00 5.000000000000000000e+00 2.000000000000000000e+01 1.000000000000000000e+00
5.853432526016643100e-01 2.827978656813506797e-01 4.000000000000000000e+00 8.500000000000000000e+01 1.000000000000000000e+00
4.146785761619030675e-01 8.241147057356318362e-01 1.200000000000000000e+01 6.200000000000000000e+01 1.000000000000000000e+00
1.005374979768151489e+00 1.106293957160165764e+00 1.800000000000000000e+01 7.500000000000000000e+01 1.000000000000000000e+00
2.958450811249974111e-01 1.346436638006034414e+00 1.300000000000000000e+01 6.200000000000000000e+01 1.000000000000000000e+00
3.852293475289498836e-01 1.058803437768612632e+00 1.500000000000000000e+01 1.510000000000000000e+02 1.000000000000000000e+00
2.524772921266592585e-01 1.439104627192627106e+00 1.800000000000000000e+01 7.300000000000000000e+01 1.000000000000000000e+00
9.578657548882743011e-01 1.769750489218484990e+00 1.300000000000000000e+01 1.280000000000000000e+02 1.000000000000000000e+00
8.534424311042640987e-01 1.643277773552366705e+00 1.400000000000000000e+01 1.990000000000000000e+02 1.000000000000000000e+00
5.913607189837306599e-01 1.057186896593739489e-01 1.300000000000000000e+01 1.580000000000000000e+02 1.000000000000000000e+00
9.661528067618672111e-01 5.046319025800219960e-01 3.000000000000000000e+00 1.810000000000000000e+02 1.000000000000000000e+00
6.626278297181179555e-01 1.961784517454486787e+00 1.800000000000000000e+01 8.200000000000000000e+01 1.000000000000000000e+00
6.979362787592556794e-01 1.002684004434244658e+00 1.000000000000000000e+01 3.800000000000000000e+01 1.000000000000000000e+00
4.199693978956335894e-01 1.846775440466514207e+00 1.500000000000000000e+01 1.710000000000000000e+02 1.000000000000000000e+00
3.560844066552594223e-01 2.845204370989856679e-01 1.000000000000000000e+01 4.400000000000000000e+01 1.000000000000000000e+00
9.294160416985908224e-01 1.547865617813087180e+00 1.600000000000000000e+01 1.820000000000000000e+02 1.000000000000000000e+00
2.359339999280317679e-01 1.831177742210835735e+00 1.100000000000000000e+01 2.900000000000000000e+01 1.000000000000000000e+00
4.372619438559796068e-01 1.009437035396720361e+00 6.000000000000000000e+00 1.730000000000000000e+02 1.000000000000000000e+00
4.521207159018384436e-01 1.758171725337114077e+00 2.000000000000000000e+01 1.510000000000000000e+02 1.000000000000000000e+00
3.628480004403820125e-01 1.664299799935070823e+00 3.000000000000000000e+00 8.600000000000000000e+01 1.000000000000000000e+00
4.448933104763199697e-01 8.416589534694233210e-01 5.000000000000000000e+00 1.420000000000000000e+02 1.000000000000000000e+00
5.392445367049998328e-01 1.924900302047477751e+00 9.000000000000000000e+00 1.900000000000000000e+01 1.000000000000000000e+00
7.612688456267409087e-01 1.624924944749176758e-01 9.000000000000000000e+00 4.000000000000000000e+01 1.000000000000000000e+00
6.451864620012621732e-01 1.358660235318005949e+00 1.000000000000000000e+00 1.620000000000000000e+02 1.000000000000000000e+00
3.732151404783055071e-01 1.441435481327217438e+00 1.200000000000000000e+01 1.720000000000000000e+02 1.000000000000000000e+00
2.361764225261806516e-01 5.715699164390798392e-01 1.800000000000000000e+01 1.600000000000000000e+01 1.000000000000000000e+00
1.185401918665143078e-01 2.094751306270751512e-01 9.000000000000000000e+00 1.300000000000000000e+01 1.000000000000000000e+00
4.723918133219563442e-01 1.996482154793989050e+00 9.000000000000000000e+00 9.800000000000000000e+01 1.000000000000000000e+00
1.150696997498504709e-01 1.292345233692459683e+00 1.400000000000000000e+01 1.950000000000000000e+02 1.000000000000000000e+00
6.869534143141966531e-01 1.486398655263587498e+00 1.100000000000000000e+01 3.900000000000000000e+01 1.000000000000000000e+00
5.508651611025098260e-01 1.335789435319080010e+00 1.000000000000000000e+01 1.500000000000000000e+01 1.000000000000000000e+00
8.787059518975121053e-01 7.427648824461275945e-01 1.200000000000000000e+01 1.140000000000000000e+02 1.000000000000000000e+00
9.347468399077726309e-01 2.951882280256551416e-01 2.000000000000000000e+01 8.200000000000000000e+01 1.000000000000000000e+00
8.400231041153278788e-01 3.378199457384557514e-01 1.000000000000000000e+00 8.400000000000000000e+01 1.000000000000000000e+00
6.100251704109990181e-01 1.169209679873711938e+00 6.000000000000000000e+00 1.210000000000000000e+02 1.000000000000000000e+00
4.362746531178967047e-01 8.114627766017096233e-01 1.500000000000000000e+01 4.500000000000000000e+01 1.000000000000000000e+00
6.618340081749888304e-01 1.259125587611316988e+00 9.000000000000000000e+00 3.300000000000000000e+01 1.000000000000000000e+00
2.104805233673545661e-01 2.805537651703337021e-01 5.000000000000000000e+00 5.300000000000000000e+01 1.000000000000000000e+00
7.489867279727312199e-02 1.421009567588861489e-01 1.700000000000000000e+01 1.750000000000000000e+02 1.000000000000000000e+00
6.230339250032944642e-01 9.050257957970088141e-01 1.000000000000000000e+00 1.890000000000000000e+02 1.000000000000000000e+00
8.898690459232997396e-01 1.723543454054402846e-01 1.400000000000000000e+01 1.920000000000000000e+02 1.000000000000000000e+00
4.797270497387843280e-01 1.904840419506293792e+00 2.000000000000000000e+00 9.500000000000000000e+01 2.000000000000000000e+00
4.315462545192632060e-01 1.387737183804619745e+00 5.000000000000000000e+00 1.660000000000000000e+02 2.000000000000000000e+00
1.307238628941045366e-01 1.263703243185087421e+00 1.100000000000000000e+01 6.700000000000000000e+01 2.000000000000000000e+00
5.001131366392058686e-01 1.519595667541666639e+00 6.000000000000000000e+00 1.730000000000000000e+02 2.000000000000000000e+00
4.669387208476045714e-01 6.004546867323991011e-01 1.800000000000000000e+01 7.200000000000000000e+01 2.000000000000000000e+00
3.092618650421223858e-01 1.658454309240353641e+00 1.300000000000000000e+01 1.690000000000000000e+02 2.000000000000000000e+00
5.118332879466631624e-01 3.967180368729917861e-01 1.100000000000000000e+01 1.450000000000000000e+02 2.000000000000000000e+00
2.005527395148211101e-01 1.628002838609698300e+00 6.000000000000000000e+00 6.300000000000000000e+01 2.000000000000000000e+00
6.634924694064913142e-01 4.829445124390764343e-01 1.200000000000000000e+01 1.800000000000000000e+02 2.000000000000000000e+00
1.003508197062218610e+00 1.647329241692343071e+00 1.300000000000000000e+01 1.620000000000000000e+02 2.000000000000000000e+00
9.619018179023787196e-01 4.266549372668509976e-01 1.200000000000000000e+01 1.800000000000000000e+01 2.000000000000000000e+00
2.383080896881857313e-01 1.433709919632241592e+00 1.900000000000000000e+01 2.500000000000000000e+01 2.000000000000000000e+00
7.933225804435201090e-01 1.371625279696294941e-01 2.000000000000000000e+01 6.400000000000000000e+01 2.000000000000000000e+00
4.305321615151705972e-01 1.933331978562723874e+00 1.000000000000000000e+01 5.000000000000000000e+01 2.000000000000000000e+00
6.015585013304686202e-01 1.085017260335364275e+00 9.000000000000000000e+00 3.500000000000000000e+01 2.000000000000000000e+00
8.602629211269360310e-01 1.945482485330890077e+00 1.900000000000000000e+01 6.400000000000000000e+01 2.000000000000000000e+00
4.654332666206344449e-01 4.791858315205682617e-01 1.200000000000000000e+01 9.200000000000000000e+01 2.000000000000000000e+00
6.826172957825332732e-01 7.585088725509335772e-01 2.000000000000000000e+00 1.180000000000000000e+02 2.000000000000000000e+00
3.014213316419446231e-01 7.579351514917914701e-01 1.700000000000000000e+01 9.900000000000000000e+01 2.000000000000000000e+00
7.147683469270458279e-01 8.180419487321167749e-01 1.700000000000000000e+01 1.510000000000000000e+02 2.000000000000000000e+00
2.213290984685682972e-01 9.073029577557979453e-01 1.600000000000000000e+01 2.000000000000000000e+01 2.000000000000000000e+00
4.356559202944119136e-01 1.336272300597014073e+00 1.100000000000000000e+01 1.270000000000000000e+02 2.000000000000000000e+00
7.413700973911777625e-01 2.254951551798309028e-01 2.000000000000000000e+01 1.400000000000000000e+01 2.000000000000000000e+00
6.345024203434129761e-01 1.151314414752424131e+00 8.000000000000000000e+00 9.500000000000000000e+01 2.000000000000000000e+00
5.555622707364807900e-01 1.830423930379344366e+00 5.000000000000000000e+00 1.660000000000000000e+02 2.000000000000000000e+00
4.799926348162684153e-01 1.218921675568092056e+00 6.000000000000000000e+00 3.000000000000000000e+00 2.000000000000000000e+00
5.317190464055459032e-01 2.484377261026446126e-01 3.000000000000000000e+00 1.300000000000000000e+01 2.000000000000000000e+00
3.967016152529747597e-01 2.230471623637536871e-01 1.800000000000000000e+01 2.500000000000000000e+01 2.000000000000000000e+00
7.106491777465830939e-01 1.535131736826782722e+00 3.000000000000000000e+00 4.200000000000000000e+01 2.000000000000000000e+00
8.007551005888534357e-02 1.910994156109530273e+00 1.800000000000000000e+01 1.570000000000000000e+02 2.000000000000000000e+00
7.269521118559577610e-01 1.783807372670349833e+00 1.400000000000000000e+01 1.800000000000000000e+01 2.000000000000000000e+00
1.063375982784250245e-01 1.242487593063476892e+00 1.000000000000000000e+00 7.000000000000000000e+00 2.000000000000000000e+00
5.926442695849224451e-01 1.488874822001375886e+00 2.000000000000000000e+00 4.000000000000000000e+00 2.000000000000000000e+00
8.641820826048057791e-01 1.169981316121010639e+00 5.000000000000000000e+00 1.200000000000000000e+02 2.000000000000000000e+00
8.430509308169668037e-01 1.239371746714430511e+00 1.000000000000000000e+00 1.240000000000000000e+02 2.000000000000000000e+00
5.595438450579504064e-01 2.350168829583309249e-01 3.000000000000000000e+00 1.910000000000000000e+02 2.000000000000000000e+00
9.732497221864788717e-01 4.711994558477720085e-01 1.600000000000000000e+01 9.500000000000000000e+01 2.000000000000000000e+00
4.658044742400867938e-02 2.909230644529811061e-01 1.500000000000000000e+01 1.060000000000000000e+02 2.000000000000000000e+00
9.240634837969846638e-01 1.831188305678348671e+00 1.000000000000000000e+01 1.470000000000000000e+02 2.000000000000000000e+00
6.734239633682936876e-01 1.505311056129915726e-01 2.000000000000000000e+00 1.970000000000000000e+02 2.000000000000000000e+00
7.607139412614299934e-01 2.010402791596875627e+00 1.600000000000000000e+01 1.130000000000000000e+02 2.000000000000000000e+00
4.765265579031033871e-01 5.846285055553531729e-01 1.700000000000000000e+01 4.200000000000000000e+01 2.000000000000000000e+00
8.543446620689580939e-01 2.019873795997991550e+00 2.000000000000000000e+00 1.140000000000000000e+02 2.000000000000000000e+00
2.410804469908544440e-02 8.003061495822626492e-01 1.000000000000000000e+01 1.300000000000000000e+02 2.000000000000000000e+00
5.415224979503863167e-01 7.301582623838075436e-01 1.000000000000000000e+00 1.770000000000000000e+02 2.000000000000000000e+00
8.984585739488930578e-01 1.227666469080031408e+00 1.800000000000000000e+01 9.300000000000000000e+01 2.000000000000000000e+00
8.099024815125472898e-01 1.733845297401957364e+00 2.000000000000000000e+01 4.900000000000000000e+01 2.000000000000000000e+00
7.463515329883075866e-01 2.358859862426984366e-01 8.000000000000000000e+00 9.200000000000000000e+01 2.000000000000000000e+00
4.364600951868748968e-01 1.071796165099325515e+00 1.100000000000000000e+01 4.000000000000000000e+00 2.000000000000000000e+00
9.420144478646670372e-01 9.578948157379240103e-01 7.000000000000000000e+00 1.880000000000000000e+02 2.000000000000000000e+00
1.919363338415568804e-02 1.121053791463951566e+00 1.800000000000000000e+01 1.290000000000000000e+02 3.000000000000000000e+00
5.934515980868626528e-01 1.062126951330480296e+00 5.000000000000000000e+00 5.000000000000000000e+00 3.000000000000000000e+00
3.031169769787940282e-01 1.826279333778941361e+00 1.400000000000000000e+01 1.540000000000000000e+02 3.000000000000000000e+00
1.155584216408643700e-01 5.741079609684586194e-01 3.000000000000000000e+00 1.920000000000000000e+02 3.000000000000000000e+00
7.046042728912433883e-01 2.080621541779853700e+00 1.600000000000000000e+01 1.790000000000000000e+02 3.000000000000000000e+00
9.758503674824335616e-02 7.073113366036175576e-01 1.000000000000000000e+01 1.490000000000000000e+02 3.000000000000000000e+00
3.856268485051087547e-01 2.052377306040698901e+00 1.000000000000000000e+00 1.800000000000000000e+02 3.000000000000000000e+00
8.316943295837880834e-01 3.648662320754944011e-01 3.000000000000000000e+00 1.600000000000000000e+02 3.000000000000000000e+00
3.560014760449321525e-01 8.967805081222631758e-01 2.000000000000000000e+01 1.800000000000000000e+02 3.000000000000000000e+00
7.819152889489645597e-01 1.594621725020352321e-01 2.000000000000000000e+00 3.000000000000000000e+00 3.000000000000000000e+00
3.870507216539046391e-01 1.995900247688223994e-01 1.500000000000000000e+01 1.920000000000000000e+02 3.000000000000000000e+00
3.552329904986575304e-01 2.054066068798407141e+00 1.100000000000000000e+01 1.760000000000000000e+02 3.000000000000000000e+00
6.881363301959348977e-01 1.295573184729756022e+00 1.600000000000000000e+01 1.740000000000000000e+02 3.000000000000000000e+00
3.898969697256893241e-01 1.548882152972964610e+00 1.400000000000000000e+01 1.400000000000000000e+01 3.000000000000000000e+00
9.554284492882807456e-01 1.021263537806814892e+00 1.000000000000000000e+01 1.210000000000000000e+02 3.000000000000000000e+00
2.779804250211806993e-01 8.924992983797742641e-01 9.000000000000000000e+00 1.510000000000000000e+02 3.000000000000000000e+00
9.732295503511352308e-01 6.556105331519729296e-01 1.300000000000000000e+01 4.100000000000000000e+01 3.000000000000000000e+00
1.451883802897778984e-02 1.962011643397301608e+00 1.700000000000000000e+01 9.600000000000000000e+01 3.000000000000000000e+00
2.123328481350373886e-01 3.654142545844593082e-01 4.000000000000000000e+00 1.390000000000000000e+02 3.000000000000000000e+00
4.945708799808217204e-01 2.254899762814261133e-01 1.400000000000000000e+01 7.000000000000000000e+01 3.000000000000000000e+00
5.861994599598081557e-01 2.006063967308869600e+00 1.400000000000000000e+01 1.640000000000000000e+02 3.000000000000000000e+00
9.216262867664372083e-01 1.182973498128458312e+00 4.000000000000000000e+00 3.100000000000000000e+01 3.000000000000000000e+00
4.282411811374917665e-01 4.988331529364208317e-01 8.000000000000000000e+00 4.600000000000000000e+01 3.000000000000000000e+00
1.363461895387986234e-01 1.392459542564373542e+00 1.400000000000000000e+01 1.020000000000000000e+02 3.000000000000000000e+00
8.613118871457957626e-01 7.990661760813776437e-01 1.700000000000000000e+01 3.400000000000000000e+01 3.000000000000000000e+00
5.402142692151399306e-01 3.945747649976153459e-01 4.000000000000000000e+00 5.900000000000000000e+01 3.000000000000000000e+00
9.362063554456894199e-01 9.096207013136549113e-01 1.200000000000000000e+01 1.860000000000000000e+02 3.000000000000000000e+00
1.173654349930363348e-02 1.441261322315041893e+00 2.000000000000000000e+00 4.500000000000000000e+01 3.000000000000000000e+00
6.029148294041119377e-02 1.014639968398288739e+00 1.100000000000000000e+01 3.800000000000000000e+01 3.000000000000000000e+00
7.515135442017535361e-01 1.353827279175530141e+00 1.900000000000000000e+01 1.040000000000000000e+02 3.000000000000000000e+00
7.082389979236123345e-01 8.293778437003630488e-01 1.700000000000000000e+01 1.990000000000000000e+02 3.000000000000000000e+00
9.730056089523376750e-01 8.321196496490644856e-01 3.000000000000000000e+00 1.460000000000000000e+02 3.000000000000000000e+00
8.426577587696342242e-01 2.409200899286711162e-01 1.300000000000000000e+01 1.210000000000000000e+02 3.000000000000000000e+00
6.931072282705340593e-01 1.054054228274444727e+00 4.000000000000000000e+00 1.500000000000000000e+01 3.000000000000000000e+00
9.835214251514275974e-01 1.168864315831078970e+00 1.100000000000000000e+01 1.890000000000000000e+02 3.000000000000000000e+00
2.102035331138052410e-01 1.297241650163554860e+00 1.800000000000000000e+01 9.400000000000000000e+01 3.000000000000000000e+00
7.232360286257960569e-01 1.755879834327459088e+00 1.100000000000000000e+01 7.800000000000000000e+01 3.000000000000000000e+00
9.488052660379410197e-01 8.419901211046244560e-01 3.000000000000000000e+00 1.290000000000000000e+02 3.000000000000000000e+00
9.998480708208876688e-01 2.124449673144392092e-01 2.000000000000000000e+01 1.140000000000000000e+02 3.000000000000000000e+00
5.101258622880945337e-01 1.899013964372302965e+00 1.100000000000000000e+01 3.800000000000000000e+01 3.000000000000000000e+00
3.357620282465662020e-01 4.560491344803575542e-01 4.000000000000000000e+00 1.200000000000000000e+02 3.000000000000000000e+00
1.907223588191294672e-01 6.568805485490062379e-01 1.000000000000000000e+01 1.580000000000000000e+02 3.000000000000000000e+00
1.005920730792563521e-02 8.564873482257268078e-01 1.200000000000000000e+01 8.000000000000000000e+01 3.000000000000000000e+00
8.323533009555441620e-01 3.784146753314151512e-01 2.000000000000000000e+01 9.600000000000000000e+01 3.000000000000000000e+00
1.414185136468447679e-01 1.818293433701001938e+00 3.000000000000000000e+00 1.000000000000000000e+00 3.000000000000000000e+00
6.090519388532157352e-01 2.750253254198472552e-01 1.600000000000000000e+01 1.940000000000000000e+02 3.000000000000000000e+00
7.334212061458067478e-01 1.649348980157270717e+00 2.000000000000000000e+00 1.040000000000000000e+02 3.000000000000000000e+00
1.883371305101458892e-01 1.669141376241187746e+00 1.900000000000000000e+01 2.400000000000000000e+01 3.000000000000000000e+00
6.528020203100025343e-02 5.266609605118696136e-01 1.100000000000000000e+01 1.390000000000000000e+02 3.000000000000000000e+00
1.736705208660851429e-01 1.452208491577317462e+00 1.900000000000000000e+01 1.480000000000000000e+02 3.000000000000000000e+00
8.790329149247758656e-01 4.772552851352148684e-01 1.300000000000000000e+01 5.200000000000000000e+01 4.000000000000000000e+00
5.627785148280488592e-01 9.874162573473289628e-01 6.000000000000000000e+00 1.290000000000000000e+02 4.000000000000000000e+00
4.335647910654971682e-01 7.923205420943840727e-01 2.000000000000000000e+01 1.990000000000000000e+02 4.000000000000000000e+00
2.016833681905770836e-01 1.228255414372701804e+00 2.000000000000000000e+00 1.450000000000000000e+02 4.000000000000000000e+00
4.676516135258695916e-01 2.523477366235528097e-01 2.000000000000000000e+00 7.200000000000000000e+01 4.000000000000000000e+00
3.092810241605081084e-02 2.091181671968231903e+00 1.100000000000000000e+01 7.800000000000000000e+01 4.000000000000000000e+00
2.278006800900233414e-02 1.082150214362352925e+00 1.700000000000000000e+01 5.200000000000000000e+01 4.000000000000000000e+00
8.667828622143253225e-01 4.765690230653837345e-01 1.300000000000000000e+01 1.630000000000000000e+02 4.000000000000000000e+00
7.902336873656770067e-01 1.674298291326553612e+00 2.000000000000000000e+01 1.320000000000000000e+02 4.000000000000000000e+00
7.746277996939151533e-01 1.226192137706217489e+00 3.000000000000000000e+00 1.020000000000000000e+02 4.000000000000000000e+00
8.042714849479393191e-01 4.591765695158108729e-01 1.700000000000000000e+01 2.000000000000000000e+00 4.000000000000000000e+00
1.036765680644001625e-01 1.826729706892195326e-01 2.000000000000000000e+01 7.800000000000000000e+01 4.000000000000000000e+00
8.789572862024208622e-01 1.872159393327017973e+00 7.000000000000000000e+00 1.120000000000000000e+02 4.000000000000000000e+00
5.180031014725169358e-01 1.164299730572942781e+00 7.000000000000000000e+00 1.700000000000000000e+02 4.000000000000000000e+00
3.124340065035312586e-01 1.838521273480832330e-01 1.800000000000000000e+01 1.910000000000000000e+02 4.000000000000000000e+00
1.593866963982154550e-01 1.396177677456192923e+00 1.800000000000000000e+01 2.600000000000000000e+01 4.000000000000000000e+00
2.964650660008619765e-01 1.850330726358252020e+00 1.500000000000000000e+01 1.190000000000000000e+02 4.000000000000000000e+00
7.013157319363518827e-01 1.200313432009527670e+00 1.100000000000000000e+01 1.330000000000000000e+02 4.000000000000000000e+00
5.814840971880513854e-01 1.481290448983966668e+00 8.000000000000000000e+00 1.110000000000000000e+02 4.000000000000000000e+00
8.640253873641465798e-01 1.564352398047638149e+00 1.100000000000000000e+01 3.600000000000000000e+01 4.000000000000000000e+00
6.623295467661392821e-02 6.013391562090749654e-01 5.000000000000000000e+00 1.750000000000000000e+02 4.000000000000000000e+00
9.351060209248074351e-01 4.732204977438846383e-01 1.000000000000000000e+01 2.400000000000000000e+01 4.000000000000000000e+00
5.682391098422581166e-01 1.418543418211701157e+00 1.000000000000000000e+01 1.180000000000000000e+02 4.000000000000000000e+00
8.151360102347682268e-01 2.046994449595254562e+00 1.000000000000000000e+01 5.900000000000000000e+01 4.000000000000000000e+00
6.972035305335179123e-01 2.055884338642278042e+00 2.000000000000000000e+01 5.200000000000000000e+01 4.000000000000000000e+00
5.148189972611166842e-01 1.348294839171170212e+00 1.700000000000000000e+01 1.560000000000000000e+02 4.000000000000000000e+00
8.613327475051011373e-01 3.561346585639316720e-01 6.000000000000000000e+00 1.970000000000000000e+02 4.000000000000000000e+00
3.250394304400714418e-01 2.068970151493753351e-01 1.600000000000000000e+01 2.600000000000000000e+01 4.000000000000000000e+00
3.806284428960277078e-01 3.995415888769277002e-01 1.100000000000000000e+01 6.000000000000000000e+01 4.000000000000000000e+00
4.416871640202241212e-01 6.331130392931237916e-01 1.300000000000000000e+01 6.000000000000000000e+01 4.000000000000000000e+00
6.399679745702487876e-01 2.108836310457748164e-01 1.500000000000000000e+01 3.500000000000000000e+01 4.000000000000000000e+00
5.014835918134779025e-01 1.882230694471643373e+00 6.000000000000000000e+00 4.400000000000000000e+01 4.000000000000000000e+00
5.316955585396144768e-01 5.609705080804977539e-01 5.000000000000000000e+00 9.000000000000000000e+01 4.000000000000000000e+00
2.860612028137794471e-01 7.383046847305551053e-01 1.900000000000000000e+01 1.600000000000000000e+02 4.000000000000000000e+00
7.543668216204294508e-01 1.545950888316382610e+00 1.000000000000000000e+00 1.530000000000000000e+02 4.000000000000000000e+00
6.523650572578739704e-01 2.859130509020940680e-01 1.300000000000000000e+01 1.980000000000000000e+02 4.000000000000000000e+00
6.566611269581056065e-02 1.142558793715644949e+00 4.000000000000000000e+00 5.000000000000000000e+00 4.000000000000000000e+00
3.046517504353069006e-01 5.144444436459733039e-01 1.700000000000000000e+01 7.500000000000000000e+01 4.000000000000000000e+00
5.362288316695917878e-01 1.634078678049736721e+00 1.000000000000000000e+00 3.500000000000000000e+01 4.000000000000000000e+00
3.332703855462026965e-01 1.748192059908920681e+00 3.000000000000000000e+00 6.600000000000000000e+01 4.000000000000000000e+00
1.009114281431251342e-01 3.082847033818730820e-01 7.000000000000000000e+00 5.800000000000000000e+01 4.000000000000000000e+00
3.249339768365435699e-01 1.384018560097328487e+00 1.400000000000000000e+01 1.760000000000000000e+02 4.000000000000000000e+00
4.686228631799778110e-01 1.690208154925249895e+00 2.000000000000000000e+01 9.100000000000000000e+01 4.000000000000000000e+00
3.804502461671874780e-01 3.793702528829742127e-01 8.000000000000000000e+00 1.210000000000000000e+02 4.000000000000000000e+00
1.055223482462111922e-01 1.222646569291462759e+00 1.700000000000000000e+01 6.400000000000000000e+01 4.000000000000000000e+00
4.803937233382190586e-01 3.787081920919154188e-01 1.600000000000000000e+01 6.200000000000000000e+01 4.000000000000000000e+00
9.396955195871067312e-01 1.656429429703086820e+00 2.000000000000000000e+01 1.940000000000000000e+02 4.000000000000000000e+00
3.846605004707009945e-01 1.292029005571730116e-01 3.000000000000000000e+00 1.840000000000000000e+02 4.000000000000000000e+00
1.782869324348389517e-01 7.395681875707985631e-01 6.000000000000000000e+00 1.680000000000000000e+02 4.000000000000000000e+00
5.148800741041597018e-01 5.257941786027747755e-01 7.000000000000000000e+00 3.900000000000000000e+01 4.000000000000000000e+00
