-9.082365400966183699e+01
-1.330967341539429185e+02
-1.325483669885902600e+02
-9.418769543998830329e+01
-1.330786799419671240e+02
-1.330682173388629224e+02
-1.328310649285951115e+02
-1.325614568962940893e+02
-1.034593076950291533e+02
-1.124693882132026914e+02
-1.330716447099560185e+02
-1.173752891239802096e+02
-1.330954498935914501e+02
-1.065216385280278928e+02
-9.558460517219131702e+01
-1.040667801850275254e+02
-1.327523992373903639e+02
-1.327716500696882918e+02
-1.202738021506959569e+02
-1.226936981692111601e+02
-1.270308878946717357e+02
-1.330022619440629796e+02
-1.248130553918496872e+02
-1.281406140208679290e+02
-1.276758453960561610e+02
-1.109212740091461029e+02
-9.669822580130609424e+01
-1.330312614426179891e+02
-1.330965240181226932e+02
-1.330946180461186259e+02
-1.269828789353261129e+02
-1.328428380757754041e+02
-1.316203776842712614e+02
-1.095680577441309822e+02
-1.330966947658939716e+02
-1.027107959277611826e+02
-1.330967707106791238e+02
-1.327792888692043505e+02
-1.330945886950066210e+02
-9.366894456323852580e+01
-1.329637930269643391e+02
-1.030662156749108362e+02
-1.005115586685805056e+02
-1.328702753628459732e+02
-1.330965801262703962e+02
-1.330959108583503223e+02
-1.330969112473802625e+02
-1.316144640102359631e+02
-1.088786561478205073e+02
-1.330921652091946328e+02
-1.008294999173241280e+02
-1.188325631939927973e+02
-9.808275464500330543e+01
-1.269334687599095020e+02
-1.003752856202419395e+02
-1.215738180465947664e+02
-1.121573537411338037e+02
-8.895232059228393950e+01
-8.832776714415442143e+01
-1.278400026725866638e+02
-1.126832710127807928e+02
-9.126707164207734024e+01
-1.278399564451214445e+02
-1.278399347649293674e+02
-1.278397617656861200e+02
-9.053636136810804658e+01
-1.191150788005423493e+02
-1.248937685344676538e+02
-1.277344719675424187e+02
-1.278400478856790414e+02
-1.278150712178382662e+02
-1.257113133335179214e+02
-1.240411650276016360e+02
-9.767713746559113019e+01
-1.278399687663867468e+02
-1.278376282121980125e+02
-1.278270637347838061e+02
-1.052965165009309203e+02
-1.278400772420392997e+02
-1.061863838930623132e+02
-1.278399593862161225e+02
-1.105685613212203862e+02
-1.259543271498552599e+02
-9.924639954252394602e+01
-1.234335366462668873e+02
-1.277072014914902383e+02
-1.257927310858105727e+02
-1.278400671799998918e+02
-1.240092205831049057e+02
-1.277886438981032455e+02
-1.278400369810889856e+02
-1.244276915089184428e+02
-1.266168600727823730e+02
-1.277376291947240645e+02
-1.278399287211840090e+02
-1.278398826655696467e+02
-1.123856978291599944e+02
-1.278310522756554093e+02
-1.278400805128071767e+02
-1.278186472141456420e+02
-1.235615315623051202e+02
-1.029220899915847838e+02
-1.235615850180861202e+02
-1.223776725281337008e+02
-9.859674155088123371e+01
-1.040113725722021201e+02
-1.166118190694561747e+02
-1.235581945195736608e+02
-1.235202123890443886e+02
-1.233739399993587256e+02
-8.931211585664136976e+01
-1.235614770507974782e+02
-1.090648322577501830e+02
-1.235614961979203770e+02
-8.703620337571065591e+01
-1.235575031933911561e+02
-1.235615554566993808e+02
-1.152878710259433745e+02
-1.204394261980011009e+02
-1.235616109132865006e+02
-1.233480605770293863e+02
-1.226112626247691111e+02
-1.235598823505407893e+02
-1.231626330847612962e+02
-1.117496479642249767e+02
-1.235096936332921871e+02
-1.235604205601105150e+02
-8.718762884643834354e+01
-1.235509073593867697e+02
-1.140542408560908001e+02
-1.234254235084913063e+02
-1.166276414231966214e+02
-1.014975184014156468e+02
-1.235607665977892253e+02
-1.228610487142920391e+02
-1.235425269194053470e+02
-1.234199648083897642e+02
-8.724037204554933567e+01
-8.654224008483298292e+01
-1.197181992562097292e+02
-9.019043964375832445e+01
-8.973803198309948925e+01
-9.007334281679048615e+01
-1.235615092684341221e+02
-1.212626267979487267e+02
-1.235615017861552332e+02
-1.213615997507181845e+02
-1.235590015997740494e+02
-9.174561168742663142e+01
-9.070356313274631077e+01
-1.239394519708773856e+02
-8.936005701630958242e+01
-9.418845961449126492e+01
-1.203660689757207933e+02
-1.056938748969228357e+02
-1.239422667340942041e+02
-9.562669419400474169e+01
-1.221950707268957217e+02
-1.023313815811106764e+02
-1.239163643372423991e+02
-1.171397779488640083e+02
-1.189722944240327394e+02
-1.239419124036283790e+02
-1.088527220731014893e+02
-1.239393031810418080e+02
-1.112045323999269613e+02
-1.216972155247535170e+02
-8.558745421234506523e+01
-1.194139743002691461e+02
-8.684563156394342798e+01
-1.239420206932779251e+02
-1.239423055277016203e+02
-9.047823881194378259e+01
-1.239123954665419092e+02
-1.195362078667199910e+02
-1.239409629901835359e+02
-1.038650249866861657e+02
-1.059210326698356823e+02
-1.239386359352704545e+02
-1.239158483174916938e+02
-1.239422803958796635e+02
-1.239422705476348909e+02
-8.778721695733668184e+01
-1.239012013526542830e+02
-1.239417042091540395e+02
-9.324815598613942313e+01
-1.239043760045102687e+02
-1.233390781489761139e+02
-8.705298952388037037e+01
-1.205873936305616780e+02
-1.222564736925354936e+02
-1.224849301887637694e+02
-1.103817726194720166e+02
-1.239368530797141830e+02
-1.239421339112492149e+02
-1.204556569739595915e+02
-1.223951523392147180e+02
-1.192658855849504391e+02
-1.239422095344262260e+02
-1.239421791276690499e+02
-1.251422754955887910e+02
-1.135047093764711974e+02
-1.251371692769751860e+02
-1.251430600771748658e+02
-1.251435065624200149e+02
-1.251369665258047519e+02
-1.237675086764991761e+02
-1.220793045704219111e+02
-1.251433239000524935e+02
-1.251284659140341233e+02
-1.251377293580969763e+02
-1.248806798021729918e+02
-1.245007163837756252e+02
-1.023372305549832504e+02
-1.251434470472122769e+02
-1.006367705646502628e+02
-1.229702922318673757e+02
-1.251431412765049629e+02
-1.251432474126445555e+02
-8.955885341283372725e+01
-1.250815368431755559e+02
-8.899536727821522675e+01
-8.901657886769686456e+01
-1.249041122650507987e+02
-8.633910631111589851e+01
-1.251400632556020582e+02
-9.773731416153508178e+01
-8.818882216169753008e+01
-1.214727109824235214e+02
-1.251288252097518097e+02
-8.614311337432846472e+01
-8.988099672717886790e+01
-8.928503474960746189e+01
-1.152540608914703739e+02
-1.011616894755037208e+02
-1.251434122063075165e+02
-1.223453246863172268e+02
-1.140196960145882343e+02
-1.251429980541887517e+02
-1.038020987920609315e+02
-1.031928365868151758e+02
-9.005135312302762429e+01
-1.056190466597738151e+02
-1.251434407007124889e+02
-1.085494033528538864e+02
-1.007692238510678777e+02
-1.251429646886808911e+02
-1.251434507099412201e+02
-1.251427756907557836e+02
-9.439377770611797303e+01
