-1.330968336095728830e+02
-1.330690030972917270e+02
-1.318910538453237962e+02
-9.868958600628400291e+01
-8.992350439783363925e+01
-1.330968295412541806e+02
-1.327285214312067581e+02
-9.197178657549235936e+01
-1.330955455825403249e+02
-1.037422970568177192e+02
-9.619193642485080886e+01
-1.330897806089034816e+02
-1.149264453511251531e+02
-1.330957839262387665e+02
-1.086258544928901557e+02
-9.372761659919061117e+01
-1.132265247179841339e+02
-1.330964573666261401e+02
-1.330967173240672707e+02
-1.330963352660646990e+02
-1.330966849532136393e+02
-9.044347845918512974e+01
-1.304299968375088952e+02
-1.138555137680930898e+02
-1.299553636216802772e+02
-1.085349713896519290e+02
-1.309796393176889637e+02
-1.063839447576155237e+02
-1.329975066164594466e+02
-1.330948774331544655e+02
-1.330954487350209661e+02
-1.330968165944634052e+02
-1.172736558616930438e+02
-1.302277423171193220e+02
-1.214919635888181091e+02
-1.131735132842702569e+02
-1.157730110681618072e+02
-1.258879585246646826e+02
-1.330967724980549178e+02
-1.330930261783595085e+02
-1.200888280001708921e+02
-1.296901419754087499e+02
-9.003090136647745112e+01
-1.330627293226800703e+02
-1.075276358334563724e+02
-1.067154365477946953e+02
-1.178279728721956445e+02
-1.168017309655909202e+02
-9.313193642929725513e+01
-1.307672101089337957e+02
-1.277922275505494270e+02
-1.225722402244973068e+02
-9.853446068157147408e+01
-1.262176845009386028e+02
-1.236207484778846037e+02
-1.258078559337074296e+02
-1.278401845412670212e+02
-1.052659305209182321e+02
-1.278380735440427998e+02
-1.278400751419633821e+02
-1.278266118749675542e+02
-1.106669448930877877e+02
-1.277773333778156228e+02
-9.862112776591214924e+01
-1.176048236100568261e+02
-1.278294337664103608e+02
-1.277936277416824424e+02
-1.275731393046846591e+02
-1.176280147769125364e+02
-1.225684080823910165e+02
-1.236485649257356556e+02
-1.080277104242128132e+02
-1.251485943881741605e+02
-1.278395525870336087e+02
-1.231659152220103266e+02
-1.247246831649247270e+02
-1.171804676982356739e+02
-1.276740548453382189e+02
-1.278400342261114275e+02
-1.097411079019286433e+02
-1.278400615399087030e+02
-1.278400822615155761e+02
-1.218666025300469329e+02
-1.278401094726561666e+02
-1.277529743231740298e+02
-1.278402941149140446e+02
-1.260451843162021106e+02
-9.681149046823247772e+01
-9.588939042657122513e+01
-1.276890127566393147e+02
-1.278399383197701127e+02
-1.274000048826238611e+02
-1.278396109118910147e+02
-1.085944759912159014e+02
-1.158058086232871489e+02
-1.278388337187027872e+02
-1.278400575211136072e+02
-1.278319402999197081e+02
-1.235912239724301429e+02
-1.278400687540265324e+02
-8.779015816596030675e+01
-9.390415198694361720e+01
-1.001058261159138141e+02
-8.699983836540675952e+01
-1.152514558865324545e+02
-1.066515943560820716e+02
-1.235617871464253454e+02
-1.235615186669207617e+02
-1.235242039863688461e+02
-1.235614848397132732e+02
-8.697524496711331210e+01
-1.081068158676161062e+02
-1.214008160069583937e+02
-9.054096527544935213e+01
-1.038923327401136731e+02
-1.235612954347239452e+02
-1.235614736705817620e+02
-9.942454074428965782e+01
-1.235552422275515880e+02
-9.206372636808511345e+01
-1.181006640054294650e+02
-1.235527076292616471e+02
-1.235611966099905885e+02
-1.079073702387085802e+02
-8.899319283490943633e+01
-1.012696224505528022e+02
-1.222123243625236455e+02
-1.199759933994219381e+02
-1.232757686226298546e+02
-1.047025421327630283e+02
-1.235292357784967265e+02
-1.235006749528330943e+02
-9.482323951837886966e+01
-9.262499184274167874e+01
-1.009196445446612245e+02
-1.222309612901032239e+02
-1.188023068704225977e+02
-1.035895753580065275e+02
-1.202521920967590319e+02
-1.235516754746251564e+02
-8.652319707187376707e+01
-8.683200651935690928e+01
-8.682045109027805552e+01
-8.601695878887515789e+01
-1.078374764117441487e+02
-1.183487333235374308e+02
-1.213119517211649310e+02
-1.235613495946532510e+02
-1.061541461587224546e+02
-8.707854602481739903e+01
-1.219069410055549412e+02
-1.190749772275461424e+02
-1.239196112507283942e+02
-1.239378439710356901e+02
-1.239422839252107877e+02
-1.131682662488795472e+02
-1.054443515740874631e+02
-9.745156731067007172e+01
-1.239373276208016534e+02
-1.239421918331206314e+02
-9.482684030579984835e+01
-1.239421771108570880e+02
-1.239419980145189015e+02
-1.239422830058931595e+02
-9.053301350235004463e+01
-1.104502323462342304e+02
-8.604817436225992822e+01
-1.137916363757860694e+02
-1.166641110902086922e+02
-1.130692067011955118e+02
-1.120968670149136415e+02
-8.712042820842336255e+01
-9.142082230797385023e+01
-1.239162745388145339e+02
-1.239400854463346775e+02
-1.239422637135074012e+02
-8.570833226823010875e+01
-1.234442910810238772e+02
-1.169815981556423594e+02
-1.239417129772432986e+02
-1.238886622573799343e+02
-1.011406750090355189e+02
-1.239422381227607985e+02
-1.239406712329314217e+02
-8.710322997316151827e+01
-1.041071538442004822e+02
-1.239332845178901152e+02
-8.960403772873549144e+01
-1.239422645211049883e+02
-1.239422865907668267e+02
-1.239421981430162987e+02
-1.237492254127988076e+02
-1.236963573307713773e+02
-1.239400080928563170e+02
-1.206902947416000700e+02
-1.176005027237505089e+02
-1.239422857234516044e+02
-1.127186458261159885e+02
-1.239413755516742413e+02
-1.239421675411447836e+02
-9.259664096015495716e+01
-9.349757297926822730e+01
-1.251432779225677194e+02
-1.251119301819363869e+02
-1.235130952594634124e+02
-1.251434672820274159e+02
-1.251434214815733554e+02
-1.239380158464966684e+02
-8.833959251239804189e+01
-1.199367472127937333e+02
-1.251434222997253300e+02
-9.198057220661149813e+01
-1.250146274675647931e+02
-1.251261621065085734e+02
-1.245685040003123873e+02
-1.250235905606306375e+02
-8.874938008928484123e+01
-1.108946740395424087e+02
-1.251433925409259729e+02
-1.240795219342728899e+02
-1.251031159005896285e+02
-9.055364847183730603e+01
-1.006626121378742624e+02
-1.250185494194800242e+02
-1.251434045319182360e+02
-1.057095763966028272e+02
-1.238013684165060795e+02
-1.251435693169169241e+02
-1.192955722347894181e+02
-1.014144480771430210e+02
-1.232114631712416468e+02
-1.248693927507464423e+02
-1.203531117634403955e+02
-1.247920339421813480e+02
-1.020203418061274476e+02
-1.251424993959695797e+02
-1.250080039863534296e+02
-1.251434616203859207e+02
-1.231831647828411889e+02
-1.010909628791656871e+02
-1.232634818974658515e+02
-9.907495251943491610e+01
-1.016255020043880393e+02
-1.251430359624737321e+02
-9.821056449633488228e+01
-1.249828628550859975e+02
-1.229149683204469028e+02
-1.008905188372396253e+02
-1.115135265029138196e+02
-1.099090227055188933e+02
