-9.206349237617537540e+01
-1.330966692485449414e+02
-1.009088746321038030e+02
-1.330832335830259012e+02
-1.239011226871524514e+02
-1.330298745327302754e+02
-1.330968174195112397e+02
-1.163435766896366204e+02
-1.032437807951409354e+02
-1.170693012226379466e+02
-1.317868962918994669e+02
-1.234430905385418953e+02
-9.575742886501627993e+01
-1.330967599229143445e+02
-1.330813071120928157e+02
-1.131962615713362368e+02
-1.293259698442252557e+02
-9.939158486355611899e+01
-1.330966459433421107e+02
-1.329429544245522266e+02
-1.284225508732673973e+02
-1.330682988255698262e+02
-1.073947878054112550e+02
-1.039907435023820170e+02
-1.232547797769563829e+02
-1.330899815921201537e+02
-1.330771654420410357e+02
-1.330659512177522288e+02
-1.330970152887376514e+02
-1.317440825867848844e+02
-1.330969511720996366e+02
-1.330923614152444543e+02
-1.084715166628244560e+02
-9.935812999595691508e+01
-1.330968476859443967e+02
-9.189211135747733294e+01
-9.163870914168055037e+01
-1.075767260152877611e+02
-9.092825177841066875e+01
-1.145898591507494473e+02
-1.330967666447404554e+02
-1.329999387545817058e+02
-1.330965757387014321e+02
-1.330851948896087436e+02
-1.036285265400620119e+02
-1.239708075410421770e+02
-9.437687540957598742e+01
-1.330863600115315251e+02
-1.010659897643664493e+02
-1.330966316769967932e+02
-1.277859577249728034e+02
-1.167809213106131665e+02
-1.278401139799831157e+02
-1.029615752409798688e+02
-1.278400802693296754e+02
-1.278021669853225006e+02
-1.194160532455191657e+02
-1.278299105827439774e+02
-9.994216879351021987e+01
-1.135655018696874095e+02
-1.278400757077112786e+02
-8.880916672598475259e+01
-9.576216717897887065e+01
-9.490869519645565333e+01
-1.276715097555678966e+02
-1.278238061712978038e+02
-1.278400483460380883e+02
-1.278396715844241243e+02
-1.247296833464228314e+02
-1.278398291880607758e+02
-1.278272816399652214e+02
-1.274106325831877626e+02
-1.278346798968108828e+02
-1.277053504846433754e+02
-1.278400750265889343e+02
-1.278399577833114904e+02
-8.889029727540274450e+01
-1.278400661411519792e+02
-1.278399932354906525e+02
-9.948506309369268763e+01
-8.738510325288709168e+01
-1.181366044768878254e+02
-1.277879383850537351e+02
-1.274324846258730588e+02
-9.206012148504146353e+01
-9.587566663876968676e+01
-9.584644596348330481e+01
-1.277224803813371352e+02
-9.287707354305896956e+01
-1.278341584225480432e+02
-9.254299618578517084e+01
-1.251433748375301747e+02
-1.277890625123478117e+02
-1.277209342683837860e+02
-9.401265535824822450e+01
-1.278401088797781853e+02
-1.274419286151039756e+02
-1.025480462449840786e+02
-1.246127029226061040e+02
-1.278395038584162933e+02
-1.229745390263061893e+02
-1.172829413324650858e+02
-1.072210448937803733e+02
-1.226881360172009892e+02
-1.209187737245245273e+02
-8.961823806248021640e+01
-1.196010739645606975e+02
-1.229543392268629418e+02
-1.185697850263173621e+02
-1.235614664456629299e+02
-1.185341033678860185e+02
-1.222094195108063701e+02
-1.235604127000353714e+02
-1.227859024318391334e+02
-9.699855899261142156e+01
-1.056673497498718035e+02
-1.174942914849771256e+02
-8.959961484087413908e+01
-1.235613114243777346e+02
-1.235605318916097417e+02
-1.235584046434157415e+02
-1.131369056350162339e+02
-8.943905099456253538e+01
-1.235612107415423395e+02
-1.235615566314831852e+02
-1.235614770800745390e+02
-1.089213186566720566e+02
-1.235423851719896362e+02
-1.204502605762120879e+02
-1.215456548933182290e+02
-1.231846290250359317e+02
-1.235576391997636136e+02
-1.234940218156021672e+02
-1.235615014589858163e+02
-1.235603772389029871e+02
-9.442417781488983053e+01
-1.235554591469985439e+02
-1.235493205849544722e+02
-1.235550941239799840e+02
-1.167429633002218452e+02
-1.080877152649095194e+02
-1.235614858326431715e+02
-1.235599923828036140e+02
-1.235611497236855314e+02
-1.235614501117937607e+02
-8.758311216690071888e+01
-1.235612280056186449e+02
-1.177438834106459069e+02
-1.235603088128986542e+02
-1.235594603797394200e+02
-1.001624120402468066e+02
-1.235951373910972393e+02
-1.239421186711409604e+02
-8.488322389308655147e+01
-1.237677605597291119e+02
-9.215522353610464279e+01
-1.043900789679202035e+02
-1.239421144078857822e+02
-8.603682508453339040e+01
-1.226273951326553515e+02
-8.818481258642628973e+01
-8.490104333880037757e+01
-1.194998153614051688e+02
-1.239422766135924974e+02
-1.139869534414528829e+02
-1.239422706169405899e+02
-1.136231430484909879e+02
-1.236347200094132290e+02
-1.239371550831368580e+02
-1.239422236777283359e+02
-1.019401044513978292e+02
-1.039370203094515119e+02
-1.239423097544156036e+02
-1.238147820481160295e+02
-8.950976395040221689e+01
-1.239335251160452742e+02
-1.060553172781695253e+02
-1.230447619157275341e+02
-1.239346469351537223e+02
-1.239208968170618448e+02
-8.966080968376655846e+01
-1.024879015468098231e+02
-1.088471429329050011e+02
-1.195482793141487718e+02
-1.239422670473061316e+02
-1.236455985370199500e+02
-1.239422043594332763e+02
-9.666237602928362094e+01
-1.197048150538494156e+02
-1.225122645307107092e+02
-8.615313371725250136e+01
-1.234948799403608177e+02
-1.179743303393153013e+02
-9.923833732329249813e+01
-8.556100436477490234e+01
-1.238722841482831285e+02
-1.239225699083175414e+02
-1.238758165386264523e+02
-8.693592637174020865e+01
-1.073428210508440941e+02
-1.251431158180774190e+02
-1.251434591055691641e+02
-9.943483398721707545e+01
-1.251352769197935544e+02
-1.251414487237495052e+02
-1.017654175251491608e+02
-1.251433908416356360e+02
-9.171303922703985734e+01
-1.251359736095850650e+02
-1.201373849758312673e+02
-1.120447272658617663e+02
-1.250609340776323393e+02
-1.251432474773225749e+02
-1.251429092378785128e+02
-9.850304327349400069e+01
-1.251434374794870337e+02
-1.251419791502640351e+02
-8.793619929059833851e+01
-1.250822590354761132e+02
-1.232938885093187338e+02
-9.064730437090716464e+01
-1.251433447805193424e+02
-1.247300223528016829e+02
-1.142852290470756031e+02
-9.123348517027577032e+01
-1.124355643725243112e+02
-1.184476537860351044e+02
-8.804925154754749883e+01
-1.251419199113118879e+02
-1.251431953768015148e+02
-1.251424252822366725e+02
-8.978937979388742008e+01
-8.775827929086246115e+01
-1.251434698565200279e+02
-1.232568539460731358e+02
-1.249491628562516894e+02
-1.083609878478915647e+02
-1.251432587533257674e+02
-8.991371971405959584e+01
-1.251417385425579738e+02
-1.251431202992032468e+02
-1.126656131994694334e+02
-1.020732903414700559e+02
-1.246523973194889123e+02
-1.251415274466209553e+02
-1.251423128849436921e+02
-1.127591579380345195e+02
-1.251107130367646363e+02
-1.227867252649364644e+02
-1.154199458534102831e+02
