3.581738421125801874e-01 1.630556304402915879e+00 9.000000000000000000e+00 7.000000000000000000e+01 0.000000000000000000e+00
6.374735636449613274e-01 7.192249197096468594e-01 2.000000000000000000e+00 8.100000000000000000e+01 0.000000000000000000e+00
7.236070743485666090e-02 4.971051880596729644e-01 1.100000000000000000e+01 1.280000000000000000e+02 0.000000000000000000e+00
9.913862115573570666e-01 1.448138737695282341e+00 1.900000000000000000e+01 1.630000000000000000e+02 0.000000000000000000e+00
4.025487155413431939e-01 1.944656591173969495e+00 4.000000000000000000e+00 1.090000000000000000e+02 0.000000000000000000e+00
6.875707010685961906e-01 2.002949171928597671e+00 1.400000000000000000e+01 1.280000000000000000e+02 0.000000000000000000e+00
1.607598888874586240e-01 1.665014387467132595e+00 1.400000000000000000e+01 1.430000000000000000e+02 0.000000000000000000e+00
9.121561889025977532e-01 2.044048614587558710e+00 8.000000000000000000e+00 1.220000000000000000e+02 0.000000000000000000e+00
3.845065105738230127e-01 4.943501689740766869e-01 1.400000000000000000e+01 1.320000000000000000e+02 0.000000000000000000e+00
4.292682556732089205e-01 1.276908685452795345e+00 1.700000000000000000e+01 5.700000000000000000e+01 0.000000000000000000e+00
6.707365228604481588e-01 1.436793660467962752e+00 2.000000000000000000e+01 5.000000000000000000e+00 0.000000000000000000e+00
1.261937305111577867e-01 1.780832208996625532e+00 1.000000000000000000e+01 1.000000000000000000e+00 0.000000000000000000e+00
1.554203597252910019e-01 5.297534322147062769e-01 7.000000000000000000e+00 1.500000000000000000e+02 0.000000000000000000e+00
5.111054573805848822e-01 1.179795869415502407e+00 1.900000000000000000e+01 1.550000000000000000e+02 0.000000000000000000e+00
7.096810271796971659e-01 9.762365206458379907e-01 1.700000000000000000e+01 1.700000000000000000e+01 0.000000000000000000e+00
8.222540324815185153e-01 1.243398138801088626e+00 4.000000000000000000e+00 1.760000000000000000e+02 0.000000000000000000e+00
1.083865552395722881e-01 1.447807541457319103e-01 1.600000000000000000e+01 1.480000000000000000e+02 0.000000000000000000e+00
9.742004967925619319e-01 5.504334866327974529e-01 2.000000000000000000e+00 2.400000000000000000e+01 0.000000000000000000e+00
1.771743393011967482e-01 1.079545892722945766e+00 1.000000000000000000e+01 7.600000000000000000e+01 0.000000000000000000e+00
6.082239623249932059e-01 7.237157099874457211e-01 9.000000000000000000e+00 9.400000000000000000e+01 0.000000000000000000e+00
4.413330259919778786e-01 2.285270791055674933e-01 1.600000000000000000e+01 1.920000000000000000e+02 0.000000000000000000e+00
1.440744868668858425e-01 1.257286156481958406e+00 1.800000000000000000e+01 7.300000000000000000e+01 0.000000000000000000e+00
8.814400963262741806e-01 1.997108213608246530e+00 1.100000000000000000e+01 4.000000000000000000e+01 0.000000000000000000e+00
6.738887397028997528e-01 1.672188275417005654e+00 2.000000000000000000e+00 7.600000000000000000e+01 0.000000000000000000e+00
3.137337316206501026e-01 4.757379969677845155e-01 4.000000000000000000e+00 5.600000000000000000e+01 0.000000000000000000e+00
3.717749669199520851e-02 1.446477979868613151e+00 7.000000000000000000e+00 8.000000000000000000e+01 0.000000000000000000e+00
7.053879403395169057e-01 1.037881619498487673e+00 1.300000000000000000e+01 1.230000000000000000e+02 0.000000000000000000e+00
6.904402467207059191e-01 5.493230967790901920e-01 5.000000000000000000e+00 8.000000000000000000e+01 0.000000000000000000e+00
2.045041348817687732e-01 1.106043308747760134e+00 1.300000000000000000e+01 4.900000000000000000e+01 0.000000000000000000e+00
3.256468025381915599e-01 1.329411378346469219e-01 2.000000000000000000e+00 1.040000000000000000e+02 0.000000000000000000e+00
1.132487715917101928e-01 1.292810285039174500e+00 5.000000000000000000e+00 4.800000000000000000e+01 0.000000000000000000e+00
5.677978610805002324e-01 1.811700701777167133e+00 1.500000000000000000e+01 6.000000000000000000e+00 0.000000000000000000e+00
2.224403743508953646e-01 2.035554444268306895e+00 1.200000000000000000e+01 8.500000000000000000e+01 0.000000000000000000e+00
4.197406931800560237e-01 4.055702835671360917e-01 1.700000000000000000e+01 1.280000000000000000e+02 0.000000000000000000e+00
8.724257471495892036e-01 1.082205317834894931e+00 1.600000000000000000e+01 1.050000000000000000e+02 0.000000000000000000e+00
5.074270763976043153e-01 2.077986336440325044e+00 8.000000000000000000e+00 6.300000000000000000e+01 0.000000000000000000e+00
9.520622039461545949e-01 5.229758998936736569e-01 1.000000000000000000e+00 9.000000000000000000e+01 0.000000000000000000e+00
1.538033727833997520e-02 4.057195248654087427e-01 9.000000000000000000e+00 5.800000000000000000e+01 0.000000000000000000e+00
3.027561908200128160e-01 2.000929806280085987e+00 5.000000000000000000e+00 4.000000000000000000e+01 0.000000000000000000e+00
8.714016038556865462e-01 6.524930561508791582e-01 7.000000000000000000e+00 4.800000000000000000e+01 0.000000000000000000e+00
6.008148768499443904e-01 9.311643015183300731e-01 1.100000000000000000e+01 8.300000000000000000e+01 0.000000000000000000e+00
3.642032423012341313e-01 1.338782776311759903e+00 2.000000000000000000e+01 4.000000000000000000e+01 0.000000000000000000e+00
8.028629487163283507e-01 1.833587788386351891e-01 1.400000000000000000e+01 4.800000000000000000e+01 0.000000000000000000e+00
7.825472427544429843e-01 1.660651316763582130e+00 1.300000000000000000e+01 1.520000000000000000e+02 0.000000000000000000e+00
4.313026742279012504e-01 2.069910571313184067e-01 2.000000000000000000e+00 4.800000000000000000e+01 0.000000000000000000e+00
5.396436681450836881e-01 8.042158933641939678e-01 1.900000000000000000e+01 1.990000000000000000e+02 0.000000000000000000e+00
6.345969394511839778e-02 4.518845985639966534e-01 5.000000000000000000e+00 5.200000000000000000e+01 0.000000000000000000e+00
3.439786916055052046e-01 5.314676383543347482e-01 7.000000000000000000e+00 8.600000000000000000e+01 0.000000000000000000e+00
7.026800418180171315e-01 9.603325348963857033e-01 1.900000000000000000e+01 7.100000000000000000e+01 0.000000000000000000e+00
1.911768239935613956e-01 1.622798871814110200e+00 1.000000000000000000e+00 3.300000000000000000e+01 0.000000000000000000e+00
5.402681113778253774e-01 3.327065363092284178e-01 1.600000000000000000e+01 7.400000000000000000e+01 1.000000000000000000e+00
9.348824096010178719e-01 1.902525655934595328e+00 9.000000000000000000e+00 3.000000000000000000e+00 1.000000000000000000e+00
1.444477853598351569e-01 1.130259795753974172e+00 1.900000000000000000e+01 1.010000000000000000e+02 1.000000000000000000e+00
7.426787282442623983e-01 2.090618823766610124e+00 8.000000000000000000e+00 1.330000000000000000e+02 1.000000000000000000e+00
8.422581356944058850e-01 1.826293116306933140e+00 1.800000000000000000e+01 1.230000000000000000e+02 1.000000000000000000e+00
4.291416426025853603e-01 1.421920978053511586e+00 1.400000000000000000e+01 8.000000000000000000e+01 1.000000000000000000e+00
9.403846098651795771e-01 8.861570841172913271e-01 1.800000000000000000e+01 5.600000000000000000e+01 1.000000000000000000e+00
1.572121880764868473e-01 1.542257303148641512e+00 2.000000000000000000e+00 1.830000000000000000e+02 1.000000000000000000e+00
1.884755046333740358e-01 2.210800448384601380e-01 9.000000000000000000e+00 6.100000000000000000e+01 1.000000000000000000e+00
7.520042554344253949e-01 3.294049906028296837e-01 1.000000000000000000e+00 2.000000000000000000e+01 1.000000000000000000e+00
7.478850989147092232e-01 2.057093200909707598e+00 2.000000000000000000e+00 1.930000000000000000e+02 1.000000000000000000e+00
8.140934367430456842e-01 6.848811188480808942e-01 1.400000000000000000e+01 3.000000000000000000e+00 1.000000000000000000e+00
5.265369798299700949e-02 7.940190334210067702e-01 1.500000000000000000e+01 5.200000000000000000e+01 1.000000000000000000e+00
7.747392791627666364e-01 1.109050606094487135e+00 1.000000000000000000e+00 1.420000000000000000e+02 1.000000000000000000e+00
4.696108861307196625e-01 4.735564506333097556e-01 3.000000000000000000e+00 1.470000000000000000e+02 1.000000000000000000e+00
6.549144143264391538e-01 1.170295879297793773e+00 7.000000000000000000e+00 1.670000000000000000e+02 1.000000000000000000e+00
1.930502521232820845e-01 1.503172494343250065e+00 4.000000000000000000e+00 3.100000000000000000e+01 1.000000000000000000e+00
5.700068823435779919e-01 1.242529867909190955e+00 4.000000000000000000e+00 1.090000000000000000e+02 1.000000000000000000e+00
8.290682094212128428e-01 9.526141919569627303e-01 3.000000000000000000e+00 1.690000000000000000e+02 1.000000000000000000e+00
9.263742322198541546e-01 1.646634569060813069e+00 8.000000000000000000e+00 1.100000000000000000e+01 1.000000000000000000e+00
5.425941667846148064e-01 1.565755303883321625e+00 1.200000000000000000e+01 1.600000000000000000e+01 1.000000000000000000e+00
7.708946495794684051e-01 1.717809183072116275e+00 5.000000000000000000e+00 6.200000000000000000e+01 1.000000000000000000e+00
2.892356338750332601e-01 1.197050443312938528e+00 1.000000000000000000e+00 1.980000000000000000e+02 1.000000000000000000e+00
4.821731518206486822e-01 9.942184799727263878e-01 1.700000000000000000e+01 7.100000000000000000e+01 1.000000000000000000e+00
1.552971142483160483e-01 1.650722608058572183e+00 9.000000000000000000e+00 1.680000000000000000e+02 1.000000000000000000e+00
4.168310439629193676e-01 9.644521362360020111e-01 1.200000000000000000e+01 7.000000000000000000e+01 1.000000000000000000e+00
9.038849888758230255e-01 3.973852462255286211e-01 3.000000000000000000e+00 1.490000000000000000e+02 1.000000000000000000e+00
9.605550628516867917e-01 4.143661351396722425e-01 8.000000000000000000e+00 1.880000000000000000e+02 1.000000000000000000e+00
6.689425115459523008e-01 3.188635841765569134e-01 3.000000000000000000e+00 1.860000000000000000e+02 1.000000000000000000e+00
5.916461168013599226e-01 2.048624006857184821e+00 1.800000000000000000e+01 1.100000000000000000e+01 1.000000000000000000e+00
2.080124589717208261e-01 1.026228399994562057e+00 4.000000000000000000e+00 5.000000000000000000e+00 1.000000000000000000e+00
1.265992921644779612e-01 1.206711392755464018e+00 1.600000000000000000e+01 1.450000000000000000e+02 1.000000000000000000e+00
4.272703786770046808e-01 7.026409855788916525e-01 1.700000000000000000e+01 1.810000000000000000e+02 1.000000000000000000e+00
1.058040798285137946e-01 1.940739816280934171e+00 1.000000000000000000e+01 1.280000000000000000e+02 1.000000000000000000e+00
3.480485374642509067e-01 2.058837133302690692e+00 7.000000000000000000e+00 1.800000000000000000e+01 1.000000000000000000e+00
7.743828566631068000e-01 1.829411997464142070e+00 2.000000000000000000e+00 3.800000000000000000e+01 1.000000000000000000e+00
9.240221434021924640e-01 1.876114867158443111e+00 1.700000000000000000e+01 7.100000000000000000e+01 1.000000000000000000e+00
3.161740446831695639e-01 8.534000230153834243e-01 1.300000000000000000e+01 1.860000000000000000e+02 1.000000000000000000e+00
8.209006390838589073e-01 1.410254109979830472e+00 4.000000000000000000e+00 7.300000000000000000e+01 1.000000000000000000e+00
4.833017218373348856e-01 4.495193551598414272e-01 1.900000000000000000e+01 1.870000000000000000e+02 1.000000000000000000e+00
4.964819000194708315e-02 1.110887663816817694e+00 2.000000000000000000e+00 2.000000000000000000e+02 1.000000000000000000e+00
5.659761968653952841e-02 1.066989122038422666e+00 3.000000000000000000e+00 1.870000000000000000e+02 1.000000000000000000e+00
9.584732779721329976e-01 1.042523003102230783e+00 1.900000000000000000e+01 1.730000000000000000e+02 1.000000000000000000e+00
5.432613015739046203e-01 1.406175708543364156e+00 1.900000000000000000e+01 1.770000000000000000e+02 1.000000000000000000e+00
7.353334059150796742e-01 1.304116354270485889e+00 3.000000000000000000e+00 1.140000000000000000e+02 1.000000000000000000e+00
8.807396496513919537e-01 1.190565942269338873e+00 1.400000000000000000e+01 1.580000000000000000e+02 1.000000000000000000e+00
4.186165122891367663e-01 1.290823554683317997e+00 2.000000000000000000e+01 1.990000000000000000e+02 1.000000000000000000e+00
1.744840656405095558e-01 1.279482514401848681e+00 3.000000000000000000e+00 1.200000000000000000e+02 1.000000000000000000e+00
7.565019411459611431e-01 1.636608237618997652e+00 4.000000000000000000e+00 1.220000000000000000e+02 1.000000000000000000e+00
2.646519358250841725e-01 1.837417909804416605e-01 4.000000000000000000e+00 2.600000000000000000e+01 1.000000000000000000e+00
3.618425848127049260e-01 1.576848235061465209e+00 1.100000000000000000e+01 4.400000000000000000e+01 2.000000000000000000e+00
8.006887942356344379e-01 3.081504898623900202e-01 6.000000000000000000e+00 1.750000000000000000e+02 2.000000000000000000e+00
1.845186332037604959e-01 4.958158715510919690e-01 1.700000000000000000e+01 1.180000000000000000e+02 2.000000000000000000e+00
8.564246688605513247e-02 1.588431235654507612e+00 1.000000000000000000e+01 4.100000000000000000e+01 2.000000000000000000e+00
5.313030936025452400e-01 1.204222099544516977e+00 1.000000000000000000e+01 6.200000000000000000e+01 2.000000000000000000e+00
3.457346028301809815e-01 6.264316754387616593e-01 2.000000000000000000e+00 2.500000000000000000e+01 2.000000000000000000e+00
4.032808675636800899e-01 6.360635212843072095e-01 3.000000000000000000e+00 1.740000000000000000e+02 2.000000000000000000e+00
8.570953164521383227e-01 1.155893241924476511e+00 9.000000000000000000e+00 9.800000000000000000e+01 2.000000000000000000e+00
2.131256158524047484e-01 1.776924680926453615e+00 1.500000000000000000e+01 6.000000000000000000e+00 2.000000000000000000e+00
5.030983074057054916e-01 1.142556443619806350e+00 3.000000000000000000e+00 9.000000000000000000e+00 2.000000000000000000e+00
3.125591003609586860e-01 4.162438021866842197e-01 1.400000000000000000e+01 1.590000000000000000e+02 2.000000000000000000e+00
4.168800777981819250e-01 8.354776898232681992e-01 7.000000000000000000e+00 2.600000000000000000e+01 2.000000000000000000e+00
4.526751849910525261e-01 1.496619107081291089e+00 4.000000000000000000e+00 6.100000000000000000e+01 2.000000000000000000e+00
5.039353118552724470e-02 9.475572035692710893e-01 4.000000000000000000e+00 9.500000000000000000e+01 2.000000000000000000e+00
7.032457830150249389e-01 1.974607829282666982e+00 2.000000000000000000e+01 1.720000000000000000e+02 2.000000000000000000e+00
8.412829060747468723e-01 1.429404668619010055e+00 8.000000000000000000e+00 3.600000000000000000e+01 2.000000000000000000e+00
9.736226589793767205e-01 2.788862494698810535e-01 7.000000000000000000e+00 5.400000000000000000e+01 2.000000000000000000e+00
4.129017299015731446e-01 1.537347001522388068e-01 5.000000000000000000e+00 1.940000000000000000e+02 2.000000000000000000e+00
6.114438775345791832e-01 3.751550525543790870e-01 7.000000000000000000e+00 5.500000000000000000e+01 2.000000000000000000e+00
8.377042583480799331e-01 1.418600800134330653e+00 3.000000000000000000e+00 1.000000000000000000e+01 2.000000000000000000e+00
9.347756324272157302e-01 2.349706286944996114e-01 7.000000000000000000e+00 1.970000000000000000e+02 2.000000000000000000e+00
1.006887018313922466e+00 1.709131826315382741e+00 1.100000000000000000e+01 5.900000000000000000e+01 2.000000000000000000e+00
8.130289940846056052e-01 1.314519586942190399e+00 4.000000000000000000e+00 1.070000000000000000e+02 2.000000000000000000e+00
5.446316539637729298e-02 3.355614455182084344e-01 1.400000000000000000e+01 1.880000000000000000e+02 2.000000000000000000e+00
9.022065688936545813e-01 4.116226048753787170e-01 1.000000000000000000e+01 5.100000000000000000e+01 2.000000000000000000e+00
4.348094884378760766e-02 1.476763235631617155e+00 1.300000000000000000e+01 3.000000000000000000e+01 2.000000000000000000e+00
9.138432191808096849e-01 1.263857300304024545e+00 9.000000000000000000e+00 2.400000000000000000e+01 2.000000000000000000e+00
2.530213922674442451e-01 2.356042643249966206e-01 1.700000000000000000e+01 1.710000000000000000e+02 2.000000000000000000e+00
1.191815277446339610e-01 5.300682670817736808e-01 2.000000000000000000e+01 1.890000000000000000e+02 2.000000000000000000e+00
8.362324933582243602e-01 1.648405644581269813e+00 1.300000000000000000e+01 2.000000000000000000e+00 2.000000000000000000e+00
2.379137939216940945e-01 6.159552852838013903e-01 1.400000000000000000e+01 5.800000000000000000e+01 2.000000000000000000e+00
3.446797345852073979e-01 1.797481401205356599e+00 1.300000000000000000e+01 1.280000000000000000e+02 2.000000000000000000e+00
5.393592329845171562e-01 1.103856134233307973e+00 6.000000000000000000e+00 1.470000000000000000e+02 2.000000000000000000e+00
9.798379368034598746e-01 2.920159266452334590e-01 1.100000000000000000e+01 7.400000000000000000e+01 2.000000000000000000e+00
1.000736017332600092e+00 1.635863911734844356e+00 1.000000000000000000e+01 3.800000000000000000e+01 2.000000000000000000e+00
5.987365986240488630e-02 1.666503016578177565e+00 1.400000000000000000e+01 1.860000000000000000e+02 2.000000000000000000e+00
6.474954521501035121e-01 1.158243445863847310e+00 1.900000000000000000e+01 1.780000000000000000e+02 2.000000000000000000e+00
9.278561374002179951e-01 1.964315172859397274e+00 4.000000000000000000e+00 3.000000000000000000e+01 2.000000000000000000e+00
2.210221033058346052e-01 1.098132535059358261e+00 1.400000000000000000e+01 1.500000000000000000e+02 2.000000000000000000e+00
8.771774695653649090e-01 1.419522078881368721e+00 1.200000000000000000e+01 3.500000000000000000e+01 2.000000000000000000e+00
1.477243330991155901e-01 1.189406284843862738e-01 1.500000000000000000e+01 1.750000000000000000e+02 2.000000000000000000e+00
5.179023145010830387e-01 2.058638993322896127e+00 4.000000000000000000e+00 4.200000000000000000e+01 2.000000000000000000e+00
6.645177879995276538e-01 1.971347684542030798e+00 1.300000000000000000e+01 5.400000000000000000e+01 2.000000000000000000e+00
4.452163200325153225e-01 1.717133762921722928e+00 6.000000000000000000e+00 8.800000000000000000e+01 2.000000000000000000e+00
4.271362578350110795e-01 1.679340361692542860e+00 2.000000000000000000e+01 1.650000000000000000e+02 2.000000000000000000e+00
8.691507092092332076e-01 1.048368096790045279e+00 1.800000000000000000e+01 4.000000000000000000e+01 2.000000000000000000e+00
2.850968530640720644e-01 6.814142198942535478e-01 3.000000000000000000e+00 1.260000000000000000e+02 2.000000000000000000e+00
6.479530872401713104e-01 2.920482745313869311e-01 1.500000000000000000e+01 4.300000000000000000e+01 2.000000000000000000e+00
4.279315560137147978e-01 1.394310876177264236e+00 2.000000000000000000e+01 4.500000000000000000e+01 2.000000000000000000e+00
7.016014917112675109e-01 1.930238765541080481e-01 1.600000000000000000e+01 5.200000000000000000e+01 2.000000000000000000e+00
5.925682401818456180e-01 3.232236517247858432e-01 1.400000000000000000e+01 2.700000000000000000e+01 3.000000000000000000e+00
9.810581969938138025e-01 7.009791726542574652e-01 3.000000000000000000e+00 3.700000000000000000e+01 3.000000000000000000e+00
3.455655870717829758e-01 3.842953644379599742e-01 1.900000000000000000e+01 2.800000000000000000e+01 3.000000000000000000e+00
7.271298025596786285e-01 5.811817378669891232e-01 6.000000000000000000e+00 5.900000000000000000e+01 3.000000000000000000e+00
6.375583286886084000e-01 4.491737043783149419e-01 3.000000000000000000e+00 1.770000000000000000e+02 3.000000000000000000e+00
9.138916107590903115e-01 5.781809448105884597e-01 1.000000000000000000e+01 1.620000000000000000e+02 3.000000000000000000e+00
1.647889363705245386e-02 1.067771933204156642e+00 1.900000000000000000e+01 9.500000000000000000e+01 3.000000000000000000e+00
1.183605942949477047e-01 1.931647035959324965e+00 1.000000000000000000e+01 6.200000000000000000e+01 3.000000000000000000e+00
4.540509011727914546e-01 1.511986589623080635e+00 2.000000000000000000e+01 8.400000000000000000e+01 3.000000000000000000e+00
2.703527831910245149e-01 1.786519023411220486e+00 1.000000000000000000e+00 1.000000000000000000e+01 3.000000000000000000e+00
3.448839707095956442e-01 1.393297798334189430e+00 1.600000000000000000e+01 7.300000000000000000e+01 3.000000000000000000e+00
6.652744497528270129e-01 9.770874794439697864e-01 1.300000000000000000e+01 5.100000000000000000e+01 3.000000000000000000e+00
4.534748003785684656e-01 1.500742519994141821e-01 7.000000000000000000e+00 1.300000000000000000e+02 3.000000000000000000e+00
9.445184426551161971e-01 1.630618224574621689e+00 1.000000000000000000e+01 4.700000000000000000e+01 3.000000000000000000e+00
4.194999767656156786e-01 1.218101146106393085e+00 1.000000000000000000e+01 2.600000000000000000e+01 3.000000000000000000e+00
7.657523496145923758e-01 1.214119521923430645e+00 1.700000000000000000e+01 1.300000000000000000e+01 3.000000000000000000e+00
3.335083874954811733e-01 1.305702399093927379e+00 1.400000000000000000e+01 1.900000000000000000e+02 3.000000000000000000e+00
6.012073151271188909e-01 1.911440398629660864e+00 1.500000000000000000e+01 9.200000000000000000e+01 3.000000000000000000e+00
2.228654134520272612e-01 1.993987462199633853e+00 2.000000000000000000e+00 8.000000000000000000e+00 3.000000000000000000e+00
6.843415486282559135e-01 5.725980073565767325e-01 1.100000000000000000e+01 1.090000000000000000e+02 3.000000000000000000e+00
2.735429835859594094e-01 1.463718598645772584e+00 1.400000000000000000e+01 1.740000000000000000e+02 3.000000000000000000e+00
4.238720136147156037e-01 7.340689054042747186e-01 3.000000000000000000e+00 1.850000000000000000e+02 3.000000000000000000e+00
1.300772206958399589e-02 7.003888131090970637e-01 3.000000000000000000e+00 6.900000000000000000e+01 3.000000000000000000e+00
5.328606933503667875e-01 8.906833094817384611e-01 1.600000000000000000e+01 4.500000000000000000e+01 3.000000000000000000e+00
7.481759604121978047e-01 5.211551741626848644e-01 8.000000000000000000e+00 2.400000000000000000e+01 3.000000000000000000e+00
1.788678089672945948e-01 2.692253875399913676e-01 1.700000000000000000e+01 1.400000000000000000e+01 3.000000000000000000e+00
3.907009897287445632e-01 1.322873674704607483e+00 1.900000000000000000e+01 1.950000000000000000e+02 3.000000000000000000e+00
8.876255534333401531e-01 1.746977487797999329e+00 1.500000000000000000e+01 5.500000000000000000e+01 3.000000000000000000e+00
5.526031222415646038e-01 4.775419395521637300e-01 1.700000000000000000e+01 3.300000000000000000e+01 3.000000000000000000e+00
5.239423309661267458e-01 1.894014979377167673e+00 1.800000000000000000e+01 8.800000000000000000e+01 3.000000000000000000e+00
4.040463916737861982e-01 1.759311191592524803e+00 1.500000000000000000e+01 5.400000000000000000e+01 3.000000000000000000e+00
4.629406783823186017e-02 1.129347783227913071e+00 1.100000000000000000e+01 5.200000000000000000e+01 3.000000000000000000e+00
6.652410543238270746e-01 9.040026429929969298e-01 1.900000000000000000e+01 1.040000000000000000e+02 3.000000000000000000e+00
7.851016769379286497e-01 3.216886807121414060e-01 3.000000000000000000e+00 7.200000000000000000e+01 3.000000000000000000e+00
8.696117519992143663e-01 1.116081984704982322e+00 9.000000000000000000e+00 1.460000000000000000e+02 3.000000000000000000e+00
4.910156876659913516e-01 4.568474393279416956e-01 1.600000000000000000e+01 1.460000000000000000e+02 3.000000000000000000e+00
3.007235437687083568e-01 1.117663048701439676e-01 9.000000000000000000e+00 1.950000000000000000e+02 3.000000000000000000e+00
3.128410340022650393e-01 2.096045197663522153e+00 2.000000000000000000e+00 6.400000000000000000e+01 3.000000000000000000e+00
3.564081782615450278e-01 1.614897377014371083e+00 3.000000000000000000e+00 1.080000000000000000e+02 3.000000000000000000e+00
1.091418631351923491e-01 1.588801711345267043e+00 8.000000000000000000e+00 8.500000000000000000e+01 3.000000000000000000e+00
1.921514851510225386e-01 5.991987865277267344e-01 2.000000000000000000e+01 3.200000000000000000e+01 3.000000000000000000e+00
3.398777877102878708e-01 7.692805630547420170e-01 1.900000000000000000e+01 5.200000000000000000e+01 3.000000000000000000e+00
3.756589927391910111e-01 1.127277400361019088e+00 3.000000000000000000e+00 1.830000000000000000e+02 3.000000000000000000e+00
8.157510734470867497e-01 7.069236667588260081e-01 1.500000000000000000e+01 2.000000000000000000e+01 3.000000000000000000e+00
3.812963630232660828e-01 1.346851365918589893e+00 5.000000000000000000e+00 1.540000000000000000e+02 3.000000000000000000e+00
1.134830629819158915e-01 2.086995626780074442e+00 1.100000000000000000e+01 1.060000000000000000e+02 3.000000000000000000e+00
7.433483236723672505e-01 1.627354617673016923e+00 1.100000000000000000e+01 1.190000000000000000e+02 3.000000000000000000e+00
4.874769472500887213e-01 1.306353858806229562e+00 1.900000000000000000e+01 1.020000000000000000e+02 3.000000000000000000e+00
5.029916678133340424e-01 1.748237634695914755e+00 4.000000000000000000e+00 1.600000000000000000e+02 3.000000000000000000e+00
9.850004674520237424e-01 4.883491262702622793e-01 1.900000000000000000e+01 1.500000000000000000e+02 3.000000000000000000e+00
5.172557253905183394e-01 6.041916209364929236e-01 3.000000000000000000e+00 7.000000000000000000e+01 4.000000000000000000e+00
3.010821558226031147e-01 2.076820490306815259e+00 7.000000000000000000e+00 4.400000000000000000e+01 4.000000000000000000e+00
3.539109252908018144e-01 1.320335237145691565e+00 1.100000000000000000e+01 1.810000000000000000e+02 4.000000000000000000e+00
9.055782622200855281e-01 1.473093081831349460e+00 8.000000000000000000e+00 5.300000000000000000e+01 4.000000000000000000e+00
8.755006267577745971e-02 1.664480483811069667e-01 1.900000000000000000e+01 1.120000000000000000e+02 4.000000000000000000e+00
9.878085027515572936e-01 1.233168952100151428e+00 1.600000000000000000e+01 1.690000000000000000e+02 4.000000000000000000e+00
1.781744301434315947e-01 5.143898989371927799e-01 1.900000000000000000e+01 8.100000000000000000e+01 4.000000000000000000e+00
3.149403334119004194e-01 1.467410396644940551e+00 2.000000000000000000e+00 6.300000000000000000e+01 4.000000000000000000e+00
9.113061692579210726e-01 7.467493307531175573e-01 5.000000000000000000e+00 7.000000000000000000e+01 4.000000000000000000e+00
1.008096051981290486e+00 7.499372344453353323e-01 6.000000000000000000e+00 3.100000000000000000e+01 4.000000000000000000e+00
3.909798965648486613e-01 1.702579026623457947e+00 2.000000000000000000e+01 1.190000000000000000e+02 4.000000000000000000e+00
4.280880779524535162e-01 3.289923233086845533e-01 1.700000000000000000e+01 1.110000000000000000e+02 4.000000000000000000e+00
8.006422561847467145e-01 1.577649101546353405e+00 4.000000000000000000e+00 8.600000000000000000e+01 4.000000000000000000e+00
7.971295169955492366e-01 1.741825883015954313e+00 4.000000000000000000e+00 1.200000000000000000e+02 4.000000000000000000e+00
6.105370794158124781e-01 6.739363611550276412e-01 1.700000000000000000e+01 1.820000000000000000e+02 4.000000000000000000e+00
7.067181257100465519e-01 2.009501605849179473e+00 1.700000000000000000e+01 1.950000000000000000e+02 4.000000000000000000e+00
3.402424272489509294e-01 1.933762676603481445e+00 1.000000000000000000e+01 9.500000000000000000e+01 4.000000000000000000e+00
9.376974599270568866e-01 7.983110457960002071e-01 2.000000000000000000e+00 6.900000000000000000e+01 4.000000000000000000e+00
8.824233524454787592e-01 4.544337965230916820e-01 1.900000000000000000e+01 1.610000000000000000e+02 4.000000000000000000e+00
2.751022430502430005e-01 5.202259161775192320e-01 1.600000000000000000e+01 2.500000000000000000e+01 4.000000000000000000e+00
2.995277354599215069e-01 2.079442915681800841e+00 8.000000000000000000e+00 1.220000000000000000e+02 4.000000000000000000e+00
5.506648818057257450e-02 1.259052146135254180e+00 1.500000000000000000e+01 1.520000000000000000e+02 4.000000000000000000e+00
1.727743117195290612e-01 1.688815089212487575e+00 5.000000000000000000e+00 3.500000000000000000e+01 4.000000000000000000e+00
6.581491231507097250e-01 1.795430667362562849e+00 1.900000000000000000e+01 1.470000000000000000e+02 4.000000000000000000e+00
2.487343469251954708e-01 8.072852863865865869e-01 6.000000000000000000e+00 1.170000000000000000e+02 4.000000000000000000e+00
2.402509026149107774e-01 1.397581823184812722e+00 1.500000000000000000e+01 1.500000000000000000e+01 4.000000000000000000e+00
4.610395117119347325e-02 7.627484961597840174e-01 1.500000000000000000e+01 8.700000000000000000e+01 4.000000000000000000e+00
8.289253151323897617e-01 1.289244290012504957e+00 1.400000000000000000e+01 1.630000000000000000e+02 4.000000000000000000e+00
3.123872609776787712e-01 5.454047734211161513e-01 3.000000000000000000e+00 1.930000000000000000e+02 4.000000000000000000e+00
8.087283828113792650e-01 2.055827750017772682e-01 1.600000000000000000e+01 6.500000000000000000e+01 4.000000000000000000e+00
1.026825299171296585e-01 8.471637879036783003e-01 1.600000000000000000e+01 1.680000000000000000e+02 4.000000000000000000e+00
2.097546191862538212e-01 1.683951587242376702e+00 1.900000000000000000e+01 1.540000000000000000e+02 4.000000000000000000e+00
7.669121584206370912e-01 1.379445254360060158e+00 1.500000000000000000e+01 3.100000000000000000e+01 4.000000000000000000e+00
6.824454503508603498e-01 1.406938518090844692e+00 1.000000000000000000e+01 7.900000000000000000e+01 4.000000000000000000e+00
7.133078096266597112e-02 5.776455056618973183e-01 1.000000000000000000e+00 1.800000000000000000e+01 4.000000000000000000e+00
4.145639466037082110e-01 1.218866456057132286e+00 3.000000000000000000e+00 1.740000000000000000e+02 4.000000000000000000e+00
1.529468226521760732e-01 1.452966569416468623e+00 1.300000000000000000e+01 1.760000000000000000e+02 4.000000000000000000e+00
7.447135526957276985e-01 9.475008814341633334e-01 4.000000000000000000e+00 1.430000000000000000e+02 4.000000000000000000e+00
8.376075495285419947e-01 1.509107403388790125e+00 1.000000000000000000e+00 7.000000000000000000e+00 4.000000000000000000e+00
4.362211937450283239e-01 4.071078824606949587e-01 1.000000000000000000e+00 1.640000000000000000e+02 4.000000000000000000e+00
7.138777104816242947e-01 1.376109533067309654e+00 9.000000000000000000e+00 1.600000000000000000e+02 4.000000000000000000e+00
4.605554150004389502e-01 2.062268495347518105e+00 1.100000000000000000e+01 2.900000000000000000e+01 4.000000000000000000e+00
4.840120060703889671e-01 8.962453204468127099e-01 1.600000000000000000e+01 1.570000000000000000e+02 4.000000000000000000e+00
8.504440346128562256e-01 5.051960490318184727e-01 7.000000000000000000e+00 1.800000000000000000e+01 4.000000000000000000e+00
1.778203530701744084e-01 1.226263623645684975e+00 1.200000000000000000e+01 1.720000000000000000e+02 4.000000000000000000e+00
8.838655087603094485e-01 1.586285132677795362e+00 1.100000000000000000e+01 1.880000000000000000e+02 4.000000000000000000e+00
6.599508379725644858e-01 1.245129923219504553e+00 3.000000000000000000e+00 1.130000000000000000e+02 4.000000000000000000e+00
6.311150416422057763e-01 1.901642672085802177e+00 1.400000000000000000e+01 1.120000000000000000e+02 4.000000000000000000e+00
2.533946344338443568e-01 7.121072209156854571e-01 1.800000000000000000e+01 1.260000000000000000e+02 4.000000000000000000e+00
1.342629231134431222e-01 2.799412492315699330e-01 1.500000000000000000e+01 1.020000000000000000e+02 4.000000000000000000e+00
