4.682317071376076445e-01 2.040437846305676484e+00 1.000000000000000000e+01 5.300000000000000000e+01 0.000000000000000000e+00
6.418092433748322501e-01 2.047854039107471991e+00 1.100000000000000000e+01 1.590000000000000000e+02 0.000000000000000000e+00
9.984836162702975804e-01 1.540562907690405270e+00 1.200000000000000000e+01 1.580000000000000000e+02 0.000000000000000000e+00
6.007995849221029472e-01 7.949094594895235177e-01 1.400000000000000000e+01 9.800000000000000000e+01 0.000000000000000000e+00
5.585711375302671033e-01 2.541843987278896710e-01 2.000000000000000000e+01 1.860000000000000000e+02 0.000000000000000000e+00
9.618740174064683846e-01 4.874700630525959921e-01 7.000000000000000000e+00 4.200000000000000000e+01 0.000000000000000000e+00
1.405341545571890949e-01 4.858817525063091614e-01 1.500000000000000000e+01 1.160000000000000000e+02 0.000000000000000000e+00
8.547520670568476975e-01 1.390369704435984621e+00 9.000000000000000000e+00 2.000000000000000000e+02 0.000000000000000000e+00
2.825261227944707576e-01 4.880090749645443760e-01 1.000000000000000000e+01 1.680000000000000000e+02 0.000000000000000000e+00
2.809893237716213354e-01 2.020476630507590521e+00 1.000000000000000000e+00 3.100000000000000000e+01 0.000000000000000000e+00
5.568916160411646610e-01 8.786542142599710337e-01 5.000000000000000000e+00 9.000000000000000000e+00 0.000000000000000000e+00
5.869197567037995888e-01 1.571252355101709242e+00 1.500000000000000000e+01 1.570000000000000000e+02 0.000000000000000000e+00
5.902557442546526589e-01 1.178183027227796886e+00 1.600000000000000000e+01 5.200000000000000000e+01 0.000000000000000000e+00
4.375085210280549308e-01 1.917309188771468387e+00 7.000000000000000000e+00 1.370000000000000000e+02 0.000000000000000000e+00
9.928529568668368332e-01 5.228755427352159701e-01 9.000000000000000000e+00 1.140000000000000000e+02 0.000000000000000000e+00
6.290193575825373529e-01 2.043237775804629841e+00 3.000000000000000000e+00 1.380000000000000000e+02 0.000000000000000000e+00
3.117435277862353749e-01 1.964685085010219989e+00 6.000000000000000000e+00 8.800000000000000000e+01 0.000000000000000000e+00
1.841067960508154799e-01 1.324045350655653319e+00 1.300000000000000000e+01 6.700000000000000000e+01 0.000000000000000000e+00
2.632159382375567347e-01 2.023072457536099211e+00 5.000000000000000000e+00 4.900000000000000000e+01 0.000000000000000000e+00
1.369072563099426043e-01 3.568936234227814142e-01 3.000000000000000000e+00 3.300000000000000000e+01 0.000000000000000000e+00
6.568844786229648403e-01 9.233805596129330828e-01 7.000000000000000000e+00 1.780000000000000000e+02 0.000000000000000000e+00
7.179385740870914967e-01 1.292033735000307493e+00 9.000000000000000000e+00 1.570000000000000000e+02 0.000000000000000000e+00
8.432293090229417976e-01 1.925313543391290683e+00 8.000000000000000000e+00 7.600000000000000000e+01 0.000000000000000000e+00
1.392879223232197372e-01 1.545938759708597843e+00 4.000000000000000000e+00 1.210000000000000000e+02 0.000000000000000000e+00
9.170918824432856553e-01 1.024230197442593138e+00 1.700000000000000000e+01 1.240000000000000000e+02 0.000000000000000000e+00
9.965717358127159642e-01 5.277590614200907693e-01 2.000000000000000000e+01 7.500000000000000000e+01 0.000000000000000000e+00
6.961984059789066981e-01 3.806943257393259339e-01 9.000000000000000000e+00 1.200000000000000000e+01 0.000000000000000000e+00
7.590384585860407984e-01 1.927957621259145382e+00 1.000000000000000000e+00 1.710000000000000000e+02 0.000000000000000000e+00
3.277758679398061759e-01 5.943492230990551350e-01 1.400000000000000000e+01 1.700000000000000000e+01 0.000000000000000000e+00
7.838199970065686806e-01 8.634731904917839485e-01 2.000000000000000000e+00 1.770000000000000000e+02 0.000000000000000000e+00
9.349467979080170466e-01 7.345970146092396513e-01 2.000000000000000000e+01 1.300000000000000000e+01 0.000000000000000000e+00
3.368778107084845486e-01 5.699771675229569068e-01 1.000000000000000000e+01 5.500000000000000000e+01 0.000000000000000000e+00
9.638503034281601378e-01 8.320423068061143512e-01 4.000000000000000000e+00 1.800000000000000000e+02 0.000000000000000000e+00
5.691800778014418638e-01 5.283574899622019982e-01 6.000000000000000000e+00 2.300000000000000000e+01 0.000000000000000000e+00
9.761646983537387579e-01 1.711641621665376478e+00 1.000000000000000000e+00 1.600000000000000000e+02 0.000000000000000000e+00
4.018734331457527453e-01 9.220428138796331607e-01 2.000000000000000000e+01 1.450000000000000000e+02 0.000000000000000000e+00
6.190429608908856185e-01 1.082957486195843755e+00 4.000000000000000000e+00 1.200000000000000000e+01 0.000000000000000000e+00
5.756820035633595234e-01 1.436463925490198301e+00 1.300000000000000000e+01 1.770000000000000000e+02 0.000000000000000000e+00
3.763502436629159176e-01 4.954088949155704968e-01 8.000000000000000000e+00 1.430000000000000000e+02 0.000000000000000000e+00
2.286850665793431769e-01 5.271827148634290472e-01 7.000000000000000000e+00 1.830000000000000000e+02 0.000000000000000000e+00
8.046848693946579978e-01 1.407762267979715043e+00 1.900000000000000000e+01 4.700000000000000000e+01 0.000000000000000000e+00
1.780087864794769326e-01 1.614546190816280369e+00 1.700000000000000000e+01 2.700000000000000000e+01 0.000000000000000000e+00
9.009769395686609839e-01 4.838034338407933843e-01 1.800000000000000000e+01 1.190000000000000000e+02 0.000000000000000000e+00
2.630386458095975710e-01 1.433072641476704545e+00 6.000000000000000000e+00 6.700000000000000000e+01 0.000000000000000000e+00
9.257215838675263431e-01 4.973068151211467169e-01 1.400000000000000000e+01 1.000000000000000000e+02 0.000000000000000000e+00
2.048098930693419834e-02 1.837685907766516191e+00 3.000000000000000000e+00 7.300000000000000000e+01 0.000000000000000000e+00
8.583799975258864512e-01 1.333175146083210638e+00 1.200000000000000000e+01 1.430000000000000000e+02 0.000000000000000000e+00
3.136508414319394422e-01 2.017333003557506999e+00 1.100000000000000000e+01 1.420000000000000000e+02 0.000000000000000000e+00
7.101199548732948230e-01 3.849785658339329730e-01 1.500000000000000000e+01 1.500000000000000000e+01 0.000000000000000000e+00
1.299704972276226611e-01 1.187819226435592235e+00 6.000000000000000000e+00 6.200000000000000000e+01 0.000000000000000000e+00
8.042257940738957167e-01 1.770154249737965646e+00 6.000000000000000000e+00 7.000000000000000000e+00 1.000000000000000000e+00
1.787304949433922152e-01 2.223971711901605863e-01 4.000000000000000000e+00 7.500000000000000000e+01 1.000000000000000000e+00
7.831165629340760548e-01 1.835053454130842310e+00 1.300000000000000000e+01 1.420000000000000000e+02 1.000000000000000000e+00
6.435321498092974046e-01 4.262409411780797575e-01 8.000000000000000000e+00 1.350000000000000000e+02 1.000000000000000000e+00
9.737336187640796004e-01 4.412354743312757455e-01 9.000000000000000000e+00 1.290000000000000000e+02 1.000000000000000000e+00
5.711797188557529159e-01 3.194463761553972825e-01 1.900000000000000000e+01 6.900000000000000000e+01 1.000000000000000000e+00
6.001480793692048898e-01 5.589577786514209334e-01 1.400000000000000000e+01 1.000000000000000000e+02 1.000000000000000000e+00
7.555698787126319260e-01 1.895496898798338714e+00 1.600000000000000000e+01 7.000000000000000000e+00 1.000000000000000000e+00
3.219936091778729387e-02 1.975676484549502288e+00 1.700000000000000000e+01 7.400000000000000000e+01 1.000000000000000000e+00
8.738363425876856105e-01 1.671258927291773277e+00 1.600000000000000000e+01 3.600000000000000000e+01 1.000000000000000000e+00
9.865192849380504114e-01 1.580069013370024811e+00 8.000000000000000000e+00 4.000000000000000000e+00 1.000000000000000000e+00
3.319656322497737122e-01 2.074214162735135591e+00 9.000000000000000000e+00 7.300000000000000000e+01 1.000000000000000000e+00
4.544115166093976033e-01 2.047928638956418634e+00 2.000000000000000000e+00 2.300000000000000000e+01 1.000000000000000000e+00
5.513315751203081705e-01 9.678355902217131712e-01 6.000000000000000000e+00 6.500000000000000000e+01 1.000000000000000000e+00
4.501290691034099956e-01 1.555466449954975738e+00 7.000000000000000000e+00 4.000000000000000000e+01 1.000000000000000000e+00
9.707749816645829810e-01 1.050503134698665297e+00 7.000000000000000000e+00 1.190000000000000000e+02 1.000000000000000000e+00
9.494413361613857072e-01 7.402741540914506979e-01 1.500000000000000000e+01 1.540000000000000000e+02 1.000000000000000000e+00
4.867071255078280617e-02 3.842633584141671443e-01 1.000000000000000000e+01 1.600000000000000000e+01 1.000000000000000000e+00
9.221987906485081821e-01 2.332775259203047347e-01 8.000000000000000000e+00 6.500000000000000000e+01 1.000000000000000000e+00
6.374896369779533556e-01 1.486542400979294021e+00 1.000000000000000000e+00 2.000000000000000000e+00 1.000000000000000000e+00
1.255596823757474390e-01 5.937258837460864802e-01 2.000000000000000000e+01 8.400000000000000000e+01 1.000000000000000000e+00
3.569730092228843299e-01 6.033649421992085538e-01 2.000000000000000000e+01 6.700000000000000000e+01 1.000000000000000000e+00
3.098846190562331432e-02 8.060892440244814550e-01 1.600000000000000000e+01 1.100000000000000000e+02 1.000000000000000000e+00
5.058788632930028006e-01 5.577247760799294296e-01 1.100000000000000000e+01 1.520000000000000000e+02 1.000000000000000000e+00
9.681823308451507071e-01 1.464591026344603586e+00 2.000000000000000000e+01 4.500000000000000000e+01 1.000000000000000000e+00
8.616032569415974507e-01 4.181966609836856863e-01 1.000000000000000000e+01 1.770000000000000000e+02 1.000000000000000000e+00
6.508418689089362497e-01 2.725462289339447564e-01 1.000000000000000000e+01 1.530000000000000000e+02 1.000000000000000000e+00
9.414611212100210125e-01 6.744989645610394158e-01 1.000000000000000000e+01 1.250000000000000000e+02 1.000000000000000000e+00
7.346444920016402813e-01 1.464871210344115715e+00 9.000000000000000000e+00 2.600000000000000000e+01 1.000000000000000000e+00
3.345229177715585145e-01 1.948414311715968461e+00 1.300000000000000000e+01 4.700000000000000000e+01 1.000000000000000000e+00
3.337650930092864732e-01 4.143381700782590160e-01 6.000000000000000000e+00 6.800000000000000000e+01 1.000000000000000000e+00
1.845741637598096591e-02 1.028267835028852550e+00 2.000000000000000000e+00 1.400000000000000000e+01 1.000000000000000000e+00
3.672089659476547308e-01 2.940324600364981888e-01 8.000000000000000000e+00 6.200000000000000000e+01 1.000000000000000000e+00
9.875404473458680998e-01 2.069702796845849235e+00 6.000000000000000000e+00 1.100000000000000000e+01 1.000000000000000000e+00
3.517749534507792486e-01 6.022316369800712055e-01 1.600000000000000000e+01 1.880000000000000000e+02 1.000000000000000000e+00
3.659619230481228058e-01 8.548315627158650232e-01 7.000000000000000000e+00 1.460000000000000000e+02 1.000000000000000000e+00
6.281164644200252223e-01 9.322299835069537410e-01 1.400000000000000000e+01 1.550000000000000000e+02 1.000000000000000000e+00
3.734349243039709609e-01 1.732284581973556836e+00 2.000000000000000000e+00 1.040000000000000000e+02 1.000000000000000000e+00
3.159196994926430913e-01 1.865346385185610023e+00 1.400000000000000000e+01 1.930000000000000000e+02 1.000000000000000000e+00
7.549564950589090495e-01 1.707678842459460500e-01 1.500000000000000000e+01 2.000000000000000000e+02 1.000000000000000000e+00
2.108070605186205260e-01 2.015604960666526946e+00 2.000000000000000000e+00 1.960000000000000000e+02 1.000000000000000000e+00
1.776653692372900384e-01 2.005456865541338285e+00 7.000000000000000000e+00 1.160000000000000000e+02 1.000000000000000000e+00
1.289508680341256985e-01 7.214263772292685006e-01 1.200000000000000000e+01 1.480000000000000000e+02 1.000000000000000000e+00
3.798844745501659403e-01 6.484976401935257373e-01 1.000000000000000000e+01 2.000000000000000000e+02 1.000000000000000000e+00
5.013219778668247528e-01 1.083646042203149529e+00 3.000000000000000000e+00 3.700000000000000000e+01 1.000000000000000000e+00
8.399989479752532906e-02 1.326999755696265604e+00 2.000000000000000000e+01 1.120000000000000000e+02 1.000000000000000000e+00
8.168940772990128385e-02 1.061761165495457071e+00 1.500000000000000000e+01 1.640000000000000000e+02 1.000000000000000000e+00
5.663505589376484073e-01 2.353128339128140178e-01 1.000000000000000000e+00 1.630000000000000000e+02 1.000000000000000000e+00
6.902615256649978770e-01 1.936495901260569363e+00 1.600000000000000000e+01 7.000000000000000000e+00 1.000000000000000000e+00
9.945937511685027932e-01 2.262213613408345092e-01 1.800000000000000000e+01 1.270000000000000000e+02 1.000000000000000000e+00
3.498841578327943624e-01 6.414694419798100400e-01 3.000000000000000000e+00 5.000000000000000000e+00 2.000000000000000000e+00
6.488295302429052391e-01 2.047713220018171576e+00 5.000000000000000000e+00 9.400000000000000000e+01 2.000000000000000000e+00
7.989913019121013260e-01 1.381545805049431141e+00 8.000000000000000000e+00 5.000000000000000000e+00 2.000000000000000000e+00
6.298872436250246842e-01 8.695789877729981354e-01 1.000000000000000000e+00 1.960000000000000000e+02 2.000000000000000000e+00
1.005459170824899662e+00 1.088808529753339194e+00 1.300000000000000000e+01 1.980000000000000000e+02 2.000000000000000000e+00
9.093290131515009422e-01 2.064674862482091644e+00 1.900000000000000000e+01 1.430000000000000000e+02 2.000000000000000000e+00
8.515402041457598159e-01 9.279686830094341365e-01 1.000000000000000000e+01 3.500000000000000000e+01 2.000000000000000000e+00
8.421038810613256098e-01 4.064249374121354785e-01 8.000000000000000000e+00 1.420000000000000000e+02 2.000000000000000000e+00
2.462447788534769533e-01 8.846548452339971780e-01 9.000000000000000000e+00 1.500000000000000000e+01 2.000000000000000000e+00
4.558681879472561427e-01 1.615503352692582162e+00 1.000000000000000000e+00 4.000000000000000000e+01 2.000000000000000000e+00
1.385613410733907980e-01 1.776081079837943166e+00 1.300000000000000000e+01 8.000000000000000000e+00 2.000000000000000000e+00
8.857424681548152767e-01 1.971896947356379659e+00 6.000000000000000000e+00 2.600000000000000000e+01 2.000000000000000000e+00
8.071706769042257257e-01 2.187536144958878437e-01 1.100000000000000000e+01 1.640000000000000000e+02 2.000000000000000000e+00
3.798059855645651711e-02 1.074371839526524486e+00 1.400000000000000000e+01 1.710000000000000000e+02 2.000000000000000000e+00
7.547858157139697433e-01 2.857598003035780598e-01 6.000000000000000000e+00 1.100000000000000000e+01 2.000000000000000000e+00
7.097836247692180800e-01 2.058556056009662072e+00 1.800000000000000000e+01 1.840000000000000000e+02 2.000000000000000000e+00
2.291423412896972378e-01 3.851142218229300918e-01 1.000000000000000000e+00 1.510000000000000000e+02 2.000000000000000000e+00
6.750851986314414521e-01 2.671906740031740890e-01 1.700000000000000000e+01 6.600000000000000000e+01 2.000000000000000000e+00
4.026357965087715707e-01 1.967569116672078122e+00 1.100000000000000000e+01 5.100000000000000000e+01 2.000000000000000000e+00
2.533034571711467731e-01 1.595480900479239406e+00 1.900000000000000000e+01 8.200000000000000000e+01 2.000000000000000000e+00
3.320257317616340798e-01 3.762907513778334101e-01 1.900000000000000000e+01 1.920000000000000000e+02 2.000000000000000000e+00
3.735863831387881140e-01 7.422169504925174577e-01 3.000000000000000000e+00 1.610000000000000000e+02 2.000000000000000000e+00
3.171216482890958366e-01 2.025466621959392644e+00 8.000000000000000000e+00 1.110000000000000000e+02 2.000000000000000000e+00
9.023885898368853853e-02 4.891423215805480451e-01 1.900000000000000000e+01 1.000000000000000000e+02 2.000000000000000000e+00
2.861237624050098072e-01 1.999380255725876632e+00 1.000000000000000000e+01 8.100000000000000000e+01 2.000000000000000000e+00
3.416681945252967312e-01 1.683151376272446820e+00 1.000000000000000000e+00 1.260000000000000000e+02 2.000000000000000000e+00
4.560984170849211594e-01 1.509338290300388685e+00 2.000000000000000000e+01 1.810000000000000000e+02 2.000000000000000000e+00
8.649302697589794642e-01 1.012200098149021787e+00 8.000000000000000000e+00 3.100000000000000000e+01 2.000000000000000000e+00
9.851321595462715353e-01 1.186338952154270210e+00 1.200000000000000000e+01 3.900000000000000000e+01 2.000000000000000000e+00
6.414156145880191007e-01 1.559786157288493902e+00 1.200000000000000000e+01 1.080000000000000000e+02 2.000000000000000000e+00
1.005409555128670362e+00 1.500890620680628063e+00 7.000000000000000000e+00 1.100000000000000000e+01 2.000000000000000000e+00
7.445672931369462511e-01 2.045924635206060493e+00 1.000000000000000000e+01 1.350000000000000000e+02 2.000000000000000000e+00
3.700366308507252455e-01 1.983167346666409925e+00 5.000000000000000000e+00 1.030000000000000000e+02 2.000000000000000000e+00
7.971221745668406466e-01 1.567509674070134862e+00 1.200000000000000000e+01 8.000000000000000000e+00 2.000000000000000000e+00
6.624843060673439865e-01 1.496145707103301525e+00 1.400000000000000000e+01 1.210000000000000000e+02 2.000000000000000000e+00
2.716748321800567245e-01 1.833375321850700124e-01 1.600000000000000000e+01 1.000000000000000000e+00 2.000000000000000000e+00
4.205593056228380533e-01 1.207708803567700828e+00 2.000000000000000000e+00 6.500000000000000000e+01 2.000000000000000000e+00
7.053091508037117041e-01 1.358693959802082629e+00 1.000000000000000000e+00 1.170000000000000000e+02 2.000000000000000000e+00
4.149482653469332982e-01 6.384416601011851933e-01 1.300000000000000000e+01 1.850000000000000000e+02 2.000000000000000000e+00
8.792514156167983985e-02 1.396242163136182990e+00 1.000000000000000000e+00 1.100000000000000000e+01 2.000000000000000000e+00
3.339740336333542059e-01 1.157544051575119193e+00 1.100000000000000000e+01 1.180000000000000000e+02 2.000000000000000000e+00
1.074138085002754733e-01 1.867595407623921844e+00 3.000000000000000000e+00 9.000000000000000000e+00 2.000000000000000000e+00
5.749655857502705691e-01 1.420523768508601847e+00 8.000000000000000000e+00 1.000000000000000000e+01 2.000000000000000000e+00
8.276527957051589279e-01 1.727678203780577126e+00 1.200000000000000000e+01 2.800000000000000000e+01 2.000000000000000000e+00
8.632139125523718981e-01 1.273378734988440231e+00 1.000000000000000000e+00 2.000000000000000000e+02 2.000000000000000000e+00
7.021938129394325045e-01 1.696484572127047841e+00 1.700000000000000000e+01 1.310000000000000000e+02 2.000000000000000000e+00
4.122859616378730108e-01 4.507337328626944695e-01 1.900000000000000000e+01 1.000000000000000000e+01 2.000000000000000000e+00
6.652926240059647833e-01 1.477290296143806414e-01 5.000000000000000000e+00 1.950000000000000000e+02 2.000000000000000000e+00
7.204416258659572803e-01 8.077819419744517448e-01 1.000000000000000000e+00 1.990000000000000000e+02 2.000000000000000000e+00
9.308781047175094248e-01 1.217288594855917561e+00 1.100000000000000000e+01 4.300000000000000000e+01 2.000000000000000000e+00
3.735472431078157296e-01 1.664542382938251353e-01 1.100000000000000000e+01 1.560000000000000000e+02 3.000000000000000000e+00
5.501436689168288652e-01 1.554607794684803812e+00 1.000000000000000000e+01 1.900000000000000000e+01 3.000000000000000000e+00
2.145851894604341448e-01 1.193069105114333173e+00 3.000000000000000000e+00 1.790000000000000000e+02 3.000000000000000000e+00
1.513547434034283601e-01 1.918673325588506673e+00 1.200000000000000000e+01 1.090000000000000000e+02 3.000000000000000000e+00
4.726735805894662912e-01 8.200751242282663389e-01 1.300000000000000000e+01 6.900000000000000000e+01 3.000000000000000000e+00
5.371007000024703437e-01 2.736458351562035540e-01 1.500000000000000000e+01 1.700000000000000000e+01 3.000000000000000000e+00
8.723215251140121751e-01 1.254614760517115624e+00 1.400000000000000000e+01 1.140000000000000000e+02 3.000000000000000000e+00
9.187432846813757825e-01 7.856278525262744283e-01 1.200000000000000000e+01 1.180000000000000000e+02 3.000000000000000000e+00
3.748420747297073197e-01 6.677498504313420513e-01 8.000000000000000000e+00 5.800000000000000000e+01 3.000000000000000000e+00
8.600458176510354935e-01 1.297697324666214014e+00 1.600000000000000000e+01 1.750000000000000000e+02 3.000000000000000000e+00
5.621736673160083742e-01 1.347123354121179561e+00 1.700000000000000000e+01 1.480000000000000000e+02 3.000000000000000000e+00
7.605684167552742014e-01 1.579762172625348848e-01 7.000000000000000000e+00 1.800000000000000000e+02 3.000000000000000000e+00
6.365847321340128984e-01 5.535273675290636186e-01 1.200000000000000000e+01 5.700000000000000000e+01 3.000000000000000000e+00
2.029623186188707074e-01 1.562818846247064075e-01 9.000000000000000000e+00 1.160000000000000000e+02 3.000000000000000000e+00
9.186540105018779767e-02 1.755664248995908727e-01 1.300000000000000000e+01 1.640000000000000000e+02 3.000000000000000000e+00
1.185816273761841483e-01 5.104216992578697321e-01 3.000000000000000000e+00 4.500000000000000000e+01 3.000000000000000000e+00
6.775819089947014984e-01 2.185201231311365844e-01 1.900000000000000000e+01 1.810000000000000000e+02 3.000000000000000000e+00
5.875233583349548372e-01 2.823790253102534953e-01 1.300000000000000000e+01 5.000000000000000000e+01 3.000000000000000000e+00
8.549111185598996521e-01 9.641710406977145320e-01 1.100000000000000000e+01 1.850000000000000000e+02 3.000000000000000000e+00
8.277936372894167949e-01 1.010502605681921073e+00 1.200000000000000000e+01 3.100000000000000000e+01 3.000000000000000000e+00
5.516817880742973523e-01 1.465564349513166942e+00 1.700000000000000000e+01 3.000000000000000000e+00 3.000000000000000000e+00
2.545857274333648279e-01 8.187016823734082349e-01 3.000000000000000000e+00 1.630000000000000000e+02 3.000000000000000000e+00
5.182822297357849717e-01 1.864449585890648686e+00 7.000000000000000000e+00 6.300000000000000000e+01 3.000000000000000000e+00
4.972116254608588415e-01 7.506238472371421500e-01 5.000000000000000000e+00 1.960000000000000000e+02 3.000000000000000000e+00
7.479493713988215609e-01 4.536550259665165230e-01 1.500000000000000000e+01 7.600000000000000000e+01 3.000000000000000000e+00
9.801467382891576596e-01 6.346905340651184391e-01 1.000000000000000000e+00 1.650000000000000000e+02 3.000000000000000000e+00
9.982636537814331135e-01 7.837388988309094140e-01 1.200000000000000000e+01 1.620000000000000000e+02 3.000000000000000000e+00
9.849218777446543394e-01 7.743659822245817503e-01 1.400000000000000000e+01 9.100000000000000000e+01 3.000000000000000000e+00
8.325075867217867076e-01 4.864264039030469222e-01 2.000000000000000000e+01 8.500000000000000000e+01 3.000000000000000000e+00
8.293910757474420858e-01 5.027779835223850080e-01 1.700000000000000000e+01 1.370000000000000000e+02 3.000000000000000000e+00
7.089807653786293906e-02 1.934584909321360069e+00 8.000000000000000000e+00 1.030000000000000000e+02 3.000000000000000000e+00
8.562708742513747140e-01 1.397931546607771747e+00 9.000000000000000000e+00 7.600000000000000000e+01 3.000000000000000000e+00
2.477177483133804481e-01 1.678316031568027888e+00 2.000000000000000000e+00 2.400000000000000000e+01 3.000000000000000000e+00
9.493518114551653397e-01 6.784952298457532782e-01 1.500000000000000000e+01 1.260000000000000000e+02 3.000000000000000000e+00
1.233822885116741958e-01 1.443915104458844079e+00 4.000000000000000000e+00 1.200000000000000000e+02 3.000000000000000000e+00
2.229121592672538288e-01 1.821571613123452282e+00 2.000000000000000000e+01 6.200000000000000000e+01 3.000000000000000000e+00
9.708431250349134345e-01 1.876968854455026703e+00 1.700000000000000000e+01 8.800000000000000000e+01 3.000000000000000000e+00
3.890661163392904881e-02 3.264710369119842026e-01 1.100000000000000000e+01 4.100000000000000000e+01 3.000000000000000000e+00
5.818675574566742892e-01 3.630900790504433262e-01 2.000000000000000000e+01 1.620000000000000000e+02 3.000000000000000000e+00
6.182030530162379023e-01 1.932139079636212120e+00 1.500000000000000000e+01 1.050000000000000000e+02 3.000000000000000000e+00
9.862376052233791102e-01 4.169362608214478572e-01 1.600000000000000000e+01 3.400000000000000000e+01 3.000000000000000000e+00
3.750129838780879021e-01 1.684077867615239921e+00 9.000000000000000000e+00 9.700000000000000000e+01 3.000000000000000000e+00
2.505499997401116064e-01 6.318558978218281608e-01 4.000000000000000000e+00 1.790000000000000000e+02 3.000000000000000000e+00
4.941968434134911270e-01 2.993078371338929733e-01 1.700000000000000000e+01 1.990000000000000000e+02 3.000000000000000000e+00
7.943108417602602334e-01 1.847163493936369250e+00 1.200000000000000000e+01 1.900000000000000000e+02 3.000000000000000000e+00
8.892700378444139409e-01 6.736018808828746485e-01 1.400000000000000000e+01 6.400000000000000000e+01 3.000000000000000000e+00
9.636823194147260407e-01 1.415150906404839315e+00 1.200000000000000000e+01 1.650000000000000000e+02 3.000000000000000000e+00
6.175779597722185627e-02 1.413838211196951189e+00 2.000000000000000000e+00 1.720000000000000000e+02 3.000000000000000000e+00
6.547929033137531718e-01 9.352771052200662405e-01 1.000000000000000000e+01 2.600000000000000000e+01 3.000000000000000000e+00
6.292219246257424459e-01 5.557268732797194799e-01 4.000000000000000000e+00 1.830000000000000000e+02 3.000000000000000000e+00
8.282598553801059360e-01 8.576339792301593823e-01 1.000000000000000000e+01 1.400000000000000000e+02 4.000000000000000000e+00
6.404579493256066236e-01 5.033959762241301261e-01 7.000000000000000000e+00 1.350000000000000000e+02 4.000000000000000000e+00
1.483004084411246870e-01 8.678498427018949135e-01 1.000000000000000000e+00 1.680000000000000000e+02 4.000000000000000000e+00
4.851183871604933806e-01 1.273282118374490457e+00 1.100000000000000000e+01 1.930000000000000000e+02 4.000000000000000000e+00
3.847635837199884223e-01 1.901638051042351840e+00 1.900000000000000000e+01 1.870000000000000000e+02 4.000000000000000000e+00
2.792158848093372753e-02 1.787985160932174633e+00 1.100000000000000000e+01 1.730000000000000000e+02 4.000000000000000000e+00
9.510780575350846755e-01 9.629785933431326272e-01 2.000000000000000000e+00 1.570000000000000000e+02 4.000000000000000000e+00
6.742333846794866525e-02 8.637763797826371048e-01 1.100000000000000000e+01 8.800000000000000000e+01 4.000000000000000000e+00
5.456431936169658936e-01 2.025427999554188840e+00 5.000000000000000000e+00 2.000000000000000000e+00 4.000000000000000000e+00
7.109265161417352985e-01 2.468648693884133716e-01 1.300000000000000000e+01 1.220000000000000000e+02 4.000000000000000000e+00
8.382262741703797593e-01 1.088536252861964204e+00 1.700000000000000000e+01 8.100000000000000000e+01 4.000000000000000000e+00
9.244982590716188664e-01 1.053576987728227943e+00 1.800000000000000000e+01 4.000000000000000000e+00 4.000000000000000000e+00
2.218009530601597890e-01 4.749118071206114289e-01 6.000000000000000000e+00 8.300000000000000000e+01 4.000000000000000000e+00
7.646314042483567386e-01 1.146723890807271440e+00 1.600000000000000000e+01 9.300000000000000000e+01 4.000000000000000000e+00
1.491237772954001617e-01 4.357362438280106831e-01 2.000000000000000000e+01 5.600000000000000000e+01 4.000000000000000000e+00
1.001744672629583333e+00 4.935908317693739056e-01 2.000000000000000000e+00 1.940000000000000000e+02 4.000000000000000000e+00
9.917932747864756093e-01 1.560362007298410569e+00 1.100000000000000000e+01 3.200000000000000000e+01 4.000000000000000000e+00
7.755761699091643369e-01 1.605726132291800834e+00 1.900000000000000000e+01 1.370000000000000000e+02 4.000000000000000000e+00
6.958959487899111229e-01 9.783100780891477166e-01 1.100000000000000000e+01 2.700000000000000000e+01 4.000000000000000000e+00
1.577506985912748849e-01 1.933750957109926505e+00 4.000000000000000000e+00 1.300000000000000000e+02 4.000000000000000000e+00
7.848637808074500066e-01 1.560935158468023110e+00 1.700000000000000000e+01 1.900000000000000000e+02 4.000000000000000000e+00
3.376579825873263774e-01 7.253125936446885857e-01 6.000000000000000000e+00 1.510000000000000000e+02 4.000000000000000000e+00
8.451130941414141118e-01 1.673318377075506458e+00 6.000000000000000000e+00 2.000000000000000000e+01 4.000000000000000000e+00
8.414782668762733620e-01 1.108212845271253855e+00 1.900000000000000000e+01 1.750000000000000000e+02 4.000000000000000000e+00
3.787036669769470176e-01 2.460222016510488496e-01 1.200000000000000000e+01 3.000000000000000000e+00 4.000000000000000000e+00
6.366417930964184124e-02 2.095160354107903355e+00 2.000000000000000000e+01 3.500000000000000000e+01 4.000000000000000000e+00
9.931225604659525974e-01 1.187671605769265115e+00 3.000000000000000000e+00 4.400000000000000000e+01 4.000000000000000000e+00
6.591919911854089431e-01 8.079566472854001757e-01 6.000000000000000000e+00 4.200000000000000000e+01 4.000000000000000000e+00
9.803984410396766602e-01 3.206254056835610156e-01 8.000000000000000000e+00 8.000000000000000000e+01 4.000000000000000000e+00
1.348088450808892190e-02 1.008070533506069566e+00 1.700000000000000000e+01 1.410000000000000000e+02 4.000000000000000000e+00
3.269979750538365426e-01 1.975685337530138863e+00 1.300000000000000000e+01 6.400000000000000000e+01 4.000000000000000000e+00
4.471042462573444620e-01 5.763181840692696012e-01 1.700000000000000000e+01 1.850000000000000000e+02 4.000000000000000000e+00
6.154056160960338362e-01 7.400764300613945634e-01 3.000000000000000000e+00 1.910000000000000000e+02 4.000000000000000000e+00
9.798466632760723938e-01 1.121706039826241563e-01 1.400000000000000000e+01 2.000000000000000000e+01 4.000000000000000000e+00
6.404907728634379183e-01 3.029493659673686556e-01 5.000000000000000000e+00 8.400000000000000000e+01 4.000000000000000000e+00
2.363140034953233881e-01 1.968573195371859041e+00 1.000000000000000000e+01 9.000000000000000000e+00 4.000000000000000000e+00
2.906619487810593316e-01 7.929642935787485358e-01 1.700000000000000000e+01 1.880000000000000000e+02 4.000000000000000000e+00
7.622220148891359903e-01 1.790750736851971947e+00 1.300000000000000000e+01 8.500000000000000000e+01 4.000000000000000000e+00
7.147021481493764927e-01 1.713680866625033383e+00 1.000000000000000000e+01 6.300000000000000000e+01 4.000000000000000000e+00
9.032278885801280077e-02 4.833800932374175963e-01 4.000000000000000000e+00 9.000000000000000000e+00 4.000000000000000000e+00
2.047754883648610358e-01 1.726377515794383033e+00 1.200000000000000000e+01 9.700000000000000000e+01 4.000000000000000000e+00
4.144757536689276378e-01 1.315781673311120059e+00 7.000000000000000000e+00 6.500000000000000000e+01 4.000000000000000000e+00
1.855781573747814495e-01 1.209157704716925075e+00 5.000000000000000000e+00 1.670000000000000000e+02 4.000000000000000000e+00
1.706700873630110360e-01 1.613924434062733670e+00 6.000000000000000000e+00 6.400000000000000000e+01 4.000000000000000000e+00
7.205997542459525729e-01 6.488696853146519450e-01 1.700000000000000000e+01 1.700000000000000000e+01 4.000000000000000000e+00
9.215150070942104144e-01 9.639198222014256912e-01 2.000000000000000000e+01 1.180000000000000000e+02 4.000000000000000000e+00
6.539366148034733150e-01 1.432266687163741503e+00 1.200000000000000000e+01 7.700000000000000000e+01 4.000000000000000000e+00
3.324649501833675247e-01 3.396030087731939373e-01 6.000000000000000000e+00 1.830000000000000000e+02 4.000000000000000000e+00
5.614393221320456567e-02 1.730847909994136957e+00 1.500000000000000000e+01 1.280000000000000000e+02 4.000000000000000000e+00
6.700146977032682694e-01 1.698056544384753064e+00 7.000000000000000000e+00 4.700000000000000000e+01 4.000000000000000000e+00
