-1.314215161788761179e+02
-1.124143292502110825e+02
-1.063689568115530477e+02
-1.058484329177534562e+02
-1.323205660435471884e+02
-9.175669150750951530e+01
-1.330967001219857764e+02
-1.330968232956218174e+02
-9.201959905523683858e+01
-1.330966671558502981e+02
-1.312093777302847002e+02
-1.251570679038036076e+02
-9.048529716568125991e+01
-1.330893740123983662e+02
-1.286494417457340944e+02
-1.330968146569705937e+02
-1.217415606344796117e+02
-1.324260034847700354e+02
-1.330924471465943384e+02
-1.330968310659458780e+02
-1.330920187384596716e+02
-1.330965518293876642e+02
-1.061606345467772599e+02
-9.314517972650769195e+01
-1.330587845062732413e+02
-1.330280842649811461e+02
-1.330951608006289177e+02
-1.330963523341186203e+02
-9.481402751449607536e+01
-1.122947421582039595e+02
-1.330868643456642815e+02
-1.307638649140702114e+02
-1.330966918658431268e+02
-1.326393051713684486e+02
-1.289462439746636733e+02
-1.330459891508706107e+02
-9.152291119592753432e+01
-1.146420673215612425e+02
-9.941298888546563717e+01
-1.310860991103968445e+02
-1.330951483009610001e+02
-9.124326466841492334e+01
-1.103801667444495962e+02
-1.327411166065613770e+02
-9.782627412028179492e+01
-8.959782419710572299e+01
-1.330964892585440111e+02
-1.330969393302612787e+02
-1.230550078781763546e+02
-1.330855276029257368e+02
-1.248262015013809219e+02
-1.254481197804161923e+02
-1.278400709371691875e+02
-1.248827753072990987e+02
-1.278197894396688952e+02
-9.355416988288932600e+01
-1.276156542494299799e+02
-1.028675234251511341e+02
-9.877880058396664253e+01
-9.411929790322146516e+01
-8.884679078258935192e+01
-1.065260824293222157e+02
-9.519521387574408777e+01
-1.278399387535845477e+02
-8.816440850175230537e+01
-1.274179690149235427e+02
-1.168367229792039979e+02
-1.241145987528869483e+02
-1.277915487634534628e+02
-1.278326590027271550e+02
-1.222065170499031552e+02
-9.509904439794186715e+01
-1.077916820021315800e+02
-1.030240843947888436e+02
-1.204776461842916007e+02
-1.249980840949070853e+02
-1.278399516370915876e+02
-9.312941965298297475e+01
-1.278400411475372209e+02
-1.246553014105015791e+02
-1.278131989039919176e+02
-1.278401371362913039e+02
-1.276254992290033101e+02
-1.278308521970388512e+02
-1.165556955869642763e+02
-9.576077737643873888e+01
-8.877740550653717833e+01
-1.252742154171339308e+02
-1.244561072168226588e+02
-9.522996826375485568e+01
-9.029264729859646366e+01
-1.278113034566394077e+02
-1.278397827150282495e+02
-1.025785259415447683e+02
-1.268340029531120052e+02
-8.839576641378418742e+01
-9.365888240372869689e+01
-9.121212519038556366e+01
-1.278119148458839192e+02
-1.262759835651176701e+02
-8.567063250675597885e+01
-1.235615463501440843e+02
-1.235568478032089672e+02
-9.778860410536492509e+01
-1.235614561539531024e+02
-1.235408444209481758e+02
-8.648857837362091061e+01
-1.233538352839375136e+02
-1.235615330465224702e+02
-1.235603437106737772e+02
-1.235613666221559299e+02
-9.753532769238674405e+01
-9.536944271405299389e+01
-8.795561669848258646e+01
-1.223854928173424952e+02
-1.212568576871710775e+02
-1.235613218153031880e+02
-1.235615216906324179e+02
-1.113959835975881134e+02
-1.149818250414392082e+02
-1.156686779970329297e+02
-1.099212740191117774e+02
-1.228997477519300503e+02
-1.235612106369104310e+02
-1.114723427791414139e+02
-1.232784761780141025e+02
-8.751951878114154226e+01
-1.232017940447803284e+02
-1.235615156333580700e+02
-9.098030549031493308e+01
-1.007729639713131888e+02
-1.230417494331707644e+02
-8.672768752546402027e+01
-1.235590483324463520e+02
-1.124777639659384931e+02
-1.235608308007495282e+02
-1.235610313016111093e+02
-9.984150007161780138e+01
-9.601202892118452326e+01
-1.058877047029042728e+02
-1.235614878476952754e+02
-1.235454298117742837e+02
-1.030634676942757295e+02
-1.157218385332279951e+02
-1.041152882141889791e+02
-1.235585088592115994e+02
-1.235556631437770392e+02
-1.113512609089616632e+02
-1.230279461161854186e+02
-1.224294598297261558e+02
-1.239422997914510631e+02
-1.239422786059453330e+02
-1.167963116657923024e+02
-8.711537891205097139e+01
-8.719130332655082327e+01
-9.691546135923400129e+01
-1.239420274496707179e+02
-1.046397444731754263e+02
-1.239422866750583836e+02
-1.230328351073869442e+02
-9.863860977136626218e+01
-1.239407861257929824e+02
-1.013244614053989068e+02
-1.239415590935104348e+02
-1.239357273589461528e+02
-1.239422485124183311e+02
-1.130747516606373182e+02
-1.087656479940228422e+02
-1.237759895436534094e+02
-1.239420095839620046e+02
-1.229989854248077421e+02
-1.238720910536561064e+02
-9.163640740151244302e+01
-1.239208589590153906e+02
-1.040656727201471767e+02
-1.239220259124727050e+02
-1.174687846420401769e+02
-1.226852588341808854e+02
-1.239422515803075555e+02
-1.239423323322242965e+02
-1.129103129020414258e+02
-1.213515822901731838e+02
-1.088424357622893552e+02
-8.923703906521228646e+01
-8.888967677153391378e+01
-1.239279530964371645e+02
-1.239420661051167372e+02
-1.236772757954636859e+02
-1.165607715064240040e+02
-1.237876835275743446e+02
-1.151206794405747615e+02
-8.649056908364289598e+01
-9.901868123229242258e+01
-1.239423648360071581e+02
-1.140612607590158376e+02
-1.211306715018834836e+02
-1.112243352756778307e+02
-1.239417526636285629e+02
-1.125132537313525916e+02
-9.790421560766785092e+01
-1.018252466192627281e+02
-8.893827886958494844e+01
-1.251412924807318490e+02
-9.750366043703154162e+01
-1.228769571779542389e+02
-1.250961278486017818e+02
-1.251437717780644334e+02
-1.251378123021889195e+02
-1.019089681150577178e+02
-1.251434359310907638e+02
-9.875721258205484787e+01
-1.225762712559430980e+02
-1.136883148268722294e+02
-1.053958412155184305e+02
-1.251434316676223659e+02
-9.704443478122463773e+01
-9.879429148846196540e+01
-1.204890961644661900e+02
-1.230456060557370250e+02
-1.235085280463338080e+02
-1.160057349772726525e+02
-1.133594647226413059e+02
-1.038084010102683123e+02
-1.251373587480690901e+02
-1.251414766030042784e+02
-1.251434562875062255e+02
-1.036522365840859834e+02
-1.116245057469469089e+02
-9.511130225478298428e+01
-1.234062713086645715e+02
-9.533225242685632850e+01
-9.238113850804317906e+01
-1.210411178835054216e+02
-1.022701976324032529e+02
-1.188137938422756434e+02
-1.162368568556238415e+02
-1.148648866381965234e+02
-1.033177661168166708e+02
-1.251423162285395989e+02
-1.251434431321206660e+02
-1.251435436857109380e+02
-8.820354677799993226e+01
-1.251434140635917061e+02
-1.173232242702730161e+02
-1.243864247484065260e+02
-8.868633774064436182e+01
-1.251433057800102091e+02
-1.251434595729365356e+02
-1.208658235854966421e+02
-1.177765297260892794e+02
