8.834294027918162540e-01 2.037081325641863838e+00 1.300000000000000000e+01 1.600000000000000000e+02 0.000000000000000000e+00
8.791945402139199617e-01 1.161711383111198037e+00 7.000000000000000000e+00 8.300000000000000000e+01 0.000000000000000000e+00
2.427283279772907143e-01 1.227976085548597995e-01 1.000000000000000000e+01 5.400000000000000000e+01 0.000000000000000000e+00
4.404688182924905160e-01 9.047027200747296272e-01 1.000000000000000000e+00 1.850000000000000000e+02 0.000000000000000000e+00
5.326746713525696286e-01 1.056783591604804950e+00 1.200000000000000000e+01 7.100000000000000000e+01 0.000000000000000000e+00
5.653564738223304520e-01 1.186772035085080779e+00 7.000000000000000000e+00 1.990000000000000000e+02 0.000000000000000000e+00
7.708955756029289841e-01 1.524749148164182611e+00 1.000000000000000000e+00 7.200000000000000000e+01 0.000000000000000000e+00
6.296820961034396147e-01 9.521835409523843330e-01 1.600000000000000000e+01 1.650000000000000000e+02 0.000000000000000000e+00
2.990750280180877185e-01 2.047710482400892484e+00 1.200000000000000000e+01 6.800000000000000000e+01 0.000000000000000000e+00
3.437740455106703674e-01 5.376021216396559277e-01 1.000000000000000000e+00 4.200000000000000000e+01 0.000000000000000000e+00
7.580838778721142590e-02 2.065741093106867599e+00 1.900000000000000000e+01 1.000000000000000000e+02 0.000000000000000000e+00
1.378557129250318480e-01 7.442615864083587107e-01 2.000000000000000000e+01 1.900000000000000000e+02 0.000000000000000000e+00
8.094284475019873637e-02 5.495398779360908259e-01 1.100000000000000000e+01 1.750000000000000000e+02 0.000000000000000000e+00
4.036349149436049277e-01 1.892290009761270486e+00 5.000000000000000000e+00 1.490000000000000000e+02 0.000000000000000000e+00
3.554616119978670774e-01 2.069498874570542490e+00 1.500000000000000000e+01 2.000000000000000000e+00 0.000000000000000000e+00
3.873204896329539987e-02 8.033694725402401593e-01 8.000000000000000000e+00 1.330000000000000000e+02 0.000000000000000000e+00
3.909588892038530217e-01 1.628320262731920209e+00 1.000000000000000000e+00 1.870000000000000000e+02 0.000000000000000000e+00
9.488039133107717404e-01 7.393795929340553075e-01 1.700000000000000000e+01 1.070000000000000000e+02 0.000000000000000000e+00
4.424759327904158601e-01 6.402914831829306097e-01 1.900000000000000000e+01 8.100000000000000000e+01 0.000000000000000000e+00
8.110558863263944707e-01 1.376477612246242765e+00 2.000000000000000000e+01 4.000000000000000000e+00 0.000000000000000000e+00
7.869013345815721594e-02 1.307288952738222543e+00 1.500000000000000000e+01 1.650000000000000000e+02 0.000000000000000000e+00
8.055745584289766281e-01 1.640163128515935986e-01 9.000000000000000000e+00 1.990000000000000000e+02 0.000000000000000000e+00
4.654478221059330512e-01 1.680345082676571344e+00 3.000000000000000000e+00 6.000000000000000000e+01 0.000000000000000000e+00
9.985965181137292923e-01 1.267929087001933519e+00 1.700000000000000000e+01 1.360000000000000000e+02 0.000000000000000000e+00
4.891229764232184890e-02 9.928458150358051570e-01 1.400000000000000000e+01 5.100000000000000000e+01 0.000000000000000000e+00
1.981725152933142553e-01 1.354111293710496877e+00 1.000000000000000000e+00 7.200000000000000000e+01 0.000000000000000000e+00
2.253177994727462163e-01 4.019402153149927992e-01 1.300000000000000000e+01 1.500000000000000000e+02 0.000000000000000000e+00
5.461443066795744761e-01 3.007735884490986278e-01 9.000000000000000000e+00 1.430000000000000000e+02 0.000000000000000000e+00
7.411584319806627796e-01 1.979302078882349658e+00 2.000000000000000000e+01 7.100000000000000000e+01 0.000000000000000000e+00
9.533181844632018231e-01 8.494770100355523157e-01 8.000000000000000000e+00 1.990000000000000000e+02 0.000000000000000000e+00
6.057502458740258167e-01 1.423965424548935488e+00 4.000000000000000000e+00 1.140000000000000000e+02 0.000000000000000000e+00
5.205804552532703466e-01 1.041785163287699101e+00 1.200000000000000000e+01 1.750000000000000000e+02 0.000000000000000000e+00
1.887228558515085391e-02 2.357928071307383855e-01 3.000000000000000000e+00 3.000000000000000000e+01 0.000000000000000000e+00
4.448162283835888076e-01 9.629872617607214691e-01 1.000000000000000000e+00 7.000000000000000000e+01 0.000000000000000000e+00
1.958836855197709781e-01 1.159410633403809232e+00 6.000000000000000000e+00 3.000000000000000000e+01 0.000000000000000000e+00
6.090862529401394054e-01 1.541848933375167041e+00 1.600000000000000000e+01 9.800000000000000000e+01 0.000000000000000000e+00
3.163958566392335303e-01 9.087909295495307793e-01 4.000000000000000000e+00 5.100000000000000000e+01 0.000000000000000000e+00
8.327824204975264877e-01 1.274260702470594531e+00 1.100000000000000000e+01 1.880000000000000000e+02 0.000000000000000000e+00
7.165155434054563122e-01 1.121164493364364967e+00 4.000000000000000000e+00 1.550000000000000000e+02 0.000000000000000000e+00
8.400616609931176315e-01 1.541356022959643912e+00 6.000000000000000000e+00 1.000000000000000000e+02 0.000000000000000000e+00
8.762616828816474079e-01 5.068195443039810177e-01 1.000000000000000000e+00 1.480000000000000000e+02 0.000000000000000000e+00
3.085348512836252333e-01 1.051608044127547936e+00 1.900000000000000000e+01 1.620000000000000000e+02 0.000000000000000000e+00
5.036044979214679973e-01 1.315352261435575265e+00 1.200000000000000000e+01 6.500000000000000000e+01 0.000000000000000000e+00
8.289355770325862460e-01 1.155447676839824300e+00 1.100000000000000000e+01 1.110000000000000000e+02 0.000000000000000000e+00
9.492041360238716585e-01 1.546766829974547619e+00 1.000000000000000000e+01 1.010000000000000000e+02 0.000000000000000000e+00
1.887570156678676225e-01 1.339450833191818013e+00 2.000000000000000000e+00 1.900000000000000000e+01 0.000000000000000000e+00
5.722833839616334739e-01 1.626809229274292834e+00 2.000000000000000000e+01 9.700000000000000000e+01 0.000000000000000000e+00
8.166463352132258269e-01 6.972504051055999907e-01 1.300000000000000000e+01 7.600000000000000000e+01 0.000000000000000000e+00
1.483847067160902755e-01 1.370795828357727508e+00 8.000000000000000000e+00 1.140000000000000000e+02 0.000000000000000000e+00
1.830837443257037761e-02 1.677166528995778894e+00 1.900000000000000000e+01 7.500000000000000000e+01 0.000000000000000000e+00
5.120773926354884598e-01 2.094237323073043999e+00 3.000000000000000000e+00 1.550000000000000000e+02 1.000000000000000000e+00
9.940406473734805237e-01 5.541572531665507340e-01 1.700000000000000000e+01 1.130000000000000000e+02 1.000000000000000000e+00
8.599572901897207799e-01 1.725635071276343302e+00 1.000000000000000000e+01 6.400000000000000000e+01 1.000000000000000000e+00
2.461343702522496013e-01 1.413706588411148601e+00 1.200000000000000000e+01 1.490000000000000000e+02 1.000000000000000000e+00
9.871710015482592082e-01 1.563137029604818817e+00 1.900000000000000000e+01 1.090000000000000000e+02 1.000000000000000000e+00
1.056283613008864725e-01 1.101212211888632053e+00 5.000000000000000000e+00 1.370000000000000000e+02 1.000000000000000000e+00
4.723600785380209777e-01 1.014877788868124020e-01 1.600000000000000000e+01 5.400000000000000000e+01 1.000000000000000000e+00
9.989389404604221978e-01 1.855239882350190106e+00 5.000000000000000000e+00 4.800000000000000000e+01 1.000000000000000000e+00
2.272111529162142984e-01 1.310755002625233923e+00 9.000000000000000000e+00 1.790000000000000000e+02 1.000000000000000000e+00
4.819531205359290915e-01 8.182178295865604190e-01 1.000000000000000000e+01 9.900000000000000000e+01 1.000000000000000000e+00
5.392924523083301169e-01 1.229646221367476366e+00 1.500000000000000000e+01 2.500000000000000000e+01 1.000000000000000000e+00
8.435490012491904110e-01 2.256266449699778909e-01 7.000000000000000000e+00 5.000000000000000000e+01 1.000000000000000000e+00
6.163666231574216336e-01 1.107225489881377589e+00 1.900000000000000000e+01 6.000000000000000000e+01 1.000000000000000000e+00
1.702986928255547650e-01 3.908909571125455118e-01 1.200000000000000000e+01 1.010000000000000000e+02 1.000000000000000000e+00
6.478408620215795333e-01 1.865812280722597416e+00 1.400000000000000000e+01 1.610000000000000000e+02 1.000000000000000000e+00
4.286581085057138835e-02 9.560438029362402501e-01 1.600000000000000000e+01 1.690000000000000000e+02 1.000000000000000000e+00
8.878930732614956911e-01 1.053014158970665859e+00 9.000000000000000000e+00 2.000000000000000000e+02 1.000000000000000000e+00
3.775705375490927551e-01 5.813005037181567802e-01 3.000000000000000000e+00 8.300000000000000000e+01 1.000000000000000000e+00
5.823177716362980955e-02 4.503335584182998064e-01 5.000000000000000000e+00 7.800000000000000000e+01 1.000000000000000000e+00
5.667754326663494435e-01 1.160170965945800825e+00 1.500000000000000000e+01 1.290000000000000000e+02 1.000000000000000000e+00
5.542215506169995143e-01 6.981054972334329589e-01 9.000000000000000000e+00 6.800000000000000000e+01 1.000000000000000000e+00
8.754240312144623282e-01 1.793893087093205940e+00 7.000000000000000000e+00 1.330000000000000000e+02 1.000000000000000000e+00
4.757003666305104073e-01 1.602716393571604225e+00 1.400000000000000000e+01 1.280000000000000000e+02 1.000000000000000000e+00
7.935706727666782534e-01 8.361936970589806117e-01 1.000000000000000000e+00 1.740000000000000000e+02 1.000000000000000000e+00
1.873131006340118532e-01 6.057410073020638164e-01 1.400000000000000000e+01 7.400000000000000000e+01 1.000000000000000000e+00
2.470910595460515946e-01 8.837911236991086161e-01 8.000000000000000000e+00 1.810000000000000000e+02 1.000000000000000000e+00
1.720640951214013475e-02 6.617817000732187926e-01 3.000000000000000000e+00 6.600000000000000000e+01 1.000000000000000000e+00
5.470701169459407653e-01 9.461186073559583187e-01 7.000000000000000000e+00 7.300000000000000000e+01 1.000000000000000000e+00
5.418263245473746714e-01 1.580154719527824714e+00 2.000000000000000000e+01 1.940000000000000000e+02 1.000000000000000000e+00
9.412154394249545586e-01 7.519941049327450999e-01 1.100000000000000000e+01 6.100000000000000000e+01 1.000000000000000000e+00
2.805735220119150997e-01 1.052447823942675109e+00 5.000000000000000000e+00 7.700000000000000000e+01 1.000000000000000000e+00
6.196162102304301200e-01 4.745008684344992345e-01 5.000000000000000000e+00 1.270000000000000000e+02 1.000000000000000000e+00
3.799536548956172072e-02 5.079871000166228390e-01 1.400000000000000000e+01 1.800000000000000000e+01 1.000000000000000000e+00
2.551045610443593015e-01 9.726611247594584286e-01 2.000000000000000000e+00 1.690000000000000000e+02 1.000000000000000000e+00
6.409292421381573845e-01 7.028472329726237477e-01 1.000000000000000000e+01 1.800000000000000000e+01 1.000000000000000000e+00
9.855067132457359103e-01 1.842296682734196667e+00 1.200000000000000000e+01 1.510000000000000000e+02 1.000000000000000000e+00
6.307320313953527213e-01 7.757741484921164554e-01 1.400000000000000000e+01 1.260000000000000000e+02 1.000000000000000000e+00
1.797316049633219670e-01 1.419460302501779791e+00 1.000000000000000000e+00 1.750000000000000000e+02 1.000000000000000000e+00
7.254490697792483900e-01 2.322014335845449529e-01 2.000000000000000000e+01 8.400000000000000000e+01 1.000000000000000000e+00
7.851162103601025954e-01 1.877257622230817047e+00 1.400000000000000000e+01 1.220000000000000000e+02 1.000000000000000000e+00
6.422237729028609232e-01 1.506705039872219043e+00 2.000000000000000000e+00 1.390000000000000000e+02 1.000000000000000000e+00
8.734442230594299250e-01 1.997447819772923516e+00 1.800000000000000000e+01 4.000000000000000000e+01 1.000000000000000000e+00
3.618764219028992590e-01 2.184036096079292888e-01 1.700000000000000000e+01 3.800000000000000000e+01 1.000000000000000000e+00
3.209550914270601352e-01 4.417019507834335501e-01 9.000000000000000000e+00 9.000000000000000000e+00 1.000000000000000000e+00
3.840487399814488390e-01 1.107942063865440918e+00 2.000000000000000000e+01 1.670000000000000000e+02 1.000000000000000000e+00
8.004919029929327134e-01 2.004963800206235991e+00 3.000000000000000000e+00 4.200000000000000000e+01 1.000000000000000000e+00
2.998208340999400923e-01 2.004028188815276668e+00 8.000000000000000000e+00 9.800000000000000000e+01 1.000000000000000000e+00
1.940442650289497806e-01 9.801227068001795439e-01 1.700000000000000000e+01 1.700000000000000000e+02 1.000000000000000000e+00
1.924994794232873785e-01 6.213019346903602136e-01 1.200000000000000000e+01 4.000000000000000000e+01 1.000000000000000000e+00
2.720689778960493771e-02 5.925592329764418631e-01 1.400000000000000000e+01 1.770000000000000000e+02 1.000000000000000000e+00
3.965118916163948848e-01 1.094336103103515478e+00 1.800000000000000000e+01 4.800000000000000000e+01 2.000000000000000000e+00
3.135414820257104163e-01 1.260821152021568692e-01 6.000000000000000000e+00 1.340000000000000000e+02 2.000000000000000000e+00
8.868501280835177081e-01 5.721901332288240605e-01 1.300000000000000000e+01 8.000000000000000000e+01 2.000000000000000000e+00
2.289014755615207397e-01 1.083303975689030862e-01 4.000000000000000000e+00 7.100000000000000000e+01 2.000000000000000000e+00
2.700309355727193994e-01 6.499849979863777660e-01 1.900000000000000000e+01 7.500000000000000000e+01 2.000000000000000000e+00
5.834214584020347427e-01 1.140813185968472254e+00 2.000000000000000000e+01 2.100000000000000000e+01 2.000000000000000000e+00
8.092297558169913030e-01 1.656689021537809170e+00 1.100000000000000000e+01 1.000000000000000000e+00 2.000000000000000000e+00
9.400787354673394436e-01 1.151419857129001301e+00 1.600000000000000000e+01 1.790000000000000000e+02 2.000000000000000000e+00
9.449572594485204924e-01 1.732729922365505049e+00 3.000000000000000000e+00 9.200000000000000000e+01 2.000000000000000000e+00
1.991497864546319940e-01 1.494990272017031607e+00 6.000000000000000000e+00 1.800000000000000000e+02 2.000000000000000000e+00
9.249716019232043784e-01 1.906102878614794660e+00 1.500000000000000000e+01 9.000000000000000000e+01 2.000000000000000000e+00
8.717010353460368233e-01 1.395272791826023484e+00 1.600000000000000000e+01 4.000000000000000000e+01 2.000000000000000000e+00
9.700426255523176833e-01 6.000335371913515514e-01 4.000000000000000000e+00 5.800000000000000000e+01 2.000000000000000000e+00
7.073739968258193622e-01 3.472636063590740507e-01 1.800000000000000000e+01 1.860000000000000000e+02 2.000000000000000000e+00
6.727675171355850248e-01 1.519281642537924526e+00 1.700000000000000000e+01 8.800000000000000000e+01 2.000000000000000000e+00
6.819843840105503929e-01 1.096300771902855242e+00 2.000000000000000000e+01 1.410000000000000000e+02 2.000000000000000000e+00
4.214010390774000081e-01 1.833358389164287283e+00 1.700000000000000000e+01 1.070000000000000000e+02 2.000000000000000000e+00
4.797486951709349912e-01 7.356435311646661868e-01 1.700000000000000000e+01 9.000000000000000000e+01 2.000000000000000000e+00
5.713714765823440372e-02 1.418246336701651789e+00 1.000000000000000000e+00 8.000000000000000000e+01 2.000000000000000000e+00
7.655678339174203373e-01 1.107746099272203910e+00 1.200000000000000000e+01 1.260000000000000000e+02 2.000000000000000000e+00
7.394669256169607019e-01 1.379377413069294178e+00 1.000000000000000000e+00 8.700000000000000000e+01 2.000000000000000000e+00
5.121837351462156240e-01 4.765848410507810273e-01 1.600000000000000000e+01 1.110000000000000000e+02 2.000000000000000000e+00
3.672116459902587948e-01 1.559444714934772991e+00 1.200000000000000000e+01 1.670000000000000000e+02 2.000000000000000000e+00
7.605642601286745075e-01 2.062545816981483926e-01 1.300000000000000000e+01 1.920000000000000000e+02 2.000000000000000000e+00
4.381358470137940442e-01 1.318140818662280056e+00 2.000000000000000000e+01 1.260000000000000000e+02 2.000000000000000000e+00
7.422808502625183324e-01 8.983352194431893922e-01 1.800000000000000000e+01 1.700000000000000000e+01 2.000000000000000000e+00
5.544239428077788467e-01 8.570889079735123373e-01 1.200000000000000000e+01 4.000000000000000000e+01 2.000000000000000000e+00
3.500816634013231843e-01 7.524469877656209116e-01 7.000000000000000000e+00 9.200000000000000000e+01 2.000000000000000000e+00
8.306262735630645100e-01 2.547316045838808884e-01 2.000000000000000000e+01 1.310000000000000000e+02 2.000000000000000000e+00
4.636596001217551527e-02 1.470136455312807122e+00 3.000000000000000000e+00 9.000000000000000000e+00 2.000000000000000000e+00
3.729938507879655418e-01 1.980740679370879276e+00 1.100000000000000000e+01 4.200000000000000000e+01 2.000000000000000000e+00
1.805179893867039365e-01 9.233320650927862028e-01 1.300000000000000000e+01 1.500000000000000000e+01 2.000000000000000000e+00
4.085685621662560330e-01 1.121146913418220592e+00 3.000000000000000000e+00 1.160000000000000000e+02 2.000000000000000000e+00
1.669092802598817205e-01 2.065332423559651520e+00 1.500000000000000000e+01 9.700000000000000000e+01 2.000000000000000000e+00
6.427525744809615693e-01 1.959337722822708683e+00 1.000000000000000000e+01 4.000000000000000000e+00 2.000000000000000000e+00
6.497054890968410046e-01 1.371796260975119308e+00 1.300000000000000000e+01 1.400000000000000000e+02 2.000000000000000000e+00
6.109990274558735335e-01 5.924314341471729195e-01 1.800000000000000000e+01 3.100000000000000000e+01 2.000000000000000000e+00
2.966801501957051501e-01 4.336654975847457072e-01 3.000000000000000000e+00 1.340000000000000000e+02 2.000000000000000000e+00
7.175198086039494827e-01 1.812276436148534176e+00 3.000000000000000000e+00 1.340000000000000000e+02 2.000000000000000000e+00
2.294459412669486165e-01 2.241665940396410373e-01 1.100000000000000000e+01 1.650000000000000000e+02 2.000000000000000000e+00
4.134584513173724662e-01 2.031420870355764130e+00 1.400000000000000000e+01 1.660000000000000000e+02 2.000000000000000000e+00
1.546277546092619248e-01 1.210947828253451597e+00 1.900000000000000000e+01 6.900000000000000000e+01 2.000000000000000000e+00
7.865942549387567873e-01 4.898188422054093882e-01 1.700000000000000000e+01 1.170000000000000000e+02 2.000000000000000000e+00
3.587405060728356965e-01 5.453468711216679088e-01 1.600000000000000000e+01 5.500000000000000000e+01 2.000000000000000000e+00
4.769284164733201825e-01 1.970275792764564660e+00 1.800000000000000000e+01 2.700000000000000000e+01 2.000000000000000000e+00
6.412191816977066416e-01 3.210690265201360249e-01 1.000000000000000000e+01 3.000000000000000000e+01 2.000000000000000000e+00
3.527727518355825431e-01 1.507505614856126774e+00 1.700000000000000000e+01 1.420000000000000000e+02 2.000000000000000000e+00
1.004528427514078004e+00 8.240030076967407302e-01 2.000000000000000000e+00 9.700000000000000000e+01 2.000000000000000000e+00
5.289552295426899198e-01 5.476605201420298163e-01 6.000000000000000000e+00 2.100000000000000000e+01 2.000000000000000000e+00
3.574700242841469811e-01 3.658381484161027375e-01 1.100000000000000000e+01 5.900000000000000000e+01 2.000000000000000000e+00
1.944321785828030391e-01 6.978226275835245351e-01 1.100000000000000000e+01 7.000000000000000000e+00 3.000000000000000000e+00
5.858155412802745071e-02 6.555975810314068619e-01 9.000000000000000000e+00 3.400000000000000000e+01 3.000000000000000000e+00
9.310961623983192437e-02 1.582936521958477061e-01 2.000000000000000000e+00 8.700000000000000000e+01 3.000000000000000000e+00
9.746225819339394691e-01 7.527944361829866926e-01 1.600000000000000000e+01 1.680000000000000000e+02 3.000000000000000000e+00
6.985057592199704901e-01 6.594307233186048611e-01 1.700000000000000000e+01 1.950000000000000000e+02 3.000000000000000000e+00
4.502793207755559912e-01 1.738565467506341555e+00 1.000000000000000000e+01 1.560000000000000000e+02 3.000000000000000000e+00
8.034672642988924807e-01 1.152055450389351865e+00 6.000000000000000000e+00 1.670000000000000000e+02 3.000000000000000000e+00
3.638315444808306598e-01 7.504090259428145560e-01 1.900000000000000000e+01 1.930000000000000000e+02 3.000000000000000000e+00
8.930734174197189068e-01 3.239101321522906973e-01 4.000000000000000000e+00 1.570000000000000000e+02 3.000000000000000000e+00
3.928125066769796447e-01 1.815195338139402870e-01 1.500000000000000000e+01 4.400000000000000000e+01 3.000000000000000000e+00
6.441751566721078959e-01 1.984361228437091507e+00 1.800000000000000000e+01 2.900000000000000000e+01 3.000000000000000000e+00
5.789004460403313068e-01 8.264513959251237329e-01 4.000000000000000000e+00 1.280000000000000000e+02 3.000000000000000000e+00
3.229035795328472069e-01 1.506151807468780301e+00 1.800000000000000000e+01 1.410000000000000000e+02 3.000000000000000000e+00
1.575157773227834346e-01 1.542205850925780108e+00 1.600000000000000000e+01 1.870000000000000000e+02 3.000000000000000000e+00
1.729521986614073192e-01 6.587247364574665420e-01 1.400000000000000000e+01 2.500000000000000000e+01 3.000000000000000000e+00
9.821791107298494250e-01 7.623285607786353113e-01 1.200000000000000000e+01 1.210000000000000000e+02 3.000000000000000000e+00
9.711346914294050059e-01 1.898405175218228935e+00 2.000000000000000000e+01 1.000000000000000000e+00 3.000000000000000000e+00
1.988996122393528188e-01 1.703159686039196485e-01 7.000000000000000000e+00 5.300000000000000000e+01 3.000000000000000000e+00
3.840601357959990692e-01 1.485410921667729589e+00 1.100000000000000000e+01 1.100000000000000000e+01 3.000000000000000000e+00
9.604921797941406991e-01 8.157037819681826063e-01 4.000000000000000000e+00 2.000000000000000000e+00 3.000000000000000000e+00
3.786221125910432805e-01 3.773181928196905899e-01 1.800000000000000000e+01 1.700000000000000000e+01 3.000000000000000000e+00
7.665125667358608785e-01 1.036645121988879481e+00 1.600000000000000000e+01 5.300000000000000000e+01 3.000000000000000000e+00
4.915761976766144237e-01 4.757089437939957532e-01 1.200000000000000000e+01 1.450000000000000000e+02 3.000000000000000000e+00
6.442216796667342427e-02 1.473064934485742494e+00 1.400000000000000000e+01 8.900000000000000000e+01 3.000000000000000000e+00
4.930225903893815653e-01 1.754702110366954892e+00 1.000000000000000000e+00 1.780000000000000000e+02 3.000000000000000000e+00
3.777606648604680400e-02 1.765254906930273648e+00 4.000000000000000000e+00 1.080000000000000000e+02 3.000000000000000000e+00
8.494188282438490667e-01 6.546219107031764350e-01 9.000000000000000000e+00 8.400000000000000000e+01 3.000000000000000000e+00
3.404221561852697198e-01 1.551798124225729936e+00 1.800000000000000000e+01 1.200000000000000000e+02 3.000000000000000000e+00
7.481177729496243378e-01 1.689318467396049295e+00 5.000000000000000000e+00 1.310000000000000000e+02 3.000000000000000000e+00
9.398236965997373848e-02 1.012434597796581626e+00 5.000000000000000000e+00 7.800000000000000000e+01 3.000000000000000000e+00
8.607787896164794672e-01 2.078404191333683926e+00 1.000000000000000000e+00 3.500000000000000000e+01 3.000000000000000000e+00
7.336339098384945245e-01 1.716382584123507860e+00 1.900000000000000000e+01 1.630000000000000000e+02 3.000000000000000000e+00
1.223352394026059192e-01 2.059787712705787310e+00 9.000000000000000000e+00 6.000000000000000000e+01 3.000000000000000000e+00
3.354228001646972768e-01 4.562296449540724774e-01 1.900000000000000000e+01 2.000000000000000000e+01 3.000000000000000000e+00
6.802153883440082982e-01 1.131904864276495337e-01 1.900000000000000000e+01 1.390000000000000000e+02 3.000000000000000000e+00
4.317771952246644007e-01 1.492852505910296168e+00 4.000000000000000000e+00 1.990000000000000000e+02 3.000000000000000000e+00
1.454908439389112317e-02 7.482003638337993978e-01 1.900000000000000000e+01 1.620000000000000000e+02 3.000000000000000000e+00
1.526449491202521713e-01 3.391273751203564002e-01 1.500000000000000000e+01 9.700000000000000000e+01 3.000000000000000000e+00
9.493056844731841970e-01 2.489532026594862002e-01 1.100000000000000000e+01 9.100000000000000000e+01 3.000000000000000000e+00
4.846243656419678691e-01 7.730986786855306159e-01 1.400000000000000000e+01 4.600000000000000000e+01 3.000000000000000000e+00
9.428501164099996057e-01 1.265275444809489835e+00 3.000000000000000000e+00 1.220000000000000000e+02 3.000000000000000000e+00
6.897129058624101861e-01 1.024658602784504824e+00 1.500000000000000000e+01 1.990000000000000000e+02 3.000000000000000000e+00
6.758395748502679101e-01 2.285433104672277838e-01 5.000000000000000000e+00 9.500000000000000000e+01 3.000000000000000000e+00
5.349385387840815964e-01 1.837801274292052867e+00 2.000000000000000000e+00 9.300000000000000000e+01 3.000000000000000000e+00
5.389038263670621332e-01 9.029123994366098360e-01 5.000000000000000000e+00 2.600000000000000000e+01 3.000000000000000000e+00
9.996603923732082231e-02 1.405552994367667008e+00 1.200000000000000000e+01 6.300000000000000000e+01 3.000000000000000000e+00
6.942239682340508589e-01 1.496778394479560959e+00 1.900000000000000000e+01 1.250000000000000000e+02 3.000000000000000000e+00
2.565383309669467815e-01 9.155482076927531354e-01 1.200000000000000000e+01 1.930000000000000000e+02 3.000000000000000000e+00
4.871799551818423168e-01 6.648335940862245552e-01 1.100000000000000000e+01 5.500000000000000000e+01 3.000000000000000000e+00
4.018027578480793949e-01 2.148312965047415590e-01 2.000000000000000000e+01 1.800000000000000000e+01 3.000000000000000000e+00
5.093796639758180200e-01 9.353514410507789423e-01 1.900000000000000000e+01 1.170000000000000000e+02 4.000000000000000000e+00
4.124545581358052271e-01 4.861978250567172699e-01 1.600000000000000000e+01 1.870000000000000000e+02 4.000000000000000000e+00
5.078066040571111994e-01 1.396030053983658981e+00 1.600000000000000000e+01 3.900000000000000000e+01 4.000000000000000000e+00
6.431127126692641749e-01 1.808740568275726934e+00 1.000000000000000000e+00 9.900000000000000000e+01 4.000000000000000000e+00
2.888949283812813212e-02 5.023029594778928297e-01 1.500000000000000000e+01 1.400000000000000000e+02 4.000000000000000000e+00
5.953781443554555519e-01 1.958254224098067375e+00 1.000000000000000000e+00 9.300000000000000000e+01 4.000000000000000000e+00
8.770740847766859138e-01 1.001239464448325123e+00 6.000000000000000000e+00 1.360000000000000000e+02 4.000000000000000000e+00
1.000116304233211517e+00 3.857826265847607017e-01 1.600000000000000000e+01 8.000000000000000000e+01 4.000000000000000000e+00
3.229054691443360436e-01 1.018555893468190698e-01 1.600000000000000000e+01 1.200000000000000000e+01 4.000000000000000000e+00
3.793556121777768020e-01 5.656544710335974502e-01 1.100000000000000000e+01 1.340000000000000000e+02 4.000000000000000000e+00
2.698206145087131969e-01 2.027946517003452520e+00 1.500000000000000000e+01 1.510000000000000000e+02 4.000000000000000000e+00
3.562910345070078311e-01 1.096494812637442140e-01 2.000000000000000000e+01 1.860000000000000000e+02 4.000000000000000000e+00
6.597752943357763078e-01 1.982740521016206126e+00 1.700000000000000000e+01 1.080000000000000000e+02 4.000000000000000000e+00
5.160043045748847756e-01 1.450327100845919981e+00 3.000000000000000000e+00 3.100000000000000000e+01 4.000000000000000000e+00
9.888777962169427171e-01 9.562545772939671229e-01 1.500000000000000000e+01 4.900000000000000000e+01 4.000000000000000000e+00
7.769540514384631891e-01 2.408509493355711906e-01 1.000000000000000000e+00 1.960000000000000000e+02 4.000000000000000000e+00
6.254055228316492965e-01 8.705321175765160513e-01 1.400000000000000000e+01 7.800000000000000000e+01 4.000000000000000000e+00
9.059828118067932978e-01 7.193426088144246888e-01 1.100000000000000000e+01 3.900000000000000000e+01 4.000000000000000000e+00
2.808281664174940850e-01 8.260843977845414576e-01 7.000000000000000000e+00 1.350000000000000000e+02 4.000000000000000000e+00
4.107362739303576510e-02 7.957301565336750704e-01 1.900000000000000000e+01 1.470000000000000000e+02 4.000000000000000000e+00
2.104674376995016027e-01 1.731562236944789390e+00 7.000000000000000000e+00 1.520000000000000000e+02 4.000000000000000000e+00
1.111176012555328135e-01 1.629913144632110511e-01 1.100000000000000000e+01 7.700000000000000000e+01 4.000000000000000000e+00
5.162631060931069937e-01 1.311923097899159618e+00 9.000000000000000000e+00 9.100000000000000000e+01 4.000000000000000000e+00
4.915588923298186419e-01 3.805361521112592404e-01 1.500000000000000000e+01 5.000000000000000000e+00 4.000000000000000000e+00
5.432656820965374722e-01 1.710638622252306229e+00 1.700000000000000000e+01 1.970000000000000000e+02 4.000000000000000000e+00
8.610584823299549662e-01 1.881234303254356810e+00 1.000000000000000000e+01 1.300000000000000000e+02 4.000000000000000000e+00
7.976666877281191059e-01 1.988043753276639958e+00 1.600000000000000000e+01 8.700000000000000000e+01 4.000000000000000000e+00
3.360663715352735226e-01 4.510455934694844737e-01 8.000000000000000000e+00 5.000000000000000000e+00 4.000000000000000000e+00
7.325857986261095078e-01 1.330067083570400710e+00 1.300000000000000000e+01 9.600000000000000000e+01 4.000000000000000000e+00
2.832673802227313881e-02 1.861655491110148386e+00 1.300000000000000000e+01 9.700000000000000000e+01 4.000000000000000000e+00
7.393673237443448842e-01 8.552815655600208844e-01 9.000000000000000000e+00 1.680000000000000000e+02 4.000000000000000000e+00
6.543983443223674312e-01 9.932190187006751936e-01 1.800000000000000000e+01 8.300000000000000000e+01 4.000000000000000000e+00
1.845479614182004013e-01 9.712879612298984666e-01 2.000000000000000000e+01 1.000000000000000000e+01 4.000000000000000000e+00
4.225532998420925557e-01 1.363934572349056185e-01 1.800000000000000000e+01 4.400000000000000000e+01 4.000000000000000000e+00
1.117846461747983543e-02 1.602214677939032050e+00 1.900000000000000000e+01 8.700000000000000000e+01 4.000000000000000000e+00
7.800055021111110820e-01 1.479629804345642397e+00 1.000000000000000000e+00 1.690000000000000000e+02 4.000000000000000000e+00
1.964090585969354708e-01 1.458266438590417380e+00 1.800000000000000000e+01 1.370000000000000000e+02 4.000000000000000000e+00
4.183248508557334960e-02 1.863747658703344356e+00 1.500000000000000000e+01 8.900000000000000000e+01 4.000000000000000000e+00
3.657003465470575615e-02 1.284147808362891219e+00 5.000000000000000000e+00 6.300000000000000000e+01 4.000000000000000000e+00
4.602320249041690764e-02 1.336237030532410053e+00 1.200000000000000000e+01 1.940000000000000000e+02 4.000000000000000000e+00
3.277653659542788950e-02 1.437402103344928905e+00 1.200000000000000000e+01 5.500000000000000000e+01 4.000000000000000000e+00
5.878385504619314528e-01 1.053081290629266809e+00 1.500000000000000000e+01 2.900000000000000000e+01 4.000000000000000000e+00
3.060979652041586618e-01 1.018669676173128869e+00 2.000000000000000000e+00 1.490000000000000000e+02 4.000000000000000000e+00
8.317970470158944085e-01 8.435599855369934064e-01 7.000000000000000000e+00 1.310000000000000000e+02 4.000000000000000000e+00
1.641893379944173725e-01 1.466168599268405259e+00 1.900000000000000000e+01 1.570000000000000000e+02 4.000000000000000000e+00
6.123045990363207292e-01 1.193357443841934984e+00 7.000000000000000000e+00 1.620000000000000000e+02 4.000000000000000000e+00
5.083741575151015102e-01 5.046849619032219847e-01 1.900000000000000000e+01 9.700000000000000000e+01 4.000000000000000000e+00
7.706987554511044447e-01 1.408037653486508223e+00 2.000000000000000000e+00 1.980000000000000000e+02 4.000000000000000000e+00
8.825891098016700465e-01 1.336155994964909111e+00 6.000000000000000000e+00 1.390000000000000000e+02 4.000000000000000000e+00
6.782724861901607838e-01 8.488976326519747095e-01 1.400000000000000000e+01 1.670000000000000000e+02 4.000000000000000000e+00
