-1.103852210987957818e+02
-1.106503848717690630e+02
-1.195828298298031882e+02
-1.330586274065557859e+02
-1.330967224832287741e+02
-1.330967850774780743e+02
-1.326275002049956981e+02
-1.330929854947805779e+02
-1.145109593693370442e+02
-1.241707454543604143e+02
-1.330966981381920391e+02
-1.330234179030589132e+02
-1.330491211964690876e+02
-1.108039757342455687e+02
-1.011318785045067301e+02
-9.773758510524679366e+01
-1.199316088192803988e+02
-1.099672829387177870e+02
-1.325413189249695449e+02
-1.183969095584804307e+02
-1.291267331372104650e+02
-1.330966346775942100e+02
-9.152022476854246236e+01
-9.030356795449715435e+01
-1.330264947725753473e+02
-1.330757473382676892e+02
-1.330798638927737443e+02
-1.208169849434305831e+02
-1.306391584033455047e+02
-1.330967523300401751e+02
-1.046823824312022708e+02
-1.330966228660563218e+02
-8.958155333418260113e+01
-1.080285990315915257e+02
-1.330967795692500033e+02
-1.006245149613787930e+02
-1.281648933722515267e+02
-1.326654561120134588e+02
-1.330896334647783874e+02
-1.330830751387352393e+02
-9.341001958986439035e+01
-1.176014874706799844e+02
-1.330967209912021190e+02
-1.330944994127661118e+02
-1.328952765558907174e+02
-8.976257237754523999e+01
-1.330964648869195628e+02
-1.330967829667007436e+02
-1.330968021989945385e+02
-9.935415043533095059e+01
-1.278401872189571407e+02
-1.278321558631845960e+02
-1.278401314853206117e+02
-1.273256543677526054e+02
-1.015844412692641754e+02
-9.558542469392942564e+01
-1.278393707783987736e+02
-1.036648065019000171e+02
-1.111513871007552297e+02
-1.278397089385673979e+02
-1.239627511357638951e+02
-1.275854714194774289e+02
-1.278400478737444530e+02
-1.278399701150821244e+02
-1.171185555282401936e+02
-1.276215242386615358e+02
-1.278391001183004363e+02
-1.263550724126329499e+02
-9.116723366462323952e+01
-1.278401672666541202e+02
-1.195489858387568631e+02
-1.278398576938533324e+02
-1.185297794504341908e+02
-1.179118949015866491e+02
-9.152131963898473543e+01
-1.220702551798569857e+02
-1.130003020851837618e+02
-1.278400345656091446e+02
-1.250065902775191518e+02
-1.278401194510971663e+02
-1.229195013300401911e+02
-1.202212727356773598e+02
-1.262994774553224460e+02
-1.278400689033939841e+02
-1.055152945596864953e+02
-1.278396270844271498e+02
-1.162519782811487090e+02
-9.821477484745490472e+01
-1.260513350067548686e+02
-9.703287182914753828e+01
-8.903306158815679794e+01
-1.242898703709207666e+02
-1.278397875574905669e+02
-1.098018603639230832e+02
-1.278376284974988693e+02
-8.955155539865224057e+01
-9.585446504434783321e+01
-1.278372193079875530e+02
-1.247726763589617036e+02
-1.047014603509968111e+02
-1.235606941220005979e+02
-1.204831331257270648e+02
-8.850641566828549855e+01
-9.389287601530229210e+01
-1.171333605529812871e+02
-9.048097289360302398e+01
-1.233645505046483635e+02
-1.235613277954553837e+02
-1.235520027217338566e+02
-1.122871935148845353e+02
-1.138022378897092182e+02
-8.791159540396272121e+01
-1.080312258183283518e+02
-1.229628681354776916e+02
-1.235572409624201526e+02
-1.025199348994311634e+02
-1.023098701341824466e+02
-1.073666875072315889e+02
-1.028083694464214375e+02
-1.164565154493613477e+02
-1.061814082191534254e+02
-1.235307298195258596e+02
-1.089166657342790927e+02
-9.566551305628439650e+01
-1.180924924831384288e+02
-1.230250587913621700e+02
-9.745182186307974348e+01
-1.235599456946075492e+02
-1.080305096976290997e+02
-1.152589402609764022e+02
-1.235573336550707353e+02
-1.235610983119770196e+02
-1.235614502395472698e+02
-1.235598138758595894e+02
-1.227805706864267421e+02
-1.235614177297717191e+02
-1.064602660264623637e+02
-9.084546676629527440e+01
-8.619445014697249974e+01
-8.649792601626843691e+01
-1.235298014633801955e+02
-1.201903221814392140e+02
-8.896159432054886906e+01
-9.667731079013634599e+01
-1.235615278243500086e+02
-1.235287871206262764e+02
-8.741169292061653096e+01
-1.235615112009893011e+02
-1.123117289305994859e+02
-1.235387605574728553e+02
-1.239422439869594257e+02
-9.190888584618758728e+01
-1.190796708296316524e+02
-1.239422804180140929e+02
-1.010890360993256536e+02
-1.239422932571790739e+02
-1.218060614778312214e+02
-8.807004026034607591e+01
-1.217683963249307340e+02
-1.239171088065140367e+02
-8.893724801475171660e+01
-1.207108924422122413e+02
-9.574421824073962739e+01
-1.110696911741828217e+02
-8.689490107321378787e+01
-8.597644404749516411e+01
-1.239398806762212786e+02
-1.235887399676495590e+02
-1.074310800366520908e+02
-1.129870937467453587e+02
-1.140042753863391312e+02
-1.138232648079069662e+02
-8.863211392474488548e+01
-8.693670659446588900e+01
-1.202663478006361686e+02
-1.238493498728924891e+02
-1.172479908533760096e+02
-1.238342283504371153e+02
-1.051628210397443866e+02
-1.167517638468279983e+02
-1.239422449158650466e+02
-1.169169254696431466e+02
-1.239422635339592773e+02
-1.003315839104652554e+02
-1.239422872739111909e+02
-1.239422954320554169e+02
-1.239421570651138182e+02
-8.586547235905985076e+01
-1.239421468502528256e+02
-1.239420780825908821e+02
-1.048258670163857857e+02
-1.239350190695797949e+02
-1.239324262657624587e+02
-8.614507345140907546e+01
-1.239270759680584035e+02
-1.238961962424684629e+02
-1.239226983633111843e+02
-1.224685965446448535e+02
-1.235800324606506848e+02
-1.238471292789359239e+02
-1.111144834439661793e+02
-1.206362865168492817e+02
-9.580268828544174653e+01
-9.956595338773443871e+01
-8.912720697930842562e+01
-1.014065916616566625e+02
-9.117690921875689014e+01
-1.213022152808159717e+02
-1.251433040829035548e+02
-1.251435270893280602e+02
-1.251433517218758027e+02
-1.251246622929188135e+02
-1.251433824692393273e+02
-1.250695010065275596e+02
-8.870612571210379826e+01
-1.251420692151415892e+02
-1.251433494934439636e+02
-1.251199980943627992e+02
-1.251434209737270749e+02
-9.205990802224775393e+01
-1.251431351012123088e+02
-1.251425805878447051e+02
-1.104551186636528968e+02
-1.251420916986476328e+02
-1.086288537453275183e+02
-1.249160300530735270e+02
-1.251431964888452910e+02
-8.866374861929458007e+01
-1.251434495505092457e+02
-9.084546645179059965e+01
-1.230405489629377485e+02
-1.227240118122967942e+02
-1.050788706871506264e+02
-1.157251460322836749e+02
-1.118972705129397127e+02
-9.504023850525274497e+01
-1.021197893900461082e+02
-1.251434327281636172e+02
-1.142965776947957579e+02
-8.728613555230644749e+01
-1.251434091341217254e+02
-1.250754886196935303e+02
-9.938308246554858272e+01
-1.246112688029793532e+02
-1.052750477913223506e+02
-9.549993927550495698e+01
-1.251435210440101855e+02
-1.227836680128871194e+02
-9.414069444872389170e+01
-1.248159392119478213e+02
