-1.304466630707720753e+02
-1.330967584313643783e+02
-1.330967972183928225e+02
-1.170687891538929364e+02
-1.329002326856840455e+02
-9.424136022488548292e+01
-1.313480070870235750e+02
-1.330968177618247807e+02
-1.329908088227509211e+02
-1.330972255529534038e+02
-1.263412613976897347e+02
-1.330966314861599642e+02
-1.162532801656177810e+02
-1.330967893546834659e+02
-1.324447263412216387e+02
-1.330452692962124956e+02
-1.286772759851089631e+02
-1.224633201687679360e+02
-1.292778618238810679e+02
-1.329435714967633544e+02
-1.330092815662852104e+02
-9.526608589365922342e+01
-9.045355234500904373e+01
-1.330904189793211572e+02
-1.330967787861895033e+02
-9.989203112578134380e+01
-1.006317486361945015e+02
-1.090061509652095850e+02
-1.330963085778693937e+02
-1.216857922526633189e+02
-1.071322578609561731e+02
-1.330967858249197775e+02
-1.330775167336500999e+02
-1.330968083735084520e+02
-1.329926740698454068e+02
-1.149110764054226621e+02
-1.330832069712266161e+02
-1.326007504646096322e+02
-1.009898746585645739e+02
-1.327799597283436981e+02
-1.135933300399184276e+02
-1.186485377850605687e+02
-1.105656171332104520e+02
-1.329898849550495186e+02
-1.329696519358234070e+02
-1.314291381035213817e+02
-1.330968109310868215e+02
-1.330846327187572342e+02
-1.001061829438064876e+02
-1.320950544319657070e+02
-9.779064658205430760e+01
-1.048730310158996417e+02
-1.265133066830655793e+02
-1.275629819457717105e+02
-8.807610001713970860e+01
-1.002874480172854135e+02
-1.278383373128656899e+02
-1.277994503013602383e+02
-1.278316802842876854e+02
-9.133091925886400020e+01
-9.425660625823233829e+01
-1.278179261646357929e+02
-1.278402452053253739e+02
-1.278400758548045957e+02
-9.217288853698100581e+01
-1.276673034175333612e+02
-1.128578481701104153e+02
-1.278400707854825384e+02
-1.138829142489554300e+02
-1.063156173505560389e+02
-1.269396343685148025e+02
-1.012922794270022990e+02
-1.273920126880156118e+02
-1.274249235006724774e+02
-8.868116494632367619e+01
-8.872409095124463363e+01
-1.036144746550202456e+02
-1.272504556211667932e+02
-1.048787775265065392e+02
-1.218752983232280087e+02
-1.274648946849297175e+02
-1.278398893389908579e+02
-1.278399363786948868e+02
-9.870971015558535555e+01
-1.051701723607527441e+02
-8.782399952497830498e+01
-1.278399828917061001e+02
-1.277480360977196341e+02
-9.338946518731425783e+01
-8.865740304657381898e+01
-1.269805783891942781e+02
-1.278401227283211483e+02
-1.278388679598501341e+02
-1.156280978571314222e+02
-1.220119568855597691e+02
-9.483325384243904921e+01
-1.278374818664185000e+02
-1.005811601001559836e+02
-1.270800478535064002e+02
-9.368134368279663704e+01
-9.438321448614071585e+01
-1.235615198725202646e+02
-1.157338530863180068e+02
-1.235606179978844210e+02
-9.444518361716657751e+01
-1.235614879583302610e+02
-1.217452535164947705e+02
-1.074346558583532385e+02
-1.178796960892838399e+02
-8.937961075709195313e+01
-8.692019718244182513e+01
-1.205943685303436723e+02
-1.235615353904258740e+02
-1.235614891719015560e+02
-1.235608828362633886e+02
-1.152061656143460482e+02
-1.228847097502548706e+02
-1.235502947262606881e+02
-1.235605135617202706e+02
-1.235543142699676622e+02
-1.168917845724314333e+02
-1.092869947317823431e+02
-8.641128017244859905e+01
-1.184405099777536208e+02
-1.113042510148569022e+02
-1.235613864302540463e+02
-1.235615888626691969e+02
-9.313881907125622206e+01
-1.235366725328723874e+02
-1.235614971337405450e+02
-1.121355395558963295e+02
-1.095329135676928587e+02
-1.235180185189216786e+02
-8.699598745363077512e+01
-1.083753146939877610e+02
-1.235614705362654462e+02
-1.235609407361801999e+02
-1.060475495785308482e+02
-1.235613193851954179e+02
-1.007966556138162133e+02
-9.421945822049156050e+01
-1.235561712074584051e+02
-1.235500459035298064e+02
-1.187432992274499242e+02
-1.234964441149124781e+02
-1.049760162717544745e+02
-1.043963918135369653e+02
-8.873164325748328451e+01
-1.234885941007535024e+02
-1.223307392208127169e+02
-1.147231148158715399e+02
-9.679793735566163093e+01
-1.144708102212480583e+02
-8.559437010880508012e+01
-1.216370704872798569e+02
-1.232738571844429885e+02
-8.610287153331117338e+01
-1.239367067319403759e+02
-9.260184055631435740e+01
-1.239413557344180248e+02
-9.563783914784768569e+01
-1.225541485681879550e+02
-1.068872323258935921e+02
-8.664847216221986059e+01
-8.887017283187235250e+01
-8.950167297085643270e+01
-1.031532976858175061e+02
-1.239367342339786831e+02
-1.239320776044226591e+02
-1.099129017561188704e+02
-1.239422784876220760e+02
-9.902653889884243199e+01
-1.166662097644829146e+02
-8.938809936359756136e+01
-1.239125907474980721e+02
-1.239371165189784278e+02
-1.239133616098673230e+02
-1.072422873978588882e+02
-1.239422777252633807e+02
-1.062659187143769373e+02
-1.239422292619505299e+02
-1.239422625570940681e+02
-1.239423213370668151e+02
-1.235335007431988856e+02
-1.025314707806043231e+02
-1.239423012194883711e+02
-1.238403425673001692e+02
-1.166016947167833280e+02
-9.450087675521244535e+01
-8.886629424713552794e+01
-1.097811230966290594e+02
-1.236020769214387229e+02
-1.042810519068726478e+02
-1.214384412847273609e+02
-1.007270028144083653e+02
-9.707614028800600181e+01
-1.239421163548797722e+02
-8.631096206978614305e+01
-1.239418561702291868e+02
-1.086223415858738974e+02
-1.130909814098482826e+02
-1.251431908758829508e+02
-1.251432630901624350e+02
-1.239450547158214704e+02
-9.051352567567894880e+01
-1.188619858390499644e+02
-1.251411450010464961e+02
-1.010664996650373411e+02
-8.849480375137936505e+01
-1.251433198852736695e+02
-1.251221247951295794e+02
-1.251434308534743707e+02
-1.239914637428947373e+02
-1.229570243108869505e+02
-1.090620108550749876e+02
-1.251435907167681023e+02
-9.989677661356020621e+01
-9.685210180868438101e+01
-1.248602619737411601e+02
-1.126953891624801258e+02
-9.655552534731667436e+01
-1.098275185784151518e+02
-1.094241576748901110e+02
-1.002122033065359261e+02
-1.251430679398596482e+02
-8.683967687933885315e+01
-1.251434427042108268e+02
-1.166891228401007794e+02
-1.243096665998071160e+02
-1.250892105062798834e+02
-9.182707874605772247e+01
-9.790103654669657374e+01
-1.251434407695225275e+02
-9.658753794459782682e+01
-9.264035282153774631e+01
-1.044071778089991085e+02
-8.696735080652655370e+01
-9.838884192569979348e+01
-1.233164197378034714e+02
-1.188582543036707619e+02
-9.954632916315392777e+01
-1.213963445499258569e+02
-1.227342380630548320e+02
-1.201584470376430289e+02
-1.234047378562757871e+02
-1.161523152879862408e+02
-8.737481691837889741e+01
-1.146109142952976185e+02
-9.692385295987723737e+01
-1.251406841780517283e+02
