-1.186434182395578603e+02
-1.086781265734936426e+02
-9.221238030116781204e+01
-1.075589998997079419e+02
-1.329107628626766484e+02
-9.030260077915241368e+01
-1.016340257859245497e+02
-1.330968197979721310e+02
-1.330968269177147931e+02
-1.024703683442760109e+02
-1.330479105366654835e+02
-9.052720786468418623e+01
-9.742202655891003360e+01
-1.330968418150876005e+02
-9.081999310057604191e+01
-1.282934964460761194e+02
-9.990846263128119631e+01
-1.330968268638594054e+02
-1.324634065162277636e+02
-1.100935398134139689e+02
-1.097983205834189562e+02
-1.328941861849393717e+02
-1.278496806007103146e+02
-1.330968114497475483e+02
-1.031781688464490827e+02
-1.318485462529218069e+02
-1.330968414556352570e+02
-1.328556170105110823e+02
-9.223497601466816320e+01
-1.330948184530408867e+02
-1.250388039171390346e+02
-1.330968045248377791e+02
-1.330967780662177233e+02
-1.330964342697703273e+02
-9.420933392598740852e+01
-1.132188437480895260e+02
-9.202668720418394344e+01
-9.604616571524601909e+01
-1.247109219227979793e+02
-1.330939583438095326e+02
-1.140850267751084317e+02
-1.330970940101605322e+02
-1.328240616611683151e+02
-1.171945187490097737e+02
-1.294084974921627236e+02
-1.330881573218630933e+02
-1.328216324218194586e+02
-1.029768827042678367e+02
-1.330969057457282645e+02
-1.100570089620824774e+02
-1.225621782109625428e+02
-8.809258373326738933e+01
-1.278400975013143750e+02
-1.278401688201914084e+02
-1.278388322015092200e+02
-1.278400195718454313e+02
-1.275970854191703694e+02
-8.814744996081712713e+01
-9.333293139525150650e+01
-1.278399991211051372e+02
-1.095266935844764475e+02
-1.278327611100565520e+02
-1.203163568770376770e+02
-1.278401082702184794e+02
-9.746537613954390622e+01
-1.278400888931915347e+02
-1.271743611742745657e+02
-1.278376083392301439e+02
-1.132454194865772195e+02
-9.393608719036159016e+01
-1.278401269343650881e+02
-1.278401090340661312e+02
-1.278191420811014751e+02
-1.100084671306835986e+02
-1.278399685987880332e+02
-1.251792906922583768e+02
-1.278400370181876724e+02
-1.274973790218890173e+02
-1.278349692418247372e+02
-1.194075093951589679e+02
-9.830511905761051139e+01
-1.055872673124168273e+02
-1.278307427957414859e+02
-1.278400594894919493e+02
-1.278394457554505692e+02
-1.139350969725455087e+02
-1.278400242061750873e+02
-1.013035415718526338e+02
-1.268946214071499980e+02
-1.277712241496243593e+02
-1.278401496798087180e+02
-1.242523156808865963e+02
-1.278400566422265001e+02
-1.103997411087833029e+02
-1.091681112104754305e+02
-1.139396868249448573e+02
-1.277636975590979347e+02
-1.277883324715402438e+02
-1.227377973263745758e+02
-1.278400246973413630e+02
-1.221511965334409240e+02
-9.155076380141417758e+01
-9.947178787581914605e+01
-1.234150339391866424e+02
-1.235615187437040277e+02
-1.190513080221312379e+02
-1.235615321253405625e+02
-1.235615066911940545e+02
-1.235615583894433342e+02
-1.235604048951891514e+02
-1.172636349556432691e+02
-1.168759511078357036e+02
-9.176550164822381817e+01
-1.235352014949889821e+02
-1.235615218959154333e+02
-9.210573386092573855e+01
-1.230351371107329470e+02
-1.205374378289619415e+02
-1.010883220748314955e+02
-9.642441944785930730e+01
-9.491811907668365222e+01
-8.758912251422673023e+01
-1.235615454789312082e+02
-1.235614064261336438e+02
-1.234965906902809536e+02
-1.229116666696526465e+02
-1.235614202007572686e+02
-1.233322599910218145e+02
-1.235603635664906932e+02
-1.229048839641168769e+02
-1.032219839051525838e+02
-1.235608168835627794e+02
-1.220766782215701625e+02
-1.235615036887906655e+02
-1.235611418710086582e+02
-1.229548497311630229e+02
-1.235600254778792362e+02
-1.227016038775156943e+02
-9.026303724057912348e+01
-1.235232046814242608e+02
-1.085072445023947552e+02
-1.235504889333216596e+02
-8.700476334834841907e+01
-9.671264942251552554e+01
-1.235451538007464478e+02
-9.536717252019214186e+01
-1.022161049581279855e+02
-9.534955215713308974e+01
-1.158812974839970309e+02
-1.235615254786889068e+02
-1.059108449130233680e+02
-1.239420591319658911e+02
-1.164096432729076582e+02
-1.065791092064462617e+02
-1.239057144721592749e+02
-1.084833565177088133e+02
-1.239422554366093436e+02
-1.154723319001122093e+02
-9.676062405968528424e+01
-1.239401172737249652e+02
-8.807435375729080818e+01
-1.165116112936656947e+02
-8.610020864167967147e+01
-1.082472525847540794e+02
-1.028411256348612568e+02
-1.070377602045739422e+02
-9.699510779331657773e+01
-9.907906589946871634e+01
-1.005033981335984521e+02
-1.007488617312963584e+02
-1.239422763157221254e+02
-1.238895243170152298e+02
-1.045692965447569236e+02
-1.028671044081745265e+02
-1.239422603075420000e+02
-1.239420107977388312e+02
-8.951782739372136177e+01
-1.239418166861736381e+02
-1.225858958992035639e+02
-1.222351997227405889e+02
-1.239423145568616036e+02
-1.239327388101678622e+02
-1.217270294828332027e+02
-1.214110074761453717e+02
-1.239208194116903599e+02
-1.019066169981792456e+02
-1.239386409279647125e+02
-1.206515274559361899e+02
-1.238805727402613854e+02
-1.067612070735560934e+02
-1.204859057077231483e+02
-1.239422540369767205e+02
-9.983857067296958121e+01
-1.239419177795493709e+02
-1.129743365803605286e+02
-1.201005861809200326e+02
-1.228563353009155605e+02
-1.119575338633845547e+02
-1.230939446103713522e+02
-9.842505170274098703e+01
-1.216059842448254074e+02
-1.251429504186959178e+02
-1.250497769446458278e+02
-1.171243408637502910e+02
-1.038754274874562782e+02
-1.251418035727994322e+02
-8.998008907512627275e+01
-1.251427925330816038e+02
-9.488317012366532310e+01
-1.237291553050069268e+02
-1.151350505958289858e+02
-1.251434190580231700e+02
-1.069858076362074399e+02
-1.235596993808704127e+02
-1.250994446258015103e+02
-1.251433212384655889e+02
-1.064759039684286250e+02
-1.248493078866011814e+02
-1.251432642873414807e+02
-1.220443480861461865e+02
-1.251433913549069956e+02
-1.251430006602132181e+02
-1.104634853979492988e+02
-9.023254239791623377e+01
-1.009897870969758742e+02
-1.027894458993640256e+02
-1.001820961015617684e+02
-1.209378467896675318e+02
-1.141227012719072178e+02
-9.248644543997322387e+01
-1.251434145898894030e+02
-1.038194101950724644e+02
-1.223469068056849807e+02
-9.570228706035180721e+01
-8.924606318204391187e+01
-1.251433865970213617e+02
-1.205539477715080068e+02
-1.064202800037611354e+02
-9.095202289228622305e+01
-1.236650952222309030e+02
-1.251434071790349378e+02
-1.070366806248791391e+02
-1.251433439975333783e+02
-1.251410704662247753e+02
-1.156416156963519910e+02
-1.089591234621197771e+02
-1.134351167441375026e+02
-1.251406680819412713e+02
-8.952537199347145247e+01
-1.157785862840389228e+02
