6.822785586307917871e-01 1.076156798481167520e+00 7.000000000000000000e+00 1.470000000000000000e+02 0.000000000000000000e+00
6.822785586307917871e-01 1.076156798481167520e+00 7.000000000000000000e+00 1.470000000000000000e+02 1.000000000000000000e+00
6.822785586307917871e-01 1.076156798481167520e+00 7.000000000000000000e+00 1.470000000000000000e+02 2.000000000000000000e+00
6.822785586307917871e-01 1.076156798481167520e+00 7.000000000000000000e+00 1.470000000000000000e+02 3.000000000000000000e+00
6.822785586307917871e-01 1.076156798481167520e+00 7.000000000000000000e+00 1.470000000000000000e+02 4.000000000000000000e+00
8.354951740358963486e-01 1.628927752525962946e-01 1.600000000000000000e+01 6.700000000000000000e+01 0.000000000000000000e+00
8.354951740358963486e-01 1.628927752525962946e-01 1.600000000000000000e+01 6.700000000000000000e+01 1.000000000000000000e+00
8.354951740358963486e-01 1.628927752525962946e-01 1.600000000000000000e+01 6.700000000000000000e+01 2.000000000000000000e+00
8.354951740358963486e-01 1.628927752525962946e-01 1.600000000000000000e+01 6.700000000000000000e+01 3.000000000000000000e+00
8.354951740358963486e-01 1.628927752525962946e-01 1.600000000000000000e+01 6.700000000000000000e+01 4.000000000000000000e+00
8.180499633648476987e-01 1.231234839221061250e+00 4.000000000000000000e+00 1.590000000000000000e+02 0.000000000000000000e+00
8.180499633648476987e-01 1.231234839221061250e+00 4.000000000000000000e+00 1.590000000000000000e+02 1.000000000000000000e+00
8.180499633648476987e-01 1.231234839221061250e+00 4.000000000000000000e+00 1.590000000000000000e+02 2.000000000000000000e+00
8.180499633648476987e-01 1.231234839221061250e+00 4.000000000000000000e+00 1.590000000000000000e+02 3.000000000000000000e+00
8.180499633648476987e-01 1.231234839221061250e+00 4.000000000000000000e+00 1.590000000000000000e+02 4.000000000000000000e+00
3.076224987039439807e-01 1.933914410139065121e-01 1.200000000000000000e+01 1.700000000000000000e+01 0.000000000000000000e+00
3.076224987039439807e-01 1.933914410139065121e-01 1.200000000000000000e+01 1.700000000000000000e+01 1.000000000000000000e+00
3.076224987039439807e-01 1.933914410139065121e-01 1.200000000000000000e+01 1.700000000000000000e+01 2.000000000000000000e+00
3.076224987039439807e-01 1.933914410139065121e-01 1.200000000000000000e+01 1.700000000000000000e+01 3.000000000000000000e+00
3.076224987039439807e-01 1.933914410139065121e-01 1.200000000000000000e+01 1.700000000000000000e+01 4.000000000000000000e+00
1.000627399470796153e+00 1.136514660873103877e-01 7.000000000000000000e+00 5.500000000000000000e+01 0.000000000000000000e+00
1.000627399470796153e+00 1.136514660873103877e-01 7.000000000000000000e+00 5.500000000000000000e+01 1.000000000000000000e+00
1.000627399470796153e+00 1.136514660873103877e-01 7.000000000000000000e+00 5.500000000000000000e+01 2.000000000000000000e+00
1.000627399470796153e+00 1.136514660873103877e-01 7.000000000000000000e+00 5.500000000000000000e+01 3.000000000000000000e+00
1.000627399470796153e+00 1.136514660873103877e-01 7.000000000000000000e+00 5.500000000000000000e+01 4.000000000000000000e+00
7.797930281899397853e-01 1.593534201988599408e+00 8.000000000000000000e+00 3.500000000000000000e+01 0.000000000000000000e+00
7.797930281899397853e-01 1.593534201988599408e+00 8.000000000000000000e+00 3.500000000000000000e+01 1.000000000000000000e+00
7.797930281899397853e-01 1.593534201988599408e+00 8.000000000000000000e+00 3.500000000000000000e+01 2.000000000000000000e+00
7.797930281899397853e-01 1.593534201988599408e+00 8.000000000000000000e+00 3.500000000000000000e+01 3.000000000000000000e+00
7.797930281899397853e-01 1.593534201988599408e+00 8.000000000000000000e+00 3.500000000000000000e+01 4.000000000000000000e+00
3.874389363349651783e-01 1.088294904481951875e+00 1.000000000000000000e+01 1.470000000000000000e+02 0.000000000000000000e+00
3.874389363349651783e-01 1.088294904481951875e+00 1.000000000000000000e+01 1.470000000000000000e+02 1.000000000000000000e+00
3.874389363349651783e-01 1.088294904481951875e+00 1.000000000000000000e+01 1.470000000000000000e+02 2.000000000000000000e+00
3.874389363349651783e-01 1.088294904481951875e+00 1.000000000000000000e+01 1.470000000000000000e+02 3.000000000000000000e+00
3.874389363349651783e-01 1.088294904481951875e+00 1.000000000000000000e+01 1.470000000000000000e+02 4.000000000000000000e+00
9.389483920955792318e-01 8.909080886916406206e-01 3.000000000000000000e+00 1.340000000000000000e+02 0.000000000000000000e+00
9.389483920955792318e-01 8.909080886916406206e-01 3.000000000000000000e+00 1.340000000000000000e+02 1.000000000000000000e+00
9.389483920955792318e-01 8.909080886916406206e-01 3.000000000000000000e+00 1.340000000000000000e+02 2.000000000000000000e+00
9.389483920955792318e-01 8.909080886916406206e-01 3.000000000000000000e+00 1.340000000000000000e+02 3.000000000000000000e+00
9.389483920955792318e-01 8.909080886916406206e-01 3.000000000000000000e+00 1.340000000000000000e+02 4.000000000000000000e+00
9.839562968289600198e-01 1.148829430750480274e+00 8.000000000000000000e+00 1.300000000000000000e+02 0.000000000000000000e+00
9.839562968289600198e-01 1.148829430750480274e+00 8.000000000000000000e+00 1.300000000000000000e+02 1.000000000000000000e+00
9.839562968289600198e-01 1.148829430750480274e+00 8.000000000000000000e+00 1.300000000000000000e+02 2.000000000000000000e+00
9.839562968289600198e-01 1.148829430750480274e+00 8.000000000000000000e+00 1.300000000000000000e+02 3.000000000000000000e+00
9.839562968289600198e-01 1.148829430750480274e+00 8.000000000000000000e+00 1.300000000000000000e+02 4.000000000000000000e+00
1.036130932977525759e-01 1.726616825564257995e+00 6.000000000000000000e+00 1.750000000000000000e+02 0.000000000000000000e+00
1.036130932977525759e-01 1.726616825564257995e+00 6.000000000000000000e+00 1.750000000000000000e+02 1.000000000000000000e+00
1.036130932977525759e-01 1.726616825564257995e+00 6.000000000000000000e+00 1.750000000000000000e+02 2.000000000000000000e+00
1.036130932977525759e-01 1.726616825564257995e+00 6.000000000000000000e+00 1.750000000000000000e+02 3.000000000000000000e+00
1.036130932977525759e-01 1.726616825564257995e+00 6.000000000000000000e+00 1.750000000000000000e+02 4.000000000000000000e+00
2.216867855893634998e-01 1.208691569181370884e+00 2.000000000000000000e+00 1.570000000000000000e+02 0.000000000000000000e+00
2.216867855893634998e-01 1.208691569181370884e+00 2.000000000000000000e+00 1.570000000000000000e+02 1.000000000000000000e+00
2.216867855893634998e-01 1.208691569181370884e+00 2.000000000000000000e+00 1.570000000000000000e+02 2.000000000000000000e+00
2.216867855893634998e-01 1.208691569181370884e+00 2.000000000000000000e+00 1.570000000000000000e+02 3.000000000000000000e+00
2.216867855893634998e-01 1.208691569181370884e+00 2.000000000000000000e+00 1.570000000000000000e+02 4.000000000000000000e+00
3.022691159591616161e-01 1.732284719974376497e+00 1.700000000000000000e+01 1.990000000000000000e+02 0.000000000000000000e+00
3.022691159591616161e-01 1.732284719974376497e+00 1.700000000000000000e+01 1.990000000000000000e+02 1.000000000000000000e+00
3.022691159591616161e-01 1.732284719974376497e+00 1.700000000000000000e+01 1.990000000000000000e+02 2.000000000000000000e+00
3.022691159591616161e-01 1.732284719974376497e+00 1.700000000000000000e+01 1.990000000000000000e+02 3.000000000000000000e+00
3.022691159591616161e-01 1.732284719974376497e+00 1.700000000000000000e+01 1.990000000000000000e+02 4.000000000000000000e+00
8.380425662068113901e-01 5.431547434591553758e-01 3.000000000000000000e+00 1.340000000000000000e+02 0.000000000000000000e+00
8.380425662068113901e-01 5.431547434591553758e-01 3.000000000000000000e+00 1.340000000000000000e+02 1.000000000000000000e+00
8.380425662068113901e-01 5.431547434591553758e-01 3.000000000000000000e+00 1.340000000000000000e+02 2.000000000000000000e+00
8.380425662068113901e-01 5.431547434591553758e-01 3.000000000000000000e+00 1.340000000000000000e+02 3.000000000000000000e+00
8.380425662068113901e-01 5.431547434591553758e-01 3.000000000000000000e+00 1.340000000000000000e+02 4.000000000000000000e+00
6.548347016033115864e-01 2.903632438670608051e-01 8.000000000000000000e+00 1.970000000000000000e+02 0.000000000000000000e+00
6.548347016033115864e-01 2.903632438670608051e-01 8.000000000000000000e+00 1.970000000000000000e+02 1.000000000000000000e+00
6.548347016033115864e-01 2.903632438670608051e-01 8.000000000000000000e+00 1.970000000000000000e+02 2.000000000000000000e+00
6.548347016033115864e-01 2.903632438670608051e-01 8.000000000000000000e+00 1.970000000000000000e+02 3.000000000000000000e+00
6.548347016033115864e-01 2.903632438670608051e-01 8.000000000000000000e+00 1.970000000000000000e+02 4.000000000000000000e+00
4.216632388429384370e-01 2.937305225253342700e-01 1.000000000000000000e+00 3.400000000000000000e+01 0.000000000000000000e+00
4.216632388429384370e-01 2.937305225253342700e-01 1.000000000000000000e+00 3.400000000000000000e+01 1.000000000000000000e+00
4.216632388429384370e-01 2.937305225253342700e-01 1.000000000000000000e+00 3.400000000000000000e+01 2.000000000000000000e+00
4.216632388429384370e-01 2.937305225253342700e-01 1.000000000000000000e+00 3.400000000000000000e+01 3.000000000000000000e+00
4.216632388429384370e-01 2.937305225253342700e-01 1.000000000000000000e+00 3.400000000000000000e+01 4.000000000000000000e+00
1.540109989076846597e-01 5.243923506311140015e-01 7.000000000000000000e+00 9.000000000000000000e+01 0.000000000000000000e+00
1.540109989076846597e-01 5.243923506311140015e-01 7.000000000000000000e+00 9.000000000000000000e+01 1.000000000000000000e+00
1.540109989076846597e-01 5.243923506311140015e-01 7.000000000000000000e+00 9.000000000000000000e+01 2.000000000000000000e+00
1.540109989076846597e-01 5.243923506311140015e-01 7.000000000000000000e+00 9.000000000000000000e+01 3.000000000000000000e+00
1.540109989076846597e-01 5.243923506311140015e-01 7.000000000000000000e+00 9.000000000000000000e+01 4.000000000000000000e+00
4.866561544558599683e-01 2.552276732000297033e-01 1.900000000000000000e+01 1.970000000000000000e+02 0.000000000000000000e+00
4.866561544558599683e-01 2.552276732000297033e-01 1.900000000000000000e+01 1.970000000000000000e+02 1.000000000000000000e+00
4.866561544558599683e-01 2.552276732000297033e-01 1.900000000000000000e+01 1.970000000000000000e+02 2.000000000000000000e+00
4.866561544558599683e-01 2.552276732000297033e-01 1.900000000000000000e+01 1.970000000000000000e+02 3.000000000000000000e+00
4.866561544558599683e-01 2.552276732000297033e-01 1.900000000000000000e+01 1.970000000000000000e+02 4.000000000000000000e+00
2.450437815245346540e-01 1.131060053623282047e-01 9.000000000000000000e+00 4.300000000000000000e+01 0.000000000000000000e+00
2.450437815245346540e-01 1.131060053623282047e-01 9.000000000000000000e+00 4.300000000000000000e+01 1.000000000000000000e+00
2.450437815245346540e-01 1.131060053623282047e-01 9.000000000000000000e+00 4.300000000000000000e+01 2.000000000000000000e+00
2.450437815245346540e-01 1.131060053623282047e-01 9.000000000000000000e+00 4.300000000000000000e+01 3.000000000000000000e+00
2.450437815245346540e-01 1.131060053623282047e-01 9.000000000000000000e+00 4.300000000000000000e+01 4.000000000000000000e+00
9.086441870723998004e-01 1.204468853755326530e+00 5.000000000000000000e+00 7.800000000000000000e+01 0.000000000000000000e+00
9.086441870723998004e-01 1.204468853755326530e+00 5.000000000000000000e+00 7.800000000000000000e+01 1.000000000000000000e+00
9.086441870723998004e-01 1.204468853755326530e+00 5.000000000000000000e+00 7.800000000000000000e+01 2.000000000000000000e+00
9.086441870723998004e-01 1.204468853755326530e+00 5.000000000000000000e+00 7.800000000000000000e+01 3.000000000000000000e+00
9.086441870723998004e-01 1.204468853755326530e+00 5.000000000000000000e+00 7.800000000000000000e+01 4.000000000000000000e+00
1.775466277143035176e-01 1.957756366991471930e+00 1.900000000000000000e+01 3.000000000000000000e+01 0.000000000000000000e+00
1.775466277143035176e-01 1.957756366991471930e+00 1.900000000000000000e+01 3.000000000000000000e+01 1.000000000000000000e+00
1.775466277143035176e-01 1.957756366991471930e+00 1.900000000000000000e+01 3.000000000000000000e+01 2.000000000000000000e+00
1.775466277143035176e-01 1.957756366991471930e+00 1.900000000000000000e+01 3.000000000000000000e+01 3.000000000000000000e+00
1.775466277143035176e-01 1.957756366991471930e+00 1.900000000000000000e+01 3.000000000000000000e+01 4.000000000000000000e+00
5.520876988179220790e-01 1.835170625884798012e-01 1.400000000000000000e+01 7.700000000000000000e+01 0.000000000000000000e+00
5.520876988179220790e-01 1.835170625884798012e-01 1.400000000000000000e+01 7.700000000000000000e+01 1.000000000000000000e+00
5.520876988179220790e-01 1.835170625884798012e-01 1.400000000000000000e+01 7.700000000000000000e+01 2.000000000000000000e+00
5.520876988179220790e-01 1.835170625884798012e-01 1.400000000000000000e+01 7.700000000000000000e+01 3.000000000000000000e+00
5.520876988179220790e-01 1.835170625884798012e-01 1.400000000000000000e+01 7.700000000000000000e+01 4.000000000000000000e+00
5.348768399620129621e-01 1.380285081028649774e+00 1.600000000000000000e+01 1.210000000000000000e+02 0.000000000000000000e+00
5.348768399620129621e-01 1.380285081028649774e+00 1.600000000000000000e+01 1.210000000000000000e+02 1.000000000000000000e+00
5.348768399620129621e-01 1.380285081028649774e+00 1.600000000000000000e+01 1.210000000000000000e+02 2.000000000000000000e+00
5.348768399620129621e-01 1.380285081028649774e+00 1.600000000000000000e+01 1.210000000000000000e+02 3.000000000000000000e+00
5.348768399620129621e-01 1.380285081028649774e+00 1.600000000000000000e+01 1.210000000000000000e+02 4.000000000000000000e+00
8.106581636464106344e-01 1.769837703381220706e+00 1.000000000000000000e+00 7.300000000000000000e+01 0.000000000000000000e+00
8.106581636464106344e-01 1.769837703381220706e+00 1.000000000000000000e+00 7.300000000000000000e+01 1.000000000000000000e+00
8.106581636464106344e-01 1.769837703381220706e+00 1.000000000000000000e+00 7.300000000000000000e+01 2.000000000000000000e+00
8.106581636464106344e-01 1.769837703381220706e+00 1.000000000000000000e+00 7.300000000000000000e+01 3.000000000000000000e+00
8.106581636464106344e-01 1.769837703381220706e+00 1.000000000000000000e+00 7.300000000000000000e+01 4.000000000000000000e+00
2.626322301523825731e-01 2.036547025550567991e+00 2.000000000000000000e+00 1.500000000000000000e+01 0.000000000000000000e+00
2.626322301523825731e-01 2.036547025550567991e+00 2.000000000000000000e+00 1.500000000000000000e+01 1.000000000000000000e+00
2.626322301523825731e-01 2.036547025550567991e+00 2.000000000000000000e+00 1.500000000000000000e+01 2.000000000000000000e+00
2.626322301523825731e-01 2.036547025550567991e+00 2.000000000000000000e+00 1.500000000000000000e+01 3.000000000000000000e+00
2.626322301523825731e-01 2.036547025550567991e+00 2.000000000000000000e+00 1.500000000000000000e+01 4.000000000000000000e+00
4.762381347098422202e-01 6.281823397097440198e-01 1.700000000000000000e+01 2.000000000000000000e+01 0.000000000000000000e+00
4.762381347098422202e-01 6.281823397097440198e-01 1.700000000000000000e+01 2.000000000000000000e+01 1.000000000000000000e+00
4.762381347098422202e-01 6.281823397097440198e-01 1.700000000000000000e+01 2.000000000000000000e+01 2.000000000000000000e+00
4.762381347098422202e-01 6.281823397097440198e-01 1.700000000000000000e+01 2.000000000000000000e+01 3.000000000000000000e+00
4.762381347098422202e-01 6.281823397097440198e-01 1.700000000000000000e+01 2.000000000000000000e+01 4.000000000000000000e+00
5.593784178160718934e-01 8.546675744907935579e-01 1.200000000000000000e+01 1.400000000000000000e+01 0.000000000000000000e+00
5.593784178160718934e-01 8.546675744907935579e-01 1.200000000000000000e+01 1.400000000000000000e+01 1.000000000000000000e+00
5.593784178160718934e-01 8.546675744907935579e-01 1.200000000000000000e+01 1.400000000000000000e+01 2.000000000000000000e+00
5.593784178160718934e-01 8.546675744907935579e-01 1.200000000000000000e+01 1.400000000000000000e+01 3.000000000000000000e+00
5.593784178160718934e-01 8.546675744907935579e-01 1.200000000000000000e+01 1.400000000000000000e+01 4.000000000000000000e+00
2.137283479831944000e-01 1.930924997959690081e+00 4.000000000000000000e+00 4.800000000000000000e+01 0.000000000000000000e+00
2.137283479831944000e-01 1.930924997959690081e+00 4.000000000000000000e+00 4.800000000000000000e+01 1.000000000000000000e+00
2.137283479831944000e-01 1.930924997959690081e+00 4.000000000000000000e+00 4.800000000000000000e+01 2.000000000000000000e+00
2.137283479831944000e-01 1.930924997959690081e+00 4.000000000000000000e+00 4.800000000000000000e+01 3.000000000000000000e+00
2.137283479831944000e-01 1.930924997959690081e+00 4.000000000000000000e+00 4.800000000000000000e+01 4.000000000000000000e+00
9.491774228853117057e-01 1.774987185150509461e+00 2.000000000000000000e+01 2.200000000000000000e+01 0.000000000000000000e+00
9.491774228853117057e-01 1.774987185150509461e+00 2.000000000000000000e+01 2.200000000000000000e+01 1.000000000000000000e+00
9.491774228853117057e-01 1.774987185150509461e+00 2.000000000000000000e+01 2.200000000000000000e+01 2.000000000000000000e+00
9.491774228853117057e-01 1.774987185150509461e+00 2.000000000000000000e+01 2.200000000000000000e+01 3.000000000000000000e+00
9.491774228853117057e-01 1.774987185150509461e+00 2.000000000000000000e+01 2.200000000000000000e+01 4.000000000000000000e+00
4.427893351911070807e-01 1.532225903844533832e+00 2.000000000000000000e+00 1.710000000000000000e+02 0.000000000000000000e+00
4.427893351911070807e-01 1.532225903844533832e+00 2.000000000000000000e+00 1.710000000000000000e+02 1.000000000000000000e+00
4.427893351911070807e-01 1.532225903844533832e+00 2.000000000000000000e+00 1.710000000000000000e+02 2.000000000000000000e+00
4.427893351911070807e-01 1.532225903844533832e+00 2.000000000000000000e+00 1.710000000000000000e+02 3.000000000000000000e+00
4.427893351911070807e-01 1.532225903844533832e+00 2.000000000000000000e+00 1.710000000000000000e+02 4.000000000000000000e+00
8.613439906717855754e-01 2.580933706226685720e-01 1.100000000000000000e+01 1.400000000000000000e+02 0.000000000000000000e+00
8.613439906717855754e-01 2.580933706226685720e-01 1.100000000000000000e+01 1.400000000000000000e+02 1.000000000000000000e+00
8.613439906717855754e-01 2.580933706226685720e-01 1.100000000000000000e+01 1.400000000000000000e+02 2.000000000000000000e+00
8.613439906717855754e-01 2.580933706226685720e-01 1.100000000000000000e+01 1.400000000000000000e+02 3.000000000000000000e+00
8.613439906717855754e-01 2.580933706226685720e-01 1.100000000000000000e+01 1.400000000000000000e+02 4.000000000000000000e+00
4.199585361420544727e-01 1.383140201546927406e+00 1.500000000000000000e+01 1.500000000000000000e+02 0.000000000000000000e+00
4.199585361420544727e-01 1.383140201546927406e+00 1.500000000000000000e+01 1.500000000000000000e+02 1.000000000000000000e+00
4.199585361420544727e-01 1.383140201546927406e+00 1.500000000000000000e+01 1.500000000000000000e+02 2.000000000000000000e+00
4.199585361420544727e-01 1.383140201546927406e+00 1.500000000000000000e+01 1.500000000000000000e+02 3.000000000000000000e+00
4.199585361420544727e-01 1.383140201546927406e+00 1.500000000000000000e+01 1.500000000000000000e+02 4.000000000000000000e+00
9.864513222168601603e-01 1.510576718493714443e+00 6.000000000000000000e+00 1.030000000000000000e+02 0.000000000000000000e+00
9.864513222168601603e-01 1.510576718493714443e+00 6.000000000000000000e+00 1.030000000000000000e+02 1.000000000000000000e+00
9.864513222168601603e-01 1.510576718493714443e+00 6.000000000000000000e+00 1.030000000000000000e+02 2.000000000000000000e+00
9.864513222168601603e-01 1.510576718493714443e+00 6.000000000000000000e+00 1.030000000000000000e+02 3.000000000000000000e+00
9.864513222168601603e-01 1.510576718493714443e+00 6.000000000000000000e+00 1.030000000000000000e+02 4.000000000000000000e+00
6.466201027114586442e-01 5.107734217332901006e-01 1.100000000000000000e+01 9.000000000000000000e+01 0.000000000000000000e+00
6.466201027114586442e-01 5.107734217332901006e-01 1.100000000000000000e+01 9.000000000000000000e+01 1.000000000000000000e+00
6.466201027114586442e-01 5.107734217332901006e-01 1.100000000000000000e+01 9.000000000000000000e+01 2.000000000000000000e+00
6.466201027114586442e-01 5.107734217332901006e-01 1.100000000000000000e+01 9.000000000000000000e+01 3.000000000000000000e+00
6.466201027114586442e-01 5.107734217332901006e-01 1.100000000000000000e+01 9.000000000000000000e+01 4.000000000000000000e+00
3.030651129338903793e-01 4.200201480630062489e-01 1.700000000000000000e+01 1.350000000000000000e+02 0.000000000000000000e+00
3.030651129338903793e-01 4.200201480630062489e-01 1.700000000000000000e+01 1.350000000000000000e+02 1.000000000000000000e+00
3.030651129338903793e-01 4.200201480630062489e-01 1.700000000000000000e+01 1.350000000000000000e+02 2.000000000000000000e+00
3.030651129338903793e-01 4.200201480630062489e-01 1.700000000000000000e+01 1.350000000000000000e+02 3.000000000000000000e+00
3.030651129338903793e-01 4.200201480630062489e-01 1.700000000000000000e+01 1.350000000000000000e+02 4.000000000000000000e+00
3.139332037836162215e-01 1.537012759555653085e+00 1.700000000000000000e+01 9.200000000000000000e+01 0.000000000000000000e+00
3.139332037836162215e-01 1.537012759555653085e+00 1.700000000000000000e+01 9.200000000000000000e+01 1.000000000000000000e+00
3.139332037836162215e-01 1.537012759555653085e+00 1.700000000000000000e+01 9.200000000000000000e+01 2.000000000000000000e+00
3.139332037836162215e-01 1.537012759555653085e+00 1.700000000000000000e+01 9.200000000000000000e+01 3.000000000000000000e+00
3.139332037836162215e-01 1.537012759555653085e+00 1.700000000000000000e+01 9.200000000000000000e+01 4.000000000000000000e+00
9.679799989390858173e-01 1.315644407063358001e-01 1.000000000000000000e+00 4.100000000000000000e+01 0.000000000000000000e+00
9.679799989390858173e-01 1.315644407063358001e-01 1.000000000000000000e+00 4.100000000000000000e+01 1.000000000000000000e+00
9.679799989390858173e-01 1.315644407063358001e-01 1.000000000000000000e+00 4.100000000000000000e+01 2.000000000000000000e+00
9.679799989390858173e-01 1.315644407063358001e-01 1.000000000000000000e+00 4.100000000000000000e+01 3.000000000000000000e+00
9.679799989390858173e-01 1.315644407063358001e-01 1.000000000000000000e+00 4.100000000000000000e+01 4.000000000000000000e+00
3.225944577495959420e-01 1.978253739520778043e-01 8.000000000000000000e+00 1.690000000000000000e+02 0.000000000000000000e+00
3.225944577495959420e-01 1.978253739520778043e-01 8.000000000000000000e+00 1.690000000000000000e+02 1.000000000000000000e+00
3.225944577495959420e-01 1.978253739520778043e-01 8.000000000000000000e+00 1.690000000000000000e+02 2.000000000000000000e+00
3.225944577495959420e-01 1.978253739520778043e-01 8.000000000000000000e+00 1.690000000000000000e+02 3.000000000000000000e+00
3.225944577495959420e-01 1.978253739520778043e-01 8.000000000000000000e+00 1.690000000000000000e+02 4.000000000000000000e+00
8.847708924533311814e-01 1.487515798965600489e+00 5.000000000000000000e+00 6.900000000000000000e+01 0.000000000000000000e+00
8.847708924533311814e-01 1.487515798965600489e+00 5.000000000000000000e+00 6.900000000000000000e+01 1.000000000000000000e+00
8.847708924533311814e-01 1.487515798965600489e+00 5.000000000000000000e+00 6.900000000000000000e+01 2.000000000000000000e+00
8.847708924533311814e-01 1.487515798965600489e+00 5.000000000000000000e+00 6.900000000000000000e+01 3.000000000000000000e+00
8.847708924533311814e-01 1.487515798965600489e+00 5.000000000000000000e+00 6.900000000000000000e+01 4.000000000000000000e+00
8.365585239711490484e-01 1.936696297417004997e+00 1.600000000000000000e+01 9.900000000000000000e+01 0.000000000000000000e+00
8.365585239711490484e-01 1.936696297417004997e+00 1.600000000000000000e+01 9.900000000000000000e+01 1.000000000000000000e+00
8.365585239711490484e-01 1.936696297417004997e+00 1.600000000000000000e+01 9.900000000000000000e+01 2.000000000000000000e+00
8.365585239711490484e-01 1.936696297417004997e+00 1.600000000000000000e+01 9.900000000000000000e+01 3.000000000000000000e+00
8.365585239711490484e-01 1.936696297417004997e+00 1.600000000000000000e+01 9.900000000000000000e+01 4.000000000000000000e+00
1.631184547977972965e-01 1.040057241509795949e+00 1.700000000000000000e+01 9.900000000000000000e+01 0.000000000000000000e+00
1.631184547977972965e-01 1.040057241509795949e+00 1.700000000000000000e+01 9.900000000000000000e+01 1.000000000000000000e+00
1.631184547977972965e-01 1.040057241509795949e+00 1.700000000000000000e+01 9.900000000000000000e+01 2.000000000000000000e+00
1.631184547977972965e-01 1.040057241509795949e+00 1.700000000000000000e+01 9.900000000000000000e+01 3.000000000000000000e+00
1.631184547977972965e-01 1.040057241509795949e+00 1.700000000000000000e+01 9.900000000000000000e+01 4.000000000000000000e+00
5.562686353705209585e-01 1.132505816613365912e+00 1.000000000000000000e+01 3.900000000000000000e+01 0.000000000000000000e+00
5.562686353705209585e-01 1.132505816613365912e+00 1.000000000000000000e+01 3.900000000000000000e+01 1.000000000000000000e+00
5.562686353705209585e-01 1.132505816613365912e+00 1.000000000000000000e+01 3.900000000000000000e+01 2.000000000000000000e+00
5.562686353705209585e-01 1.132505816613365912e+00 1.000000000000000000e+01 3.900000000000000000e+01 3.000000000000000000e+00
5.562686353705209585e-01 1.132505816613365912e+00 1.000000000000000000e+01 3.900000000000000000e+01 4.000000000000000000e+00
7.304175577370997097e-01 1.745050298013639312e+00 1.500000000000000000e+01 2.000000000000000000e+00 0.000000000000000000e+00
7.304175577370997097e-01 1.745050298013639312e+00 1.500000000000000000e+01 2.000000000000000000e+00 1.000000000000000000e+00
7.304175577370997097e-01 1.745050298013639312e+00 1.500000000000000000e+01 2.000000000000000000e+00 2.000000000000000000e+00
7.304175577370997097e-01 1.745050298013639312e+00 1.500000000000000000e+01 2.000000000000000000e+00 3.000000000000000000e+00
7.304175577370997097e-01 1.745050298013639312e+00 1.500000000000000000e+01 2.000000000000000000e+00 4.000000000000000000e+00
2.452665394278725763e-01 3.110800180987639552e-01 1.900000000000000000e+01 1.700000000000000000e+01 0.000000000000000000e+00
2.452665394278725763e-01 3.110800180987639552e-01 1.900000000000000000e+01 1.700000000000000000e+01 1.000000000000000000e+00
2.452665394278725763e-01 3.110800180987639552e-01 1.900000000000000000e+01 1.700000000000000000e+01 2.000000000000000000e+00
2.452665394278725763e-01 3.110800180987639552e-01 1.900000000000000000e+01 1.700000000000000000e+01 3.000000000000000000e+00
2.452665394278725763e-01 3.110800180987639552e-01 1.900000000000000000e+01 1.700000000000000000e+01 4.000000000000000000e+00
6.238800418290888494e-01 5.873126080603331411e-01 1.000000000000000000e+00 1.990000000000000000e+02 0.000000000000000000e+00
6.238800418290888494e-01 5.873126080603331411e-01 1.000000000000000000e+00 1.990000000000000000e+02 1.000000000000000000e+00
6.238800418290888494e-01 5.873126080603331411e-01 1.000000000000000000e+00 1.990000000000000000e+02 2.000000000000000000e+00
6.238800418290888494e-01 5.873126080603331411e-01 1.000000000000000000e+00 1.990000000000000000e+02 3.000000000000000000e+00
6.238800418290888494e-01 5.873126080603331411e-01 1.000000000000000000e+00 1.990000000000000000e+02 4.000000000000000000e+00
8.369464614706482175e-01 1.031058430131161829e+00 1.000000000000000000e+01 1.290000000000000000e+02 0.000000000000000000e+00
8.369464614706482175e-01 1.031058430131161829e+00 1.000000000000000000e+01 1.290000000000000000e+02 1.000000000000000000e+00
8.369464614706482175e-01 1.031058430131161829e+00 1.000000000000000000e+01 1.290000000000000000e+02 2.000000000000000000e+00
8.369464614706482175e-01 1.031058430131161829e+00 1.000000000000000000e+01 1.290000000000000000e+02 3.000000000000000000e+00
8.369464614706482175e-01 1.031058430131161829e+00 1.000000000000000000e+01 1.290000000000000000e+02 4.000000000000000000e+00
7.010298786484264744e-01 8.096060285856186978e-01 1.500000000000000000e+01 1.880000000000000000e+02 0.000000000000000000e+00
7.010298786484264744e-01 8.096060285856186978e-01 1.500000000000000000e+01 1.880000000000000000e+02 1.000000000000000000e+00
7.010298786484264744e-01 8.096060285856186978e-01 1.500000000000000000e+01 1.880000000000000000e+02 2.000000000000000000e+00
7.010298786484264744e-01 8.096060285856186978e-01 1.500000000000000000e+01 1.880000000000000000e+02 3.000000000000000000e+00
7.010298786484264744e-01 8.096060285856186978e-01 1.500000000000000000e+01 1.880000000000000000e+02 4.000000000000000000e+00
1.134663305491909607e-01 6.977587971904856134e-01 2.000000000000000000e+00 1.940000000000000000e+02 0.000000000000000000e+00
1.134663305491909607e-01 6.977587971904856134e-01 2.000000000000000000e+00 1.940000000000000000e+02 1.000000000000000000e+00
1.134663305491909607e-01 6.977587971904856134e-01 2.000000000000000000e+00 1.940000000000000000e+02 2.000000000000000000e+00
1.134663305491909607e-01 6.977587971904856134e-01 2.000000000000000000e+00 1.940000000000000000e+02 3.000000000000000000e+00
1.134663305491909607e-01 6.977587971904856134e-01 2.000000000000000000e+00 1.940000000000000000e+02 4.000000000000000000e+00
1.732088764692049088e-01 5.656482892334958601e-01 1.300000000000000000e+01 6.800000000000000000e+01 0.000000000000000000e+00
1.732088764692049088e-01 5.656482892334958601e-01 1.300000000000000000e+01 6.800000000000000000e+01 1.000000000000000000e+00
1.732088764692049088e-01 5.656482892334958601e-01 1.300000000000000000e+01 6.800000000000000000e+01 2.000000000000000000e+00
1.732088764692049088e-01 5.656482892334958601e-01 1.300000000000000000e+01 6.800000000000000000e+01 3.000000000000000000e+00
1.732088764692049088e-01 5.656482892334958601e-01 1.300000000000000000e+01 6.800000000000000000e+01 4.000000000000000000e+00
5.544174127245024009e-01 8.098224334801599200e-01 8.000000000000000000e+00 7.000000000000000000e+01 0.000000000000000000e+00
5.544174127245024009e-01 8.098224334801599200e-01 8.000000000000000000e+00 7.000000000000000000e+01 1.000000000000000000e+00
5.544174127245024009e-01 8.098224334801599200e-01 8.000000000000000000e+00 7.000000000000000000e+01 2.000000000000000000e+00
5.544174127245024009e-01 8.098224334801599200e-01 8.000000000000000000e+00 7.000000000000000000e+01 3.000000000000000000e+00
5.544174127245024009e-01 8.098224334801599200e-01 8.000000000000000000e+00 7.000000000000000000e+01 4.000000000000000000e+00
7.546472519957871938e-01 1.396317640794128456e+00 6.000000000000000000e+00 1.170000000000000000e+02 0.000000000000000000e+00
7.546472519957871938e-01 1.396317640794128456e+00 6.000000000000000000e+00 1.170000000000000000e+02 1.000000000000000000e+00
7.546472519957871938e-01 1.396317640794128456e+00 6.000000000000000000e+00 1.170000000000000000e+02 2.000000000000000000e+00
7.546472519957871938e-01 1.396317640794128456e+00 6.000000000000000000e+00 1.170000000000000000e+02 3.000000000000000000e+00
7.546472519957871938e-01 1.396317640794128456e+00 6.000000000000000000e+00 1.170000000000000000e+02 4.000000000000000000e+00
