3.146711296772948252e-01 1.547161407355178042e+00 2.000000000000000000e+00 3.800000000000000000e+01 0.000000000000000000e+00
9.258734920727739182e-01 3.482853291504018900e-01 7.000000000000000000e+00 1.040000000000000000e+02 0.000000000000000000e+00
5.498709151441889542e-01 1.058808187893379993e-01 3.000000000000000000e+00 1.140000000000000000e+02 0.000000000000000000e+00
5.626614683242167070e-01 1.268087626210081753e+00 4.000000000000000000e+00 1.500000000000000000e+02 0.000000000000000000e+00
7.068143228417522739e-01 1.077635747704052571e+00 6.000000000000000000e+00 8.900000000000000000e+01 0.000000000000000000e+00
6.762542067668291246e-01 1.107227848878893139e+00 9.000000000000000000e+00 1.460000000000000000e+02 0.000000000000000000e+00
3.022125598214297354e-02 1.345707307388469776e+00 5.000000000000000000e+00 1.140000000000000000e+02 0.000000000000000000e+00
3.472719786048040769e-01 1.956816561012858280e+00 8.000000000000000000e+00 1.920000000000000000e+02 0.000000000000000000e+00
8.571663291711418831e-01 1.038110811784237475e+00 8.000000000000000000e+00 1.180000000000000000e+02 0.000000000000000000e+00
4.246969453817285300e-01 1.102585711370484445e+00 1.500000000000000000e+01 1.430000000000000000e+02 0.000000000000000000e+00
7.381849093969872211e-01 3.832310021270758371e-01 7.000000000000000000e+00 5.100000000000000000e+01 0.000000000000000000e+00
8.745172848760979223e-01 1.901917276253407119e+00 3.000000000000000000e+00 2.000000000000000000e+01 0.000000000000000000e+00
9.052145857921265470e-01 7.638684998039501073e-01 5.000000000000000000e+00 1.070000000000000000e+02 0.000000000000000000e+00
9.301903412101773794e-02 1.090915022417890123e-01 1.500000000000000000e+01 3.600000000000000000e+01 0.000000000000000000e+00
6.641121338411957176e-01 1.032052819030075730e+00 1.100000000000000000e+01 1.990000000000000000e+02 0.000000000000000000e+00
9.315569554134125463e-01 2.025410788190306288e+00 8.000000000000000000e+00 1.630000000000000000e+02 0.000000000000000000e+00
4.984537219546901765e-01 8.693342031026977113e-01 5.000000000000000000e+00 1.300000000000000000e+02 0.000000000000000000e+00
7.596793737077377484e-01 1.206650896199623402e+00 6.000000000000000000e+00 1.190000000000000000e+02 0.000000000000000000e+00
6.182424834593875929e-01 1.213011319745967320e+00 1.900000000000000000e+01 9.900000000000000000e+01 0.000000000000000000e+00
9.997422009841231416e-01 1.542006212396673570e+00 5.000000000000000000e+00 4.700000000000000000e+01 0.000000000000000000e+00
6.471760987501612439e-01 1.886647799435044126e+00 2.000000000000000000e+00 1.150000000000000000e+02 0.000000000000000000e+00
8.286004385053820087e-01 3.265066889809270512e-01 1.700000000000000000e+01 1.820000000000000000e+02 0.000000000000000000e+00
4.730131174219501800e-01 1.836046511870799369e+00 1.800000000000000000e+01 1.890000000000000000e+02 0.000000000000000000e+00
9.029316331120366135e-01 1.334888418823516165e+00 6.000000000000000000e+00 1.540000000000000000e+02 0.000000000000000000e+00
5.402953204229773432e-01 8.919740532334533567e-01 4.000000000000000000e+00 1.750000000000000000e+02 0.000000000000000000e+00
6.372342732159254064e-01 2.077836290633594984e+00 1.200000000000000000e+01 1.290000000000000000e+02 0.000000000000000000e+00
5.195389520821720453e-01 9.770932051040813748e-01 1.000000000000000000e+00 5.700000000000000000e+01 0.000000000000000000e+00
9.138872976187135677e-01 3.871044082171585243e-01 7.000000000000000000e+00 1.030000000000000000e+02 0.000000000000000000e+00
3.921344056594352478e-01 6.497003873490531101e-01 6.000000000000000000e+00 1.030000000000000000e+02 0.000000000000000000e+00
8.234589569742910287e-02 3.113927525735168400e-01 2.000000000000000000e+01 1.240000000000000000e+02 0.000000000000000000e+00
8.766031152043071151e-01 2.026475363290007048e-01 6.000000000000000000e+00 1.690000000000000000e+02 0.000000000000000000e+00
2.945507510268845497e-01 1.076684314992231606e+00 1.400000000000000000e+01 6.000000000000000000e+00 0.000000000000000000e+00
7.030801754684602445e-01 1.040325380712581405e+00 8.000000000000000000e+00 1.060000000000000000e+02 0.000000000000000000e+00
6.848922090957547670e-01 1.488456133972467343e+00 1.500000000000000000e+01 5.800000000000000000e+01 0.000000000000000000e+00
1.156882090131004931e-01 4.699876746872696520e-01 1.700000000000000000e+01 1.620000000000000000e+02 0.000000000000000000e+00
5.756011412369458347e-01 5.446718172531913593e-01 1.100000000000000000e+01 1.770000000000000000e+02 0.000000000000000000e+00
2.833082640005856606e-02 1.076624480846964271e+00 4.000000000000000000e+00 7.600000000000000000e+01 0.000000000000000000e+00
7.895461573005415623e-01 1.913088132595743840e+00 1.000000000000000000e+00 5.800000000000000000e+01 0.000000000000000000e+00
6.607786104147356232e-01 3.510789349087529709e-01 6.000000000000000000e+00 4.300000000000000000e+01 0.000000000000000000e+00
4.910100695657341197e-01 9.455009989108781321e-01 1.300000000000000000e+01 1.030000000000000000e+02 0.000000000000000000e+00
1.896702013341560189e-01 8.033489199803830472e-01 2.000000000000000000e+00 8.200000000000000000e+01 0.000000000000000000e+00
7.371790153205238783e-01 2.065156244697484933e+00 1.100000000000000000e+01 8.900000000000000000e+01 0.000000000000000000e+00
8.497647717901271047e-01 1.265364609483386804e+00 7.000000000000000000e+00 1.030000000000000000e+02 0.000000000000000000e+00
1.009062991656346497e+00 1.442716468257393414e+00 1.000000000000000000e+01 1.450000000000000000e+02 0.000000000000000000e+00
1.013638208240479205e-01 4.152858998043337246e-01 6.000000000000000000e+00 1.870000000000000000e+02 0.000000000000000000e+00
5.095430822608499888e-01 1.926627961393405197e+00 1.400000000000000000e+01 1.060000000000000000e+02 0.000000000000000000e+00
4.467574180017747087e-01 5.932865494829958619e-01 1.700000000000000000e+01 3.300000000000000000e+01 0.000000000000000000e+00
7.857208560253622354e-01 1.186022474249294856e+00 1.500000000000000000e+01 1.100000000000000000e+01 0.000000000000000000e+00
5.333442257785160345e-01 2.549779954180070307e-01 8.000000000000000000e+00 1.400000000000000000e+01 0.000000000000000000e+00
4.073038993730335733e-01 2.773339962670954284e-01 1.300000000000000000e+01 7.100000000000000000e+01 0.000000000000000000e+00
8.683667548648009438e-02 1.430529406109204427e+00 2.000000000000000000e+01 1.580000000000000000e+02 1.000000000000000000e+00
7.613297085034180789e-01 1.744134910478100375e-01 4.000000000000000000e+00 1.880000000000000000e+02 1.000000000000000000e+00
5.059393719597783390e-01 7.099092550477360541e-01 3.000000000000000000e+00 7.800000000000000000e+01 1.000000000000000000e+00
8.722688454262839119e-01 2.019479410566776156e+00 6.000000000000000000e+00 1.540000000000000000e+02 1.000000000000000000e+00
4.068010194526789913e-01 3.140839125255706632e-01 2.000000000000000000e+01 4.100000000000000000e+01 1.000000000000000000e+00
6.199119582964719433e-01 5.410893498356438291e-01 2.000000000000000000e+00 5.300000000000000000e+01 1.000000000000000000e+00
3.851206451260861252e-01 1.238280492766566709e+00 1.600000000000000000e+01 1.100000000000000000e+02 1.000000000000000000e+00
5.374802566045935315e-01 1.608663265467442649e+00 1.900000000000000000e+01 1.140000000000000000e+02 1.000000000000000000e+00
9.770601365451753173e-01 1.666333299467358753e+00 1.000000000000000000e+00 1.790000000000000000e+02 1.000000000000000000e+00
3.650996688194061424e-01 6.873055863892597594e-01 1.600000000000000000e+01 1.700000000000000000e+01 1.000000000000000000e+00
8.421694631290546074e-01 1.934394156135097020e+00 3.000000000000000000e+00 2.200000000000000000e+01 1.000000000000000000e+00
4.421882498292608599e-01 9.206159531975778298e-01 3.000000000000000000e+00 1.320000000000000000e+02 1.000000000000000000e+00
3.600930529876072983e-01 6.065109802024538643e-01 6.000000000000000000e+00 1.470000000000000000e+02 1.000000000000000000e+00
1.727672517916047923e-01 1.897143478662091098e+00 1.100000000000000000e+01 4.900000000000000000e+01 1.000000000000000000e+00
9.150942131607240349e-01 1.508514895797868904e+00 3.000000000000000000e+00 8.200000000000000000e+01 1.000000000000000000e+00
2.984853952508310648e-01 1.111411646344673265e+00 1.300000000000000000e+01 1.800000000000000000e+01 1.000000000000000000e+00
2.836239714815634860e-01 1.547016231640718331e+00 3.000000000000000000e+00 1.140000000000000000e+02 1.000000000000000000e+00
4.319743298381721885e-01 6.536134744977574185e-01 1.400000000000000000e+01 1.790000000000000000e+02 1.000000000000000000e+00
6.577301791091605399e-01 1.693090975527159703e+00 1.400000000000000000e+01 6.400000000000000000e+01 1.000000000000000000e+00
9.483834490181080046e-01 1.806339771583021614e+00 9.000000000000000000e+00 6.000000000000000000e+01 1.000000000000000000e+00
5.068121562401277647e-01 4.091883086266320246e-01 1.000000000000000000e+01 6.900000000000000000e+01 1.000000000000000000e+00
9.829081707528817269e-01 1.166356806846119643e+00 9.000000000000000000e+00 1.580000000000000000e+02 1.000000000000000000e+00
8.156613508757247777e-01 2.998287102895890177e-01 1.700000000000000000e+01 6.700000000000000000e+01 1.000000000000000000e+00
8.028822520323074530e-01 4.583297081914968762e-01 2.000000000000000000e+00 6.600000000000000000e+01 1.000000000000000000e+00
3.715796423743189525e-01 1.475878122232436640e+00 1.700000000000000000e+01 6.500000000000000000e+01 1.000000000000000000e+00
9.496232549479498297e-02 1.335615824153694842e+00 6.000000000000000000e+00 1.650000000000000000e+02 1.000000000000000000e+00
4.271502964737364794e-01 1.830903268947473128e+00 1.300000000000000000e+01 6.500000000000000000e+01 1.000000000000000000e+00
8.973688525159575491e-01 1.694732150739200360e+00 7.000000000000000000e+00 1.000000000000000000e+02 1.000000000000000000e+00
9.859449428940625371e-01 2.944696727901715549e-01 3.000000000000000000e+00 1.670000000000000000e+02 1.000000000000000000e+00
5.768239649360125121e-01 1.542800825262530540e-01 1.800000000000000000e+01 9.400000000000000000e+01 1.000000000000000000e+00
6.757408980009151911e-01 1.844377492638039906e-01 1.900000000000000000e+01 1.990000000000000000e+02 1.000000000000000000e+00
3.103390403350989590e-01 6.265061156726726699e-01 2.000000000000000000e+00 1.470000000000000000e+02 1.000000000000000000e+00
3.600975093346147488e-02 1.119112065778473664e+00 8.000000000000000000e+00 9.500000000000000000e+01 1.000000000000000000e+00
7.441053590377184612e-01 1.172873727155597567e+00 1.200000000000000000e+01 1.500000000000000000e+02 1.000000000000000000e+00
1.391429417111397226e-01 1.221704459257341446e-01 8.000000000000000000e+00 1.590000000000000000e+02 1.000000000000000000e+00
6.253874229534991391e-01 2.078442821682669361e+00 1.900000000000000000e+01 6.100000000000000000e+01 1.000000000000000000e+00
7.391981972619661168e-01 2.024860719881868276e-01 1.300000000000000000e+01 1.920000000000000000e+02 1.000000000000000000e+00
1.558173855590874179e-01 1.634368152175257105e+00 1.400000000000000000e+01 8.600000000000000000e+01 1.000000000000000000e+00
9.417941936463719577e-01 5.029274106090838581e-01 1.400000000000000000e+01 2.500000000000000000e+01 1.000000000000000000e+00
8.591432138583458000e-01 1.764882556489304477e+00 9.000000000000000000e+00 1.540000000000000000e+02 1.000000000000000000e+00
2.192614197632045681e-01 4.346001379351690508e-01 3.000000000000000000e+00 1.560000000000000000e+02 1.000000000000000000e+00
5.110101704397533862e-01 1.530766347847127840e+00 1.800000000000000000e+01 1.000000000000000000e+01 1.000000000000000000e+00
3.102265367992743661e-01 5.239729195843482179e-01 1.200000000000000000e+01 1.610000000000000000e+02 1.000000000000000000e+00
4.644559510001452507e-01 1.727511105840214167e+00 9.000000000000000000e+00 1.050000000000000000e+02 1.000000000000000000e+00
5.058118362644764554e-01 1.847932753956029739e+00 1.900000000000000000e+01 1.280000000000000000e+02 1.000000000000000000e+00
6.333306938421988386e-02 4.568074490753374350e-01 1.200000000000000000e+01 1.920000000000000000e+02 1.000000000000000000e+00
1.033571709004587301e-02 2.662704247853550088e-01 8.000000000000000000e+00 1.620000000000000000e+02 1.000000000000000000e+00
6.817530179184579930e-01 8.489182465313852566e-01 9.000000000000000000e+00 7.400000000000000000e+01 1.000000000000000000e+00
1.979262196032726545e-02 1.220990441630739332e+00 1.300000000000000000e+01 7.200000000000000000e+01 1.000000000000000000e+00
8.381322059556305104e-02 1.288883782474653517e+00 2.000000000000000000e+00 1.400000000000000000e+02 1.000000000000000000e+00
6.427944179933757773e-01 1.709517129487928999e+00 1.600000000000000000e+01 1.890000000000000000e+02 2.000000000000000000e+00
4.257090721260362587e-01 7.219439161008273098e-01 2.000000000000000000e+01 6.500000000000000000e+01 2.000000000000000000e+00
7.916920537775833377e-01 6.838323657593058380e-01 1.200000000000000000e+01 1.240000000000000000e+02 2.000000000000000000e+00
2.010847933687006650e-01 1.285975781306695209e+00 5.000000000000000000e+00 1.220000000000000000e+02 2.000000000000000000e+00
3.065355595247080123e-01 1.424802074095896876e+00 4.000000000000000000e+00 1.740000000000000000e+02 2.000000000000000000e+00
1.492045393032458422e-01 7.519089078195612119e-01 1.300000000000000000e+01 1.160000000000000000e+02 2.000000000000000000e+00
9.537590080811207960e-01 1.054051803546392607e+00 6.000000000000000000e+00 3.800000000000000000e+01 2.000000000000000000e+00
4.584792270526014679e-01 1.697080928598228011e+00 1.700000000000000000e+01 3.400000000000000000e+01 2.000000000000000000e+00
7.436929602635865277e-02 4.379036088870581489e-01 1.000000000000000000e+00 1.420000000000000000e+02 2.000000000000000000e+00
9.545550328522359740e-01 1.254012808852006167e+00 9.000000000000000000e+00 5.000000000000000000e+01 2.000000000000000000e+00
2.381748524183623372e-01 2.005809568740488213e+00 5.000000000000000000e+00 1.850000000000000000e+02 2.000000000000000000e+00
3.906748798779036136e-01 1.062731484295846407e+00 8.000000000000000000e+00 4.300000000000000000e+01 2.000000000000000000e+00
1.996363001544241289e-01 5.284831893312259554e-01 7.000000000000000000e+00 8.600000000000000000e+01 2.000000000000000000e+00
5.906845061911091266e-01 3.714692346686260249e-01 6.000000000000000000e+00 6.500000000000000000e+01 2.000000000000000000e+00
4.371573181457842905e-01 1.317020217120834058e+00 1.100000000000000000e+01 1.600000000000000000e+02 2.000000000000000000e+00
3.838266895991587768e-01 1.297173253572562190e+00 1.900000000000000000e+01 1.500000000000000000e+01 2.000000000000000000e+00
9.312028337000626266e-01 1.873808477582467324e-01 1.600000000000000000e+01 6.000000000000000000e+00 2.000000000000000000e+00
2.253517708291626898e-01 3.851605991654801775e-01 4.000000000000000000e+00 2.000000000000000000e+01 2.000000000000000000e+00
7.614984716533620412e-01 1.733222395811688132e+00 1.500000000000000000e+01 5.000000000000000000e+00 2.000000000000000000e+00
1.589254293462176726e-01 4.471965538165615373e-01 1.000000000000000000e+01 1.560000000000000000e+02 2.000000000000000000e+00
3.790994382762302717e-01 6.626977452577073047e-01 1.100000000000000000e+01 1.070000000000000000e+02 2.000000000000000000e+00
2.922047325921418581e-01 1.970911841675388798e+00 5.000000000000000000e+00 1.740000000000000000e+02 2.000000000000000000e+00
2.108223631877349513e-01 2.020150258412899691e-01 5.000000000000000000e+00 5.400000000000000000e+01 2.000000000000000000e+00
4.483114127250547032e-01 1.055888907854773962e+00 9.000000000000000000e+00 6.300000000000000000e+01 2.000000000000000000e+00
5.540205537588931417e-01 9.321995701891122588e-01 2.000000000000000000e+01 1.010000000000000000e+02 2.000000000000000000e+00
5.152090645108448053e-01 9.743417502121288765e-01 5.000000000000000000e+00 6.500000000000000000e+01 2.000000000000000000e+00
2.698902226724698705e-01 1.370111282143507747e+00 1.800000000000000000e+01 5.300000000000000000e+01 2.000000000000000000e+00
1.002419179126770477e+00 7.216790269687630710e-01 4.000000000000000000e+00 4.200000000000000000e+01 2.000000000000000000e+00
9.429398447737835642e-01 1.138892887992633218e+00 2.000000000000000000e+00 2.600000000000000000e+01 2.000000000000000000e+00
2.542076582522565520e-01 5.057979073726092123e-01 1.400000000000000000e+01 8.500000000000000000e+01 2.000000000000000000e+00
4.636515401257589319e-01 2.003346474548632905e+00 6.000000000000000000e+00 1.240000000000000000e+02 2.000000000000000000e+00
2.560817104904157260e-01 1.486956590679806789e+00 9.000000000000000000e+00 2.300000000000000000e+01 2.000000000000000000e+00
2.507819544702815512e-02 1.942157488709102209e+00 8.000000000000000000e+00 1.210000000000000000e+02 2.000000000000000000e+00
5.876506194691332591e-02 1.043739901018629013e+00 1.400000000000000000e+01 7.800000000000000000e+01 2.000000000000000000e+00
5.132794744069969495e-01 7.998630855337595102e-01 2.000000000000000000e+00 1.340000000000000000e+02 2.000000000000000000e+00
9.788052158751457676e-02 1.283613279485496639e+00 1.600000000000000000e+01 1.810000000000000000e+02 2.000000000000000000e+00
7.061287539511498235e-01 3.864473384364804920e-01 7.000000000000000000e+00 3.100000000000000000e+01 2.000000000000000000e+00
9.312706900459700732e-01 4.882618921488705022e-01 1.300000000000000000e+01 1.590000000000000000e+02 2.000000000000000000e+00
8.611065547886226357e-01 1.559433855384867895e+00 3.000000000000000000e+00 2.900000000000000000e+01 2.000000000000000000e+00
6.304314834852937643e-01 1.389472806170702013e+00 2.000000000000000000e+01 7.100000000000000000e+01 2.000000000000000000e+00
3.574227604830008120e-01 9.954597732041786662e-01 2.000000000000000000e+00 5.100000000000000000e+01 2.000000000000000000e+00
1.354347576833381250e-01 1.141660362803384787e+00 1.700000000000000000e+01 1.040000000000000000e+02 2.000000000000000000e+00
5.182675452291211071e-01 1.188645839329142806e+00 1.700000000000000000e+01 1.000000000000000000e+02 2.000000000000000000e+00
1.824519891795183674e-02 3.690322734988830122e-01 1.900000000000000000e+01 4.000000000000000000e+00 2.000000000000000000e+00
1.512414792721875623e-01 9.745986627064199270e-01 1.400000000000000000e+01 4.200000000000000000e+01 2.000000000000000000e+00
4.056018852006548769e-01 8.705483833616965983e-01 6.000000000000000000e+00 1.210000000000000000e+02 2.000000000000000000e+00
6.275048032692162048e-01 1.083137099398962244e-01 1.500000000000000000e+01 1.810000000000000000e+02 2.000000000000000000e+00
8.512485272967689198e-01 9.354057803861995923e-01 1.800000000000000000e+01 7.600000000000000000e+01 2.000000000000000000e+00
1.829674311380847795e-01 1.100001650839863343e+00 1.800000000000000000e+01 1.670000000000000000e+02 2.000000000000000000e+00
8.636872483488363672e-01 4.031169541840563530e-01 1.600000000000000000e+01 1.810000000000000000e+02 2.000000000000000000e+00
9.190775713439990335e-01 1.965403645264682364e+00 1.300000000000000000e+01 1.930000000000000000e+02 3.000000000000000000e+00
7.079670822445787159e-01 2.376456869587956489e-01 1.700000000000000000e+01 6.500000000000000000e+01 3.000000000000000000e+00
8.098613526937118445e-01 8.331014167968021633e-01 6.000000000000000000e+00 5.500000000000000000e+01 3.000000000000000000e+00
8.296652832836214075e-02 1.443570594144348407e+00 1.900000000000000000e+01 4.900000000000000000e+01 3.000000000000000000e+00
4.736066062272463739e-01 9.239234032359481263e-01 1.700000000000000000e+01 1.500000000000000000e+01 3.000000000000000000e+00
9.485529785327557750e-01 2.059518271030928160e-01 5.000000000000000000e+00 1.370000000000000000e+02 3.000000000000000000e+00
6.177170764732087260e-01 1.069999745142772962e+00 1.600000000000000000e+01 3.200000000000000000e+01 3.000000000000000000e+00
7.260500887514368396e-01 1.550286913702635661e-01 3.000000000000000000e+00 9.400000000000000000e+01 3.000000000000000000e+00
4.531179525313527856e-01 1.334135369727068365e+00 3.000000000000000000e+00 1.750000000000000000e+02 3.000000000000000000e+00
1.806178421155896219e-01 1.609988631148832283e+00 1.500000000000000000e+01 7.000000000000000000e+01 3.000000000000000000e+00
7.451903350084673194e-01 5.000867626507002894e-01 7.000000000000000000e+00 5.600000000000000000e+01 3.000000000000000000e+00
9.153715529344207402e-01 1.109745120516037131e+00 6.000000000000000000e+00 1.180000000000000000e+02 3.000000000000000000e+00
7.217784089756683619e-01 1.608993803882129703e-01 1.700000000000000000e+01 1.240000000000000000e+02 3.000000000000000000e+00
8.620170761480653310e-01 1.612634510786163489e+00 1.000000000000000000e+01 2.700000000000000000e+01 3.000000000000000000e+00
2.569276640946893675e-01 7.375127280592373991e-01 5.000000000000000000e+00 1.000000000000000000e+00 3.000000000000000000e+00
3.564936601499100188e-01 1.595865393411778355e+00 1.100000000000000000e+01 1.290000000000000000e+02 3.000000000000000000e+00
9.376234719312573906e-01 4.671744728265369018e-01 1.700000000000000000e+01 1.970000000000000000e+02 3.000000000000000000e+00
7.319019960869115327e-01 7.855042809834419382e-01 1.100000000000000000e+01 1.340000000000000000e+02 3.000000000000000000e+00
6.722519882828795756e-01 1.944461746484962061e+00 6.000000000000000000e+00 1.990000000000000000e+02 3.000000000000000000e+00
5.476295001235595983e-01 1.510423842572511166e+00 1.500000000000000000e+01 7.100000000000000000e+01 3.000000000000000000e+00
5.707103144863805433e-01 4.736108306251100020e-01 1.300000000000000000e+01 1.270000000000000000e+02 3.000000000000000000e+00
3.229338943288317249e-02 1.143219626956954560e+00 1.000000000000000000e+00 1.590000000000000000e+02 3.000000000000000000e+00
6.601879855894181581e-01 1.738148575047127942e+00 2.000000000000000000e+00 9.600000000000000000e+01 3.000000000000000000e+00
1.006577784882053406e+00 1.801889463629365418e+00 1.000000000000000000e+00 8.100000000000000000e+01 3.000000000000000000e+00
7.867060880558598424e-01 8.557109754047177441e-01 1.300000000000000000e+01 7.900000000000000000e+01 3.000000000000000000e+00
1.585996836288784406e-01 1.797372460535326955e+00 6.000000000000000000e+00 1.250000000000000000e+02 3.000000000000000000e+00
2.141001725877732936e-02 8.055853256644337490e-01 1.100000000000000000e+01 1.900000000000000000e+01 3.000000000000000000e+00
8.955547511808183980e-01 6.178046840317915622e-01 1.400000000000000000e+01 9.600000000000000000e+01 3.000000000000000000e+00
1.263820929523670200e-01 1.324155019768409103e+00 8.000000000000000000e+00 1.700000000000000000e+01 3.000000000000000000e+00
1.918304485786727076e-01 1.773129105193840038e+00 1.900000000000000000e+01 1.690000000000000000e+02 3.000000000000000000e+00
7.785941091712310635e-01 2.009973410304203068e+00 1.000000000000000000e+00 1.800000000000000000e+01 3.000000000000000000e+00
6.677352297235449319e-01 7.032309739431940043e-01 2.000000000000000000e+01 4.800000000000000000e+01 3.000000000000000000e+00
6.931527919609510313e-01 1.311539370418659312e+00 1.700000000000000000e+01 9.000000000000000000e+00 3.000000000000000000e+00
8.523353864675995428e-01 2.185659395306242259e-01 1.200000000000000000e+01 9.300000000000000000e+01 3.000000000000000000e+00
6.431808852963369905e-01 7.391391874670926176e-01 7.000000000000000000e+00 5.600000000000000000e+01 3.000000000000000000e+00
6.669683575543312593e-01 1.644991141649789768e+00 1.500000000000000000e+01 8.500000000000000000e+01 3.000000000000000000e+00
7.408283887973579063e-01 1.617623673892536473e+00 4.000000000000000000e+00 1.860000000000000000e+02 3.000000000000000000e+00
2.376062033552066577e-01 1.010209473092760879e+00 1.000000000000000000e+00 7.200000000000000000e+01 3.000000000000000000e+00
8.157549466980189568e-01 1.010595179666735621e+00 1.700000000000000000e+01 1.410000000000000000e+02 3.000000000000000000e+00
3.870024990676167870e-02 1.398706263356354951e+00 4.000000000000000000e+00 3.200000000000000000e+01 3.000000000000000000e+00
8.176705606830192430e-01 6.908064105354460027e-01 1.200000000000000000e+01 6.500000000000000000e+01 3.000000000000000000e+00
3.672340261856842786e-02 1.857943315240817794e+00 1.300000000000000000e+01 1.100000000000000000e+02 3.000000000000000000e+00
4.302237242271221840e-01 1.273478562181148854e+00 1.700000000000000000e+01 1.590000000000000000e+02 3.000000000000000000e+00
1.541307848232905675e-01 1.038007094513117456e+00 1.400000000000000000e+01 9.700000000000000000e+01 3.000000000000000000e+00
2.970010330682292254e-01 1.722602118057995124e+00 1.800000000000000000e+01 4.400000000000000000e+01 3.000000000000000000e+00
9.213094510211847776e-01 1.055193249374089426e+00 7.000000000000000000e+00 1.600000000000000000e+01 3.000000000000000000e+00
8.750221320127824498e-01 2.023679803905791719e+00 1.400000000000000000e+01 6.700000000000000000e+01 3.000000000000000000e+00
6.597804914394953535e-01 1.682727638426082750e+00 1.000000000000000000e+01 1.300000000000000000e+02 3.000000000000000000e+00
6.807903501115781797e-01 1.564050362633004065e-01 1.400000000000000000e+01 1.240000000000000000e+02 3.000000000000000000e+00
6.742609437657662852e-01 8.962283311944753139e-01 9.000000000000000000e+00 3.600000000000000000e+01 3.000000000000000000e+00
3.274116653361064389e-01 2.502466158790971340e-01 4.000000000000000000e+00 1.040000000000000000e+02 4.000000000000000000e+00
3.692829175986327428e-01 2.076651573406271822e+00 1.500000000000000000e+01 9.200000000000000000e+01 4.000000000000000000e+00
7.080405343868730883e-01 1.876513688562402749e+00 1.000000000000000000e+01 1.580000000000000000e+02 4.000000000000000000e+00
1.289915546123353574e-01 1.833396531988090050e+00 3.000000000000000000e+00 5.000000000000000000e+00 4.000000000000000000e+00
3.322002539115270769e-01 8.911142916665392155e-01 6.000000000000000000e+00 1.130000000000000000e+02 4.000000000000000000e+00
8.267453850927044545e-01 7.606238147941682959e-01 1.000000000000000000e+01 1.710000000000000000e+02 4.000000000000000000e+00
7.235730132875660692e-01 2.710335272755582947e-01 1.700000000000000000e+01 1.310000000000000000e+02 4.000000000000000000e+00
8.160169688818418310e-01 1.045417297068395701e+00 1.500000000000000000e+01 4.300000000000000000e+01 4.000000000000000000e+00
4.471048673332979062e-01 1.364050765608722182e+00 3.000000000000000000e+00 7.000000000000000000e+00 4.000000000000000000e+00
6.741130340136414212e-01 1.010865862870470588e-01 7.000000000000000000e+00 3.900000000000000000e+01 4.000000000000000000e+00
9.759618077834725236e-01 8.921443999143782166e-01 1.300000000000000000e+01 7.100000000000000000e+01 4.000000000000000000e+00
7.365358702677373692e-01 4.837374277491016672e-01 1.600000000000000000e+01 1.200000000000000000e+01 4.000000000000000000e+00
2.546415324350989051e-01 6.400228657849164060e-01 1.000000000000000000e+01 7.300000000000000000e+01 4.000000000000000000e+00
2.374371055374598916e-01 4.363730393064438884e-01 4.000000000000000000e+00 1.670000000000000000e+02 4.000000000000000000e+00
9.256434474074425045e-02 4.833464340261027781e-01 9.000000000000000000e+00 1.980000000000000000e+02 4.000000000000000000e+00
1.990943962265986356e-01 1.684847551063985538e+00 8.000000000000000000e+00 1.000000000000000000e+01 4.000000000000000000e+00
6.205693599684753980e-01 1.980657042143933788e+00 2.000000000000000000e+01 1.220000000000000000e+02 4.000000000000000000e+00
3.719544011951780860e-01 1.565208853380163800e+00 1.500000000000000000e+01 1.570000000000000000e+02 4.000000000000000000e+00
8.662361680237884443e-01 2.972168382272314391e-01 1.300000000000000000e+01 1.610000000000000000e+02 4.000000000000000000e+00
4.808035093453484343e-01 8.986354466652669570e-01 1.200000000000000000e+01 1.490000000000000000e+02 4.000000000000000000e+00
2.206199988910435561e-01 2.028429144565135012e+00 1.900000000000000000e+01 4.400000000000000000e+01 4.000000000000000000e+00
2.582990112184475606e-01 1.143708662808382792e+00 2.000000000000000000e+01 1.560000000000000000e+02 4.000000000000000000e+00
2.122966812564800465e-01 7.345213845650792051e-01 3.000000000000000000e+00 9.500000000000000000e+01 4.000000000000000000e+00
8.438424392498540261e-01 8.882404172135839326e-01 5.000000000000000000e+00 1.620000000000000000e+02 4.000000000000000000e+00
5.028198408609614312e-01 5.034199896757128867e-01 1.800000000000000000e+01 8.400000000000000000e+01 4.000000000000000000e+00
8.975577593758120309e-02 7.615070951031738256e-01 2.000000000000000000e+00 1.900000000000000000e+02 4.000000000000000000e+00
7.641511818012911572e-01 3.594594448353681804e-01 9.000000000000000000e+00 1.580000000000000000e+02 4.000000000000000000e+00
9.401592480019211884e-01 1.562340069649037044e+00 1.000000000000000000e+00 7.800000000000000000e+01 4.000000000000000000e+00
6.696821227076397154e-01 1.127807630265091454e+00 1.100000000000000000e+01 1.040000000000000000e+02 4.000000000000000000e+00
4.972924230216840824e-01 1.583971378056646950e-01 1.900000000000000000e+01 1.120000000000000000e+02 4.000000000000000000e+00
3.130041351735015631e-01 5.789024685699112327e-01 2.000000000000000000e+00 1.010000000000000000e+02 4.000000000000000000e+00
7.645028498817714180e-01 1.684940156792132715e+00 4.000000000000000000e+00 3.200000000000000000e+01 4.000000000000000000e+00
2.856856254248828914e-02 1.879094935131827848e-01 1.000000000000000000e+01 1.810000000000000000e+02 4.000000000000000000e+00
2.097648612630752946e-02 1.063907947020046318e+00 9.000000000000000000e+00 1.690000000000000000e+02 4.000000000000000000e+00
4.792632779207368632e-01 1.750025126108564644e+00 1.800000000000000000e+01 4.400000000000000000e+01 4.000000000000000000e+00
3.294458970064910730e-01 6.103801817510104977e-01 6.000000000000000000e+00 6.000000000000000000e+01 4.000000000000000000e+00
7.779488257962063891e-01 8.654953644410591229e-01 1.000000000000000000e+01 1.900000000000000000e+01 4.000000000000000000e+00
6.423438029877385214e-01 1.306818889489137270e+00 1.600000000000000000e+01 8.900000000000000000e+01 4.000000000000000000e+00
1.403971027450787723e-01 1.955992326347586019e+00 1.200000000000000000e+01 1.500000000000000000e+02 4.000000000000000000e+00
5.941256504448132886e-02 1.027639826176335758e+00 6.000000000000000000e+00 5.700000000000000000e+01 4.000000000000000000e+00
2.276451120449546339e-01 6.982850006667230547e-01 1.600000000000000000e+01 2.300000000000000000e+01 4.000000000000000000e+00
6.397777342025183778e-01 3.060853070063381809e-01 1.900000000000000000e+01 9.700000000000000000e+01 4.000000000000000000e+00
5.657871466323086684e-01 1.338308686956396043e+00 1.700000000000000000e+01 1.150000000000000000e+02 4.000000000000000000e+00
3.913787348295888480e-01 1.590734923775090959e+00 6.000000000000000000e+00 1.310000000000000000e+02 4.000000000000000000e+00
4.266653511698296208e-01 1.787070750337673264e+00 9.000000000000000000e+00 1.200000000000000000e+02 4.000000000000000000e+00
7.593858427168097558e-01 7.462016965302636917e-01 2.000000000000000000e+00 9.500000000000000000e+01 4.000000000000000000e+00
5.366963461663768475e-01 4.410166822773634587e-01 1.300000000000000000e+01 1.870000000000000000e+02 4.000000000000000000e+00
1.005467990198709582e+00 2.746708830199579010e-01 5.000000000000000000e+00 1.290000000000000000e+02 4.000000000000000000e+00
9.964375906650755343e-01 1.050175947017329525e+00 6.000000000000000000e+00 4.000000000000000000e+01 4.000000000000000000e+00
1.472302947389122485e-01 3.757265576725935530e-01 5.000000000000000000e+00 1.220000000000000000e+02 4.000000000000000000e+00
