-1.026601508661159698e+02
-1.330043584144629278e+02
-1.251084578340952334e+02
-1.112203571488273042e+02
-1.324909946514546846e+02
-1.145642577087414082e+02
-1.330963682069306913e+02
-9.076816250796622398e+01
-9.213373065188686439e+01
-1.313400756399667557e+02
-1.292448214016338852e+02
-9.053228499547934405e+01
-8.982415478196247705e+01
-1.327689084882562440e+02
-9.428616710273347223e+01
-1.330961225005708570e+02
-1.065238215718209034e+02
-1.322306539830382235e+02
-9.588964152384853890e+01
-9.609688193916763055e+01
-1.016994132783219698e+02
-1.330942886471414681e+02
-1.231419229171835781e+02
-1.330617478676514054e+02
-1.273683402678769596e+02
-1.330968131593793373e+02
-1.330561303502555575e+02
-1.330967734838024796e+02
-1.074014260565834462e+02
-9.942993504111434788e+01
-9.517041108195222421e+01
-1.293611798106143738e+02
-1.021729666094834528e+02
-1.330708827675395014e+02
-1.002672636691109176e+02
-1.004718593476459745e+02
-9.145185885779183366e+01
-1.330957988802218779e+02
-1.090307605447015078e+02
-1.318028479683751470e+02
-1.328828923145669592e+02
-9.359844252485220295e+01
-1.028103183719168072e+02
-9.105371785489715819e+01
-1.121963223013402455e+02
-1.118855350717961983e+02
-9.618395851630002369e+01
-1.330963867607927966e+02
-1.324897076294862757e+02
-1.247386174478914143e+02
-8.765534138009289222e+01
-1.164130807186783017e+02
-1.259541429675506095e+02
-1.275295973997145893e+02
-1.205249624655241973e+02
-1.278400351530664949e+02
-9.384189122260677607e+01
-1.212868436252645665e+02
-8.886731520167690235e+01
-9.120125296888204502e+01
-1.278396341268854144e+02
-1.278400796422221504e+02
-1.263714561254636521e+02
-9.465940314751355800e+01
-1.148513552698083799e+02
-9.441110940670083096e+01
-9.741821011353047766e+01
-1.278171442566572296e+02
-1.270285660604666589e+02
-1.278400148526396691e+02
-1.278388332208023996e+02
-8.891899498588867345e+01
-1.134315934247184003e+02
-1.277733144126335390e+02
-1.157083367479527141e+02
-1.276819843279024269e+02
-9.771536173112960455e+01
-1.275948941605545173e+02
-1.278400399516683024e+02
-1.276796951970077316e+02
-9.028100259907402858e+01
-1.121319789410349870e+02
-1.278371897107942772e+02
-1.221263068843839932e+02
-1.116662375561556786e+02
-1.137689273105364265e+02
-1.278401134806710644e+02
-1.268792477119076381e+02
-8.842429090892203192e+01
-1.278400366847946259e+02
-9.723513657425444023e+01
-1.277346633223068011e+02
-1.276930055434341966e+02
-1.040922097787391607e+02
-1.277781036974206188e+02
-1.247581851240088042e+02
-1.278400192314666555e+02
-1.278400636823016328e+02
-1.278399201093189532e+02
-1.064718356702035322e+02
-1.233552755532955132e+02
-1.229558669284137409e+02
-1.235613194593897504e+02
-1.229875820614978892e+02
-1.233778829166770237e+02
-1.229683388305313798e+02
-1.140050882496349800e+02
-9.616512544067896329e+01
-1.235133949604225307e+02
-1.191051775301634734e+02
-1.235311789216988956e+02
-8.741591552110803320e+01
-8.848657297736374971e+01
-1.029618530591482681e+02
-1.204339780432907929e+02
-1.175176867311921569e+02
-1.118914268126920888e+02
-1.235609114815889598e+02
-1.206759072456414117e+02
-1.235615218062788614e+02
-8.842865597187254423e+01
-1.235610269847222185e+02
-1.233846373429136065e+02
-1.208793555819737975e+02
-1.235615351276788516e+02
-1.040994874168785600e+02
-1.233843727588251653e+02
-1.046297076161638984e+02
-8.695253177536862665e+01
-1.225029236042070693e+02
-9.004862421007076989e+01
-1.176463002021311439e+02
-9.186773521411669208e+01
-1.202533163293235248e+02
-1.061666638058982954e+02
-1.235615193637263189e+02
-1.149968790399447585e+02
-1.235615473712027352e+02
-8.631933079043241719e+01
-1.006460214729635112e+02
-1.206889308276720527e+02
-1.066238561303470220e+02
-1.184241020435003406e+02
-1.037742375016626113e+02
-1.235612459714103153e+02
-1.235175562320741278e+02
-1.189555310802923600e+02
-9.623254724910117375e+01
-1.230630027511165707e+02
-1.190467713189493111e+02
-1.239419099475379369e+02
-1.239422684110657684e+02
-8.687316808534220058e+01
-1.239413815018927494e+02
-1.236732683259149610e+02
-9.351730020698522594e+01
-1.236303576526979668e+02
-1.234560401359701132e+02
-1.232178294287815703e+02
-1.239419139107243808e+02
-8.783504272098103627e+01
-1.124588011618578207e+02
-1.239422863920781310e+02
-1.239414140606183850e+02
-8.570028593900764236e+01
-1.236875852590506355e+02
-8.755140594433269996e+01
-1.188328481511983057e+02
-1.236232448940961888e+02
-1.228088180507141516e+02
-1.239036336132137421e+02
-1.045904015527986815e+02
-8.849024051158170323e+01
-1.237527432788985209e+02
-9.108897027588578510e+01
-1.239246500089947034e+02
-1.239422673322115003e+02
-1.239422075131429750e+02
-1.239422667066114769e+02
-9.940301517047494428e+01
-8.845967425580802512e+01
-1.139660358745425270e+02
-8.844340814465408585e+01
-1.239422837291895405e+02
-8.865636774168198997e+01
-8.590955737835793116e+01
-1.111642848256365568e+02
-1.230258013394893766e+02
-1.239417673074893855e+02
-1.237403866187201089e+02
-1.060350925223356313e+02
-1.239422107746608930e+02
-1.237388044829758655e+02
-1.239421971637800937e+02
-1.151960464267685751e+02
-1.191586527986410857e+02
-1.073390084106924434e+02
-8.738450824696141694e+01
-1.239422074017197559e+02
-8.558973214947151575e+01
-9.335977612160021977e+01
-8.998775549150298048e+01
-9.904463972451264908e+01
-1.087775310315078201e+02
-1.250443361335244390e+02
-1.250366045044440710e+02
-1.251434925130831459e+02
-9.778068936944109169e+01
-1.251253374199058186e+02
-1.251348420689759564e+02
-9.842683612554111505e+01
-1.251421159869766484e+02
-9.035975196796108833e+01
-1.251414348453557750e+02
-1.248628725583591574e+02
-1.246075237182474638e+02
-1.250132910468753522e+02
-1.077355046213524616e+02
-1.251434379829527757e+02
-1.108191466879106599e+02
-9.960956047093418420e+01
-1.197675612795995619e+02
-9.562574986487337014e+01
-1.145844228563461797e+02
-8.722767351603388875e+01
-1.251433460463605059e+02
-1.224336488144450783e+02
-1.246069492106752961e+02
-1.245762064454120690e+02
-1.251366917003903296e+02
-9.669028941092608420e+01
-1.178388182519415182e+02
-1.235782334025106337e+02
-9.287291744192836518e+01
-1.251431346298198974e+02
-8.776247520640882271e+01
-8.827388048169468959e+01
-9.109731463881570335e+01
-8.671981460014131926e+01
-8.952677366195732134e+01
-1.250774649354563337e+02
-1.251433260202262403e+02
-1.251433514351574274e+02
-1.251423602132855706e+02
-1.064288161930304568e+02
-9.221033755791818010e+01
-1.250397110831320617e+02
-1.031229008377489293e+02
-1.248435931081049830e+02
-1.121189701289913216e+02
