3.850580701287044105e-01 1.447651813364727147e+00 4.000000000000000000e+00 1.600000000000000000e+02 0.000000000000000000e+00
8.396094372228889158e-02 3.159315187157841764e-01 1.200000000000000000e+01 5.900000000000000000e+01 0.000000000000000000e+00
1.576165229923148781e-01 1.817528162987461560e+00 6.000000000000000000e+00 6.700000000000000000e+01 0.000000000000000000e+00
1.004256797672505863e+00 1.669596482680652638e+00 1.600000000000000000e+01 1.850000000000000000e+02 0.000000000000000000e+00
1.791985423223503293e-01 2.608904478665118321e-01 1.600000000000000000e+01 7.500000000000000000e+01 0.000000000000000000e+00
9.729836384540847538e-01 4.375579826210834744e-01 1.500000000000000000e+01 1.550000000000000000e+02 0.000000000000000000e+00
8.843096958653187123e-01 8.966249148683888004e-01 1.600000000000000000e+01 2.000000000000000000e+01 0.000000000000000000e+00
8.074232167957069439e-01 1.826703547015272378e+00 1.000000000000000000e+00 1.200000000000000000e+01 0.000000000000000000e+00
2.860875921550386503e-01 1.529002033108631364e+00 1.900000000000000000e+01 9.200000000000000000e+01 0.000000000000000000e+00
8.026162762246723537e-01 1.441131387106576733e+00 8.000000000000000000e+00 8.600000000000000000e+01 0.000000000000000000e+00
4.222293776669603371e-01 1.998675387532365066e+00 1.500000000000000000e+01 9.100000000000000000e+01 0.000000000000000000e+00
1.971927234892379976e-01 1.724560125288967516e+00 1.900000000000000000e+01 5.600000000000000000e+01 0.000000000000000000e+00
6.364899437870030763e-01 1.157645262678650866e+00 1.000000000000000000e+01 1.850000000000000000e+02 0.000000000000000000e+00
2.634833659357513902e-01 1.450123141952505135e+00 1.700000000000000000e+01 1.600000000000000000e+02 0.000000000000000000e+00
6.543947720398668455e-01 1.380844226888267912e+00 2.000000000000000000e+00 4.400000000000000000e+01 0.000000000000000000e+00
8.172439472700386842e-01 8.757187077599452030e-01 9.000000000000000000e+00 1.420000000000000000e+02 0.000000000000000000e+00
6.812808596712878195e-01 8.861019787421658966e-01 9.000000000000000000e+00 1.650000000000000000e+02 0.000000000000000000e+00
4.285797544059652964e-01 1.077151425968313703e+00 9.000000000000000000e+00 1.300000000000000000e+02 0.000000000000000000e+00
8.910697631599594215e-02 1.643452984975113385e+00 1.200000000000000000e+01 9.800000000000000000e+01 0.000000000000000000e+00
6.034813463126578181e-01 2.397547689024827344e-01 1.600000000000000000e+01 9.000000000000000000e+01 0.000000000000000000e+00
7.542504511626884067e-01 1.417312382537706805e-01 1.100000000000000000e+01 9.400000000000000000e+01 0.000000000000000000e+00
5.096392563438173484e-01 1.109420476553964585e+00 7.000000000000000000e+00 1.830000000000000000e+02 0.000000000000000000e+00
9.416872153726811856e-01 1.999508309040398224e+00 1.300000000000000000e+01 3.100000000000000000e+01 0.000000000000000000e+00
5.634585859007722464e-01 5.674518894074959130e-01 6.000000000000000000e+00 1.000000000000000000e+01 0.000000000000000000e+00
2.423961824531573050e-01 1.912226658336942942e+00 1.000000000000000000e+00 5.600000000000000000e+01 0.000000000000000000e+00
8.068667379377418847e-01 6.127749881024678880e-01 5.000000000000000000e+00 9.900000000000000000e+01 0.000000000000000000e+00
5.125457129826828107e-01 1.438765187778551669e+00 1.700000000000000000e+01 5.000000000000000000e+00 0.000000000000000000e+00
1.848704812768420247e-01 1.243588190791415471e+00 1.200000000000000000e+01 6.100000000000000000e+01 0.000000000000000000e+00
1.827710405180472675e-01 1.609942020910034577e+00 1.600000000000000000e+01 1.440000000000000000e+02 0.000000000000000000e+00
6.366990575954561971e-01 1.015387262014050496e+00 9.000000000000000000e+00 7.100000000000000000e+01 0.000000000000000000e+00
1.235948666929766876e-01 2.297055620570992718e-01 1.000000000000000000e+01 7.600000000000000000e+01 0.000000000000000000e+00
4.085602696042961446e-01 1.165369896281071238e+00 1.200000000000000000e+01 1.350000000000000000e+02 0.000000000000000000e+00
2.517828882858890172e-01 9.223418178699281933e-01 1.700000000000000000e+01 2.700000000000000000e+01 0.000000000000000000e+00
8.246447941773757950e-01 8.168174201576497984e-01 3.000000000000000000e+00 1.950000000000000000e+02 0.000000000000000000e+00
5.160468243367422048e-01 8.420794600079114511e-01 1.800000000000000000e+01 1.730000000000000000e+02 0.000000000000000000e+00
1.837119028059442938e-01 1.127348966001962660e+00 4.000000000000000000e+00 3.700000000000000000e+01 0.000000000000000000e+00
1.084850481971478681e-01 5.337106162361989758e-01 4.000000000000000000e+00 9.800000000000000000e+01 0.000000000000000000e+00
8.763115380227772810e-01 1.588199427408856002e+00 1.000000000000000000e+01 9.800000000000000000e+01 0.000000000000000000e+00
8.324583445537280246e-01 7.037960801558568180e-01 3.000000000000000000e+00 5.000000000000000000e+01 0.000000000000000000e+00
4.691064427033799777e-01 2.174544128639385454e-01 1.000000000000000000e+00 9.100000000000000000e+01 0.000000000000000000e+00
6.681891988643052782e-01 1.679104646100212650e-01 1.000000000000000000e+00 1.670000000000000000e+02 0.000000000000000000e+00
3.292010889479017877e-01 5.551630656343505832e-01 1.600000000000000000e+01 1.400000000000000000e+02 0.000000000000000000e+00
8.896780082603885642e-01 1.481450828422828048e+00 1.100000000000000000e+01 1.970000000000000000e+02 0.000000000000000000e+00
8.100858244104965911e-01 4.312741793265709722e-01 6.000000000000000000e+00 1.740000000000000000e+02 0.000000000000000000e+00
3.665544318669130552e-01 8.847615500439941494e-01 1.200000000000000000e+01 1.410000000000000000e+02 0.000000000000000000e+00
4.917067294330061955e-01 1.027100241659134827e+00 1.700000000000000000e+01 1.300000000000000000e+01 0.000000000000000000e+00
2.302870349864605259e-01 4.232305939180082133e-01 1.400000000000000000e+01 1.710000000000000000e+02 0.000000000000000000e+00
8.503123953448602501e-01 1.758348192922638553e+00 2.000000000000000000e+00 1.870000000000000000e+02 0.000000000000000000e+00
4.117364744102756102e-01 1.696210918011976876e+00 4.000000000000000000e+00 1.610000000000000000e+02 0.000000000000000000e+00
1.807410344549280623e-01 1.009360539787727662e+00 1.000000000000000000e+01 7.800000000000000000e+01 0.000000000000000000e+00
8.949802585709603076e-01 6.734472504424079409e-01 2.000000000000000000e+00 3.600000000000000000e+01 1.000000000000000000e+00
8.568206571244412206e-01 3.069775491866703065e-01 1.900000000000000000e+01 6.900000000000000000e+01 1.000000000000000000e+00
5.075142217667821809e-01 1.321717284974463169e+00 1.000000000000000000e+00 1.650000000000000000e+02 1.000000000000000000e+00
6.429703456182730426e-01 5.700139619019445325e-01 1.900000000000000000e+01 1.890000000000000000e+02 1.000000000000000000e+00
3.649642983668760499e-01 1.013424045633440684e+00 1.300000000000000000e+01 1.510000000000000000e+02 1.000000000000000000e+00
4.910089889350101044e-01 1.522488537399435460e+00 4.000000000000000000e+00 1.850000000000000000e+02 1.000000000000000000e+00
6.439264444811628740e-01 2.892300473605312616e-01 7.000000000000000000e+00 6.700000000000000000e+01 1.000000000000000000e+00
5.882880650323656369e-01 1.759118232625926925e+00 1.000000000000000000e+00 1.940000000000000000e+02 1.000000000000000000e+00
2.327666030052909507e-01 1.206883031105100645e+00 1.600000000000000000e+01 1.770000000000000000e+02 1.000000000000000000e+00
1.421913055386628821e-01 1.924266997904352960e+00 4.000000000000000000e+00 1.070000000000000000e+02 1.000000000000000000e+00
8.503632024543794632e-01 6.192606204234333278e-01 7.000000000000000000e+00 7.700000000000000000e+01 1.000000000000000000e+00
4.953953912041086927e-01 1.029728359139842953e+00 6.000000000000000000e+00 1.110000000000000000e+02 1.000000000000000000e+00
1.438556688605556744e-01 1.290272611297168748e+00 1.800000000000000000e+01 1.610000000000000000e+02 1.000000000000000000e+00
4.754082172095653869e-01 7.161153795963702828e-01 1.800000000000000000e+01 1.080000000000000000e+02 1.000000000000000000e+00
8.273284036286084886e-01 1.627837804626174334e+00 5.000000000000000000e+00 1.780000000000000000e+02 1.000000000000000000e+00
5.259374287838736173e-01 1.592161318846018470e-01 4.000000000000000000e+00 1.260000000000000000e+02 1.000000000000000000e+00
7.855014120521429388e-02 1.255892705630463624e+00 1.100000000000000000e+01 4.500000000000000000e+01 1.000000000000000000e+00
2.704458334975876621e-01 6.429741273249839351e-01 9.000000000000000000e+00 1.160000000000000000e+02 1.000000000000000000e+00
3.502082848624140654e-01 1.637139900589567043e+00 2.000000000000000000e+01 7.900000000000000000e+01 1.000000000000000000e+00
9.275046633335377599e-01 7.882031478194900798e-01 1.500000000000000000e+01 1.180000000000000000e+02 1.000000000000000000e+00
6.119536781594239194e-01 9.853958102142469366e-01 1.700000000000000000e+01 1.790000000000000000e+02 1.000000000000000000e+00
9.317792351089817515e-01 1.982676917274867057e+00 1.700000000000000000e+01 3.500000000000000000e+01 1.000000000000000000e+00
8.062643551755241944e-01 1.111785656276751411e+00 1.100000000000000000e+01 1.400000000000000000e+01 1.000000000000000000e+00
3.347266185768690283e-01 1.362737908479589644e+00 2.000000000000000000e+00 1.230000000000000000e+02 1.000000000000000000e+00
4.679909563742462586e-01 1.717187828355387413e+00 1.900000000000000000e+01 2.000000000000000000e+01 1.000000000000000000e+00
6.414129284281720744e-02 5.147590835707654966e-01 2.000000000000000000e+01 1.500000000000000000e+01 1.000000000000000000e+00
8.145399175965190031e-01 1.201084346700289185e+00 1.900000000000000000e+01 2.700000000000000000e+01 1.000000000000000000e+00
7.442375451543945530e-01 4.441420488523820653e-01 1.400000000000000000e+01 1.990000000000000000e+02 1.000000000000000000e+00
6.651147747387139431e-01 9.960417650534251210e-01 7.000000000000000000e+00 3.500000000000000000e+01 1.000000000000000000e+00
7.074138482191262289e-01 1.891160991961381710e-01 1.000000000000000000e+00 1.640000000000000000e+02 1.000000000000000000e+00
7.824731064770912292e-01 3.162664591473268727e-01 1.000000000000000000e+00 1.140000000000000000e+02 1.000000000000000000e+00
6.220599031144879998e-01 1.914861557624343069e+00 2.000000000000000000e+01 1.830000000000000000e+02 1.000000000000000000e+00
7.736262578515752386e-01 1.703901544469814899e+00 1.000000000000000000e+01 9.500000000000000000e+01 1.000000000000000000e+00
6.176743647142877158e-01 1.070485844574947221e+00 3.000000000000000000e+00 3.600000000000000000e+01 1.000000000000000000e+00
8.961658450903945416e-01 3.073129497360519435e-01 1.900000000000000000e+01 7.800000000000000000e+01 1.000000000000000000e+00
5.573250854808914356e-01 1.600981428268092754e+00 1.800000000000000000e+01 6.800000000000000000e+01 1.000000000000000000e+00
2.554016990184374558e-01 8.778746693393494338e-01 1.700000000000000000e+01 7.400000000000000000e+01 1.000000000000000000e+00
3.355880911432650854e-02 8.352765225581074704e-01 1.300000000000000000e+01 1.470000000000000000e+02 1.000000000000000000e+00
4.633838125135313762e-02 1.747063838345366049e+00 1.000000000000000000e+00 1.710000000000000000e+02 1.000000000000000000e+00
3.311349487027347438e-01 6.587432881898914738e-01 1.000000000000000000e+01 1.760000000000000000e+02 1.000000000000000000e+00
6.574321324064307248e-01 1.168622356313152144e+00 8.000000000000000000e+00 1.790000000000000000e+02 1.000000000000000000e+00
5.972940978027733161e-01 1.067645842127590561e-01 1.200000000000000000e+01 4.300000000000000000e+01 1.000000000000000000e+00
9.768614195678317902e-01 8.380224593261548227e-01 6.000000000000000000e+00 1.670000000000000000e+02 1.000000000000000000e+00
8.224645749588203048e-01 9.282055712300588679e-01 1.400000000000000000e+01 2.000000000000000000e+02 1.000000000000000000e+00
5.886826033407498437e-01 1.419160650044834215e-01 6.000000000000000000e+00 8.800000000000000000e+01 1.000000000000000000e+00
8.084463530959831168e-01 2.950922661180562789e-01 8.000000000000000000e+00 6.500000000000000000e+01 1.000000000000000000e+00
7.623895676253165110e-01 1.992421520089743547e-01 7.000000000000000000e+00 5.500000000000000000e+01 1.000000000000000000e+00
5.503860234700363313e-02 1.756901860978550056e+00 7.000000000000000000e+00 1.240000000000000000e+02 1.000000000000000000e+00
7.433980724204053425e-01 1.071842080686856047e+00 3.000000000000000000e+00 1.750000000000000000e+02 1.000000000000000000e+00
1.885386201974700304e-01 1.587249799352924873e+00 1.200000000000000000e+01 1.550000000000000000e+02 1.000000000000000000e+00
9.164329004471112317e-01 1.487971026177070222e+00 9.000000000000000000e+00 9.000000000000000000e+01 2.000000000000000000e+00
5.014530553117895195e-01 2.877485926229480517e-01 4.000000000000000000e+00 1.270000000000000000e+02 2.000000000000000000e+00
5.151060472001459667e-01 4.638048858133424490e-01 1.100000000000000000e+01 5.100000000000000000e+01 2.000000000000000000e+00
2.798411187331006911e-01 1.561618840576766587e+00 1.900000000000000000e+01 5.900000000000000000e+01 2.000000000000000000e+00
1.537421866487670430e-01 1.049534624654390624e+00 1.900000000000000000e+01 1.600000000000000000e+02 2.000000000000000000e+00
6.988922093226271892e-01 1.490575936418481628e+00 2.000000000000000000e+00 2.900000000000000000e+01 2.000000000000000000e+00
2.511366375707269061e-01 1.188947567747984380e+00 1.000000000000000000e+00 2.000000000000000000e+00 2.000000000000000000e+00
9.407719165568204645e-01 2.705552292388165858e-01 5.000000000000000000e+00 1.500000000000000000e+01 2.000000000000000000e+00
8.804421046311127208e-01 1.198714758215881082e-01 1.300000000000000000e+01 6.300000000000000000e+01 2.000000000000000000e+00
8.491459471094978673e-01 2.070431061017389940e+00 1.000000000000000000e+01 1.980000000000000000e+02 2.000000000000000000e+00
5.720890142908352516e-01 1.384485987067305190e+00 1.600000000000000000e+01 2.300000000000000000e+01 2.000000000000000000e+00
9.985021576949550948e-01 4.266378003724610180e-01 2.000000000000000000e+00 3.100000000000000000e+01 2.000000000000000000e+00
1.377688058002927152e-01 1.192430939078609864e+00 1.700000000000000000e+01 6.000000000000000000e+00 2.000000000000000000e+00
6.719140703005431758e-01 2.615516993440204496e-01 3.000000000000000000e+00 3.000000000000000000e+01 2.000000000000000000e+00
1.773525358235056304e-01 1.144357776787485514e+00 2.000000000000000000e+00 9.400000000000000000e+01 2.000000000000000000e+00
1.568337873781820990e-01 1.768928264713791165e+00 1.300000000000000000e+01 8.200000000000000000e+01 2.000000000000000000e+00
4.569224792073557362e-01 9.901577468777457147e-01 6.000000000000000000e+00 9.600000000000000000e+01 2.000000000000000000e+00
8.011211650872674950e-01 1.381607761488800712e+00 5.000000000000000000e+00 4.100000000000000000e+01 2.000000000000000000e+00
9.986479831431162024e-01 1.886501814347312012e+00 1.800000000000000000e+01 1.000000000000000000e+00 2.000000000000000000e+00
7.887357840523070429e-01 1.718822886239325332e+00 2.000000000000000000e+01 1.850000000000000000e+02 2.000000000000000000e+00
1.024695726693152092e-01 1.675932038396090062e+00 1.300000000000000000e+01 1.980000000000000000e+02 2.000000000000000000e+00
1.437563903546922560e-02 6.756658329163166554e-01 5.000000000000000000e+00 3.000000000000000000e+01 2.000000000000000000e+00
6.007152782031731642e-01 4.077447377755626379e-01 1.400000000000000000e+01 1.260000000000000000e+02 2.000000000000000000e+00
7.016758600043181415e-01 1.764118658550218655e+00 7.000000000000000000e+00 6.200000000000000000e+01 2.000000000000000000e+00
3.273724145851634182e-01 1.020933460736923148e+00 1.000000000000000000e+00 4.400000000000000000e+01 2.000000000000000000e+00
2.133758409672271705e-01 4.613153768967822588e-01 6.000000000000000000e+00 9.000000000000000000e+01 2.000000000000000000e+00
9.379698411415933190e-01 1.769486061927118437e+00 1.600000000000000000e+01 1.760000000000000000e+02 2.000000000000000000e+00
7.825597186262626126e-01 3.890731082011845698e-01 8.000000000000000000e+00 2.400000000000000000e+01 2.000000000000000000e+00
4.311227524368295150e-01 2.014008678710185407e+00 1.600000000000000000e+01 1.700000000000000000e+01 2.000000000000000000e+00
3.896726073991995110e-01 1.823918683246541494e+00 1.600000000000000000e+01 1.370000000000000000e+02 2.000000000000000000e+00
2.574170763611197676e-01 1.359506364896337693e+00 4.000000000000000000e+00 1.080000000000000000e+02 2.000000000000000000e+00
2.856516190113507214e-01 9.764595738546094639e-01 2.000000000000000000e+01 2.500000000000000000e+01 2.000000000000000000e+00
4.211271268389487066e-01 6.288183824400502830e-01 1.400000000000000000e+01 8.900000000000000000e+01 2.000000000000000000e+00
3.141487749065076107e-01 6.319946253102751710e-01 1.000000000000000000e+01 7.500000000000000000e+01 2.000000000000000000e+00
9.429043849486927475e-02 2.041444269584101523e+00 1.300000000000000000e+01 1.220000000000000000e+02 2.000000000000000000e+00
6.640139907004768416e-01 8.084183247744599621e-01 1.600000000000000000e+01 2.700000000000000000e+01 2.000000000000000000e+00
3.557379378400202796e-01 1.598129030341408408e+00 1.400000000000000000e+01 3.600000000000000000e+01 2.000000000000000000e+00
9.804747334621060073e-01 5.037027135867492289e-01 3.000000000000000000e+00 1.950000000000000000e+02 2.000000000000000000e+00
1.465867867698780191e-01 9.075905927280184526e-01 9.000000000000000000e+00 7.500000000000000000e+01 2.000000000000000000e+00
2.846753098464315651e-02 1.208535523066815109e+00 3.000000000000000000e+00 1.430000000000000000e+02 2.000000000000000000e+00
3.196319623332235516e-01 1.732139814637836395e+00 2.000000000000000000e+01 2.400000000000000000e+01 2.000000000000000000e+00
5.882727326111428789e-01 1.237219546857505570e+00 1.800000000000000000e+01 6.900000000000000000e+01 2.000000000000000000e+00
8.319387627841950961e-01 2.907658529221167631e-01 1.800000000000000000e+01 1.530000000000000000e+02 2.000000000000000000e+00
9.934018742824358705e-01 1.458077097295276792e+00 6.000000000000000000e+00 1.110000000000000000e+02 2.000000000000000000e+00
2.656062611474176993e-01 4.382938213871424571e-01 1.600000000000000000e+01 1.310000000000000000e+02 2.000000000000000000e+00
3.565643552775010772e-01 1.778156120606035895e+00 1.500000000000000000e+01 1.500000000000000000e+01 2.000000000000000000e+00
8.979909638901016899e-01 4.156321579766401042e-01 1.300000000000000000e+01 1.140000000000000000e+02 2.000000000000000000e+00
6.730044200157307976e-01 2.056751958708041172e+00 6.000000000000000000e+00 1.270000000000000000e+02 2.000000000000000000e+00
2.891015643221652720e-01 5.040627222923274031e-01 7.000000000000000000e+00 1.970000000000000000e+02 2.000000000000000000e+00
1.398758091186176333e-01 1.115217567376068031e+00 1.500000000000000000e+01 1.050000000000000000e+02 2.000000000000000000e+00
8.188124877813797164e-01 1.820844291549759131e+00 3.000000000000000000e+00 9.000000000000000000e+01 3.000000000000000000e+00
2.329198870190036796e-01 1.027253997115028072e+00 2.000000000000000000e+00 6.300000000000000000e+01 3.000000000000000000e+00
4.247668600862655186e-01 1.960120967827493621e-01 1.100000000000000000e+01 2.100000000000000000e+01 3.000000000000000000e+00
6.451061511429798667e-01 1.469293696887427059e+00 1.200000000000000000e+01 5.800000000000000000e+01 3.000000000000000000e+00
7.050192483091141105e-01 1.296822834061725382e+00 4.000000000000000000e+00 1.880000000000000000e+02 3.000000000000000000e+00
9.086259653492767541e-01 6.064738508236712233e-01 1.100000000000000000e+01 1.200000000000000000e+01 3.000000000000000000e+00
3.981799015587538654e-02 1.144274232523620594e+00 4.000000000000000000e+00 2.500000000000000000e+01 3.000000000000000000e+00
9.221556228891568674e-01 8.196608024201746945e-01 1.800000000000000000e+01 1.770000000000000000e+02 3.000000000000000000e+00
3.272467249790762533e-01 6.472919695482074465e-01 1.700000000000000000e+01 8.800000000000000000e+01 3.000000000000000000e+00
5.003846428611447017e-01 6.912601267563821539e-01 5.000000000000000000e+00 3.200000000000000000e+01 3.000000000000000000e+00
1.528656948167792518e-01 4.304160118600716123e-01 1.700000000000000000e+01 6.900000000000000000e+01 3.000000000000000000e+00
8.684960458775509151e-01 3.587218095057406186e-01 1.700000000000000000e+01 1.550000000000000000e+02 3.000000000000000000e+00
3.438758697698235389e-01 7.815839279811594986e-01 1.400000000000000000e+01 1.900000000000000000e+01 3.000000000000000000e+00
1.209374448226651320e-02 1.662408325512451324e+00 1.000000000000000000e+00 1.760000000000000000e+02 3.000000000000000000e+00
1.596546202056545738e-01 3.199188939949099142e-01 1.700000000000000000e+01 2.900000000000000000e+01 3.000000000000000000e+00
8.486302154954432631e-01 9.632659156680990487e-01 2.000000000000000000e+00 1.140000000000000000e+02 3.000000000000000000e+00
3.742163168350771674e-01 8.974596176778172341e-01 1.600000000000000000e+01 6.800000000000000000e+01 3.000000000000000000e+00
5.017839681516270689e-01 1.353282712923975728e+00 1.000000000000000000e+00 4.200000000000000000e+01 3.000000000000000000e+00
6.437875246685953456e-01 1.230456069751798553e+00 1.400000000000000000e+01 1.290000000000000000e+02 3.000000000000000000e+00
8.847712073201562388e-01 1.904925371652165467e+00 1.000000000000000000e+00 1.910000000000000000e+02 3.000000000000000000e+00
1.008608760967712792e+00 1.651059189317626519e+00 1.500000000000000000e+01 9.100000000000000000e+01 3.000000000000000000e+00
5.174688445121418123e-01 6.698558992667412726e-01 6.000000000000000000e+00 1.880000000000000000e+02 3.000000000000000000e+00
3.051583374353045164e-01 1.857090236787747761e+00 1.000000000000000000e+00 5.200000000000000000e+01 3.000000000000000000e+00
3.966069038466123464e-01 5.587346574757142692e-01 1.800000000000000000e+01 1.900000000000000000e+02 3.000000000000000000e+00
7.626874137080081884e-01 1.194923192862946237e+00 6.000000000000000000e+00 1.240000000000000000e+02 3.000000000000000000e+00
6.518788836567986911e-01 1.748993544282628987e+00 9.000000000000000000e+00 1.130000000000000000e+02 3.000000000000000000e+00
2.144790922726032001e-01 1.743743200538038440e+00 1.500000000000000000e+01 5.800000000000000000e+01 3.000000000000000000e+00
1.005337123550976264e+00 7.717889868499682171e-01 1.500000000000000000e+01 1.000000000000000000e+00 3.000000000000000000e+00
9.061822449686119940e-01 1.816374798356579223e+00 1.300000000000000000e+01 1.350000000000000000e+02 3.000000000000000000e+00
5.881492181078614712e-01 1.422601827761143189e+00 1.500000000000000000e+01 1.830000000000000000e+02 3.000000000000000000e+00
1.071332861416828507e-02 2.314495203483339092e-01 1.000000000000000000e+01 1.790000000000000000e+02 3.000000000000000000e+00
5.035183159574640327e-02 2.582850491746261357e-01 2.000000000000000000e+00 1.640000000000000000e+02 3.000000000000000000e+00
7.791676913097774770e-01 1.366333730994410356e+00 1.300000000000000000e+01 7.300000000000000000e+01 3.000000000000000000e+00
4.710232035892544245e-01 1.317723546650827915e+00 2.000000000000000000e+00 8.900000000000000000e+01 3.000000000000000000e+00
6.745272767965697636e-01 5.944992608351845620e-01 1.400000000000000000e+01 7.200000000000000000e+01 3.000000000000000000e+00
6.098071795570232378e-01 9.251733510929537330e-01 1.500000000000000000e+01 1.660000000000000000e+02 3.000000000000000000e+00
8.844415232407538685e-01 1.858368559901683481e+00 1.600000000000000000e+01 2.800000000000000000e+01 3.000000000000000000e+00
9.589104017728411478e-01 1.142797960810197466e+00 2.000000000000000000e+00 9.800000000000000000e+01 3.000000000000000000e+00
5.299162857683925587e-01 2.634089349788019119e-01 1.200000000000000000e+01 3.300000000000000000e+01 3.000000000000000000e+00
4.875725926908710539e-01 5.601303374943890079e-01 1.600000000000000000e+01 5.200000000000000000e+01 3.000000000000000000e+00
1.809860441239359297e-01 1.662417132268308118e+00 1.900000000000000000e+01 1.800000000000000000e+02 3.000000000000000000e+00
9.172371497852270517e-02 1.756066873492060143e+00 1.300000000000000000e+01 8.700000000000000000e+01 3.000000000000000000e+00
2.150989727111882743e-01 4.235447814215714812e-01 8.000000000000000000e+00 1.280000000000000000e+02 3.000000000000000000e+00
8.830848537128673792e-01 7.071732812693357628e-01 1.800000000000000000e+01 7.000000000000000000e+00 3.000000000000000000e+00
2.622605008555842776e-01 1.000233897346735512e+00 5.000000000000000000e+00 4.700000000000000000e+01 3.000000000000000000e+00
1.664486806102296601e-01 1.467051545344389529e+00 8.000000000000000000e+00 3.700000000000000000e+01 3.000000000000000000e+00
3.000659651989994181e-01 3.912334602229133873e-01 1.600000000000000000e+01 1.310000000000000000e+02 3.000000000000000000e+00
8.714807051093643731e-01 1.410857778198316703e+00 1.400000000000000000e+01 7.400000000000000000e+01 3.000000000000000000e+00
3.717716719060660813e-01 5.689162970600568636e-01 2.000000000000000000e+01 1.590000000000000000e+02 3.000000000000000000e+00
9.499016882442605780e-01 1.037733956028639382e+00 1.700000000000000000e+01 4.100000000000000000e+01 3.000000000000000000e+00
8.878488456119380812e-02 3.790910231871088554e-01 6.000000000000000000e+00 7.000000000000000000e+00 4.000000000000000000e+00
2.013941818222504399e-01 5.438904485274357326e-01 1.700000000000000000e+01 3.300000000000000000e+01 4.000000000000000000e+00
7.372949214221684588e-01 1.638436336310619801e+00 1.300000000000000000e+01 1.100000000000000000e+01 4.000000000000000000e+00
8.574160876731476977e-01 2.092045301715368844e+00 1.400000000000000000e+01 1.300000000000000000e+01 4.000000000000000000e+00
4.345214993358667011e-01 1.329138811783576291e+00 1.900000000000000000e+01 1.380000000000000000e+02 4.000000000000000000e+00
9.988335520060266370e-01 1.293625270179247444e+00 1.900000000000000000e+01 3.900000000000000000e+01 4.000000000000000000e+00
5.456556682786557477e-01 1.929982592428309385e+00 1.100000000000000000e+01 8.700000000000000000e+01 4.000000000000000000e+00
4.628524901408769682e-02 1.711484305931497030e+00 1.900000000000000000e+01 1.940000000000000000e+02 4.000000000000000000e+00
8.201735795075629776e-01 1.092624469643672880e+00 1.200000000000000000e+01 8.400000000000000000e+01 4.000000000000000000e+00
3.972251431797402255e-01 3.017746868844300989e-01 1.600000000000000000e+01 1.400000000000000000e+02 4.000000000000000000e+00
3.644717908865675593e-01 2.426948421999196859e-01 1.900000000000000000e+01 2.800000000000000000e+01 4.000000000000000000e+00
4.219911534278166787e-01 4.869896064218622866e-01 1.700000000000000000e+01 1.090000000000000000e+02 4.000000000000000000e+00
8.451999309688401629e-01 6.757370167818127493e-01 1.600000000000000000e+01 1.110000000000000000e+02 4.000000000000000000e+00
5.687795579695582582e-01 1.207586188491529988e+00 7.000000000000000000e+00 1.120000000000000000e+02 4.000000000000000000e+00
7.723457634543827721e-01 1.531830105027227384e+00 7.000000000000000000e+00 9.200000000000000000e+01 4.000000000000000000e+00
4.597433893151748885e-01 2.032516842819168001e+00 3.000000000000000000e+00 1.190000000000000000e+02 4.000000000000000000e+00
3.826866535378529166e-01 6.876353284317212600e-01 1.200000000000000000e+01 1.650000000000000000e+02 4.000000000000000000e+00
7.968118464189993810e-01 3.235240742912030010e-01 9.000000000000000000e+00 2.900000000000000000e+01 4.000000000000000000e+00
5.047751457088535121e-01 1.821443244921742421e-01 1.000000000000000000e+00 1.080000000000000000e+02 4.000000000000000000e+00
1.614341423761751493e-01 1.573226993278935781e+00 8.000000000000000000e+00 8.200000000000000000e+01 4.000000000000000000e+00
2.945280508285095245e-01 9.882363155674328548e-01 1.900000000000000000e+01 1.460000000000000000e+02 4.000000000000000000e+00
5.862032409984376802e-01 1.442431757421064775e+00 1.300000000000000000e+01 1.480000000000000000e+02 4.000000000000000000e+00
8.484082070427276800e-01 1.186083748649072067e+00 1.700000000000000000e+01 6.400000000000000000e+01 4.000000000000000000e+00
5.919901394214550638e-01 1.159221650842285900e+00 1.600000000000000000e+01 4.500000000000000000e+01 4.000000000000000000e+00
4.310631847550685514e-01 1.920494731576827707e+00 1.000000000000000000e+01 1.510000000000000000e+02 4.000000000000000000e+00
5.159534718282361432e-01 5.786629213529360660e-01 1.200000000000000000e+01 1.040000000000000000e+02 4.000000000000000000e+00
7.670157459427130453e-01 1.666971077469473927e+00 2.000000000000000000e+00 1.260000000000000000e+02 4.000000000000000000e+00
6.397616999839899066e-01 2.049889643428416175e+00 1.000000000000000000e+01 1.670000000000000000e+02 4.000000000000000000e+00
7.428395141001403745e-01 1.171081485486694884e+00 1.700000000000000000e+01 1.810000000000000000e+02 4.000000000000000000e+00
8.121379135727412046e-02 2.076021151467458470e+00 1.800000000000000000e+01 1.030000000000000000e+02 4.000000000000000000e+00
6.470183289897418755e-01 1.885297480342142951e+00 2.000000000000000000e+00 9.900000000000000000e+01 4.000000000000000000e+00
7.308097410929409454e-01 1.996875174864346070e+00 1.700000000000000000e+01 2.000000000000000000e+02 4.000000000000000000e+00
6.376475871939408790e-01 1.935353557780690847e+00 1.400000000000000000e+01 1.650000000000000000e+02 4.000000000000000000e+00
9.200706647007859951e-02 1.879248064533528995e+00 1.800000000000000000e+01 9.800000000000000000e+01 4.000000000000000000e+00
5.630405882919742311e-01 8.850724205846051129e-01 2.000000000000000000e+01 1.480000000000000000e+02 4.000000000000000000e+00
2.056301938597425716e-01 2.043055629631173320e-01 1.400000000000000000e+01 1.950000000000000000e+02 4.000000000000000000e+00
9.120293657851731295e-01 1.724220857091458559e+00 5.000000000000000000e+00 6.700000000000000000e+01 4.000000000000000000e+00
5.603597918477919437e-01 1.205362366534552310e+00 2.000000000000000000e+01 1.480000000000000000e+02 4.000000000000000000e+00
9.929774175192263019e-01 3.740288883043408896e-01 1.000000000000000000e+00 1.460000000000000000e+02 4.000000000000000000e+00
5.956509026821720232e-01 8.520940321457685096e-01 1.200000000000000000e+01 1.080000000000000000e+02 4.000000000000000000e+00
3.726784038194929510e-02 1.016319899643221669e+00 8.000000000000000000e+00 1.370000000000000000e+02 4.000000000000000000e+00
9.167600723393251050e-01 8.450097653433238376e-01 1.500000000000000000e+01 2.300000000000000000e+01 4.000000000000000000e+00
7.584528937598792320e-01 9.022499803347648895e-01 1.300000000000000000e+01 7.400000000000000000e+01 4.000000000000000000e+00
7.911071171495862586e-01 5.083230396483185975e-01 1.000000000000000000e+00 7.700000000000000000e+01 4.000000000000000000e+00
5.232932970782612214e-01 1.404030721401686721e+00 1.500000000000000000e+01 1.900000000000000000e+02 4.000000000000000000e+00
1.188451698299488463e-01 1.550068099872320415e+00 1.600000000000000000e+01 9.700000000000000000e+01 4.000000000000000000e+00
8.495880078657099821e-01 1.498723537846710974e+00 1.300000000000000000e+01 4.600000000000000000e+01 4.000000000000000000e+00
4.464163257402918861e-01 2.093500108985759223e+00 1.400000000000000000e+01 1.910000000000000000e+02 4.000000000000000000e+00
2.997433379436014178e-01 9.750994063488024333e-01 8.000000000000000000e+00 1.790000000000000000e+02 4.000000000000000000e+00
1.122176256468416650e-01 2.074306748751185481e+00 1.100000000000000000e+01 1.980000000000000000e+02 4.000000000000000000e+00
