9.576322568516703049e-01 5.530948422634459627e-01 1.700000000000000000e+01 1.580000000000000000e+02 0.000000000000000000e+00
6.044201443911325633e-01 9.566173698593894992e-01 3.000000000000000000e+00 1.190000000000000000e+02 0.000000000000000000e+00
7.741406865538700277e-01 1.057211833618855457e-01 1.800000000000000000e+01 4.100000000000000000e+01 0.000000000000000000e+00
3.674236812873616920e-01 1.919389771327816963e+00 1.300000000000000000e+01 1.300000000000000000e+01 0.000000000000000000e+00
4.660809854582528278e-01 2.063605418316657225e+00 1.600000000000000000e+01 5.300000000000000000e+01 0.000000000000000000e+00
8.773569904602182001e-01 2.072055022804186741e+00 1.700000000000000000e+01 2.300000000000000000e+01 0.000000000000000000e+00
9.332667066664217526e-01 7.073866279232560172e-01 1.700000000000000000e+01 7.900000000000000000e+01 0.000000000000000000e+00
8.561034903175555044e-01 3.424439368727886235e-01 6.000000000000000000e+00 1.600000000000000000e+02 0.000000000000000000e+00
7.955762854948301710e-01 6.010101095420045114e-01 3.000000000000000000e+00 5.800000000000000000e+01 0.000000000000000000e+00
1.060297101538792836e-01 1.986982073999064902e+00 4.000000000000000000e+00 7.800000000000000000e+01 0.000000000000000000e+00
8.360501471973273979e-01 1.136650267491036814e+00 6.000000000000000000e+00 1.490000000000000000e+02 0.000000000000000000e+00
8.835004197982063712e-01 1.256751380210734181e+00 7.000000000000000000e+00 5.000000000000000000e+00 0.000000000000000000e+00
4.600845042447375688e-01 1.460313959174906806e+00 7.000000000000000000e+00 1.560000000000000000e+02 0.000000000000000000e+00
4.294256213164552305e-01 1.380786928822387516e+00 2.000000000000000000e+00 1.820000000000000000e+02 0.000000000000000000e+00
6.186562919238265401e-01 3.108682145643751893e-01 1.800000000000000000e+01 1.700000000000000000e+02 0.000000000000000000e+00
9.760445890360304189e-01 1.617400825370935769e+00 6.000000000000000000e+00 1.390000000000000000e+02 0.000000000000000000e+00
6.896418342262323753e-01 7.586962076210824746e-01 8.000000000000000000e+00 5.500000000000000000e+01 0.000000000000000000e+00
3.645488308847654596e-02 1.707320772091547756e+00 1.200000000000000000e+01 1.540000000000000000e+02 0.000000000000000000e+00
9.828291896986700582e-01 6.658762295802730380e-01 5.000000000000000000e+00 1.290000000000000000e+02 0.000000000000000000e+00
6.590746729811183258e-01 6.311501995076717053e-01 1.000000000000000000e+01 5.700000000000000000e+01 0.000000000000000000e+00
1.976891419922878201e-01 9.380957469647218661e-01 1.100000000000000000e+01 5.700000000000000000e+01 0.000000000000000000e+00
6.759989009575221308e-01 1.134823600455351356e+00 1.300000000000000000e+01 4.000000000000000000e+01 0.000000000000000000e+00
8.644925188938015204e-01 4.420226170230722174e-01 1.600000000000000000e+01 1.550000000000000000e+02 0.000000000000000000e+00
9.881585156327975517e-01 7.025274473616124338e-01 8.000000000000000000e+00 1.750000000000000000e+02 0.000000000000000000e+00
2.424490939830910019e-01 1.683327392103403986e+00 1.100000000000000000e+01 5.700000000000000000e+01 0.000000000000000000e+00
8.939698011832185598e-01 2.074597068125895394e+00 7.000000000000000000e+00 1.730000000000000000e+02 0.000000000000000000e+00
2.606361047819249349e-02 5.089997007823837682e-01 1.300000000000000000e+01 1.590000000000000000e+02 0.000000000000000000e+00
6.555588670122513006e-01 1.121344039277648363e+00 1.600000000000000000e+01 4.800000000000000000e+01 0.000000000000000000e+00
2.203287503552084914e-01 7.178681494619175707e-01 5.000000000000000000e+00 9.200000000000000000e+01 0.000000000000000000e+00
2.760724390263990385e-02 1.389771091541672332e+00 1.100000000000000000e+01 1.750000000000000000e+02 0.000000000000000000e+00
5.386666624046118068e-01 1.322744805902161591e+00 1.300000000000000000e+01 1.240000000000000000e+02 0.000000000000000000e+00
3.091254829182888964e-01 1.879671308949308228e+00 2.000000000000000000e+01 2.000000000000000000e+01 0.000000000000000000e+00
7.296290563296295995e-01 2.005823281035080008e+00 1.300000000000000000e+01 1.380000000000000000e+02 0.000000000000000000e+00
4.071070443304096731e-01 2.077295609988425884e+00 8.000000000000000000e+00 6.800000000000000000e+01 0.000000000000000000e+00
4.624884882517631413e-01 1.556145814233483859e+00 1.500000000000000000e+01 8.500000000000000000e+01 0.000000000000000000e+00
3.541263933860934188e-01 1.932312035979243836e+00 1.000000000000000000e+01 3.800000000000000000e+01 0.000000000000000000e+00
7.441640513466073192e-02 1.185882471093594737e-01 1.300000000000000000e+01 1.160000000000000000e+02 0.000000000000000000e+00
4.872626303276330617e-01 1.040519649736626473e+00 1.700000000000000000e+01 3.800000000000000000e+01 0.000000000000000000e+00
4.163823271954535804e-02 1.926195902383458947e+00 2.000000000000000000e+00 1.100000000000000000e+01 0.000000000000000000e+00
9.402638311893931622e-01 1.128605912534562661e+00 7.000000000000000000e+00 9.200000000000000000e+01 0.000000000000000000e+00
5.533251347619423388e-01 1.206504355221196478e+00 1.000000000000000000e+01 1.330000000000000000e+02 0.000000000000000000e+00
8.546361090886240852e-01 1.934605034855134020e+00 2.000000000000000000e+00 4.600000000000000000e+01 0.000000000000000000e+00
2.546927984453899452e-01 1.913501984663316779e+00 8.000000000000000000e+00 8.000000000000000000e+01 0.000000000000000000e+00
6.990070651052193718e-01 1.546152934246002975e+00 8.000000000000000000e+00 2.800000000000000000e+01 0.000000000000000000e+00
3.065938730656928568e-01 1.157278798035383582e+00 9.000000000000000000e+00 3.300000000000000000e+01 0.000000000000000000e+00
1.829536717551939473e-01 8.775407775273532662e-01 6.000000000000000000e+00 4.000000000000000000e+01 0.000000000000000000e+00
1.549466038397439259e-02 4.176877895434935040e-01 2.000000000000000000e+01 1.820000000000000000e+02 0.000000000000000000e+00
7.763031107598837854e-01 1.132803428639908683e+00 1.700000000000000000e+01 3.000000000000000000e+01 0.000000000000000000e+00
6.886379381150505852e-01 2.370371925755151710e-01 9.000000000000000000e+00 1.640000000000000000e+02 0.000000000000000000e+00
8.787956385483205457e-01 8.778280468991549457e-01 1.000000000000000000e+01 1.540000000000000000e+02 0.000000000000000000e+00
6.610222528089203242e-02 1.061100723934792933e+00 1.300000000000000000e+01 1.860000000000000000e+02 1.000000000000000000e+00
8.292509778391344843e-01 1.123742683975460288e+00 1.100000000000000000e+01 1.640000000000000000e+02 1.000000000000000000e+00
3.632769013693414734e-02 1.778103023338380551e+00 9.000000000000000000e+00 1.450000000000000000e+02 1.000000000000000000e+00
1.617776369890827626e-01 2.014694968334791447e+00 1.400000000000000000e+01 1.360000000000000000e+02 1.000000000000000000e+00
3.899377679018688897e-02 5.381533089112354729e-01 3.000000000000000000e+00 7.100000000000000000e+01 1.000000000000000000e+00
9.311754587028062691e-01 7.458883413087208369e-01 1.100000000000000000e+01 1.730000000000000000e+02 1.000000000000000000e+00
1.009062251413888056e+00 1.212195394478536858e+00 3.000000000000000000e+00 1.170000000000000000e+02 1.000000000000000000e+00
6.313772185114872038e-01 7.906393593805488562e-01 7.000000000000000000e+00 7.700000000000000000e+01 1.000000000000000000e+00
8.969408942649408356e-01 3.264248679165872025e-01 1.500000000000000000e+01 1.200000000000000000e+02 1.000000000000000000e+00
1.784761988449237169e-01 1.511413130125185855e+00 1.100000000000000000e+01 1.670000000000000000e+02 1.000000000000000000e+00
9.499604436520611150e-01 1.828039648339702117e+00 2.000000000000000000e+01 9.400000000000000000e+01 1.000000000000000000e+00
8.880706348237692449e-01 4.358884844754270516e-01 1.700000000000000000e+01 1.880000000000000000e+02 1.000000000000000000e+00
1.092473214210376437e-01 9.171354702325437147e-01 6.000000000000000000e+00 1.520000000000000000e+02 1.000000000000000000e+00
1.031626875319046309e-02 4.540134967407961630e-01 1.600000000000000000e+01 8.300000000000000000e+01 1.000000000000000000e+00
4.974954933715960426e-01 1.883907563000198238e+00 5.000000000000000000e+00 9.000000000000000000e+00 1.000000000000000000e+00
6.117140410241106441e-01 1.010857365950654341e+00 1.900000000000000000e+01 1.120000000000000000e+02 1.000000000000000000e+00
9.702968759082881700e-01 1.011340618032369632e+00 1.400000000000000000e+01 1.490000000000000000e+02 1.000000000000000000e+00
4.575861808116080676e-01 7.921339760244477946e-01 9.000000000000000000e+00 1.200000000000000000e+01 1.000000000000000000e+00
1.717493856959305676e-01 1.655452831964439930e+00 1.600000000000000000e+01 2.400000000000000000e+01 1.000000000000000000e+00
2.717226205170305553e-01 9.824424386043278945e-01 2.000000000000000000e+00 1.080000000000000000e+02 1.000000000000000000e+00
9.091444999028369667e-01 9.669415323604445556e-01 1.000000000000000000e+00 9.000000000000000000e+01 1.000000000000000000e+00
9.512171437552721098e-01 1.186128765884356673e+00 1.500000000000000000e+01 5.700000000000000000e+01 1.000000000000000000e+00
9.424207155868934427e-01 1.019028367332156959e+00 1.800000000000000000e+01 1.050000000000000000e+02 1.000000000000000000e+00
7.573429101194280033e-01 2.670820379603785488e-01 1.800000000000000000e+01 1.690000000000000000e+02 1.000000000000000000e+00
6.559019327543146316e-01 1.090509517460358735e+00 1.000000000000000000e+00 7.500000000000000000e+01 1.000000000000000000e+00
5.878474427560262949e-01 1.107522996713047603e-01 1.300000000000000000e+01 1.800000000000000000e+02 1.000000000000000000e+00
1.048181033677456492e-01 1.384556161196242696e+00 1.400000000000000000e+01 1.240000000000000000e+02 1.000000000000000000e+00
6.955921868238400252e-02 1.688332187115404448e+00 1.500000000000000000e+01 9.200000000000000000e+01 1.000000000000000000e+00
3.365885989353548657e-01 2.008697409269601941e+00 1.500000000000000000e+01 8.100000000000000000e+01 1.000000000000000000e+00
2.526244681607883180e-01 1.445223855434005777e+00 1.700000000000000000e+01 3.300000000000000000e+01 1.000000000000000000e+00
3.066063931210708526e-01 2.109033238014567380e-01 1.000000000000000000e+01 8.100000000000000000e+01 1.000000000000000000e+00
2.235545135191028265e-01 1.963375142411059038e+00 7.000000000000000000e+00 4.800000000000000000e+01 1.000000000000000000e+00
7.950540459849341213e-01 1.408551703234330876e+00 1.700000000000000000e+01 1.940000000000000000e+02 1.000000000000000000e+00
9.268814663048898783e-01 1.795711021138288066e+00 1.000000000000000000e+00 1.280000000000000000e+02 1.000000000000000000e+00
8.833861115648135032e-01 1.609781687162103125e+00 1.000000000000000000e+01 3.300000000000000000e+01 1.000000000000000000e+00
7.384448469865895204e-01 5.483464761668140897e-01 5.000000000000000000e+00 1.000000000000000000e+02 1.000000000000000000e+00
5.433568232188560332e-01 1.609109080383418933e+00 1.800000000000000000e+01 4.700000000000000000e+01 1.000000000000000000e+00
8.580580895971622324e-01 1.118411124382242106e+00 1.200000000000000000e+01 1.760000000000000000e+02 1.000000000000000000e+00
1.153052363887104720e-01 1.411576107436616434e+00 2.000000000000000000e+00 1.190000000000000000e+02 1.000000000000000000e+00
8.995234894709457085e-02 6.621071321759047779e-01 7.000000000000000000e+00 3.000000000000000000e+00 1.000000000000000000e+00
7.034635459919961198e-01 7.559125820303994603e-01 2.000000000000000000e+01 4.100000000000000000e+01 1.000000000000000000e+00
1.446067173861848021e-01 5.450257799402572489e-01 1.200000000000000000e+01 1.200000000000000000e+02 1.000000000000000000e+00
3.592336161287126295e-01 2.713038055074871169e-01 4.000000000000000000e+00 1.700000000000000000e+01 1.000000000000000000e+00
4.826548614171981555e-01 3.579334879639978206e-01 1.300000000000000000e+01 3.400000000000000000e+01 1.000000000000000000e+00
4.876664577688252233e-01 1.948607024991384939e+00 1.900000000000000000e+01 2.900000000000000000e+01 1.000000000000000000e+00
4.265927457639248077e-01 2.337439401506412884e-01 2.000000000000000000e+00 1.790000000000000000e+02 1.000000000000000000e+00
3.051240400787257750e-02 1.786552081288384164e+00 2.000000000000000000e+00 2.200000000000000000e+01 1.000000000000000000e+00
9.288825098982687045e-01 2.134777024764084319e-01 8.000000000000000000e+00 2.600000000000000000e+01 1.000000000000000000e+00
4.559118060285028973e-01 7.678478547108676944e-01 1.000000000000000000e+01 3.700000000000000000e+01 1.000000000000000000e+00
3.070972095827841919e-01 2.048040912902614696e+00 1.500000000000000000e+01 1.710000000000000000e+02 1.000000000000000000e+00
2.600896230391832598e-01 1.698359724855743380e+00 1.500000000000000000e+01 1.470000000000000000e+02 2.000000000000000000e+00
4.148547808806914983e-01 2.125576801605989774e-01 4.000000000000000000e+00 8.200000000000000000e+01 2.000000000000000000e+00
3.057176866995683362e-01 1.156397499301795806e+00 1.800000000000000000e+01 5.400000000000000000e+01 2.000000000000000000e+00
1.827421047697836975e-01 1.414789363905754049e+00 2.000000000000000000e+00 1.400000000000000000e+02 2.000000000000000000e+00
7.287621884266411998e-01 2.593825474750025561e-01 1.100000000000000000e+01 1.730000000000000000e+02 2.000000000000000000e+00
1.534058280984402778e-01 6.390909523442679374e-01 3.000000000000000000e+00 5.900000000000000000e+01 2.000000000000000000e+00
5.471088254560734221e-01 1.235189461729033988e+00 2.000000000000000000e+01 1.480000000000000000e+02 2.000000000000000000e+00
2.168743378722958609e-02 5.649600372781317104e-01 7.000000000000000000e+00 4.700000000000000000e+01 2.000000000000000000e+00
3.400844772520990045e-01 1.981410262319841797e-01 1.500000000000000000e+01 1.910000000000000000e+02 2.000000000000000000e+00
8.517841905224935450e-01 1.718642715360382045e+00 1.000000000000000000e+01 6.500000000000000000e+01 2.000000000000000000e+00
6.509335912580410666e-01 1.490688911689902696e+00 1.500000000000000000e+01 2.000000000000000000e+01 2.000000000000000000e+00
3.275461394110523033e-02 1.982153615254537427e-01 2.000000000000000000e+00 1.810000000000000000e+02 2.000000000000000000e+00
9.325573299532871063e-01 4.153352383091005740e-01 4.000000000000000000e+00 6.600000000000000000e+01 2.000000000000000000e+00
3.206044447484875937e-01 1.814137461694525832e+00 1.200000000000000000e+01 3.000000000000000000e+00 2.000000000000000000e+00
6.729874546923287904e-01 1.496995071183799819e+00 7.000000000000000000e+00 1.970000000000000000e+02 2.000000000000000000e+00
1.168771211314378750e-01 1.172129212195305081e+00 6.000000000000000000e+00 5.200000000000000000e+01 2.000000000000000000e+00
8.349272010454733550e-01 1.621656199357632167e+00 1.200000000000000000e+01 6.100000000000000000e+01 2.000000000000000000e+00
7.576389759948236602e-01 1.869932834222876261e+00 9.000000000000000000e+00 9.900000000000000000e+01 2.000000000000000000e+00
7.357433998776302664e-01 1.448344076935920433e-01 9.000000000000000000e+00 3.900000000000000000e+01 2.000000000000000000e+00
3.120537134147715053e-01 1.901882384687759719e+00 4.000000000000000000e+00 5.900000000000000000e+01 2.000000000000000000e+00
5.128081382377480679e-01 1.785358446982288516e+00 1.600000000000000000e+01 5.400000000000000000e+01 2.000000000000000000e+00
2.746392008517453132e-01 1.338708747682070488e+00 2.000000000000000000e+01 5.100000000000000000e+01 2.000000000000000000e+00
9.619946266962507708e-02 1.131400347523041860e+00 1.500000000000000000e+01 1.800000000000000000e+01 2.000000000000000000e+00
4.359664600894308517e-01 1.970099926859426809e+00 1.700000000000000000e+01 1.730000000000000000e+02 2.000000000000000000e+00
4.252777352565738633e-01 9.107093851449220567e-01 1.700000000000000000e+01 1.570000000000000000e+02 2.000000000000000000e+00
5.242390058992887347e-01 1.997712522094418353e-01 7.000000000000000000e+00 8.600000000000000000e+01 2.000000000000000000e+00
7.763949124113774802e-01 1.261393860597680439e+00 1.000000000000000000e+01 5.000000000000000000e+00 2.000000000000000000e+00
1.007884466278561542e+00 1.370097158806454551e+00 5.000000000000000000e+00 6.700000000000000000e+01 2.000000000000000000e+00
6.539940052914643420e-01 4.805287015052074340e-01 2.000000000000000000e+01 1.270000000000000000e+02 2.000000000000000000e+00
4.284540615005744124e-01 1.947843642684418786e+00 1.400000000000000000e+01 6.300000000000000000e+01 2.000000000000000000e+00
9.332602192661330898e-02 1.164571074968814957e+00 1.100000000000000000e+01 1.720000000000000000e+02 2.000000000000000000e+00
2.845150476525879490e-01 6.505032760634225086e-01 1.500000000000000000e+01 1.320000000000000000e+02 2.000000000000000000e+00
7.066834018822552854e-02 2.448368507156023777e-01 2.000000000000000000e+01 6.000000000000000000e+00 2.000000000000000000e+00
1.791039435760852783e-01 9.969692870176852795e-01 6.000000000000000000e+00 1.030000000000000000e+02 2.000000000000000000e+00
1.494369681754729173e-01 1.265478671625063001e+00 2.000000000000000000e+00 1.500000000000000000e+01 2.000000000000000000e+00
4.220471544051819235e-01 1.327333912742073851e-01 1.400000000000000000e+01 4.200000000000000000e+01 2.000000000000000000e+00
4.484175006385739959e-01 1.234173470794948102e+00 8.000000000000000000e+00 3.000000000000000000e+00 2.000000000000000000e+00
6.864277607851539953e-01 1.209620216444552643e+00 1.300000000000000000e+01 1.010000000000000000e+02 2.000000000000000000e+00
8.976278130028723934e-02 1.342040574665072539e+00 5.000000000000000000e+00 8.500000000000000000e+01 2.000000000000000000e+00
4.627541404525586932e-01 2.099630270590843839e+00 5.000000000000000000e+00 3.900000000000000000e+01 2.000000000000000000e+00
8.002830255069808274e-01 6.388426508309991148e-01 3.000000000000000000e+00 5.600000000000000000e+01 2.000000000000000000e+00
3.884353255271448813e-01 1.334486153047454993e+00 3.000000000000000000e+00 4.000000000000000000e+00 2.000000000000000000e+00
7.772974439989267514e-01 1.493921988613384766e+00 3.000000000000000000e+00 5.000000000000000000e+00 2.000000000000000000e+00
8.482769628389149608e-01 2.093322884180849108e+00 1.000000000000000000e+01 1.810000000000000000e+02 2.000000000000000000e+00
5.439244467203773609e-02 1.891947666764255409e+00 1.000000000000000000e+00 8.200000000000000000e+01 2.000000000000000000e+00
2.161169232407260665e-01 1.573409996849530090e+00 1.500000000000000000e+01 7.500000000000000000e+01 2.000000000000000000e+00
5.497897726342650948e-01 1.119665744527844176e+00 1.700000000000000000e+01 1.400000000000000000e+01 2.000000000000000000e+00
9.726452967313102826e-01 1.583701372418215403e+00 1.800000000000000000e+01 8.100000000000000000e+01 2.000000000000000000e+00
7.330147589436548650e-01 1.367521327299307865e+00 1.800000000000000000e+01 1.710000000000000000e+02 2.000000000000000000e+00
2.940875373331850451e-01 1.609013936786476862e+00 8.000000000000000000e+00 1.100000000000000000e+02 2.000000000000000000e+00
4.097740379286316514e-01 1.708024326268372528e+00 1.800000000000000000e+01 1.830000000000000000e+02 3.000000000000000000e+00
1.940518190519753272e-01 7.768378342779919121e-01 1.600000000000000000e+01 2.500000000000000000e+01 3.000000000000000000e+00
4.836236567866406544e-01 1.539575284551346623e+00 6.000000000000000000e+00 1.770000000000000000e+02 3.000000000000000000e+00
4.781098673338539662e-01 1.203052516256477578e+00 1.200000000000000000e+01 2.200000000000000000e+01 3.000000000000000000e+00
4.681643544306361981e-01 4.399721868140339387e-01 7.000000000000000000e+00 3.100000000000000000e+01 3.000000000000000000e+00
4.463252653192790742e-01 1.379127647021113567e+00 1.400000000000000000e+01 4.500000000000000000e+01 3.000000000000000000e+00
7.710648937664211777e-01 3.475627476372932234e-01 5.000000000000000000e+00 3.900000000000000000e+01 3.000000000000000000e+00
6.332171018635698312e-01 1.319990010705385908e+00 1.200000000000000000e+01 4.600000000000000000e+01 3.000000000000000000e+00
7.072186115195885359e-01 1.208546634016870680e+00 4.000000000000000000e+00 1.430000000000000000e+02 3.000000000000000000e+00
1.220312416342417133e-01 1.816831329624215563e+00 1.000000000000000000e+01 1.870000000000000000e+02 3.000000000000000000e+00
1.011266620974587832e-01 1.514301221932709440e+00 1.900000000000000000e+01 1.220000000000000000e+02 3.000000000000000000e+00
9.574365697676354703e-01 1.074128332378804451e+00 1.500000000000000000e+01 1.570000000000000000e+02 3.000000000000000000e+00
7.084874917750438872e-01 3.649939991899057157e-01 1.100000000000000000e+01 1.550000000000000000e+02 3.000000000000000000e+00
9.800415387764025432e-01 1.120660888854580206e-01 1.700000000000000000e+01 1.160000000000000000e+02 3.000000000000000000e+00
3.017909589103736634e-01 4.902776186340932485e-01 8.000000000000000000e+00 1.400000000000000000e+02 3.000000000000000000e+00
3.839299133627100957e-01 6.337636797379470055e-01 8.000000000000000000e+00 1.940000000000000000e+02 3.000000000000000000e+00
6.899839709759225670e-01 1.289794087230614839e+00 6.000000000000000000e+00 8.300000000000000000e+01 3.000000000000000000e+00
9.566935876231663638e-01 1.787839153419744420e+00 1.300000000000000000e+01 1.590000000000000000e+02 3.000000000000000000e+00
3.874057040416560849e-01 1.788772283968126375e+00 8.000000000000000000e+00 1.040000000000000000e+02 3.000000000000000000e+00
7.635447308382616871e-01 1.630235866354210694e+00 9.000000000000000000e+00 1.720000000000000000e+02 3.000000000000000000e+00
3.087695688196888666e-01 1.982508472567294122e+00 1.300000000000000000e+01 2.700000000000000000e+01 3.000000000000000000e+00
6.759067137959920979e-01 4.995095793809064544e-01 1.800000000000000000e+01 1.180000000000000000e+02 3.000000000000000000e+00
3.560629086209767813e-01 1.039426900021231504e+00 7.000000000000000000e+00 2.700000000000000000e+01 3.000000000000000000e+00
6.355674227143062183e-01 1.028428068868984413e+00 1.800000000000000000e+01 9.900000000000000000e+01 3.000000000000000000e+00
7.190997591337687789e-01 5.880955442903085251e-01 1.700000000000000000e+01 5.200000000000000000e+01 3.000000000000000000e+00
8.339637184243429979e-02 1.397402510105915541e+00 2.000000000000000000e+00 1.800000000000000000e+01 3.000000000000000000e+00
2.538184898627986463e-01 1.555136713954479610e+00 4.000000000000000000e+00 5.700000000000000000e+01 3.000000000000000000e+00
6.038202004516058929e-01 7.010202565252833251e-01 1.000000000000000000e+01 7.100000000000000000e+01 3.000000000000000000e+00
2.124210275253449742e-01 2.856650479215402383e-01 7.000000000000000000e+00 1.510000000000000000e+02 3.000000000000000000e+00
3.773049946689032152e-01 7.700542297887184029e-01 1.100000000000000000e+01 1.260000000000000000e+02 3.000000000000000000e+00
6.584246893897334196e-01 1.569608645370874855e+00 1.400000000000000000e+01 9.400000000000000000e+01 3.000000000000000000e+00
9.749912317436170150e-01 5.280916337723288168e-01 1.600000000000000000e+01 1.390000000000000000e+02 3.000000000000000000e+00
8.772322769702893819e-01 2.082793429863789125e+00 1.200000000000000000e+01 2.500000000000000000e+01 3.000000000000000000e+00
2.102750792518692097e-02 6.000519716787103830e-01 4.000000000000000000e+00 1.040000000000000000e+02 3.000000000000000000e+00
5.248881033270922369e-01 6.480841206337230043e-01 1.800000000000000000e+01 3.100000000000000000e+01 3.000000000000000000e+00
1.098539983623665200e-01 6.673099248674286832e-01 1.200000000000000000e+01 6.600000000000000000e+01 3.000000000000000000e+00
4.809323343951051877e-01 1.001958270606171819e+00 2.000000000000000000e+00 1.760000000000000000e+02 3.000000000000000000e+00
8.487701868038008968e-01 6.463103902697068248e-01 1.000000000000000000e+00 1.900000000000000000e+01 3.000000000000000000e+00
7.517034192738087928e-01 3.853212258357562314e-01 6.000000000000000000e+00 6.300000000000000000e+01 3.000000000000000000e+00
7.268685461438042505e-01 9.004187817005490091e-01 4.000000000000000000e+00 1.590000000000000000e+02 3.000000000000000000e+00
5.520208222040267065e-01 7.307240219831280248e-01 8.000000000000000000e+00 1.750000000000000000e+02 3.000000000000000000e+00
4.961276790358698507e-01 6.490696736572466596e-01 7.000000000000000000e+00 6.400000000000000000e+01 3.000000000000000000e+00
5.794982199947129597e-01 7.447016524256898640e-01 3.000000000000000000e+00 3.800000000000000000e+01 3.000000000000000000e+00
8.048755115438428476e-01 1.356635384808175138e+00 9.000000000000000000e+00 6.400000000000000000e+01 3.000000000000000000e+00
1.759883853029557965e-01 8.470624086991717094e-01 1.400000000000000000e+01 1.870000000000000000e+02 3.000000000000000000e+00
2.211817289453618107e-01 2.021346476901022093e+00 2.000000000000000000e+00 1.720000000000000000e+02 3.000000000000000000e+00
3.133891159223961553e-01 1.783438954778468588e+00 6.000000000000000000e+00 6.000000000000000000e+00 3.000000000000000000e+00
4.410068721507551803e-01 1.945401297946201424e+00 2.000000000000000000e+01 1.500000000000000000e+01 3.000000000000000000e+00
1.992914537234805605e-01 1.420517560649054545e+00 1.400000000000000000e+01 1.000000000000000000e+00 3.000000000000000000e+00
2.548897143710935342e-01 4.438726207223314679e-01 1.400000000000000000e+01 1.080000000000000000e+02 3.000000000000000000e+00
4.551463600661983522e-01 2.036062566547655717e+00 2.000000000000000000e+01 1.720000000000000000e+02 4.000000000000000000e+00
9.601468561092846299e-01 1.594720109575474387e+00 1.900000000000000000e+01 6.900000000000000000e+01 4.000000000000000000e+00
6.102651824875635622e-01 2.970164400268185956e-01 1.700000000000000000e+01 7.600000000000000000e+01 4.000000000000000000e+00
6.469621283950431623e-02 1.991540831326309879e+00 1.500000000000000000e+01 7.400000000000000000e+01 4.000000000000000000e+00
8.642577918389426905e-01 1.482004579590902704e+00 1.200000000000000000e+01 5.200000000000000000e+01 4.000000000000000000e+00
1.591017878441922662e-01 1.195975253836404795e+00 8.000000000000000000e+00 6.500000000000000000e+01 4.000000000000000000e+00
6.928040866628766281e-01 1.095705012662611333e+00 1.900000000000000000e+01 4.000000000000000000e+01 4.000000000000000000e+00
6.667250088767965321e-01 1.629760612881255621e+00 2.000000000000000000e+00 9.800000000000000000e+01 4.000000000000000000e+00
7.882057013599877981e-01 1.275854674251156284e+00 3.000000000000000000e+00 1.510000000000000000e+02 4.000000000000000000e+00
5.608362455585215178e-01 1.998165620336737947e+00 9.000000000000000000e+00 4.000000000000000000e+00 4.000000000000000000e+00
2.510871533404145373e-01 1.907194176911262806e+00 1.200000000000000000e+01 6.500000000000000000e+01 4.000000000000000000e+00
9.117864220213568460e-01 1.073246383089088818e+00 1.000000000000000000e+01 5.800000000000000000e+01 4.000000000000000000e+00
1.003334282608162820e+00 3.611068264217037749e-01 8.000000000000000000e+00 1.640000000000000000e+02 4.000000000000000000e+00
7.442354947197032944e-01 4.995035307104082056e-01 1.900000000000000000e+01 1.150000000000000000e+02 4.000000000000000000e+00
9.319084841908885641e-01 6.314356035746201412e-01 2.000000000000000000e+00 1.990000000000000000e+02 4.000000000000000000e+00
9.952732018899026478e-01 1.116070510621171907e+00 8.000000000000000000e+00 5.400000000000000000e+01 4.000000000000000000e+00
2.946093631099875321e-01 2.924696542861199289e-01 1.300000000000000000e+01 1.090000000000000000e+02 4.000000000000000000e+00
2.536133502318153043e-01 1.325244097648885955e+00 3.000000000000000000e+00 1.640000000000000000e+02 4.000000000000000000e+00
3.292251309404237158e-01 1.269630717467137071e+00 2.000000000000000000e+01 4.900000000000000000e+01 4.000000000000000000e+00
3.448883842142240752e-01 4.891344989429363688e-01 7.000000000000000000e+00 1.780000000000000000e+02 4.000000000000000000e+00
4.664118433163223498e-01 2.186958035068879147e-01 1.600000000000000000e+01 3.000000000000000000e+00 4.000000000000000000e+00
9.018337103468613281e-01 6.070385771301202160e-01 2.000000000000000000e+00 9.800000000000000000e+01 4.000000000000000000e+00
7.082466118124536303e-01 3.845865864155143532e-01 9.000000000000000000e+00 1.500000000000000000e+02 4.000000000000000000e+00
9.078758078536642850e-01 6.284974958732277850e-01 9.000000000000000000e+00 1.910000000000000000e+02 4.000000000000000000e+00
2.893418592815679702e-01 1.246245916783415675e+00 4.000000000000000000e+00 3.000000000000000000e+00 4.000000000000000000e+00
3.693496527686156855e-02 4.765312688820725340e-01 1.400000000000000000e+01 1.700000000000000000e+02 4.000000000000000000e+00
6.132661936071179820e-01 2.099259032757593957e+00 1.000000000000000000e+00 5.100000000000000000e+01 4.000000000000000000e+00
9.267613386089446070e-01 1.642372656398655373e+00 1.700000000000000000e+01 1.890000000000000000e+02 4.000000000000000000e+00
8.556866778276669416e-01 1.695829160998774121e+00 1.000000000000000000e+00 1.350000000000000000e+02 4.000000000000000000e+00
8.912404823189146175e-01 5.166973842638130643e-01 1.100000000000000000e+01 7.300000000000000000e+01 4.000000000000000000e+00
2.946620523660419266e-01 1.502593896033777021e+00 7.000000000000000000e+00 1.230000000000000000e+02 4.000000000000000000e+00
4.345219374913420474e-01 4.786575743569302377e-01 3.000000000000000000e+00 5.300000000000000000e+01 4.000000000000000000e+00
9.223334818429038684e-01 1.156210572564261962e+00 1.200000000000000000e+01 1.480000000000000000e+02 4.000000000000000000e+00
5.557125359924001140e-01 9.519354821547948431e-01 5.000000000000000000e+00 1.280000000000000000e+02 4.000000000000000000e+00
8.669498902808626672e-01 1.328677281065406612e+00 3.000000000000000000e+00 1.330000000000000000e+02 4.000000000000000000e+00
2.374946536020693388e-01 1.976958357458334481e+00 2.000000000000000000e+01 1.240000000000000000e+02 4.000000000000000000e+00
5.382014493154836376e-01 5.914313377515939552e-01 1.400000000000000000e+01 1.350000000000000000e+02 4.000000000000000000e+00
7.196739114652721536e-01 1.476188200761293645e+00 5.000000000000000000e+00 1.750000000000000000e+02 4.000000000000000000e+00
1.449043375495202568e-01 2.847006350036053179e-01 1.900000000000000000e+01 1.400000000000000000e+01 4.000000000000000000e+00
5.741029398267123440e-01 1.747292782036957037e+00 4.000000000000000000e+00 8.500000000000000000e+01 4.000000000000000000e+00
1.000893137510178388e+00 2.023990881868551028e+00 1.400000000000000000e+01 1.160000000000000000e+02 4.000000000000000000e+00
8.581823318137710155e-01 2.087647053040094125e+00 1.900000000000000000e+01 1.820000000000000000e+02 4.000000000000000000e+00
8.826336647866166452e-01 1.801648988423731224e+00 3.000000000000000000e+00 1.290000000000000000e+02 4.000000000000000000e+00
9.658003460849177157e-01 3.088558694437805174e-01 9.000000000000000000e+00 6.100000000000000000e+01 4.000000000000000000e+00
9.707090373793429983e-01 1.553913128488839446e+00 4.000000000000000000e+00 1.950000000000000000e+02 4.000000000000000000e+00
9.643407471218560234e-01 1.739298693692267472e-01 1.800000000000000000e+01 1.700000000000000000e+02 4.000000000000000000e+00
6.967520349667054580e-01 1.089601997561198354e+00 1.000000000000000000e+01 1.690000000000000000e+02 4.000000000000000000e+00
5.730614310092866370e-01 1.743620712680307383e+00 1.200000000000000000e+01 6.400000000000000000e+01 4.000000000000000000e+00
7.835720927858456919e-02 8.919239955066257108e-01 1.000000000000000000e+01 6.300000000000000000e+01 4.000000000000000000e+00
1.381678605749128153e-01 1.095883916460458130e+00 1.600000000000000000e+01 6.300000000000000000e+01 4.000000000000000000e+00
