-1.185575828736116932e+02
-9.828377641605283088e+01
-1.149984324598079866e+02
-1.040868938784446982e+02
-1.207829401164498790e+02
-1.320236820598094880e+02
-1.330967714640065651e+02
-9.175710395513777939e+01
-1.330969023590322138e+02
-1.035055320199278981e+02
-1.330961296173014716e+02
-9.114352253007909610e+01
-1.086857270979973720e+02
-1.184207656035564327e+02
-1.328880280006405314e+02
-1.172105569386477271e+02
-1.260050766162135147e+02
-1.330967300597762346e+02
-1.330836557085921470e+02
-1.148945934633640604e+02
-1.330962040256639227e+02
-1.063284881198357681e+02
-1.329894170768572792e+02
-1.330966760342346049e+02
-9.178329928273495852e+01
-1.072357239446886155e+02
-1.330969360276748432e+02
-1.275890845940914460e+02
-1.168723938647572993e+02
-1.136339199045024486e+02
-1.330928588984624810e+02
-1.316244332193784601e+02
-1.330723910336477047e+02
-1.314637232317421933e+02
-1.330207232217736930e+02
-1.330204151692336438e+02
-9.434331756899302945e+01
-1.330965644204956106e+02
-9.084623665352647492e+01
-1.157359371237959493e+02
-1.330968178674347655e+02
-1.330968541613347611e+02
-1.330969055515330695e+02
-1.171454170256196079e+02
-1.287231448420896811e+02
-1.330303252921895307e+02
-1.330964187543877699e+02
-1.325797344882828099e+02
-1.330780268068968439e+02
-1.147694920825224756e+02
-1.081713252387865793e+02
-1.278398087323247410e+02
-1.266569151006639657e+02
-9.736638977145950946e+01
-1.247506417930883913e+02
-1.206218325362344643e+02
-1.278397933115192870e+02
-1.041129247713262060e+02
-1.278399621977782914e+02
-1.278190966161363775e+02
-8.926427645401452082e+01
-8.834194907555580301e+01
-1.190695190631604845e+02
-1.277661176216070515e+02
-1.255296776778256174e+02
-1.278400454168417326e+02
-1.278394635631420613e+02
-1.278397099668321175e+02
-1.278268007703729552e+02
-1.278403316724714784e+02
-1.278214919954336892e+02
-1.002376168776823846e+02
-1.048383049293089044e+02
-8.874948859490523034e+01
-1.278398573639956766e+02
-1.021005499471223885e+02
-1.278400003930151456e+02
-1.278396446491326515e+02
-1.092572909044063039e+02
-1.251829009956844345e+02
-1.278400633517702261e+02
-1.227937502043759253e+02
-1.278399231337052413e+02
-1.278392661577473035e+02
-1.278399827538666074e+02
-1.070722535970060676e+02
-1.274821826838998788e+02
-1.278395033195235015e+02
-1.277547959695813518e+02
-1.278389633214038383e+02
-1.278397202512304887e+02
-1.105890598506774154e+02
-1.278400368861416325e+02
-1.080946166977948053e+02
-8.793634756732198809e+01
-1.278381871730357062e+02
-8.845000870080576760e+01
-1.278226325669407260e+02
-8.845803344606629537e+01
-8.929386567114363515e+01
-1.235615115612861672e+02
-1.198556326407406232e+02
-9.027023710605340057e+01
-1.207367783218870727e+02
-1.155370190824440471e+02
-8.908747022587191111e+01
-9.108821679195840204e+01
-8.611776333977975639e+01
-8.681123767505152955e+01
-1.234992549811409361e+02
-1.097404491703688905e+02
-1.111776336987537945e+02
-1.193120519218148274e+02
-1.235573394231473117e+02
-8.711678273051171573e+01
-1.233481001933650845e+02
-1.235614801462862999e+02
-8.554374429030347926e+01
-1.137263179791343077e+02
-9.239914967004008872e+01
-1.235614531065882318e+02
-8.876433888203455069e+01
-1.235440987099925962e+02
-1.230418876529903969e+02
-9.427410921919505427e+01
-1.155632512827044422e+02
-8.876017479883418559e+01
-1.235614835616734979e+02
-1.121547813895954988e+02
-1.235609339615236308e+02
-8.948320819094452361e+01
-1.235613027789013785e+02
-9.241709635972179626e+01
-1.235615520315643607e+02
-1.212049581135647571e+02
-1.235564442227070003e+02
-8.718561475517267922e+01
-1.235509655192793304e+02
-8.767890722781883994e+01
-1.235615061844878397e+02
-1.235523504609553243e+02
-1.235590850108880403e+02
-1.072627798235415924e+02
-1.235610194267342763e+02
-9.233312929304837269e+01
-1.233609821240741837e+02
-8.812641807799867877e+01
-1.229651107510840973e+02
-9.319722229132733560e+01
-1.011519241564862881e+02
-1.211318695354488284e+02
-9.208254681589019697e+01
-1.239419438251174057e+02
-1.239418009805543193e+02
-8.750254153961621739e+01
-1.235963536737664867e+02
-1.239333957007061002e+02
-1.239421067030627199e+02
-9.888261338026819658e+01
-8.986273237381050194e+01
-8.664515677302351548e+01
-1.219659530912548888e+02
-1.239419776989840329e+02
-1.090153958210634073e+02
-1.232876739335898577e+02
-1.128102469159415477e+02
-1.239410667254657028e+02
-8.763839924927381730e+01
-8.790913207871079749e+01
-8.720896166224461865e+01
-8.533119762899117688e+01
-1.197513938550832933e+02
-1.238297183200979248e+02
-8.768260823071872778e+01
-8.804775293383981705e+01
-1.220721748335633663e+02
-1.239375706921152869e+02
-1.236697018335196390e+02
-1.239391789121849143e+02
-1.239422249888501426e+02
-1.239396344613482626e+02
-1.237155331332099024e+02
-9.522295670464700379e+01
-9.732054896397994526e+01
-1.238427967624585477e+02
-9.001598208436740833e+01
-8.859900854340948229e+01
-1.239421204539026746e+02
-1.239140259487608375e+02
-8.621947220504372922e+01
-1.200679665132894769e+02
-8.893971578745562567e+01
-1.163792409128108716e+02
-8.531576214048470774e+01
-1.239422485076597837e+02
-1.202723071694023105e+02
-1.226226267787455129e+02
-8.705282792864632313e+01
-1.192818960389984966e+02
-8.985432586062151472e+01
-1.243203297625182557e+02
-8.727225304258372773e+01
-1.080230444242480843e+02
-9.144153905882053834e+01
-1.251434376918311386e+02
-1.189778784834336847e+02
-8.875165609544919221e+01
-1.073860675950347314e+02
-1.204764899495485224e+02
-1.159771719929363769e+02
-1.195360073443921323e+02
-1.248730695023495940e+02
-9.651440219856954172e+01
-9.035618721677914778e+01
-1.202895343242992681e+02
-1.217573942389986996e+02
-1.251434098084866662e+02
-8.802042183551918697e+01
-1.248730199329260131e+02
-1.251408278469213826e+02
-1.172448630514154644e+02
-1.251190646550139434e+02
-1.251434738513011382e+02
-1.115231212513674706e+02
-8.703809809737266789e+01
-9.521890494520098969e+01
-1.023436124865030052e+02
-1.251434478691210330e+02
-1.059304290024321205e+02
-1.229012047577159734e+02
-1.147160068607196308e+02
-1.250784747595086657e+02
-1.035747399796546091e+02
-8.618762148105993504e+01
-1.001348808872948979e+02
-1.198378414503735456e+02
-1.120546680950928078e+02
-8.642961966019559839e+01
-1.181000397765024559e+02
-1.251429356657805698e+02
-8.678653754523313069e+01
-1.002983890214457432e+02
-1.224006454847869065e+02
-1.251434794420303263e+02
-9.856918765378883052e+01
-9.073722846523534713e+01
-1.045445490311961692e+02
-1.249974648380222817e+02
-1.251420055442790584e+02
-9.445946830218598222e+01
