-1.330960528525154700e+02
-1.330947041875890307e+02
-9.828059276521197773e+01
-1.018271932115850404e+02
-1.330955433670473838e+02
-1.330093278796781249e+02
-1.330965307090075669e+02
-1.078894735044469115e+02
-1.003929082901527323e+02
-1.294583879582324926e+02
-1.330969808905109346e+02
-1.026840589702928952e+02
-1.330967716082615766e+02
-1.330968122428624838e+02
-1.219173129740776460e+02
-1.262123843946165778e+02
-1.330920947352369978e+02
-1.330917736670136549e+02
-1.167530682837266056e+02
-1.330960946190385243e+02
-1.330965770902278962e+02
-1.330948582074613569e+02
-1.228051460126539354e+02
-1.050422835908105981e+02
-1.016527169019932160e+02
-1.330961888129648969e+02
-1.328703071214266345e+02
-1.330968162694433374e+02
-1.330968370399680794e+02
-1.129374979485286730e+02
-1.274902142161394920e+02
-1.318741249277094880e+02
-1.039671314124891950e+02
-1.308088526626496275e+02
-1.329620644323421459e+02
-1.206149253681252134e+02
-1.222482579847313957e+02
-1.330967818397190285e+02
-9.868409378436288648e+01
-1.303510945907968051e+02
-9.296365975740224030e+01
-1.330966544043967019e+02
-1.330966913823461937e+02
-1.198946487021416090e+02
-1.073917715893382763e+02
-1.327586264334535713e+02
-1.330887188632741243e+02
-9.566913053562555547e+01
-1.330791196304219284e+02
-1.022482466040520279e+02
-1.276939581900585949e+02
-1.127459379679665261e+02
-1.278400652050765984e+02
-1.278387745348197058e+02
-1.215811160553121510e+02
-9.004327826441227955e+01
-9.898905027055525352e+01
-9.253935826257752240e+01
-1.278101263821177014e+02
-1.278315215358940549e+02
-9.322644679270607071e+01
-1.246585283671280564e+02
-9.013877243627919711e+01
-9.257790789593948944e+01
-1.278319173362969252e+02
-1.167582563830625020e+02
-9.739343515931420825e+01
-1.273457857302015412e+02
-1.278392445211325708e+02
-1.278400764948812025e+02
-1.064495915430600235e+02
-1.278369999444485501e+02
-1.246187868222311579e+02
-1.244347241127732104e+02
-9.862310313503394354e+01
-1.087925475822037811e+02
-1.278398640866228391e+02
-1.022410873019556874e+02
-1.277631345069690809e+02
-1.278400372386536503e+02
-1.119112187802051182e+02
-1.132493581069699928e+02
-9.729350174787909111e+01
-1.278177411166945774e+02
-9.635111120231560733e+01
-1.278385670221741037e+02
-8.784670663629452747e+01
-9.291549674014221694e+01
-1.224537178636778094e+02
-1.245741465492867093e+02
-1.278128252094895316e+02
-1.278398997894803841e+02
-1.276505096281061071e+02
-9.582763821643123947e+01
-1.274207389017383321e+02
-1.278081236156821205e+02
-1.082610197787050765e+02
-1.278396729164277019e+02
-1.164886316342455643e+02
-1.278402499454787602e+02
-1.235607892110903094e+02
-1.217207403216718831e+02
-1.201946271004576090e+02
-1.085715585849979874e+02
-1.019008487594735897e+02
-8.951349947880360958e+01
-1.235615167130181788e+02
-1.235614340959538140e+02
-1.011959537429319340e+02
-8.665650023909518040e+01
-1.100089493820379545e+02
-8.857717296275268382e+01
-1.235615213610060437e+02
-1.040533194183290249e+02
-1.235615356397056814e+02
-8.586871927167068463e+01
-1.235232005368037704e+02
-8.704538758169691448e+01
-1.235610453240826700e+02
-1.221971878017112658e+02
-9.342229270650803130e+01
-1.142012613097841438e+02
-1.040484130415323989e+02
-1.157046997251748905e+02
-1.235614905911867112e+02
-1.186506146547012293e+02
-1.225870935110801412e+02
-1.235607735935085003e+02
-9.930781030828842404e+01
-1.012531333017863631e+02
-8.577359165819449061e+01
-1.192288877430491425e+02
-1.099199915113575372e+02
-1.230654785458815894e+02
-1.210783349352832658e+02
-1.234921974871868002e+02
-1.235578956757566402e+02
-1.235617191838359190e+02
-1.235571232741221763e+02
-1.235064788476907722e+02
-1.228382762279794065e+02
-1.234758783570453460e+02
-9.872935843222802532e+01
-1.235517006214688678e+02
-9.977849077664035349e+01
-1.229100830947440670e+02
-8.645340866504551514e+01
-1.218022155559722535e+02
-1.232992426503874270e+02
-1.235587088975894829e+02
-9.296581399690012404e+01
-1.064013375123352034e+02
-1.144310675968149837e+02
-8.818876682631675124e+01
-1.123443907739486605e+02
-9.558364480576440769e+01
-1.084250729672860558e+02
-1.238058880856667514e+02
-1.185148217403662443e+02
-1.239421728712937210e+02
-1.209471298974644782e+02
-1.238181234385147320e+02
-9.674690877726035865e+01
-1.059242430161116033e+02
-8.861831076793383488e+01
-8.584686869819027777e+01
-1.239422809619600514e+02
-9.382903047882096814e+01
-1.239417223375690753e+02
-9.186437939430747690e+01
-8.996361807906436070e+01
-1.239422843710134003e+02
-1.239422671422388191e+02
-1.239394823557583294e+02
-1.239423153031888631e+02
-1.239382637344818505e+02
-8.686943965241718502e+01
-1.239362700770282117e+02
-1.239398534276850512e+02
-9.307495951634940923e+01
-1.103387270328822609e+02
-8.811537956660424697e+01
-1.238580901287545970e+02
-1.115828320127620827e+02
-1.220915315112408592e+02
-1.151636140038393421e+02
-1.239420645343540315e+02
-1.218452426232352224e+02
-1.239342933469998513e+02
-1.239422802390818106e+02
-9.422258528018952006e+01
-1.239421241851682822e+02
-1.065755936048174561e+02
-9.040120047443724616e+01
-1.152152100813308948e+02
-1.099741762564727026e+02
-8.839810279351824818e+01
-8.573310883047720665e+01
-1.239418796689555506e+02
-1.139489204253696357e+02
-1.192684240338352879e+02
-1.162868998030163254e+02
-1.150657510045778054e+02
-1.177388898859935722e+02
-1.251431770574253903e+02
-1.245074060261861746e+02
-1.251435860925093948e+02
-1.164199743836196177e+02
-1.114013146857911494e+02
-1.251151475233448878e+02
-1.251433111480669567e+02
-1.193724563921074946e+02
-8.734423389358600787e+01
-1.178473972012007636e+02
-1.251433786346879913e+02
-1.251431185443973533e+02
-1.251433697304703827e+02
-1.003918176313680419e+02
-1.005375327147491902e+02
-1.214213303091129745e+02
-1.214167413386638543e+02
-1.199544652273438601e+02
-1.248752075737904761e+02
-1.250776261320438891e+02
-1.247073221174372293e+02
-1.035465148141387459e+02
-1.251434660846941966e+02
-1.250824744465931957e+02
-1.165422040061074682e+02
-1.040881764439638033e+02
-1.249295425063799598e+02
-1.108477396377042510e+02
-1.157236597336754187e+02
-9.772971865380725376e+01
-1.166551678542536905e+02
-9.114070760746076871e+01
-1.231297542105286738e+02
-1.226542450343576007e+02
-1.249593722871280335e+02
-1.251430139784717142e+02
-1.094066468936404419e+02
-8.933947967061062911e+01
-1.199129199411749198e+02
-1.251434102985794112e+02
-1.083297865055895102e+02
-8.901008340430877297e+01
-1.142751415724450652e+02
-9.960507998606721003e+01
-1.251433334615841915e+02
-1.034654970517535162e+02
