-1.261787472532277121e+02
-1.248879538328903038e+02
-1.330933034216953956e+02
-9.171781924514063178e+01
-1.330967530503754404e+02
-9.147072733051825821e+01
-1.274441014681905671e+02
-1.330966053019406843e+02
-1.191207152888551235e+02
-8.949856140584525122e+01
-1.330968173722833967e+02
-1.221080416793421648e+02
-1.330955927929845188e+02
-1.320775538845903725e+02
-1.330967895853690663e+02
-1.216160205506525500e+02
-1.330954673166335738e+02
-1.024978469055971289e+02
-1.298899891180311670e+02
-1.330887697549324002e+02
-9.231451728899648401e+01
-9.210041622621494639e+01
-1.292010915626889869e+02
-1.155038174245556633e+02
-1.330963161812754549e+02
-1.330917692931800786e+02
-1.330042795944272029e+02
-1.085713382304830219e+02
-1.330946790248089258e+02
-1.234560124377814390e+02
-1.313229028513116816e+02
-1.297537854739892396e+02
-1.330936721960148930e+02
-1.330282791593184868e+02
-1.330889127212228686e+02
-1.327816794677779342e+02
-1.330967966727378951e+02
-1.145046584006931027e+02
-1.330968395621613638e+02
-1.330968152870730989e+02
-9.977292443432972391e+01
-9.100790974641846276e+01
-1.212843597979544228e+02
-1.330956103561871657e+02
-1.150057232293168852e+02
-1.067408091147077300e+02
-1.321563792157330965e+02
-1.330952619685182299e+02
-1.330714450702169813e+02
-1.303196378071961874e+02
-1.278324516596958063e+02
-1.278383422970485555e+02
-1.264169480386349420e+02
-1.278400573298505378e+02
-1.278401903781765299e+02
-1.199891681385915518e+02
-1.237837945754476436e+02
-1.154872350941199954e+02
-9.164872782713271704e+01
-1.278400409819352035e+02
-9.911136590416288072e+01
-1.278401896275511263e+02
-1.053417193312464235e+02
-1.069755192204646619e+02
-8.873515165960868956e+01
-1.010687483347870312e+02
-1.050215233288107015e+02
-1.197766185153911351e+02
-1.278400765147460305e+02
-1.278392944360656145e+02
-9.857625454070745263e+01
-1.234161269214291110e+02
-1.126902291315016669e+02
-9.211935498965388547e+01
-9.808088284240086807e+01
-1.218616655674041596e+02
-1.277981835371319050e+02
-1.278397899082631426e+02
-1.278400675514067046e+02
-1.278400282474360097e+02
-1.270841791013035618e+02
-1.278016629702865288e+02
-1.070070173921374987e+02
-1.092810467710451263e+02
-1.092073692927637296e+02
-1.261005052119696330e+02
-9.914770186958236309e+01
-1.007713286265572208e+02
-1.210363751220862980e+02
-1.259591162383172787e+02
-1.278400473998948570e+02
-9.408849817235524426e+01
-1.054050891916595134e+02
-1.278377822289246950e+02
-1.195623819576592410e+02
-1.278400542706657603e+02
-1.278400639552798737e+02
-1.276066633030161768e+02
-1.278400526559279058e+02
-1.225778882003614427e+02
-1.235616246569654777e+02
-8.875114686023624699e+01
-1.232834569276893575e+02
-1.235554151778244716e+02
-1.235613946947549522e+02
-9.702942469335489761e+01
-1.059881491285660644e+02
-1.046803127973135332e+02
-8.579251817019085991e+01
-8.659405664285768012e+01
-1.235612117964416825e+02
-1.186715403250683067e+02
-1.228384526954278329e+02
-1.235613893649041728e+02
-1.235612356367893625e+02
-9.626442109426683658e+01
-8.940479476551264781e+01
-1.235410188516851377e+02
-1.168110091494852725e+02
-1.235614133774010099e+02
-8.627480237148398601e+01
-1.056297952741751516e+02
-9.357248147702365770e+01
-1.235614905242430979e+02
-1.203625095335898720e+02
-1.075460028575428169e+02
-1.235615044873844539e+02
-1.235615201313576677e+02
-1.235615861085143479e+02
-1.229642168252242271e+02
-1.017459981091650008e+02
-1.235585629221857715e+02
-1.235537208550571364e+02
-1.005352200302015859e+02
-1.230595096043529253e+02
-1.235613379240989786e+02
-1.206410971218970190e+02
-1.234772060242477920e+02
-8.607609741187835084e+01
-1.092869716621695204e+02
-1.235615608470379101e+02
-1.213928777729410342e+02
-1.093950975407641693e+02
-1.135095714045198037e+02
-1.235615215019209217e+02
-1.068769034040439152e+02
-1.235610545748316582e+02
-9.798651311271719067e+01
-1.233122614205471592e+02
-1.235614786085434957e+02
-1.239422514277015637e+02
-1.239423118849253029e+02
-1.066187828088206686e+02
-1.239421157793781418e+02
-1.237968156129163333e+02
-1.163237581507388825e+02
-1.237300273035551754e+02
-1.105602746880140614e+02
-1.237152891447113916e+02
-1.239422834724391151e+02
-8.935107671762764880e+01
-1.239398277514916344e+02
-8.963326583345757115e+01
-8.697062202879899928e+01
-1.075706519703194033e+02
-1.239424788462055318e+02
-1.239382569549036788e+02
-1.018788910955081377e+02
-1.223032277183944814e+02
-1.139152628961503524e+02
-1.064944175774195685e+02
-1.239420129905750088e+02
-1.239421720799323623e+02
-1.031002042831790533e+02
-1.221686506940935715e+02
-1.082692149275462441e+02
-1.045908276660273799e+02
-1.234565666352992253e+02
-1.239422711684811560e+02
-1.231822448248620674e+02
-8.664262152915033255e+01
-8.773861972560463585e+01
-1.234950391491517223e+02
-1.239419888575209256e+02
-1.226397444639081726e+02
-1.136080006344902813e+02
-1.239422893702948585e+02
-1.239388135506789013e+02
-8.862034713679443598e+01
-1.239393876646179393e+02
-1.239422113119136100e+02
-1.175569207165986825e+02
-8.555344642913036068e+01
-9.093552455629391318e+01
-1.023543041510981624e+02
-1.023374785285382274e+02
-1.214558866870210778e+02
-1.219411818886289751e+02
-9.333553227259609741e+01
-1.239424549896247782e+02
-1.222579728192005888e+02
-1.200726613942974836e+02
-1.044404440426461917e+02
-1.139503909252250509e+02
-1.185502456593361416e+02
-1.220299638550204975e+02
-1.229366398797499045e+02
-1.249728764234207858e+02
-1.032981825355674346e+02
-1.212963216064521674e+02
-1.204653403075341913e+02
-9.103313225235379491e+01
-1.246759853676058754e+02
-8.811851360534619459e+01
-1.052598473210500316e+02
-9.856816692174996319e+01
-8.873692678549519997e+01
-1.251421841962990555e+02
-1.251433519453994734e+02
-9.364498203967784207e+01
-8.984289824895131460e+01
-1.251434065684417902e+02
-1.222435476504536496e+02
-1.055961835619709177e+02
-1.185683325431358952e+02
-1.234196969821790049e+02
-8.719468415719519783e+01
-1.251432536040494057e+02
-8.977142505559262986e+01
-1.151797013950873492e+02
-1.251392306057598631e+02
-1.066543414049555736e+02
-9.083421959280103408e+01
-1.251430987905508943e+02
-1.251158093979974666e+02
-8.915839337823720712e+01
-1.245559084544052979e+02
-1.251434786931145311e+02
-1.251325120179117789e+02
-1.251434355396252585e+02
-1.251118355131283835e+02
-1.137369002719849505e+02
-1.251145165495003226e+02
-1.251424626182710682e+02
-1.251434478507422909e+02
-1.193619644571193703e+02
-1.251434467496598870e+02
-8.753637673672228914e+01
-1.251359104992632467e+02
-8.876291927601883458e+01
