-1.330625805540277895e+02
-1.257471483992067363e+02
-1.161961852939685116e+02
-1.124894332452346362e+02
-9.242531323521701836e+01
-1.330766831782189570e+02
-1.329034408837628121e+02
-1.330965726882947990e+02
-1.241962390450187712e+02
-9.228544648795683258e+01
-1.330968205226815826e+02
-1.178071808570266654e+02
-1.330957341838378341e+02
-9.101308825334373864e+01
-1.062828037151139853e+02
-1.330967746178205573e+02
-1.330970836247615239e+02
-1.273953099073257960e+02
-1.317508030053306527e+02
-9.758493492969418526e+01
-1.294882566671545590e+02
-1.065762878698906349e+02
-1.136245272942555573e+02
-1.330540421574769709e+02
-1.241482977252750288e+02
-1.250303218211863339e+02
-1.021559655726213407e+02
-1.120357394920771270e+02
-1.180257429858136078e+02
-9.967522954491796838e+01
-1.330967663915816672e+02
-1.299601603787461386e+02
-1.187663767666615939e+02
-1.239828705914602693e+02
-1.330767657214735493e+02
-8.977723717465633513e+01
-1.088875668220583179e+02
-1.010856974897519649e+02
-1.311559766827999169e+02
-1.258553254724116215e+02
-1.214235053907804911e+02
-1.330968517205609487e+02
-1.330966812886036621e+02
-1.330297929255187341e+02
-1.330969981780246485e+02
-1.263721430544163269e+02
-1.330965373911690506e+02
-9.397232045073965878e+01
-1.330966707049497018e+02
-1.034743287086045171e+02
-1.272874226831258113e+02
-9.436390537930441269e+01
-1.278375063210182958e+02
-1.255590045857848622e+02
-1.278328666069509438e+02
-1.083438785506761803e+02
-1.274663624761467560e+02
-1.163807258991590885e+02
-1.039173571450553624e+02
-1.278399658707875233e+02
-1.278399314780444485e+02
-1.278399841030679198e+02
-1.043673658995540876e+02
-1.278400983492271763e+02
-1.148512146994022771e+02
-1.273592001792411565e+02
-1.278398105468105967e+02
-9.544970414429064931e+01
-1.278401196727843683e+02
-1.278388850552079248e+02
-1.207452475414429358e+02
-1.278400773509039681e+02
-1.278382679146317997e+02
-1.277299257143049545e+02
-9.150058494334923864e+01
-9.272797299247208969e+01
-8.986458741952782248e+01
-1.032333869191766240e+02
-1.277068376029641712e+02
-1.278348802982604724e+02
-1.272897482892163765e+02
-9.246802890934409902e+01
-1.278397881809464991e+02
-1.238259125205275524e+02
-1.181430333059587952e+02
-1.228477673669640353e+02
-1.278396510915555950e+02
-9.031811263262507339e+01
-1.278402386930844727e+02
-8.835848405814856221e+01
-1.155584712433234387e+02
-1.278381654769874274e+02
-1.278366328351333578e+02
-1.000729640724266289e+02
-8.794969224534642649e+01
-1.255759442776595023e+02
-1.278401358391407143e+02
-1.278305587422965601e+02
-1.278400080691827867e+02
-1.019384942660295934e+02
-1.091361827063633854e+02
-1.235593907790591288e+02
-1.235615177395923183e+02
-8.966808527684607100e+01
-9.812237778900347962e+01
-8.672883431607628779e+01
-1.235615087227080977e+02
-1.155710303084009212e+02
-1.163503523038247494e+02
-9.009531046108492092e+01
-1.235613242459330650e+02
-1.066289947936040647e+02
-1.066026824994763587e+02
-1.235598580942463940e+02
-1.235614807770768948e+02
-1.235615638359376192e+02
-1.235607061902104391e+02
-1.235610698327672878e+02
-9.224889346053262784e+01
-1.089941065508327540e+02
-1.235518803669388888e+02
-9.583922415548494200e+01
-1.235614652264117836e+02
-8.690837949689451136e+01
-1.183079566837036651e+02
-1.235614387800324039e+02
-1.235614253435870324e+02
-1.081268195404699384e+02
-8.546394324265156683e+01
-1.234319799510422655e+02
-1.235617167778488152e+02
-1.102596726121591928e+02
-1.235614479423104086e+02
-1.233917322462486936e+02
-1.235607131211251613e+02
-1.097909599799753408e+02
-1.212831429223333544e+02
-1.235614821660289380e+02
-1.235598413595058389e+02
-1.235573204133760754e+02
-1.060726154026929464e+02
-9.564097909429206368e+01
-1.213438583506996764e+02
-1.235059752370647459e+02
-1.127162428177749689e+02
-1.231599198702215716e+02
-8.739815221478899332e+01
-1.234502358139751834e+02
-9.205498594109987209e+01
-8.678413337985266196e+01
-1.239225908894234749e+02
-1.239421397147782784e+02
-1.239423074258265416e+02
-1.239422805046532119e+02
-9.820807223143826548e+01
-8.766525962934800020e+01
-1.239343358730151436e+02
-1.239422557238378175e+02
-1.239133950800747783e+02
-1.225691711650768667e+02
-8.897787792832893672e+01
-8.543879538359556136e+01
-1.233961201728589003e+02
-1.239118723808999505e+02
-1.160108412527884809e+02
-1.239422890997638547e+02
-1.239418272572528252e+02
-1.239422270322870503e+02
-1.239417135619656847e+02
-1.239422839708493882e+02
-1.239417944608791800e+02
-8.946208532001324443e+01
-1.153257384410882480e+02
-1.223979445281238014e+02
-1.239422889354917459e+02
-9.580992061616171895e+01
-1.239422800568793122e+02
-1.228062514290269718e+02
-1.180602091270333602e+02
-1.237584559570259728e+02
-1.120684364354541884e+02
-1.239423143426683112e+02
-1.182767057100931680e+02
-1.199087572463917581e+02
-1.222010700153538778e+02
-9.058014707523230413e+01
-1.209283613002656068e+02
-1.238496936251900280e+02
-1.239118914188003089e+02
-8.944878326282714909e+01
-1.061005241589178638e+02
-1.239101493559449949e+02
-1.239423097811031624e+02
-1.114108606531748507e+02
-1.239227484051263559e+02
-1.157484421615556158e+02
-1.185976541421156725e+02
-1.048149931407589719e+02
-1.202246569884558340e+02
-1.142317272393016339e+02
-1.040416305920446121e+02
-1.251434554632695892e+02
-8.981370938663232550e+01
-1.241099338467916482e+02
-1.251434450431969481e+02
-1.060568712241331610e+02
-1.104582341843059083e+02
-1.051668731862506689e+02
-1.251356979484358476e+02
-1.156521786559746801e+02
-1.251393895424630358e+02
-1.219516589694623008e+02
-8.727719251798394851e+01
-9.927173899339719298e+01
-1.234530401476994683e+02
-1.092751130081858690e+02
-1.251434133787916210e+02
-1.101325462954037846e+02
-1.173818483936746304e+02
-1.237042703976699585e+02
-8.727624302741054407e+01
-1.251430854153131094e+02
-9.041578531396766039e+01
-1.251434861709011415e+02
-1.008353807066211090e+02
-9.556072114982701748e+01
-1.251433964186084609e+02
-8.721039879782320270e+01
-1.251431667165468014e+02
-1.251419186537661830e+02
-1.232802534144667845e+02
-1.249198189019086414e+02
-9.425353500214441738e+01
-1.251434366782715415e+02
-1.251434707281902945e+02
-9.375527694010614255e+01
-1.247199455889821564e+02
-1.251425672778188130e+02
-1.163374103208552555e+02
-9.575375238819404444e+01
-1.091452958392020065e+02
-1.251274336594454297e+02
-1.251410092907170082e+02
-1.251372023082699911e+02
-1.250702987007050240e+02
-1.142672061080729975e+02
-9.629058551534868116e+01
-9.314727759664823736e+01
-1.251433377605965660e+02
-8.636198025065634454e+01
