-1.310946863295339710e+02
-1.330967074644846662e+02
-1.330968292504502699e+02
-9.131293482798464822e+01
-1.317650325847332624e+02
-1.330939672571056462e+02
-1.323330821788642595e+02
-1.328860921372877044e+02
-1.069207252203758571e+02
-1.330945986434874726e+02
-9.106429306779359933e+01
-9.208920701964279942e+01
-1.291533226993512073e+02
-1.299239431011461079e+02
-1.330792594220829983e+02
-1.308293511623863026e+02
-9.134108437927918089e+01
-1.329149152286651088e+02
-1.094075720517839017e+02
-1.329239488488912002e+02
-1.107916677109388388e+02
-1.330952858054179160e+02
-1.330965837404237959e+02
-1.311324947698323058e+02
-1.330968266003755502e+02
-1.330966144746339808e+02
-1.315476629758495619e+02
-1.159413011240449549e+02
-1.330967619582643238e+02
-1.330965457056730088e+02
-1.070514835394414916e+02
-1.240692699261215921e+02
-1.330962524000040332e+02
-9.640359359570777542e+01
-1.186417860244969376e+02
-1.272949043146724932e+02
-9.071705803588750427e+01
-1.330966573448984889e+02
-1.038515513551005824e+02
-1.330743699334945518e+02
-1.330966059027759343e+02
-1.219138709346209879e+02
-9.704924516619354335e+01
-1.319544302734439327e+02
-1.277542404795192255e+02
-1.021365446271118316e+02
-1.172295646047730884e+02
-1.330969550278238955e+02
-9.545082762853870406e+01
-1.330946090382923899e+02
-1.126565756340355478e+02
-9.365053310841220480e+01
-1.039240960071497994e+02
-1.017577878271009411e+02
-1.127977363479444506e+02
-1.278148022954837018e+02
-1.278401891466774316e+02
-1.041680402320259020e+02
-1.278092639379078861e+02
-1.025611038148778249e+02
-1.002005772316704224e+02
-1.008382584913790367e+02
-8.875510380098651808e+01
-1.262409201509711636e+02
-1.278400798182377258e+02
-1.278399688558844502e+02
-1.278269229669724041e+02
-1.041893171380191774e+02
-1.275301073150815228e+02
-1.275316494719146903e+02
-1.221585331211869345e+02
-9.733898454174540404e+01
-1.278400632109376431e+02
-1.278400136657580504e+02
-1.278400486041980173e+02
-9.077498622525328642e+01
-1.266707141739874061e+02
-1.174156023564800932e+02
-1.009760480787325889e+02
-8.994221111929202550e+01
-1.278052197882546466e+02
-1.270061458472149525e+02
-1.278353024765608978e+02
-8.890986340355074447e+01
-1.267924045217105231e+02
-1.235128650326767143e+02
-1.278400995750800746e+02
-1.277074747670786508e+02
-1.278400890548023057e+02
-1.278398377498926521e+02
-1.278397203365113484e+02
-9.384365309313037073e+01
-1.202893261263398017e+02
-1.278400652290783626e+02
-1.275931792699617233e+02
-8.946425589527785860e+01
-8.895560550434291258e+01
-1.278401443547980705e+02
-1.275450944995725706e+02
-1.191763507729807259e+02
-8.791059605126558552e+01
-8.571482793592753069e+01
-9.284963294392346711e+01
-1.114111652810652515e+02
-1.235614229059627291e+02
-1.036362144332603918e+02
-1.041355986807231062e+02
-1.212674391881829905e+02
-1.196648303999761254e+02
-1.232088924258570870e+02
-1.235603754892866704e+02
-1.235615184274248435e+02
-9.830843790384648173e+01
-9.737022704345821467e+01
-9.253983728451204627e+01
-1.233312531442137612e+02
-1.057686809257665175e+02
-1.235615112004952607e+02
-1.235613438379199494e+02
-1.235503272835442061e+02
-1.148188663946650081e+02
-9.848398001010646396e+01
-1.235538190284498370e+02
-1.235611485181010210e+02
-1.235093130037757874e+02
-1.207617587523827325e+02
-1.235615412000207129e+02
-1.049257308990160880e+02
-1.235351351317282678e+02
-1.232569425014849571e+02
-1.235393012455225090e+02
-1.235506901708613725e+02
-1.073814145566439890e+02
-9.471160050797998053e+01
-1.235613709093220507e+02
-8.865937326532163354e+01
-9.437599011309902153e+01
-8.589052300815885133e+01
-8.896930461781136046e+01
-1.198818416055252669e+02
-1.071582385771367711e+02
-1.235609587133630782e+02
-8.632403812008267607e+01
-1.235615254046873872e+02
-1.235615249368718906e+02
-1.048580044162426503e+02
-1.189533126059602495e+02
-8.802864097801140986e+01
-1.194487542142639569e+02
-1.235503517875264521e+02
-1.115210685699494491e+02
-1.239422356639963851e+02
-1.239422859660507896e+02
-1.123490520068335599e+02
-9.668490566678393350e+01
-1.048311201766539966e+02
-1.239422602642885778e+02
-1.239418621383671280e+02
-9.904188209582059699e+01
-1.239386654278074928e+02
-8.648301676933346016e+01
-1.239343834632173298e+02
-9.258599615574037500e+01
-8.879682205693897856e+01
-1.239370908615591560e+02
-1.239376298566367609e+02
-8.499160293876120420e+01
-1.239422928922148515e+02
-8.846802095102972885e+01
-1.016063225515333670e+02
-1.045545243277602196e+02
-1.239416814544533167e+02
-1.239293386883328196e+02
-1.235864266908189677e+02
-1.030706609789384203e+02
-1.239420607070987899e+02
-1.231660043812878911e+02
-1.110613641470925756e+02
-8.664216180446062765e+01
-1.239421727729446161e+02
-1.121367322848931991e+02
-1.239423217753393942e+02
-1.239344276298243415e+02
-8.946043437062492387e+01
-8.831943890605082004e+01
-1.239422364174652245e+02
-1.195849843618577779e+02
-1.238125753042312169e+02
-1.058535095545657896e+02
-1.239368224342048563e+02
-1.239410569819321637e+02
-1.118745642744131743e+02
-8.684405261285735378e+01
-1.239405437562513583e+02
-1.239104565246180272e+02
-1.239422151484103125e+02
-1.229983636679535550e+02
-1.235703605257523492e+02
-1.071082720893787439e+02
-1.239419791975592489e+02
-1.251366104237932433e+02
-1.251396569608229186e+02
-1.251413022708215408e+02
-1.251435679976272013e+02
-1.224515715828615470e+02
-9.248990576249676110e+01
-1.211002016048254148e+02
-1.123092742898012375e+02
-1.251430338871406605e+02
-1.142735031931679970e+02
-1.251410810504769842e+02
-9.209088662632321132e+01
-1.251433994769820544e+02
-1.235484445443187269e+02
-8.718182478127158674e+01
-1.251434651541864440e+02
-1.251434193155186847e+02
-1.251434587897256421e+02
-9.018009715311623609e+01
-1.251392612191976497e+02
-1.251433790524364724e+02
-8.774574142494437012e+01
-1.251432721476325867e+02
-8.851218242057900909e+01
-1.145200485455825117e+02
-1.058119231058842331e+02
-1.251433407484288551e+02
-1.251433894630177548e+02
-1.251430394047283698e+02
-1.251266220312535040e+02
-1.207831567360131402e+02
-8.873625221863385093e+01
-1.250340829305578154e+02
-8.813456243077631314e+01
-1.251412592898934122e+02
-1.251420701232812718e+02
-1.241315650683327334e+02
-1.251167751443713172e+02
-9.623126668836373199e+01
-1.199403361643648793e+02
-1.127901922617391222e+02
-1.139191703389516306e+02
-9.441378026889239550e+01
-1.232685745494701308e+02
-1.236269751440305384e+02
-9.197888127683161485e+01
-1.206860376517583973e+02
-1.176414398668417078e+02
-1.251434331304615881e+02
-1.251421668911851128e+02
