-9.656263700837619979e+01
-1.080807415984146758e+02
-1.330964238975402054e+02
-1.330966665552467134e+02
-1.327881496019429619e+02
-1.330975735462547505e+02
-1.254154468598125192e+02
-1.163819335648299358e+02
-1.330954518515150937e+02
-9.081445439562288868e+01
-1.324733332214947836e+02
-1.065916473970824683e+02
-1.330961387248101744e+02
-1.330768835759084254e+02
-1.120966047644968739e+02
-1.330960111138758464e+02
-1.330856920497816134e+02
-9.040490708370741402e+01
-1.330955267900199033e+02
-1.164465306389701880e+02
-1.330965578330350638e+02
-1.066495482271724313e+02
-1.330900552336683518e+02
-1.146327861150388827e+02
-1.330968109224255898e+02
-1.329291936739692517e+02
-1.330893386260075886e+02
-1.328034234753303053e+02
-1.116328364290652928e+02
-1.330947735013626811e+02
-1.330967985524047776e+02
-1.330501943958003324e+02
-1.330968797549094802e+02
-1.330968182132184268e+02
-1.330964045693484081e+02
-1.330968515557296428e+02
-1.148735255407234774e+02
-1.140655643667028727e+02
-1.330866885066103009e+02
-1.304379813367858674e+02
-1.330969181126634737e+02
-1.255248550695066854e+02
-1.094642732408761248e+02
-1.330967755244494413e+02
-1.330899316317899377e+02
-1.330953111212022009e+02
-1.330879400043464784e+02
-1.293906728536147739e+02
-1.243895776632464134e+02
-1.330602113748125532e+02
-1.274859983857584638e+02
-1.075693898043923014e+02
-1.043285485716232586e+02
-1.278399907862524572e+02
-1.113165172919063650e+02
-1.263526041253103926e+02
-8.878473627203791807e+01
-1.239283463314954759e+02
-9.411399402015577209e+01
-1.278400473232025831e+02
-9.341602817791223856e+01
-1.278401397081874791e+02
-1.036384453656817186e+02
-1.144389259693435719e+02
-1.278378045415248465e+02
-1.206144861857338952e+02
-1.100855952785009890e+02
-1.176861158736352877e+02
-1.278399373603043898e+02
-9.400015172004559361e+01
-8.798695616231169936e+01
-1.080821792323281016e+02
-1.127276045706738046e+02
-1.278402967683772715e+02
-9.212955841832406634e+01
-1.278218803428478338e+02
-8.825626811809824801e+01
-1.277713121786764106e+02
-1.278400452707217738e+02
-9.242562027907705158e+01
-9.508519314238817799e+01
-1.172991646145549822e+02
-1.278376104866370895e+02
-1.178712945464013444e+02
-8.869774812249190177e+01
-1.278380601485997801e+02
-1.146016784820563288e+02
-1.221578928377017945e+02
-1.264646803139442284e+02
-1.273976072488306670e+02
-1.275123233761604951e+02
-1.278399978572251285e+02
-1.256076090900340176e+02
-1.277626254040894906e+02
-1.004856863120994888e+02
-9.347040289359661358e+01
-1.158078522564312038e+02
-1.210550666061926677e+02
-1.278399494691619083e+02
-1.278400278956749077e+02
-1.235615512800594331e+02
-9.125618952835071696e+01
-1.156771828983462029e+02
-9.574519535936877901e+01
-8.811386275711082305e+01
-1.119106844804850169e+02
-1.138587464441877870e+02
-1.235609133525412915e+02
-1.233786641413420853e+02
-1.235615118625991329e+02
-1.058177527533719910e+02
-1.235604461782833283e+02
-1.235611918585745883e+02
-1.235611023880564403e+02
-1.076578633824422582e+02
-9.438645903357189582e+01
-1.217989108907162574e+02
-1.235606375002152362e+02
-9.521343261464855345e+01
-1.105216386923373335e+02
-1.221990142075900110e+02
-1.234646327250845275e+02
-1.234631485075802857e+02
-1.235609738890661333e+02
-1.235616091980750895e+02
-1.152595463821113384e+02
-8.694078776718087909e+01
-9.234316303195281250e+01
-1.235615574408604118e+02
-1.235612762952931405e+02
-9.058203765856556799e+01
-1.132407144644684394e+02
-1.144973388336531173e+02
-1.175266652977787061e+02
-8.718875442400096176e+01
-1.230474066939593030e+02
-9.492968165398346514e+01
-1.202358970727335503e+02
-1.057039839202916056e+02
-1.235614979196023171e+02
-8.706739396950297305e+01
-1.235614893684443132e+02
-1.235615165930797730e+02
-1.231262659813209552e+02
-9.317447240885796589e+01
-1.208004156522647321e+02
-1.232472654093416367e+02
-1.235599736786453775e+02
-1.235563429606792596e+02
-1.235596721494840722e+02
-8.514402054543349152e+01
-1.168262572280053746e+02
-1.077836397443627590e+02
-1.221581824609947660e+02
-1.226595719377821609e+02
-1.101443023115257489e+02
-1.211452435236731731e+02
-1.229817071315540460e+02
-1.239365016117945970e+02
-8.690424265278124949e+01
-1.239422990277340801e+02
-1.232691879833070630e+02
-1.019386357433605923e+02
-1.170115208540535718e+02
-1.167144799578067023e+02
-9.771343327835153048e+01
-9.769639948510973682e+01
-1.238594736722332215e+02
-8.595760195949354454e+01
-1.237659453472909661e+02
-1.239363447341558953e+02
-1.239237148264533914e+02
-1.239423433932384171e+02
-1.239422978778866025e+02
-1.239400990471007447e+02
-8.489722751523015631e+01
-8.647018587876713980e+01
-8.808111780424709991e+01
-9.467939072111690280e+01
-9.833278974585202548e+01
-1.239422149477102266e+02
-1.054739980461105233e+02
-9.666962367256093103e+01
-8.633618198464650106e+01
-1.123316450631374011e+02
-1.239422646660983247e+02
-1.237736136023037687e+02
-1.239422501999184902e+02
-9.924174857418979911e+01
-1.239422733653368027e+02
-1.239184761056049808e+02
-1.239422786632203781e+02
-1.236515366743704050e+02
-1.239422768559961412e+02
-9.460715446205932722e+01
-8.610590813687686307e+01
-1.239412096050444916e+02
-1.239297439110810046e+02
-1.158130756069615899e+02
-1.239422303420055584e+02
-8.756404808709859822e+01
-1.251423348156975806e+02
-1.234482741270152957e+02
-1.251363948636970491e+02
-1.247166300622412081e+02
-1.071345034916923566e+02
-1.251434568434019781e+02
-1.251432652653637660e+02
-1.000578484771621959e+02
-1.237675421032472940e+02
-9.163930458230828435e+01
-1.112513662416809694e+02
-1.249706445369248797e+02
-1.085361209536719116e+02
-1.145085201908140533e+02
-1.130223604811918960e+02
-1.251178461520181031e+02
-9.436239275724091158e+01
-8.927271694178337214e+01
-9.008074537527851078e+01
-9.168258795791327032e+01
-1.139879668292457069e+02
-1.251358275526291948e+02
-1.246756003587212547e+02
-9.590696265146067390e+01
-1.251422565703669960e+02
-1.189197067938979444e+02
-8.789558720824497584e+01
-1.251434002836142412e+02
-1.239868473519741769e+02
-9.271618164817375884e+01
-1.187854329845985575e+02
-8.886461615810782178e+01
-1.251434208159601695e+02
-1.210231960087923682e+02
-8.645547847741948999e+01
-1.123548767580696790e+02
-1.251431884772554923e+02
-1.250782722520492172e+02
-1.251342275341831680e+02
-8.818107520511880182e+01
-1.208597507190342242e+02
-1.251434989299881977e+02
-1.240737692685663234e+02
-1.250718778852751427e+02
-8.937645729810772366e+01
-1.251428616127489732e+02
-1.251434317742448030e+02
-1.230878087503306944e+02
-9.395127769540795271e+01
