-1.315249532946719739e+02
-1.330959531342076332e+02
-1.298538380272193251e+02
-1.301841210687214243e+02
-1.219620266328454790e+02
-1.330965751162286210e+02
-1.330955360527775042e+02
-1.330963746914588910e+02
-1.330898235729812598e+02
-1.330968345890123601e+02
-1.197165409962230882e+02
-1.330927916783611522e+02
-1.330968357866720737e+02
-1.330857850796178923e+02
-1.140482133243163787e+02
-1.156687325613779791e+02
-1.296366840162344829e+02
-1.330966235701322660e+02
-1.084862104384590111e+02
-1.330967719775544253e+02
-1.330941883047766225e+02
-1.275690268752436793e+02
-1.266403539322355840e+02
-9.119528026609373228e+01
-1.327351790824713191e+02
-1.330966775291281010e+02
-1.158926243549157391e+02
-1.330966315640407913e+02
-1.330953452389118752e+02
-1.126445630257451711e+02
-1.330515129422148561e+02
-1.109314808209382477e+02
-1.318070721073921163e+02
-1.330965089521803009e+02
-1.076646641825501405e+02
-1.295157841539572985e+02
-1.080859137752392627e+02
-1.145078250809821014e+02
-1.330968326623389260e+02
-1.330962544411689805e+02
-1.330967533666978966e+02
-1.158172810478567811e+02
-1.092830553645865166e+02
-1.330967932137161824e+02
-1.328600841941124600e+02
-1.329651242767512827e+02
-1.330968147734980960e+02
-1.140857345910005591e+02
-9.104814263831886478e+01
-1.330964215816902936e+02
-1.278399232158826919e+02
-9.041784357173726505e+01
-1.278340380770110585e+02
-1.235155682284211167e+02
-1.124468262589305851e+02
-1.278395496969386471e+02
-1.184651974919780741e+02
-1.047801162173087164e+02
-1.278392588892528465e+02
-1.020288591789882275e+02
-1.278401874458825063e+02
-1.267518891295815706e+02
-1.278400739458499231e+02
-1.018083164212028038e+02
-9.434344261417518851e+01
-1.278398446252886771e+02
-1.278400035372483643e+02
-1.230182835157398955e+02
-1.278400403052042122e+02
-1.277053382549980967e+02
-8.879208372051988363e+01
-1.060910870038629099e+02
-8.950823925715434370e+01
-1.278400610094131622e+02
-8.825328480841598378e+01
-1.278359261788616408e+02
-1.249623415500410175e+02
-1.189283407525829830e+02
-1.275512644241250797e+02
-1.278400673093112943e+02
-1.278398773121677010e+02
-8.994303754603424750e+01
-1.278362959045328893e+02
-9.647436139937636312e+01
-1.277187038838182076e+02
-1.247769910511041616e+02
-1.237964049010906677e+02
-1.278061199759630711e+02
-1.277921337566393163e+02
-1.026162687196085841e+02
-1.278400682844639675e+02
-1.278400851818833246e+02
-1.051701120448286702e+02
-9.201240658856110599e+01
-8.866148505472357044e+01
-1.275262074161308306e+02
-1.278401636520607667e+02
-1.275886786279411496e+02
-1.272351304211765779e+02
-1.025682543807304086e+02
-1.235550536478107233e+02
-9.518720235849592370e+01
-1.001183435636786356e+02
-1.235605208595832067e+02
-1.234961903556158944e+02
-1.214950611264707305e+02
-9.398837230586374858e+01
-1.233706662145134914e+02
-9.307745256606138184e+01
-1.235614354362460858e+02
-1.136646059588769759e+02
-1.136861618678102701e+02
-1.059952872685367282e+02
-9.974195051974776050e+01
-1.207625736307078199e+02
-1.235410981987576093e+02
-1.234254609982656348e+02
-1.234679527286342875e+02
-1.235211447628451538e+02
-1.235615781900236669e+02
-1.235427469555237678e+02
-9.429583791964824968e+01
-1.222537002331579288e+02
-1.235617036939343336e+02
-1.235079405215787460e+02
-1.224980955309203949e+02
-1.149285092072183261e+02
-1.061360488406607203e+02
-1.199602503729914957e+02
-1.235615031380741868e+02
-1.235615140467924249e+02
-1.235615184016063637e+02
-1.235426464483071243e+02
-1.235615316046450403e+02
-1.172095701852509535e+02
-1.101729304378815186e+02
-9.364353199009994455e+01
-1.235602856077465503e+02
-1.156645760049928953e+02
-1.235541129315751050e+02
-1.235121293832524287e+02
-1.235318780013819264e+02
-9.146234581330909919e+01
-1.230814595009555461e+02
-9.781484774400422566e+01
-1.234668581081519392e+02
-1.208099647576730291e+02
-1.011458245356883623e+02
-8.713017784283411515e+01
-1.069553488146254665e+02
-1.164515122199825754e+02
-1.239422900404770047e+02
-8.477285452025722634e+01
-1.090681758029249977e+02
-1.239418053212919801e+02
-1.239421616752969868e+02
-1.239406906573469485e+02
-9.817590238791990487e+01
-1.239097557427966336e+02
-9.006400156625218756e+01
-1.227448651067532381e+02
-1.226780167403814374e+02
-1.239142486500905136e+02
-1.224095670155482622e+02
-1.238972895797761993e+02
-1.239195394574678772e+02
-1.239421782205190965e+02
-1.239422942634020046e+02
-1.206496863248055433e+02
-8.747346654098632257e+01
-1.090738285424932599e+02
-8.658440476006636288e+01
-9.518538399425908381e+01
-1.237946247573518548e+02
-1.227019558671969435e+02
-1.236120457244336279e+02
-1.126704726539555566e+02
-1.239421832740588201e+02
-8.902575536163037384e+01
-1.239422555948484330e+02
-1.115955302532027957e+02
-1.238953615755616653e+02
-8.612965187029099923e+01
-1.052720419498860167e+02
-1.044982000856440578e+02
-1.200971060184432986e+02
-8.984733734844029129e+01
-8.647534650275156309e+01
-8.502247540807972825e+01
-1.222121675008758075e+02
-9.949576222034019679e+01
-1.215692707237383274e+02
-1.128235358908630275e+02
-1.232141672702442179e+02
-9.340636934783320555e+01
-1.239422845471099208e+02
-1.046378298685769721e+02
-1.239293248925657878e+02
-9.654618247800593167e+01
-1.239418346912554796e+02
-1.248586331873626563e+02
-1.251431713837485802e+02
-1.020258253378325151e+02
-1.201654667047720864e+02
-1.251434347619976535e+02
-1.215866668282225191e+02
-9.947854127737055308e+01
-1.106618081515379686e+02
-1.251416227299235686e+02
-1.251354431713990465e+02
-1.247466760040364591e+02
-1.251432943114817675e+02
-1.180999487044074101e+02
-1.251434316763146484e+02
-8.784220774208557714e+01
-1.249659262950941070e+02
-1.251297633840209755e+02
-1.251325915498326538e+02
-1.244304563667961645e+02
-1.167152800975498081e+02
-9.135709656636441878e+01
-1.075389689727489895e+02
-1.063765656804956734e+02
-1.251434521838300071e+02
-1.143428377425312732e+02
-1.251431044267723252e+02
-1.186260849071602053e+02
-1.215870346698342530e+02
-9.670698763482810989e+01
-1.049132549062301365e+02
-1.143971080095467414e+02
-8.812486943042229370e+01
-1.250147021873860780e+02
-1.155235742812224231e+02
-1.250768689962730207e+02
-1.242505714918824395e+02
-1.231326923864188672e+02
-1.066212011927063230e+02
-1.251433771773903629e+02
-1.251434430954008405e+02
-1.230102230688138860e+02
-1.251353808669498449e+02
-1.056163937671987583e+02
-1.239771709217708064e+02
-1.221168282002545169e+02
-1.251434378442300783e+02
-1.251434399388118095e+02
-9.697932351671592244e+01
-1.247267876813612446e+02
-1.251425949623423719e+02
