5.713709792145605926e-01 9.466149259090664847e-01 4.000000000000000000e+00 1.910000000000000000e+02 0.000000000000000000e+00
7.200429097989761162e-01 7.230945880462379405e-01 1.900000000000000000e+01 1.810000000000000000e+02 0.000000000000000000e+00
8.389007486606391284e-01 1.209413824877830113e+00 1.400000000000000000e+01 1.410000000000000000e+02 0.000000000000000000e+00
5.129846926909067406e-01 7.487084011085859414e-01 8.000000000000000000e+00 1.930000000000000000e+02 0.000000000000000000e+00
8.517063684806562840e-01 2.925665630839561215e-01 1.000000000000000000e+01 6.000000000000000000e+00 0.000000000000000000e+00
3.221688443448430528e-01 1.307674147153748745e+00 1.900000000000000000e+01 1.090000000000000000e+02 0.000000000000000000e+00
4.139246027138923090e-01 6.261167166387261451e-01 1.300000000000000000e+01 1.230000000000000000e+02 0.000000000000000000e+00
6.464508751318348567e-01 1.216198478848754816e-01 1.000000000000000000e+01 9.000000000000000000e+00 0.000000000000000000e+00
5.704591054479338785e-01 2.940909098664058474e-01 1.400000000000000000e+01 1.710000000000000000e+02 0.000000000000000000e+00
4.099915833570889623e-01 2.060846916879877533e+00 1.100000000000000000e+01 4.500000000000000000e+01 0.000000000000000000e+00
9.629092386509642276e-01 1.376582449670831654e+00 9.000000000000000000e+00 1.480000000000000000e+02 0.000000000000000000e+00
8.193145346775985161e-01 1.687405401286226958e+00 2.000000000000000000e+00 8.700000000000000000e+01 0.000000000000000000e+00
6.654161651515330123e-01 1.518967724901161498e+00 7.000000000000000000e+00 6.300000000000000000e+01 0.000000000000000000e+00
2.886137842349533605e-02 1.898004873940725368e+00 8.000000000000000000e+00 3.900000000000000000e+01 0.000000000000000000e+00
2.249307837126597320e-01 8.183030314463567434e-01 2.000000000000000000e+01 4.200000000000000000e+01 0.000000000000000000e+00
5.785117668931086810e-01 1.263148527848825919e+00 6.000000000000000000e+00 1.840000000000000000e+02 0.000000000000000000e+00
6.423564357915854117e-01 1.191330808058369106e+00 1.000000000000000000e+00 4.100000000000000000e+01 0.000000000000000000e+00
7.999810840882739527e-01 4.120806166771525669e-01 8.000000000000000000e+00 5.000000000000000000e+00 0.000000000000000000e+00
6.827744435938889467e-01 6.747930653221055897e-01 1.000000000000000000e+00 3.800000000000000000e+01 0.000000000000000000e+00
9.165352221212318407e-01 1.259582934102948082e+00 1.600000000000000000e+01 3.400000000000000000e+01 0.000000000000000000e+00
2.038452890238657833e-01 1.280521648615759178e-01 8.000000000000000000e+00 1.160000000000000000e+02 0.000000000000000000e+00
1.909966261773492491e-01 1.221069707592966402e+00 3.000000000000000000e+00 1.200000000000000000e+02 0.000000000000000000e+00
5.502349715781512662e-01 9.104351483747977758e-01 1.600000000000000000e+01 1.450000000000000000e+02 0.000000000000000000e+00
9.646930764076430131e-01 6.121931511305028772e-01 5.000000000000000000e+00 1.000000000000000000e+00 0.000000000000000000e+00
8.531850481881613213e-01 3.746907301303107340e-01 1.300000000000000000e+01 9.500000000000000000e+01 0.000000000000000000e+00
9.198447281957714550e-01 1.369095828155995287e+00 1.400000000000000000e+01 1.520000000000000000e+02 0.000000000000000000e+00
9.129536269358073941e-01 1.991064861937408281e+00 1.000000000000000000e+00 1.800000000000000000e+01 0.000000000000000000e+00
2.764400284781354245e-01 1.761956483715834132e+00 6.000000000000000000e+00 1.570000000000000000e+02 0.000000000000000000e+00
4.777226338918895143e-01 1.004289437787440731e+00 1.200000000000000000e+01 1.400000000000000000e+02 0.000000000000000000e+00
2.174485041333048541e-01 1.860249917659443364e+00 5.000000000000000000e+00 1.760000000000000000e+02 0.000000000000000000e+00
5.692418735042912292e-01 3.539007914799271459e-01 1.500000000000000000e+01 1.840000000000000000e+02 0.000000000000000000e+00
9.141262626679945713e-01 6.131139385400378172e-01 2.000000000000000000e+00 4.700000000000000000e+01 0.000000000000000000e+00
8.478662018657392441e-01 1.215989045820919490e+00 6.000000000000000000e+00 1.420000000000000000e+02 0.000000000000000000e+00
6.351306405184016235e-01 1.066434491895217607e-01 5.000000000000000000e+00 1.830000000000000000e+02 0.000000000000000000e+00
7.456634790734809615e-01 7.282275143043696053e-01 1.800000000000000000e+01 7.000000000000000000e+00 0.000000000000000000e+00
6.213630718563133426e-01 4.527380706096361118e-01 1.500000000000000000e+01 8.100000000000000000e+01 0.000000000000000000e+00
8.320503751384173974e-01 2.058457251354270046e+00 9.000000000000000000e+00 5.000000000000000000e+01 0.000000000000000000e+00
2.665200660106146202e-01 2.051087876319368508e+00 8.000000000000000000e+00 1.980000000000000000e+02 0.000000000000000000e+00
1.991701388975857245e-01 2.247548651075332027e-01 7.000000000000000000e+00 2.200000000000000000e+01 0.000000000000000000e+00
1.664588670315777508e-01 7.794970805625237587e-01 1.500000000000000000e+01 3.400000000000000000e+01 0.000000000000000000e+00
2.899028522548895842e-02 9.688333337446760618e-01 6.000000000000000000e+00 9.700000000000000000e+01 0.000000000000000000e+00
4.195147055119838875e-01 3.845388804386317139e-01 1.100000000000000000e+01 1.750000000000000000e+02 0.000000000000000000e+00
1.005902237256017573e+00 1.327468533212084356e+00 3.000000000000000000e+00 3.100000000000000000e+01 0.000000000000000000e+00
4.244900986987605318e-01 2.073499009492033363e+00 1.200000000000000000e+01 1.960000000000000000e+02 0.000000000000000000e+00
8.768294166989524241e-01 1.905534809649198635e+00 1.000000000000000000e+01 9.500000000000000000e+01 0.000000000000000000e+00
5.032251568820867993e-01 1.360567066730175911e+00 1.000000000000000000e+01 1.990000000000000000e+02 0.000000000000000000e+00
6.291441746425872894e-02 1.695849697972884096e+00 8.000000000000000000e+00 1.260000000000000000e+02 0.000000000000000000e+00
5.183203563845932837e-01 1.956034071075587910e+00 1.000000000000000000e+00 1.970000000000000000e+02 0.000000000000000000e+00
1.682305581911657660e-02 1.471779123821299828e+00 1.800000000000000000e+01 4.700000000000000000e+01 0.000000000000000000e+00
4.738053092530274402e-01 1.886083684989559472e+00 1.500000000000000000e+01 1.990000000000000000e+02 0.000000000000000000e+00
4.673450915483786661e-01 8.692634780849771703e-01 6.000000000000000000e+00 1.750000000000000000e+02 1.000000000000000000e+00
8.727137455050293369e-01 1.504537873320219266e+00 1.100000000000000000e+01 1.770000000000000000e+02 1.000000000000000000e+00
4.918022462064085554e-01 1.356545868963624779e-01 1.000000000000000000e+00 1.500000000000000000e+01 1.000000000000000000e+00
3.176998573874731946e-01 3.993289783634669243e-01 9.000000000000000000e+00 6.900000000000000000e+01 1.000000000000000000e+00
3.431470666816071463e-02 7.551496062565702383e-01 1.100000000000000000e+01 1.350000000000000000e+02 1.000000000000000000e+00
6.559525042267110029e-02 1.106748383912267375e+00 1.300000000000000000e+01 1.940000000000000000e+02 1.000000000000000000e+00
2.068810689895224098e-01 1.117583522811120389e+00 1.100000000000000000e+01 1.640000000000000000e+02 1.000000000000000000e+00
6.459939128754128568e-01 1.402480714998500133e+00 1.000000000000000000e+01 3.700000000000000000e+01 1.000000000000000000e+00
4.462213456673724127e-02 3.512480378482326637e-01 1.900000000000000000e+01 1.710000000000000000e+02 1.000000000000000000e+00
1.994368917217117509e-01 9.784146892451207611e-01 6.000000000000000000e+00 1.930000000000000000e+02 1.000000000000000000e+00
6.201508823225873046e-01 1.939610678443475011e+00 1.100000000000000000e+01 1.490000000000000000e+02 1.000000000000000000e+00
2.590859350287046947e-01 9.179840778385252031e-01 3.000000000000000000e+00 1.270000000000000000e+02 1.000000000000000000e+00
3.066083064988472939e-01 1.650528787255245877e+00 1.300000000000000000e+01 2.200000000000000000e+01 1.000000000000000000e+00
1.548507352126510250e-01 3.530359903103216235e-01 5.000000000000000000e+00 1.020000000000000000e+02 1.000000000000000000e+00
9.195219499867319790e-01 1.232178061947054148e+00 1.300000000000000000e+01 1.300000000000000000e+01 1.000000000000000000e+00
6.650765185870761709e-01 1.820181970041782282e+00 1.900000000000000000e+01 1.950000000000000000e+02 1.000000000000000000e+00
6.401914008745980267e-01 5.445361264078626418e-01 1.300000000000000000e+01 4.600000000000000000e+01 1.000000000000000000e+00
9.828918131983304107e-01 1.260630442659961270e+00 9.000000000000000000e+00 8.800000000000000000e+01 1.000000000000000000e+00
5.248814339258727202e-01 1.796961510673961426e-01 7.000000000000000000e+00 2.600000000000000000e+01 1.000000000000000000e+00
6.944175215547117030e-01 5.689365185978946249e-01 2.000000000000000000e+01 9.800000000000000000e+01 1.000000000000000000e+00
1.160234916979414471e-01 1.157611191799692296e+00 5.000000000000000000e+00 1.610000000000000000e+02 1.000000000000000000e+00
8.254299566143946665e-01 9.900756261159587845e-01 3.000000000000000000e+00 4.100000000000000000e+01 1.000000000000000000e+00
9.532903457115433632e-01 1.179566734017642560e+00 2.000000000000000000e+00 1.990000000000000000e+02 1.000000000000000000e+00
4.144298341021190185e-02 1.915635989472928902e+00 9.000000000000000000e+00 1.330000000000000000e+02 1.000000000000000000e+00
3.829453116745141772e-01 5.047031139172187819e-01 4.000000000000000000e+00 1.130000000000000000e+02 1.000000000000000000e+00
1.858423691430612923e-01 9.958713494210161832e-01 1.500000000000000000e+01 1.810000000000000000e+02 1.000000000000000000e+00
1.303094599165256495e-01 6.729365472077842858e-01 3.000000000000000000e+00 1.310000000000000000e+02 1.000000000000000000e+00
9.235585651469213619e-01 1.987132898800656466e+00 1.400000000000000000e+01 1.450000000000000000e+02 1.000000000000000000e+00
4.352458717070272209e-01 2.118173870007095394e-01 2.000000000000000000e+00 7.600000000000000000e+01 1.000000000000000000e+00
5.937774591911941791e-01 1.275445502553364863e+00 1.000000000000000000e+00 5.100000000000000000e+01 1.000000000000000000e+00
8.805216941276038378e-01 1.677423366629077650e+00 9.000000000000000000e+00 1.630000000000000000e+02 1.000000000000000000e+00
1.775917319079705070e-01 7.273060800828302641e-01 1.400000000000000000e+01 2.100000000000000000e+01 1.000000000000000000e+00
7.333015099994858454e-01 1.791013028399023321e+00 1.300000000000000000e+01 1.650000000000000000e+02 1.000000000000000000e+00
5.325667895271773977e-01 8.861185874490268288e-01 1.000000000000000000e+01 1.220000000000000000e+02 1.000000000000000000e+00
7.127659951094976742e-01 1.305685024892677459e+00 1.600000000000000000e+01 5.900000000000000000e+01 1.000000000000000000e+00
8.317313230642665589e-01 1.761704568743149846e+00 1.000000000000000000e+01 4.700000000000000000e+01 1.000000000000000000e+00
9.216424159762536261e-01 1.632525348079511218e+00 2.000000000000000000e+00 1.190000000000000000e+02 1.000000000000000000e+00
2.683246527734018949e-01 3.532419946440624736e-01 1.200000000000000000e+01 2.200000000000000000e+01 1.000000000000000000e+00
9.408848475197399974e-01 1.235234551281433557e+00 1.300000000000000000e+01 5.200000000000000000e+01 1.000000000000000000e+00
7.295873200821667570e-01 2.006892266161482308e+00 6.000000000000000000e+00 1.170000000000000000e+02 1.000000000000000000e+00
9.247052683646973525e-01 1.643473640559652171e+00 8.000000000000000000e+00 1.330000000000000000e+02 1.000000000000000000e+00
1.805726307626364102e-01 2.632960203735720262e-01 1.900000000000000000e+01 1.280000000000000000e+02 1.000000000000000000e+00
2.293176908348568688e-01 1.656682036842765271e+00 1.600000000000000000e+01 9.400000000000000000e+01 1.000000000000000000e+00
1.078293158694529769e-01 2.094304863863547084e+00 4.000000000000000000e+00 1.490000000000000000e+02 1.000000000000000000e+00
6.657490926190492431e-01 1.419377024732050518e+00 1.400000000000000000e+01 8.700000000000000000e+01 1.000000000000000000e+00
3.686242198120237568e-01 1.428163448370826372e-01 1.900000000000000000e+01 1.320000000000000000e+02 1.000000000000000000e+00
3.277274669110311622e-01 1.644612960377382915e+00 3.000000000000000000e+00 6.300000000000000000e+01 1.000000000000000000e+00
6.093327712569501786e-01 7.156560448253396212e-01 1.100000000000000000e+01 1.260000000000000000e+02 1.000000000000000000e+00
9.111887565386661558e-01 9.986890978251111717e-01 1.500000000000000000e+01 1.110000000000000000e+02 1.000000000000000000e+00
3.141117782098467037e-01 2.000675976824965174e-01 1.000000000000000000e+00 8.200000000000000000e+01 1.000000000000000000e+00
2.258281371168286977e-01 5.134733684645530483e-01 2.000000000000000000e+01 8.600000000000000000e+01 2.000000000000000000e+00
8.888446344461194970e-01 1.052464635867826459e+00 8.000000000000000000e+00 1.380000000000000000e+02 2.000000000000000000e+00
7.904904780412863596e-01 1.513594707661236827e+00 1.200000000000000000e+01 1.480000000000000000e+02 2.000000000000000000e+00
3.249076893724143211e-01 1.960208708502361452e-01 1.800000000000000000e+01 1.730000000000000000e+02 2.000000000000000000e+00
7.822599144406411353e-01 8.909480832548032359e-01 8.000000000000000000e+00 1.910000000000000000e+02 2.000000000000000000e+00
6.174102677787716154e-01 2.223252974778088531e-01 1.100000000000000000e+01 1.060000000000000000e+02 2.000000000000000000e+00
9.427774347719817261e-01 1.245897417019960152e+00 3.000000000000000000e+00 8.000000000000000000e+01 2.000000000000000000e+00
4.704035537526219946e-01 1.562534877301821057e+00 7.000000000000000000e+00 1.270000000000000000e+02 2.000000000000000000e+00
1.761083586438826759e-02 1.041400631421905310e+00 7.000000000000000000e+00 9.700000000000000000e+01 2.000000000000000000e+00
8.636660211751402416e-01 2.666724875179072862e-01 1.000000000000000000e+00 1.770000000000000000e+02 2.000000000000000000e+00
8.729971251299596391e-01 1.038548653975953195e+00 1.300000000000000000e+01 1.120000000000000000e+02 2.000000000000000000e+00
4.239822763253563859e-02 9.840962864447649894e-01 6.000000000000000000e+00 1.160000000000000000e+02 2.000000000000000000e+00
7.404009589951912051e-01 1.463377045436623725e+00 1.300000000000000000e+01 1.000000000000000000e+01 2.000000000000000000e+00
5.982157225060598105e-01 1.748437922709505932e+00 2.000000000000000000e+00 1.780000000000000000e+02 2.000000000000000000e+00
6.220143558081664414e-01 1.326844410319049317e+00 7.000000000000000000e+00 1.770000000000000000e+02 2.000000000000000000e+00
7.559690944138901525e-01 2.090441394420800292e-01 1.700000000000000000e+01 8.400000000000000000e+01 2.000000000000000000e+00
8.756270842632454254e-01 2.064428301297612567e+00 2.000000000000000000e+00 1.320000000000000000e+02 2.000000000000000000e+00
9.056957282533352194e-01 1.806802563044229037e+00 7.000000000000000000e+00 1.600000000000000000e+01 2.000000000000000000e+00
4.821630204605216186e-01 1.333932841099161548e+00 2.000000000000000000e+01 1.940000000000000000e+02 2.000000000000000000e+00
7.691872602923997826e-02 8.927635973326172314e-01 3.000000000000000000e+00 1.870000000000000000e+02 2.000000000000000000e+00
2.883961824430835569e-02 1.050741538018808319e+00 1.000000000000000000e+01 9.000000000000000000e+00 2.000000000000000000e+00
5.975741990993317376e-01 7.504388525914588159e-01 2.000000000000000000e+01 4.400000000000000000e+01 2.000000000000000000e+00
7.906817027845937096e-01 1.763136385419661556e+00 2.000000000000000000e+00 1.330000000000000000e+02 2.000000000000000000e+00
8.416793502676555017e-01 1.620344926480030479e+00 8.000000000000000000e+00 1.740000000000000000e+02 2.000000000000000000e+00
3.873272209462466087e-01 2.635723317489141460e-01 8.000000000000000000e+00 7.700000000000000000e+01 2.000000000000000000e+00
1.363361723385535761e-02 3.881455362383129382e-01 1.200000000000000000e+01 1.890000000000000000e+02 2.000000000000000000e+00
6.415409865899539543e-01 1.900382761790935016e+00 4.000000000000000000e+00 1.470000000000000000e+02 2.000000000000000000e+00
3.390371751985976623e-01 1.299477458476614222e+00 2.000000000000000000e+00 1.510000000000000000e+02 2.000000000000000000e+00
4.873310197312061831e-01 1.451704434842385094e+00 6.000000000000000000e+00 1.880000000000000000e+02 2.000000000000000000e+00
6.023919927287627596e-01 2.345467001457263445e-01 1.000000000000000000e+01 1.930000000000000000e+02 2.000000000000000000e+00
3.707687389170111203e-01 1.654701134105736715e+00 3.000000000000000000e+00 1.230000000000000000e+02 2.000000000000000000e+00
4.059285214128205421e-01 1.861686485847396710e+00 9.000000000000000000e+00 1.630000000000000000e+02 2.000000000000000000e+00
4.349130414838440206e-01 5.330165078099299292e-01 1.500000000000000000e+01 1.090000000000000000e+02 2.000000000000000000e+00
3.364520030285891306e-01 5.654990287883198130e-01 9.000000000000000000e+00 1.020000000000000000e+02 2.000000000000000000e+00
1.015124823720112562e-01 3.289785607024021674e-01 1.600000000000000000e+01 4.000000000000000000e+00 2.000000000000000000e+00
8.243891367293877392e-01 9.765606545710866504e-01 5.000000000000000000e+00 1.500000000000000000e+01 2.000000000000000000e+00
2.075501661213413618e-01 1.260897882251099889e+00 4.000000000000000000e+00 1.570000000000000000e+02 2.000000000000000000e+00
2.968798952284777970e-01 1.982553010999891674e+00 1.300000000000000000e+01 1.870000000000000000e+02 2.000000000000000000e+00
8.720882657914105218e-01 7.757224775470527023e-01 4.000000000000000000e+00 3.800000000000000000e+01 2.000000000000000000e+00
5.979621948943535797e-02 1.079021360012252684e+00 7.000000000000000000e+00 1.090000000000000000e+02 2.000000000000000000e+00
3.107683180602411888e-01 5.726338566655752027e-01 3.000000000000000000e+00 8.000000000000000000e+00 2.000000000000000000e+00
5.712605339849922137e-01 4.854648692246815722e-01 1.100000000000000000e+01 3.800000000000000000e+01 2.000000000000000000e+00
1.951554680993926594e-01 2.369488899938065052e-01 1.000000000000000000e+00 2.000000000000000000e+00 2.000000000000000000e+00
8.113136983438554717e-01 1.284700172400090379e+00 3.000000000000000000e+00 1.470000000000000000e+02 2.000000000000000000e+00
8.425687741078446980e-01 1.642453608001046339e+00 1.700000000000000000e+01 3.100000000000000000e+01 2.000000000000000000e+00
5.740018606546304358e-01 9.822772019289275347e-01 1.000000000000000000e+01 1.020000000000000000e+02 2.000000000000000000e+00
2.736402702967275502e-01 9.245248692048567696e-01 1.800000000000000000e+01 1.100000000000000000e+02 2.000000000000000000e+00
7.927224642945286393e-01 1.599758817950634571e+00 1.300000000000000000e+01 1.220000000000000000e+02 2.000000000000000000e+00
5.339010149105399838e-01 8.127086509152222638e-01 1.800000000000000000e+01 5.000000000000000000e+01 2.000000000000000000e+00
1.007579213026098763e+00 1.205523608578725314e+00 1.000000000000000000e+01 9.200000000000000000e+01 2.000000000000000000e+00
9.114644470284745115e-01 7.317944049139381013e-01 1.000000000000000000e+00 6.000000000000000000e+00 3.000000000000000000e+00
1.134942966474406928e-01 1.473338454973204037e+00 1.100000000000000000e+01 1.410000000000000000e+02 3.000000000000000000e+00
6.450518479555285012e-01 6.554741745726037072e-01 7.000000000000000000e+00 1.540000000000000000e+02 3.000000000000000000e+00
2.223247734203906978e-01 1.707419206375812459e+00 9.000000000000000000e+00 8.100000000000000000e+01 3.000000000000000000e+00
2.835175793322785021e-01 8.670521405015908512e-01 5.000000000000000000e+00 9.300000000000000000e+01 3.000000000000000000e+00
4.599268715171951349e-01 1.368287051478171090e+00 5.000000000000000000e+00 1.790000000000000000e+02 3.000000000000000000e+00
7.320648417053989832e-01 6.540060161106370229e-01 1.000000000000000000e+01 1.440000000000000000e+02 3.000000000000000000e+00
3.150343280880348873e-01 1.530953208344235927e-01 9.000000000000000000e+00 9.100000000000000000e+01 3.000000000000000000e+00
1.484961652501977092e-01 1.668964164394417526e+00 1.900000000000000000e+01 9.200000000000000000e+01 3.000000000000000000e+00
3.112712573079375877e-01 1.619461183674315796e+00 1.300000000000000000e+01 1.510000000000000000e+02 3.000000000000000000e+00
4.292374304939363672e-01 9.727237937563261161e-01 7.000000000000000000e+00 1.560000000000000000e+02 3.000000000000000000e+00
6.447395046198001189e-01 2.072457417131544855e+00 3.000000000000000000e+00 8.000000000000000000e+01 3.000000000000000000e+00
2.079689071877742768e-01 1.119649199569249520e-01 7.000000000000000000e+00 1.590000000000000000e+02 3.000000000000000000e+00
5.311117437551124976e-01 1.783708262574524861e+00 1.300000000000000000e+01 1.120000000000000000e+02 3.000000000000000000e+00
7.847705815941705687e-01 2.089611053447069544e+00 3.000000000000000000e+00 9.500000000000000000e+01 3.000000000000000000e+00
1.430824925153451055e-01 1.303830348539311290e-01 7.000000000000000000e+00 1.300000000000000000e+01 3.000000000000000000e+00
6.845961012455779870e-02 1.890127588001394854e-01 1.400000000000000000e+01 1.520000000000000000e+02 3.000000000000000000e+00
9.074864781825850990e-01 1.039775500863198143e+00 9.000000000000000000e+00 3.300000000000000000e+01 3.000000000000000000e+00
7.635051295666607230e-01 1.868480515214521853e+00 3.000000000000000000e+00 8.700000000000000000e+01 3.000000000000000000e+00
4.207933110685517786e-01 1.792319561119616100e+00 1.600000000000000000e+01 2.900000000000000000e+01 3.000000000000000000e+00
6.844665089331168906e-01 1.110719331368362317e+00 2.000000000000000000e+01 1.390000000000000000e+02 3.000000000000000000e+00
1.063306840852905472e-01 1.459801885975706259e+00 1.900000000000000000e+01 7.800000000000000000e+01 3.000000000000000000e+00
2.324271808358356894e-01 1.759239794660607092e+00 1.700000000000000000e+01 1.850000000000000000e+02 3.000000000000000000e+00
1.383645877727622819e-01 8.008721864243787403e-01 1.300000000000000000e+01 1.640000000000000000e+02 3.000000000000000000e+00
2.691336598968072646e-01 1.445782137076071949e+00 2.000000000000000000e+01 1.030000000000000000e+02 3.000000000000000000e+00
2.926099528535367478e-01 1.149616722556885851e+00 8.000000000000000000e+00 1.860000000000000000e+02 3.000000000000000000e+00
1.003289574178890309e+00 6.517844414392729435e-01 1.700000000000000000e+01 1.570000000000000000e+02 3.000000000000000000e+00
3.722728892583104104e-02 4.407396165523634890e-01 7.000000000000000000e+00 1.210000000000000000e+02 3.000000000000000000e+00
1.751080517509535639e-01 1.868850130261249021e+00 2.000000000000000000e+01 5.300000000000000000e+01 3.000000000000000000e+00
9.698734411550605783e-01 7.111240340830174977e-01 2.000000000000000000e+00 2.800000000000000000e+01 3.000000000000000000e+00
4.018887035054987678e-01 4.473652525242667322e-01 8.000000000000000000e+00 3.300000000000000000e+01 3.000000000000000000e+00
4.379940991620586699e-01 1.855384774959435656e+00 1.200000000000000000e+01 3.400000000000000000e+01 3.000000000000000000e+00
9.207146496316473971e-01 1.752747970121754317e+00 1.300000000000000000e+01 1.930000000000000000e+02 3.000000000000000000e+00
5.880048450257703285e-01 1.661984660657251478e+00 4.000000000000000000e+00 4.500000000000000000e+01 3.000000000000000000e+00
9.303327495263337132e-01 4.445756201784373252e-01 9.000000000000000000e+00 6.100000000000000000e+01 3.000000000000000000e+00
3.507440425035812659e-01 1.423608029138040187e+00 5.000000000000000000e+00 1.180000000000000000e+02 3.000000000000000000e+00
6.054521780425751176e-01 1.570567538279080244e+00 9.000000000000000000e+00 1.500000000000000000e+02 3.000000000000000000e+00
7.862415979847342529e-01 1.913958123079360529e+00 8.000000000000000000e+00 1.860000000000000000e+02 3.000000000000000000e+00
4.180934939695313268e-01 5.420340927197678793e-01 1.400000000000000000e+01 1.920000000000000000e+02 3.000000000000000000e+00
4.282699843948338803e-01 3.213916113774476502e-01 1.100000000000000000e+01 1.660000000000000000e+02 3.000000000000000000e+00
2.328696689941850417e-01 3.654028672775803122e-01 1.800000000000000000e+01 8.000000000000000000e+01 3.000000000000000000e+00
6.922115569791718881e-02 1.949167149550563138e+00 2.000000000000000000e+00 4.700000000000000000e+01 3.000000000000000000e+00
7.911210234618647197e-02 3.454014776848993717e-01 1.000000000000000000e+00 4.000000000000000000e+00 3.000000000000000000e+00
9.244526257021619120e-01 1.831485375268091742e+00 2.000000000000000000e+01 3.000000000000000000e+01 3.000000000000000000e+00
3.242096216733254543e-01 4.996323049505210223e-01 1.900000000000000000e+01 6.400000000000000000e+01 3.000000000000000000e+00
4.985078957131264810e-01 1.500641537851334473e+00 1.000000000000000000e+00 1.090000000000000000e+02 3.000000000000000000e+00
8.482504481372874494e-01 1.610492867006830586e+00 5.000000000000000000e+00 3.800000000000000000e+01 3.000000000000000000e+00
9.215611060259946141e-01 1.813206041523306722e-01 9.000000000000000000e+00 1.460000000000000000e+02 3.000000000000000000e+00
6.182543646330536102e-01 1.426237651648211147e+00 2.000000000000000000e+00 1.160000000000000000e+02 3.000000000000000000e+00
1.194170340596152208e-01 1.445053525297940455e-01 3.000000000000000000e+00 1.030000000000000000e+02 3.000000000000000000e+00
4.652336386850057792e-01 1.439953700634743150e+00 1.000000000000000000e+01 4.000000000000000000e+01 4.000000000000000000e+00
3.605924825657284005e-01 1.722384902359744396e+00 1.200000000000000000e+01 1.820000000000000000e+02 4.000000000000000000e+00
3.188544064185963034e-01 1.940017683498582501e+00 1.200000000000000000e+01 1.230000000000000000e+02 4.000000000000000000e+00
6.273533468367907540e-02 3.577113426719989997e-01 5.000000000000000000e+00 1.880000000000000000e+02 4.000000000000000000e+00
1.762247782250861983e-01 7.377663860868380885e-01 1.200000000000000000e+01 4.300000000000000000e+01 4.000000000000000000e+00
5.551535146164633394e-01 8.471368948802401322e-01 5.000000000000000000e+00 1.150000000000000000e+02 4.000000000000000000e+00
7.593868391503343362e-01 1.285689602103513796e+00 1.000000000000000000e+00 1.490000000000000000e+02 4.000000000000000000e+00
8.785920472138444293e-01 3.515332366249092066e-01 2.000000000000000000e+01 8.200000000000000000e+01 4.000000000000000000e+00
2.605595063009926715e-01 7.643421180446626773e-01 1.700000000000000000e+01 3.900000000000000000e+01 4.000000000000000000e+00
1.184337478479036004e-01 1.991016900593635119e+00 1.200000000000000000e+01 5.900000000000000000e+01 4.000000000000000000e+00
6.354980520276048983e-01 1.318852887125746332e+00 5.000000000000000000e+00 1.720000000000000000e+02 4.000000000000000000e+00
2.914493571195427846e-01 1.152961919825031822e+00 1.500000000000000000e+01 3.600000000000000000e+01 4.000000000000000000e+00
1.152783873623810379e-01 1.754386033687004520e+00 1.900000000000000000e+01 6.000000000000000000e+01 4.000000000000000000e+00
2.195865502678600034e-01 1.379883885627051221e+00 6.000000000000000000e+00 1.280000000000000000e+02 4.000000000000000000e+00
6.029325997914001256e-01 7.885065996210297579e-01 6.000000000000000000e+00 1.920000000000000000e+02 4.000000000000000000e+00
8.332894225686496847e-01 4.310077577258387693e-01 7.000000000000000000e+00 1.450000000000000000e+02 4.000000000000000000e+00
8.563856614994884708e-01 1.831528248122818336e+00 2.000000000000000000e+01 1.220000000000000000e+02 4.000000000000000000e+00
6.952718603476927273e-01 1.025530373770106030e+00 7.000000000000000000e+00 1.400000000000000000e+01 4.000000000000000000e+00
6.711760500688624953e-01 6.891282248644209352e-01 4.000000000000000000e+00 8.000000000000000000e+00 4.000000000000000000e+00
8.060389560569414247e-01 1.194409965737760704e+00 1.200000000000000000e+01 1.000000000000000000e+00 4.000000000000000000e+00
7.110455936776689523e-01 5.160400838099431509e-01 1.600000000000000000e+01 5.400000000000000000e+01 4.000000000000000000e+00
1.682389650743956189e-01 7.457594669293859946e-01 1.100000000000000000e+01 1.760000000000000000e+02 4.000000000000000000e+00
6.807871671796660029e-02 1.483749431871989488e+00 1.800000000000000000e+01 1.020000000000000000e+02 4.000000000000000000e+00
5.547612640123025241e-01 1.480086061650085272e+00 9.000000000000000000e+00 1.620000000000000000e+02 4.000000000000000000e+00
2.811903118820568287e-02 1.690693135966116589e+00 6.000000000000000000e+00 1.000000000000000000e+01 4.000000000000000000e+00
3.953890768581317383e-01 1.583804612485597341e+00 6.000000000000000000e+00 1.930000000000000000e+02 4.000000000000000000e+00
2.190605189597470970e-01 6.409446611590928766e-01 1.800000000000000000e+01 3.300000000000000000e+01 4.000000000000000000e+00
7.459165322317430347e-01 3.302095196030200297e-01 1.600000000000000000e+01 1.960000000000000000e+02 4.000000000000000000e+00
6.532546862674404320e-01 8.316789029419283663e-01 1.100000000000000000e+01 2.600000000000000000e+01 4.000000000000000000e+00
4.460384175321998601e-01 9.459178609835637852e-01 3.000000000000000000e+00 1.750000000000000000e+02 4.000000000000000000e+00
2.004759677155252273e-01 1.158264919659345304e+00 5.000000000000000000e+00 9.700000000000000000e+01 4.000000000000000000e+00
1.134278689231623533e-01 9.765177187505177381e-01 2.000000000000000000e+01 6.700000000000000000e+01 4.000000000000000000e+00
8.737672692567586274e-01 8.548300299988053075e-01 1.200000000000000000e+01 1.860000000000000000e+02 4.000000000000000000e+00
8.230138628943075574e-01 4.684683574590854382e-01 1.400000000000000000e+01 1.200000000000000000e+02 4.000000000000000000e+00
4.645619614106900608e-01 1.857923250748209520e+00 5.000000000000000000e+00 1.900000000000000000e+01 4.000000000000000000e+00
2.466519440635461108e-02 1.524990136002485341e+00 3.000000000000000000e+00 1.830000000000000000e+02 4.000000000000000000e+00
8.958481549201258165e-01 1.160356053574939317e+00 7.000000000000000000e+00 9.400000000000000000e+01 4.000000000000000000e+00
2.304928375217990544e-01 4.688854586181284700e-01 1.300000000000000000e+01 1.450000000000000000e+02 4.000000000000000000e+00
5.715188274984333017e-01 4.461577597668547890e-01 9.000000000000000000e+00 1.970000000000000000e+02 4.000000000000000000e+00
3.479822571452391156e-01 1.804905028909440157e+00 6.000000000000000000e+00 1.000000000000000000e+01 4.000000000000000000e+00
8.282641898750608966e-01 1.606680087376733956e+00 5.000000000000000000e+00 7.200000000000000000e+01 4.000000000000000000e+00
4.296090947434363372e-01 1.193839912163087158e+00 1.800000000000000000e+01 1.210000000000000000e+02 4.000000000000000000e+00
8.310134951615842924e-01 1.878703776768609224e+00 1.000000000000000000e+00 7.900000000000000000e+01 4.000000000000000000e+00
1.240800570359112086e-02 1.569196259960532691e+00 5.000000000000000000e+00 9.400000000000000000e+01 4.000000000000000000e+00
4.641561764695988357e-01 1.920839113101102669e+00 8.000000000000000000e+00 2.300000000000000000e+01 4.000000000000000000e+00
5.478312008550633577e-02 5.452486562232031764e-01 1.400000000000000000e+01 1.650000000000000000e+02 4.000000000000000000e+00
6.415840524083780139e-01 1.826604163772158618e+00 7.000000000000000000e+00 1.690000000000000000e+02 4.000000000000000000e+00
2.169379144791568903e-01 8.449966770887912260e-01 1.400000000000000000e+01 7.500000000000000000e+01 4.000000000000000000e+00
3.752773095566460659e-01 1.770380450305330644e+00 5.000000000000000000e+00 7.000000000000000000e+00 4.000000000000000000e+00
4.625221833717980680e-01 1.389391574640700178e+00 1.600000000000000000e+01 9.400000000000000000e+01 4.000000000000000000e+00
