-1.330968159738848158e+02
-1.324239884330437746e+02
-1.330968199555014166e+02
-1.330843140117417818e+02
-1.330968330893165330e+02
-1.330161479248632759e+02
-9.011558050372372008e+01
-1.330968299857071884e+02
-1.207910381805159687e+02
-1.313799874467685527e+02
-1.330967759440989653e+02
-1.330968417493643017e+02
-1.330091094215828207e+02
-1.330968064790057213e+02
-1.329890145429679080e+02
-1.295329664285853255e+02
-1.283385574487627139e+02
-1.330966237031386754e+02
-1.330966410200804830e+02
-9.705382552297973575e+01
-1.063343334171482581e+02
-1.323608981298455092e+02
-1.302909334066112024e+02
-1.330963612902116608e+02
-1.330960669318876342e+02
-1.330968208743225034e+02
-9.539771057861906911e+01
-1.330866121361271439e+02
-1.305049183741531635e+02
-1.330847529694600269e+02
-1.330968084800953477e+02
-1.330968721261475309e+02
-9.258927436479403639e+01
-1.330826975660735911e+02
-1.094778834509885286e+02
-9.424806674493650860e+01
-1.330968809371142356e+02
-1.320802805121113011e+02
-1.206324374461270992e+02
-1.328646836740725803e+02
-1.320919348149799930e+02
-1.039325001788426590e+02
-1.304853120600488126e+02
-9.306780335330171283e+01
-1.293491730407618263e+02
-1.329855918422253467e+02
-9.539826115688109098e+01
-1.330968409965028343e+02
-1.092582157460100234e+02
-1.112871551639185839e+02
-1.037521120095566545e+02
-1.278399527342403417e+02
-1.206709173681004330e+02
-9.494102835718788924e+01
-8.788973991282421139e+01
-1.207298417888679012e+02
-1.088685207369330215e+02
-1.278399929229016436e+02
-9.056695098025892321e+01
-9.806307687546319585e+01
-1.278400784307239775e+02
-1.251730909619663663e+02
-1.049506585390741975e+02
-1.245099277954842449e+02
-9.434872750304704425e+01
-1.015444028017740976e+02
-1.278400801681649739e+02
-9.263428713283798288e+01
-1.278386326418237786e+02
-8.901396176989170783e+01
-1.178849362228167479e+02
-8.917903884623113697e+01
-1.278400816780081755e+02
-1.268525685251060224e+02
-1.135506732904433704e+02
-1.266932599082063007e+02
-1.195906315148348256e+02
-1.153233261709348341e+02
-9.376255158859831340e+01
-1.278400269565922827e+02
-1.205476447496625809e+02
-9.605777327303276536e+01
-1.278400636758727984e+02
-1.008606993124015645e+02
-1.278401154010720688e+02
-1.278401357654411754e+02
-1.278399548028324375e+02
-9.258537073098619885e+01
-1.045749705407374819e+02
-9.382623524164182527e+01
-1.032675086053625364e+02
-1.026907172787294655e+02
-1.275621069528964284e+02
-1.277972072687073961e+02
-1.019807178764014424e+02
-1.278400505600821617e+02
-1.278400673185478524e+02
-1.278400256525463305e+02
-1.278400310553589918e+02
-1.266392462870428375e+02
-1.081760625898761106e+02
-8.738962222201220698e+01
-1.168265135001805106e+02
-1.002885780905622823e+02
-1.233764994046188406e+02
-1.235544963106461296e+02
-1.235614598364746826e+02
-1.235615032834215725e+02
-1.235518948641695829e+02
-1.235576030996367649e+02
-1.235614951157287607e+02
-1.230916218429916285e+02
-1.235613996279703457e+02
-1.235614865838105487e+02
-1.235581921529319516e+02
-1.235613330494640820e+02
-9.177634664558205202e+01
-1.228204314657951954e+02
-1.146784444836465013e+02
-1.235612288464909625e+02
-9.019052547997733882e+01
-1.048989935021288744e+02
-1.216585954311304647e+02
-8.660461140034166760e+01
-1.091141144009650361e+02
-9.215579537342182448e+01
-1.179152604377877651e+02
-1.235615553370621740e+02
-1.232091226633663865e+02
-1.183321185801347468e+02
-1.235261499849737277e+02
-1.216248328279856565e+02
-9.298721271540412658e+01
-1.191450025486639390e+02
-1.062036219161859094e+02
-1.172136115372046703e+02
-1.235614004452652210e+02
-1.235604061103019831e+02
-1.119357158187870027e+02
-1.235614139509928862e+02
-1.135295826420332759e+02
-1.103117291387661254e+02
-1.004127017024013071e+02
-9.239280859454420636e+01
-1.034661491097455439e+02
-1.134574118002892078e+02
-1.206695831884203187e+02
-9.487931046175405925e+01
-1.235504083738176178e+02
-1.235615349830553100e+02
-1.238845272975686527e+02
-8.680901568072820851e+01
-1.239088138055994648e+02
-1.226736741548303087e+02
-1.157859089679230493e+02
-1.239421915034487114e+02
-1.239421473875634234e+02
-1.238268190552822148e+02
-8.556765749070757465e+01
-1.239422847201242774e+02
-1.239335542429114838e+02
-1.145829084216161391e+02
-1.083499059907124575e+02
-1.110921314372262714e+02
-1.239422827715133053e+02
-1.239418045742883123e+02
-1.153220982068695122e+02
-1.239422880042837676e+02
-1.080018867583587081e+02
-1.239422655429706595e+02
-1.189986394590821845e+02
-1.239078062849875010e+02
-1.048828482068243488e+02
-1.239362143637800813e+02
-1.066770761582258160e+02
-1.072871406472787044e+02
-1.139357685994013565e+02
-9.949208821468724295e+01
-8.620142769368578683e+01
-1.020712525644573674e+02
-9.394311845708605802e+01
-1.040893251858522319e+02
-1.226157639463772284e+02
-1.095891068142519771e+02
-8.821668319146223780e+01
-1.239382794194360002e+02
-1.025063069606920294e+02
-1.239422804113403913e+02
-1.181578496484195142e+02
-9.348387180998503254e+01
-1.239393996174558765e+02
-9.145526749069675532e+01
-1.239422005454068056e+02
-1.239365922014758610e+02
-1.239420916487194972e+02
-8.743481139875363795e+01
-1.239423339141298754e+02
-1.050573700243691064e+02
-9.235136290265876369e+01
-1.238851487456864504e+02
-8.923012732030277050e+01
-8.709925747557319653e+01
-1.209441291518570409e+02
-9.214308408905871772e+01
-1.251434514466852335e+02
-1.105927067754236077e+02
-1.031106568940153068e+02
-1.251433052822900294e+02
-8.921878371640478633e+01
-1.251432877479497563e+02
-9.081882762644991658e+01
-1.250801706488237954e+02
-1.251259030434224400e+02
-1.232988360882489616e+02
-1.016775797040128992e+02
-1.158623315235178097e+02
-1.248950340866878008e+02
-1.250232828208005031e+02
-1.251434394788549582e+02
-1.251397313111216647e+02
-1.251423404848725198e+02
-1.251432565771522576e+02
-8.741794368336221055e+01
-1.112985030315582407e+02
-1.251435062494498140e+02
-1.220901967191720701e+02
-1.250913022762622404e+02
-1.251432690198554809e+02
-8.889848092616686870e+01
-8.892763254499099901e+01
-9.908832781363565800e+01
-1.245248887672119338e+02
-1.251399959955880092e+02
-1.251271768958983870e+02
-1.196241066266829023e+02
-8.887452112941348048e+01
-9.122484760153322725e+01
-1.251427205126687028e+02
-1.251427469601701148e+02
-1.251429848199148438e+02
-9.731473066653791193e+01
-9.117508913163145223e+01
-1.251399267683900689e+02
-1.197557865842941140e+02
-1.099507234540052991e+02
-1.250608876515947543e+02
-9.409222650168209157e+01
-1.073293946277520234e+02
-1.248853831075831522e+02
-1.233761984732907706e+02
