8.613187359279634858e-01 1.391848204490242713e+00 1.000000000000000000e+00 1.460000000000000000e+02 0.000000000000000000e+00
4.100427332201063146e-01 7.410003050836641014e-01 2.000000000000000000e+00 1.790000000000000000e+02 0.000000000000000000e+00
2.906734082345309167e-01 1.651019080369328373e-01 1.100000000000000000e+01 3.400000000000000000e+01 0.000000000000000000e+00
8.567478138993154246e-01 1.587446167507731376e+00 1.800000000000000000e+01 1.000000000000000000e+02 0.000000000000000000e+00
2.272509651455661972e-01 4.094442280562290426e-01 8.000000000000000000e+00 1.930000000000000000e+02 0.000000000000000000e+00
5.159175808280954678e-01 3.258582198175091760e-01 8.000000000000000000e+00 6.300000000000000000e+01 0.000000000000000000e+00
5.488379332397480548e-01 6.620190187172755314e-01 1.000000000000000000e+00 1.250000000000000000e+02 0.000000000000000000e+00
2.818812889702361213e-01 5.606543888651366325e-01 1.000000000000000000e+00 1.940000000000000000e+02 0.000000000000000000e+00
8.664461295497881688e-01 1.009731867026349317e+00 7.000000000000000000e+00 3.000000000000000000e+00 0.000000000000000000e+00
7.431181155123062210e-01 4.090669133047252215e-01 9.000000000000000000e+00 1.710000000000000000e+02 0.000000000000000000e+00
1.716169890676912946e-01 2.003037154082520033e+00 1.500000000000000000e+01 1.490000000000000000e+02 0.000000000000000000e+00
7.856157901512877961e-01 4.572434396115637734e-01 1.100000000000000000e+01 2.400000000000000000e+01 0.000000000000000000e+00
7.213489130764851875e-01 3.572227681386516140e-01 1.800000000000000000e+01 1.560000000000000000e+02 0.000000000000000000e+00
4.375032445635596012e-01 3.775701851646097174e-01 9.000000000000000000e+00 1.430000000000000000e+02 0.000000000000000000e+00
4.836719357769458938e-01 1.400819751501162669e+00 1.500000000000000000e+01 9.500000000000000000e+01 0.000000000000000000e+00
1.450478348104866644e-01 1.235001808853624761e+00 1.800000000000000000e+01 1.610000000000000000e+02 0.000000000000000000e+00
2.237095459161286132e-02 1.904874008123636164e+00 1.100000000000000000e+01 9.300000000000000000e+01 0.000000000000000000e+00
4.128729546624934077e-01 5.399322575633264121e-01 8.000000000000000000e+00 6.500000000000000000e+01 0.000000000000000000e+00
2.810092037078315563e-01 1.965636059535905922e+00 1.000000000000000000e+01 5.800000000000000000e+01 0.000000000000000000e+00
9.747385946722667560e-01 7.794327901844181339e-01 2.000000000000000000e+01 8.400000000000000000e+01 0.000000000000000000e+00
7.428277319879331708e-01 2.940230198721415222e-01 4.000000000000000000e+00 1.550000000000000000e+02 0.000000000000000000e+00
8.815409881426041760e-01 1.139533482419764765e-01 1.700000000000000000e+01 4.100000000000000000e+01 0.000000000000000000e+00
3.094731122259279932e-01 3.219174064787638789e-01 1.400000000000000000e+01 1.430000000000000000e+02 0.000000000000000000e+00
4.699137282247782821e-01 2.000258315257569530e-01 1.000000000000000000e+00 1.270000000000000000e+02 0.000000000000000000e+00
1.897808603762727309e-01 1.342205730408034148e+00 1.500000000000000000e+01 1.470000000000000000e+02 0.000000000000000000e+00
4.358796086693501604e-01 2.994834627532699800e-01 1.900000000000000000e+01 1.730000000000000000e+02 0.000000000000000000e+00
4.489004571551701711e-02 4.706035608717512586e-01 1.900000000000000000e+01 9.700000000000000000e+01 0.000000000000000000e+00
9.341259786425361034e-01 9.887045700869340203e-01 1.200000000000000000e+01 1.670000000000000000e+02 0.000000000000000000e+00
2.594207306749729547e-01 1.616595038242450766e+00 1.000000000000000000e+00 1.380000000000000000e+02 0.000000000000000000e+00
1.834322359831039861e-01 1.293457124583536233e+00 2.000000000000000000e+00 1.230000000000000000e+02 0.000000000000000000e+00
7.085777705136848681e-01 2.672283909461291573e-01 1.300000000000000000e+01 3.100000000000000000e+01 0.000000000000000000e+00
5.367652211523974426e-01 1.042665259240863895e-01 1.800000000000000000e+01 4.000000000000000000e+00 0.000000000000000000e+00
9.671393081566438399e-01 2.031828736342488728e+00 3.000000000000000000e+00 1.370000000000000000e+02 0.000000000000000000e+00
7.471198694582249500e-01 1.612676156169306818e+00 1.900000000000000000e+01 1.630000000000000000e+02 0.000000000000000000e+00
1.535971751957931897e-01 1.553582957974252443e-01 1.500000000000000000e+01 8.000000000000000000e+01 0.000000000000000000e+00
7.180183901501255850e-01 1.154122459737491502e+00 1.300000000000000000e+01 3.000000000000000000e+00 0.000000000000000000e+00
9.264642013919489605e-01 8.414052144529643451e-01 8.000000000000000000e+00 5.200000000000000000e+01 0.000000000000000000e+00
6.483131058022311155e-01 9.518074483473407676e-01 1.700000000000000000e+01 5.400000000000000000e+01 0.000000000000000000e+00
5.820298256383215491e-02 2.091255629572855990e-01 1.700000000000000000e+01 1.200000000000000000e+01 0.000000000000000000e+00
8.873464255045838689e-01 1.764449460793201307e+00 1.600000000000000000e+01 5.000000000000000000e+00 0.000000000000000000e+00
8.470792365860028150e-01 1.048178408152149466e+00 7.000000000000000000e+00 9.600000000000000000e+01 0.000000000000000000e+00
9.260025671041611783e-01 8.262414825266696239e-01 7.000000000000000000e+00 2.800000000000000000e+01 0.000000000000000000e+00
2.772068290226956666e-01 2.044568803512689659e+00 9.000000000000000000e+00 1.770000000000000000e+02 0.000000000000000000e+00
8.039128308933346512e-01 1.433447223459061837e+00 3.000000000000000000e+00 1.230000000000000000e+02 0.000000000000000000e+00
6.313687855882164912e-02 1.751860959628783965e+00 1.000000000000000000e+01 8.700000000000000000e+01 0.000000000000000000e+00
1.851109382084384913e-01 1.601081684679418693e+00 1.000000000000000000e+01 1.910000000000000000e+02 0.000000000000000000e+00
5.378427975547172002e-01 8.922348443350459624e-01 1.600000000000000000e+01 1.860000000000000000e+02 0.000000000000000000e+00
5.998602829524837254e-01 4.037103518775365663e-01 1.300000000000000000e+01 1.940000000000000000e+02 0.000000000000000000e+00
7.479695743382465123e-01 7.847624445107045377e-01 7.000000000000000000e+00 4.000000000000000000e+01 0.000000000000000000e+00
5.020509035321475411e-01 6.267347736284666349e-01 1.700000000000000000e+01 1.270000000000000000e+02 0.000000000000000000e+00
1.718120014924516825e-01 1.504529308523363085e+00 1.800000000000000000e+01 5.600000000000000000e+01 1.000000000000000000e+00
9.382952878083746784e-01 1.666395918829962408e+00 2.000000000000000000e+01 1.800000000000000000e+01 1.000000000000000000e+00
9.495093756158255738e-02 1.019708055338219621e+00 2.000000000000000000e+00 1.650000000000000000e+02 1.000000000000000000e+00
7.815639660402281530e-01 1.578189449761039642e-01 2.000000000000000000e+01 1.790000000000000000e+02 1.000000000000000000e+00
7.365038815529612037e-01 1.275847110892645464e+00 5.000000000000000000e+00 3.800000000000000000e+01 1.000000000000000000e+00
9.945107317633917754e-01 1.328905920134237917e+00 1.100000000000000000e+01 9.000000000000000000e+00 1.000000000000000000e+00
7.763475773680746927e-01 1.738035882619163530e+00 6.000000000000000000e+00 1.250000000000000000e+02 1.000000000000000000e+00
2.104766503893190643e-01 1.296330748150241519e+00 6.000000000000000000e+00 1.510000000000000000e+02 1.000000000000000000e+00
4.706284149301813713e-01 1.786809967259206822e+00 8.000000000000000000e+00 1.650000000000000000e+02 1.000000000000000000e+00
6.655484798057385853e-02 1.829415514764916040e+00 2.000000000000000000e+00 6.200000000000000000e+01 1.000000000000000000e+00
7.202823207370985248e-01 1.586006454968556190e+00 3.000000000000000000e+00 1.370000000000000000e+02 1.000000000000000000e+00
5.246368842046273961e-01 6.901971078578220675e-01 7.000000000000000000e+00 1.790000000000000000e+02 1.000000000000000000e+00
8.763727721255016867e-01 1.201631227164362103e+00 2.000000000000000000e+01 1.010000000000000000e+02 1.000000000000000000e+00
3.999731429143029704e-01 5.847118333277446789e-01 6.000000000000000000e+00 2.000000000000000000e+02 1.000000000000000000e+00
6.714968346750936623e-02 1.155143103753178302e+00 2.000000000000000000e+00 1.300000000000000000e+02 1.000000000000000000e+00
9.784907402783410424e-01 1.799982151348417547e+00 4.000000000000000000e+00 7.200000000000000000e+01 1.000000000000000000e+00
9.455089213047185304e-01 9.109708508398514093e-01 1.900000000000000000e+01 6.800000000000000000e+01 1.000000000000000000e+00
1.465620201881679963e-01 1.967051962679050359e+00 1.100000000000000000e+01 1.720000000000000000e+02 1.000000000000000000e+00
7.670271537030393105e-01 9.367458028376173251e-01 2.000000000000000000e+00 1.670000000000000000e+02 1.000000000000000000e+00
4.066930331423350697e-01 2.046774805005737274e+00 1.700000000000000000e+01 1.650000000000000000e+02 1.000000000000000000e+00
9.726223665064219759e-01 1.149732936475719614e+00 1.800000000000000000e+01 1.300000000000000000e+01 1.000000000000000000e+00
6.376391055415021603e-01 1.685575344528829289e+00 2.000000000000000000e+01 1.160000000000000000e+02 1.000000000000000000e+00
6.205675628661188048e-01 1.062834722899477446e+00 1.900000000000000000e+01 1.980000000000000000e+02 1.000000000000000000e+00
8.496926648776080837e-01 6.802715054158087193e-01 4.000000000000000000e+00 1.800000000000000000e+02 1.000000000000000000e+00
6.177093567501602545e-01 8.857847162584079337e-01 6.000000000000000000e+00 1.920000000000000000e+02 1.000000000000000000e+00
8.800906046526905113e-01 1.552139133317857800e+00 2.000000000000000000e+00 7.300000000000000000e+01 1.000000000000000000e+00
5.155976663928298898e-01 6.652308871134663404e-01 1.000000000000000000e+01 6.500000000000000000e+01 1.000000000000000000e+00
4.001618683706611446e-01 1.497094698008728797e-01 6.000000000000000000e+00 6.300000000000000000e+01 1.000000000000000000e+00
9.935431312425312134e-02 6.948691927672397961e-01 5.000000000000000000e+00 1.710000000000000000e+02 1.000000000000000000e+00
6.620865181373598585e-01 1.846595403346134256e+00 1.800000000000000000e+01 1.170000000000000000e+02 1.000000000000000000e+00
4.400087680966726644e-01 1.220686179465346521e+00 1.200000000000000000e+01 1.450000000000000000e+02 1.000000000000000000e+00
6.110509620460146119e-01 1.729899941371582983e+00 6.000000000000000000e+00 1.570000000000000000e+02 1.000000000000000000e+00
1.499825462795351116e-01 9.798827802307795709e-01 1.800000000000000000e+01 8.500000000000000000e+01 1.000000000000000000e+00
4.393170276730622437e-01 1.960777016679462026e+00 1.700000000000000000e+01 4.700000000000000000e+01 1.000000000000000000e+00
5.686564610105592638e-02 7.275567120798184240e-01 1.800000000000000000e+01 1.020000000000000000e+02 1.000000000000000000e+00
2.685044526271367360e-01 1.347586090912852974e+00 1.800000000000000000e+01 1.420000000000000000e+02 1.000000000000000000e+00
6.773078754007010038e-02 4.447135560159919399e-01 1.600000000000000000e+01 9.500000000000000000e+01 1.000000000000000000e+00
2.827073290333537159e-01 1.910274906661439287e+00 4.000000000000000000e+00 1.690000000000000000e+02 1.000000000000000000e+00
3.083465383889679723e-01 1.932958019335899502e+00 9.000000000000000000e+00 9.000000000000000000e+00 1.000000000000000000e+00
2.213451152404127820e-01 1.126792087711462997e+00 1.000000000000000000e+00 1.510000000000000000e+02 1.000000000000000000e+00
8.496899299966014230e-01 2.018421429378794762e+00 1.500000000000000000e+01 1.430000000000000000e+02 1.000000000000000000e+00
5.574046026511090268e-01 1.106138021635453494e+00 5.000000000000000000e+00 1.080000000000000000e+02 1.000000000000000000e+00
4.556487279002484625e-01 2.057433100287563654e+00 1.400000000000000000e+01 1.330000000000000000e+02 1.000000000000000000e+00
2.847878099237767247e-01 2.014130683747619166e+00 1.000000000000000000e+01 1.460000000000000000e+02 1.000000000000000000e+00
5.966591046444157387e-01 2.051736479375315447e+00 1.300000000000000000e+01 4.000000000000000000e+01 1.000000000000000000e+00
2.631336159833055355e-01 1.508468343698831982e+00 1.900000000000000000e+01 1.550000000000000000e+02 1.000000000000000000e+00
5.314855998694115735e-01 1.487442765504037645e+00 1.900000000000000000e+01 5.200000000000000000e+01 1.000000000000000000e+00
3.446190218721143506e-01 6.826316686281356239e-01 2.000000000000000000e+01 2.000000000000000000e+00 1.000000000000000000e+00
3.262022198829462871e-01 1.836573529816064865e-01 5.000000000000000000e+00 1.880000000000000000e+02 1.000000000000000000e+00
1.304515688666922912e-01 9.530770789303065760e-01 8.000000000000000000e+00 1.180000000000000000e+02 1.000000000000000000e+00
7.859609888017609070e-01 1.834238598067612580e+00 1.400000000000000000e+01 1.230000000000000000e+02 2.000000000000000000e+00
1.358999119012168633e-01 2.071435888932453118e+00 4.000000000000000000e+00 2.700000000000000000e+01 2.000000000000000000e+00
2.918071583831879368e-01 1.835353160939467099e+00 1.300000000000000000e+01 1.550000000000000000e+02 2.000000000000000000e+00
1.389905924721182018e-01 1.598293816887945251e+00 1.400000000000000000e+01 1.520000000000000000e+02 2.000000000000000000e+00
3.227683423429148490e-01 1.811151090117594231e+00 4.000000000000000000e+00 1.790000000000000000e+02 2.000000000000000000e+00
8.464933086118944239e-01 9.159883149789468382e-01 9.000000000000000000e+00 1.420000000000000000e+02 2.000000000000000000e+00
9.605132562640023020e-01 3.412157966275518595e-01 1.500000000000000000e+01 1.540000000000000000e+02 2.000000000000000000e+00
6.647746560972620511e-01 1.966916775957388008e+00 7.000000000000000000e+00 1.100000000000000000e+02 2.000000000000000000e+00
5.652902679661998553e-01 9.015418476293487471e-01 4.000000000000000000e+00 1.660000000000000000e+02 2.000000000000000000e+00
2.327457645977449863e-01 1.914891333987404964e+00 1.600000000000000000e+01 5.000000000000000000e+00 2.000000000000000000e+00
2.795255397420876031e-01 1.770185620813357341e-01 1.500000000000000000e+01 7.200000000000000000e+01 2.000000000000000000e+00
3.974603160701003501e-01 4.232161850144827708e-01 1.000000000000000000e+00 1.660000000000000000e+02 2.000000000000000000e+00
8.298690041651749505e-01 7.312598271548923501e-01 2.000000000000000000e+00 2.600000000000000000e+01 2.000000000000000000e+00
5.152945385697265124e-01 1.578967766493119651e+00 5.000000000000000000e+00 5.000000000000000000e+00 2.000000000000000000e+00
4.899616966136302043e-01 8.740276103181013889e-01 9.000000000000000000e+00 1.910000000000000000e+02 2.000000000000000000e+00
6.864507731309786864e-01 1.962075059896523366e-01 3.000000000000000000e+00 3.000000000000000000e+01 2.000000000000000000e+00
1.077685202450029273e-01 1.855735012238867443e-01 3.000000000000000000e+00 1.970000000000000000e+02 2.000000000000000000e+00
4.648623572362419604e-02 1.520428384356221185e+00 6.000000000000000000e+00 1.230000000000000000e+02 2.000000000000000000e+00
5.793811489853655239e-01 1.805674479060722426e+00 1.200000000000000000e+01 3.300000000000000000e+01 2.000000000000000000e+00
8.286046843696022179e-01 1.298974849569961343e+00 2.000000000000000000e+00 1.320000000000000000e+02 2.000000000000000000e+00
2.938056632605083873e-01 1.478819445693946077e+00 5.000000000000000000e+00 8.200000000000000000e+01 2.000000000000000000e+00
3.115373313168793290e-01 9.157423032526529338e-01 9.000000000000000000e+00 1.680000000000000000e+02 2.000000000000000000e+00
7.440477931172786441e-01 1.703938616339254697e+00 7.000000000000000000e+00 9.200000000000000000e+01 2.000000000000000000e+00
3.892206841766325809e-01 9.445216769546166402e-01 1.100000000000000000e+01 9.000000000000000000e+01 2.000000000000000000e+00
5.567446698896593577e-02 9.952452581129821452e-01 1.300000000000000000e+01 6.000000000000000000e+00 2.000000000000000000e+00
4.533305485396268431e-01 1.944976413610242316e+00 1.200000000000000000e+01 1.780000000000000000e+02 2.000000000000000000e+00
6.408467189400415265e-01 1.548158060117972523e+00 1.200000000000000000e+01 1.900000000000000000e+01 2.000000000000000000e+00
1.003674721871838038e+00 1.517444945284301072e+00 5.000000000000000000e+00 1.180000000000000000e+02 2.000000000000000000e+00
2.585236274347312291e-01 1.450295208620297371e+00 7.000000000000000000e+00 4.100000000000000000e+01 2.000000000000000000e+00
7.861503143214121359e-01 8.574055588929371252e-01 2.000000000000000000e+01 1.550000000000000000e+02 2.000000000000000000e+00
4.252765118796866251e-01 1.945512661352333472e+00 7.000000000000000000e+00 7.000000000000000000e+01 2.000000000000000000e+00
9.271337859021000494e-01 4.844917642032074978e-01 3.000000000000000000e+00 6.000000000000000000e+00 2.000000000000000000e+00
7.891652882833528615e-01 9.194669421444371382e-01 7.000000000000000000e+00 6.100000000000000000e+01 2.000000000000000000e+00
3.538364506369853224e-01 1.273419476931327399e+00 1.500000000000000000e+01 1.480000000000000000e+02 2.000000000000000000e+00
9.049433429830614495e-01 1.872093215848067871e+00 2.000000000000000000e+00 1.000000000000000000e+00 2.000000000000000000e+00
3.132456576004921667e-01 1.147858942819822481e+00 1.200000000000000000e+01 4.000000000000000000e+01 2.000000000000000000e+00
4.870545122216562300e-02 5.566909080822132205e-01 1.100000000000000000e+01 1.700000000000000000e+02 2.000000000000000000e+00
7.553365693394022973e-01 1.170802783623433596e+00 9.000000000000000000e+00 8.100000000000000000e+01 2.000000000000000000e+00
5.098233931095944582e-01 1.324435597633466744e+00 5.000000000000000000e+00 5.500000000000000000e+01 2.000000000000000000e+00
8.726081843844605279e-01 1.905510005439735366e+00 1.400000000000000000e+01 1.510000000000000000e+02 2.000000000000000000e+00
9.254205897986154949e-02 1.494573517201960744e+00 1.500000000000000000e+01 8.900000000000000000e+01 2.000000000000000000e+00
1.146879345881075402e-01 1.101973081077737560e-01 5.000000000000000000e+00 7.500000000000000000e+01 2.000000000000000000e+00
5.195196175141676420e-01 1.342668230428994969e+00 5.000000000000000000e+00 1.980000000000000000e+02 2.000000000000000000e+00
3.416247592785678355e-01 9.700169383151860947e-01 7.000000000000000000e+00 7.200000000000000000e+01 2.000000000000000000e+00
6.279467582918667468e-01 6.578000324308196367e-01 5.000000000000000000e+00 1.000000000000000000e+02 2.000000000000000000e+00
6.363073817634331553e-01 5.528321851748053684e-01 1.700000000000000000e+01 1.800000000000000000e+01 2.000000000000000000e+00
4.270012291563104467e-01 8.891126019156946336e-01 2.000000000000000000e+01 9.700000000000000000e+01 2.000000000000000000e+00
2.950883837678637267e-01 1.729017704467839200e+00 5.000000000000000000e+00 4.300000000000000000e+01 2.000000000000000000e+00
7.330364345546898086e-01 6.152215112447926293e-01 9.000000000000000000e+00 1.520000000000000000e+02 2.000000000000000000e+00
6.377572996226785751e-01 6.755163725616234460e-01 9.000000000000000000e+00 1.170000000000000000e+02 2.000000000000000000e+00
1.863376391015967304e-01 1.154149447306290766e+00 1.500000000000000000e+01 1.570000000000000000e+02 3.000000000000000000e+00
2.984960804196470363e-01 2.034491801195545513e+00 1.800000000000000000e+01 1.170000000000000000e+02 3.000000000000000000e+00
8.065140493712380509e-01 9.129253710904455810e-01 9.000000000000000000e+00 1.670000000000000000e+02 3.000000000000000000e+00
7.385637499267485584e-01 1.310002072507571169e+00 1.200000000000000000e+01 1.850000000000000000e+02 3.000000000000000000e+00
2.508376418788500484e-01 4.665664892508750716e-01 1.500000000000000000e+01 1.490000000000000000e+02 3.000000000000000000e+00
6.927031720560726524e-02 4.671139355542023308e-01 8.000000000000000000e+00 1.440000000000000000e+02 3.000000000000000000e+00
3.847477333546818201e-01 3.622362344682389379e-01 1.100000000000000000e+01 1.100000000000000000e+01 3.000000000000000000e+00
6.422195194694005904e-01 1.721760399482910264e+00 3.000000000000000000e+00 6.200000000000000000e+01 3.000000000000000000e+00
1.430302920464926464e-01 2.094406134101259198e+00 1.700000000000000000e+01 1.590000000000000000e+02 3.000000000000000000e+00
6.046893709616615320e-01 1.649195716507448672e+00 7.000000000000000000e+00 3.300000000000000000e+01 3.000000000000000000e+00
2.535156587766238534e-01 5.037752571312777983e-01 2.000000000000000000e+01 1.520000000000000000e+02 3.000000000000000000e+00
9.430170732430591674e-01 1.316421061822709904e+00 9.000000000000000000e+00 1.880000000000000000e+02 3.000000000000000000e+00
6.750063959279371806e-02 8.064795107333043722e-01 1.700000000000000000e+01 1.320000000000000000e+02 3.000000000000000000e+00
7.088460520370806206e-01 1.649981872827414320e-01 1.300000000000000000e+01 3.300000000000000000e+01 3.000000000000000000e+00
1.494370693626948521e-01 1.053419944856402335e+00 7.000000000000000000e+00 1.890000000000000000e+02 3.000000000000000000e+00
3.055029986051108759e-01 2.058414925471682366e+00 1.900000000000000000e+01 1.800000000000000000e+02 3.000000000000000000e+00
6.539720272223747966e-01 1.180662191367587210e+00 5.000000000000000000e+00 1.210000000000000000e+02 3.000000000000000000e+00
5.613409161974760586e-01 1.589821478043450809e-01 1.000000000000000000e+00 7.500000000000000000e+01 3.000000000000000000e+00
4.688045123446434870e-01 4.350709379428433499e-01 1.000000000000000000e+00 1.780000000000000000e+02 3.000000000000000000e+00
9.631636672751623385e-01 4.820507627146367602e-01 2.000000000000000000e+01 9.600000000000000000e+01 3.000000000000000000e+00
3.630431341801174661e-01 1.603972112204760769e+00 2.000000000000000000e+00 1.180000000000000000e+02 3.000000000000000000e+00
2.822058732864479724e-01 1.258781018161158338e-01 1.500000000000000000e+01 1.990000000000000000e+02 3.000000000000000000e+00
3.217346882672668107e-01 6.225924285463589891e-01 1.000000000000000000e+00 5.700000000000000000e+01 3.000000000000000000e+00
1.173369448120458042e-01 2.046037113679202157e+00 4.000000000000000000e+00 1.550000000000000000e+02 3.000000000000000000e+00
2.075534645063038530e-01 1.693218676682091584e+00 1.200000000000000000e+01 4.300000000000000000e+01 3.000000000000000000e+00
3.705538665272687382e-01 3.387784234924818838e-01 5.000000000000000000e+00 8.200000000000000000e+01 3.000000000000000000e+00
6.715306282897747225e-01 1.813095525995371826e+00 1.100000000000000000e+01 4.600000000000000000e+01 3.000000000000000000e+00
2.813487243707759600e-01 1.697721507302664412e-01 1.000000000000000000e+00 1.900000000000000000e+01 3.000000000000000000e+00
6.410083100507124598e-01 9.520243237128590552e-01 4.000000000000000000e+00 5.200000000000000000e+01 3.000000000000000000e+00
2.506627805060184233e-01 2.911002443491294001e-01 1.500000000000000000e+01 1.000000000000000000e+01 3.000000000000000000e+00
9.407819192014844623e-01 2.099050136101403563e+00 1.600000000000000000e+01 6.200000000000000000e+01 3.000000000000000000e+00
8.429547257315920250e-01 1.554488465245557283e+00 1.600000000000000000e+01 8.100000000000000000e+01 3.000000000000000000e+00
5.869221712831996784e-01 2.770585493973108937e-01 3.000000000000000000e+00 4.200000000000000000e+01 3.000000000000000000e+00
7.675617326282018205e-01 1.771414440248225253e+00 8.000000000000000000e+00 1.110000000000000000e+02 3.000000000000000000e+00
2.045708875112381975e-01 2.040217858586662381e+00 1.700000000000000000e+01 1.560000000000000000e+02 3.000000000000000000e+00
8.551663364103584408e-01 1.170937209623042596e+00 2.000000000000000000e+01 1.620000000000000000e+02 3.000000000000000000e+00
6.788348877406250592e-01 1.529935943333152526e+00 1.500000000000000000e+01 1.090000000000000000e+02 3.000000000000000000e+00
3.912556003926084269e-01 1.101459476608772636e+00 1.800000000000000000e+01 1.530000000000000000e+02 3.000000000000000000e+00
7.303644373513688004e-01 1.270325927655695963e+00 1.000000000000000000e+00 6.300000000000000000e+01 3.000000000000000000e+00
1.248856391634566160e-01 1.625460895975445297e+00 1.500000000000000000e+01 1.500000000000000000e+02 3.000000000000000000e+00
9.032233280276795728e-01 1.698769361669000499e+00 1.400000000000000000e+01 1.580000000000000000e+02 3.000000000000000000e+00
6.453361694815296090e-01 1.321238982144417040e+00 1.700000000000000000e+01 1.110000000000000000e+02 3.000000000000000000e+00
9.053158079243535106e-01 1.129015870421193668e+00 2.000000000000000000e+00 6.300000000000000000e+01 3.000000000000000000e+00
4.801724088390202372e-01 3.679304471288916689e-01 1.000000000000000000e+01 6.600000000000000000e+01 3.000000000000000000e+00
2.885163571425329865e-01 6.160487533782103009e-01 7.000000000000000000e+00 1.430000000000000000e+02 3.000000000000000000e+00
9.157489927549909703e-02 1.428844008442796021e+00 1.900000000000000000e+01 9.300000000000000000e+01 3.000000000000000000e+00
9.844539633161170089e-01 1.347308448035964501e+00 1.600000000000000000e+01 1.620000000000000000e+02 3.000000000000000000e+00
3.045089258648369518e-02 1.457865842916617805e+00 1.900000000000000000e+01 1.130000000000000000e+02 3.000000000000000000e+00
3.183652666513502733e-02 8.215883170976489014e-01 1.400000000000000000e+01 1.550000000000000000e+02 3.000000000000000000e+00
1.610944015088850989e-01 6.205214429188540270e-01 1.000000000000000000e+01 5.300000000000000000e+01 3.000000000000000000e+00
2.213764433620223765e-02 1.598585056476609312e+00 7.000000000000000000e+00 1.790000000000000000e+02 4.000000000000000000e+00
6.541425918678642759e-01 6.936952563602988286e-01 5.000000000000000000e+00 1.360000000000000000e+02 4.000000000000000000e+00
7.853128119400736296e-01 3.003552949265843042e-01 1.900000000000000000e+01 1.690000000000000000e+02 4.000000000000000000e+00
8.068453888578640543e-01 4.434231386784682760e-01 1.600000000000000000e+01 8.000000000000000000e+00 4.000000000000000000e+00
9.735706832365612629e-01 1.268595957947026731e+00 1.200000000000000000e+01 1.200000000000000000e+02 4.000000000000000000e+00
8.310360940071777058e-01 1.066818346714926147e+00 1.000000000000000000e+01 1.360000000000000000e+02 4.000000000000000000e+00
5.804566582061223556e-01 2.206169390497322580e-01 1.300000000000000000e+01 9.100000000000000000e+01 4.000000000000000000e+00
9.761160662350379935e-01 1.126633452378066780e+00 2.000000000000000000e+00 1.120000000000000000e+02 4.000000000000000000e+00
7.112384008409433633e-01 7.880721549613990407e-01 7.000000000000000000e+00 1.800000000000000000e+02 4.000000000000000000e+00
7.416499338263464747e-01 1.823901155186749889e+00 1.900000000000000000e+01 1.300000000000000000e+01 4.000000000000000000e+00
4.413357514795210879e-01 9.188803954703327337e-01 1.000000000000000000e+00 1.800000000000000000e+01 4.000000000000000000e+00
3.863734193626578994e-01 9.623865367593763542e-01 2.000000000000000000e+01 3.500000000000000000e+01 4.000000000000000000e+00
7.199382157282588901e-01 1.896511375574580605e+00 1.800000000000000000e+01 9.000000000000000000e+00 4.000000000000000000e+00
1.709605814204657737e-01 1.264613171006186754e+00 9.000000000000000000e+00 1.280000000000000000e+02 4.000000000000000000e+00
5.913989857607867551e-01 3.138683128837650438e-01 1.900000000000000000e+01 7.100000000000000000e+01 4.000000000000000000e+00
9.210469249453170359e-01 9.073379392257695519e-01 2.000000000000000000e+00 1.740000000000000000e+02 4.000000000000000000e+00
5.966114614561101454e-02 5.708810091670838416e-01 7.000000000000000000e+00 1.830000000000000000e+02 4.000000000000000000e+00
8.455753772304883675e-01 8.778787600763083843e-01 7.000000000000000000e+00 1.900000000000000000e+02 4.000000000000000000e+00
6.454211959568247892e-01 8.216001437489967030e-01 4.000000000000000000e+00 1.520000000000000000e+02 4.000000000000000000e+00
8.672054542423263124e-01 1.375338467367259954e+00 1.700000000000000000e+01 7.400000000000000000e+01 4.000000000000000000e+00
6.105693940998568187e-02 1.378357553508378297e+00 1.800000000000000000e+01 1.500000000000000000e+02 4.000000000000000000e+00
7.004641544732126412e-01 5.024276395864278877e-01 1.200000000000000000e+01 2.300000000000000000e+01 4.000000000000000000e+00
3.172189235601806656e-01 1.427459552564126710e+00 2.000000000000000000e+01 1.750000000000000000e+02 4.000000000000000000e+00
6.474225432583832207e-01 4.730144987601266893e-01 1.000000000000000000e+00 1.280000000000000000e+02 4.000000000000000000e+00
6.809813297301583468e-01 1.811096006617407106e+00 9.000000000000000000e+00 1.500000000000000000e+01 4.000000000000000000e+00
7.529059172131245814e-02 1.622008566845760669e+00 7.000000000000000000e+00 6.200000000000000000e+01 4.000000000000000000e+00
7.570264465982035063e-01 2.311589252269762584e-01 1.700000000000000000e+01 1.000000000000000000e+00 4.000000000000000000e+00
3.102413819645203352e-01 1.055140564776556600e+00 1.800000000000000000e+01 1.490000000000000000e+02 4.000000000000000000e+00
5.602445943563594266e-01 9.798286230934935004e-01 1.200000000000000000e+01 1.270000000000000000e+02 4.000000000000000000e+00
7.625304037818196878e-01 7.937490621010877545e-01 8.000000000000000000e+00 1.500000000000000000e+02 4.000000000000000000e+00
2.497979362223207156e-01 1.074040086509730596e+00 1.600000000000000000e+01 1.500000000000000000e+01 4.000000000000000000e+00
8.499534482316779549e-01 1.344828288197722044e+00 1.200000000000000000e+01 6.000000000000000000e+00 4.000000000000000000e+00
5.909464810336277907e-01 1.939851947589902537e+00 1.800000000000000000e+01 8.700000000000000000e+01 4.000000000000000000e+00
7.085308513442244438e-01 1.083082587186712464e+00 4.000000000000000000e+00 2.700000000000000000e+01 4.000000000000000000e+00
1.238872834864660349e-01 2.036092847250182969e-01 6.000000000000000000e+00 8.700000000000000000e+01 4.000000000000000000e+00
3.211806816070532644e-01 1.019043876629003531e+00 1.000000000000000000e+01 1.280000000000000000e+02 4.000000000000000000e+00
5.426824109022572173e-01 1.638942995123106705e+00 1.000000000000000000e+00 1.740000000000000000e+02 4.000000000000000000e+00
2.695924001648618978e-02 7.144446615082952201e-01 1.500000000000000000e+01 1.700000000000000000e+02 4.000000000000000000e+00
5.984799709804263790e-01 1.513942761871005738e+00 7.000000000000000000e+00 5.100000000000000000e+01 4.000000000000000000e+00
7.755195862932255935e-01 5.324490235849842490e-01 9.000000000000000000e+00 1.300000000000000000e+01 4.000000000000000000e+00
6.657634596754961054e-01 3.627452827861566975e-01 1.400000000000000000e+01 1.720000000000000000e+02 4.000000000000000000e+00
4.569777944824513494e-01 1.674605932036883571e+00 1.500000000000000000e+01 5.300000000000000000e+01 4.000000000000000000e+00
7.616537206402950178e-01 6.392481495616725296e-01 6.000000000000000000e+00 1.150000000000000000e+02 4.000000000000000000e+00
1.002629765563476383e+00 2.037504148150241168e+00 1.700000000000000000e+01 1.110000000000000000e+02 4.000000000000000000e+00
5.365854518763580883e-01 8.444952473087518063e-01 3.000000000000000000e+00 1.220000000000000000e+02 4.000000000000000000e+00
4.738690257542227391e-01 1.378555343744528594e+00 5.000000000000000000e+00 1.080000000000000000e+02 4.000000000000000000e+00
6.462174090003435234e-01 1.851579093635459916e+00 1.200000000000000000e+01 1.640000000000000000e+02 4.000000000000000000e+00
9.275309702579530580e-01 1.687043772082667425e+00 1.200000000000000000e+01 1.330000000000000000e+02 4.000000000000000000e+00
8.348372686305445267e-01 2.973399663213528443e-01 1.900000000000000000e+01 1.300000000000000000e+01 4.000000000000000000e+00
2.115254976525965391e-01 2.087639863597424483e+00 1.400000000000000000e+01 5.000000000000000000e+01 4.000000000000000000e+00
