8.687949066754058203e-01 1.547953881438253410e+00 2.000000000000000000e+01 1.810000000000000000e+02 0.000000000000000000e+00
8.827613352229067845e-01 1.388036306038712864e+00 8.000000000000000000e+00 1.500000000000000000e+02 0.000000000000000000e+00
8.701629598078112204e-01 1.738986407882080754e-01 1.500000000000000000e+01 1.110000000000000000e+02 0.000000000000000000e+00
4.375772720304734742e-01 1.291727978961905388e+00 7.000000000000000000e+00 4.000000000000000000e+01 0.000000000000000000e+00
1.956547964222251634e-01 9.401797767361969038e-01 1.000000000000000000e+00 5.100000000000000000e+01 0.000000000000000000e+00
6.150941480442467801e-01 1.537524718162081694e+00 1.200000000000000000e+01 3.700000000000000000e+01 0.000000000000000000e+00
9.428611902433882141e-01 1.559099067821990925e+00 9.000000000000000000e+00 1.250000000000000000e+02 0.000000000000000000e+00
1.805088450695524482e-01 1.398031573508272007e+00 2.000000000000000000e+00 1.660000000000000000e+02 0.000000000000000000e+00
6.658177928022480652e-01 2.098984837594553898e+00 8.000000000000000000e+00 1.810000000000000000e+02 0.000000000000000000e+00
2.480468080066371428e-01 1.244205306836037472e+00 2.000000000000000000e+01 1.100000000000000000e+02 0.000000000000000000e+00
5.206182709691479227e-01 1.576448662259419153e+00 9.000000000000000000e+00 1.140000000000000000e+02 0.000000000000000000e+00
5.246182329281405821e-01 1.542491851658142288e+00 1.300000000000000000e+01 1.140000000000000000e+02 0.000000000000000000e+00
5.330650762453542635e-01 3.841450988659013133e-01 1.200000000000000000e+01 1.500000000000000000e+02 0.000000000000000000e+00
5.429548376650741304e-01 1.814013888974827626e+00 1.100000000000000000e+01 1.850000000000000000e+02 0.000000000000000000e+00
4.797401358963825774e-02 1.890090901505286025e+00 2.000000000000000000e+01 5.000000000000000000e+01 0.000000000000000000e+00
7.026030680170778364e-01 1.262022858450442042e+00 1.000000000000000000e+00 1.830000000000000000e+02 0.000000000000000000e+00
8.689802765192054801e-02 7.564333488707771780e-01 1.200000000000000000e+01 8.000000000000000000e+00 0.000000000000000000e+00
8.880602985584223896e-01 2.291734831241024894e-01 1.500000000000000000e+01 4.200000000000000000e+01 0.000000000000000000e+00
1.099748844358264671e-01 2.025721400270907024e-01 1.900000000000000000e+01 1.910000000000000000e+02 0.000000000000000000e+00
8.491390335536629086e-02 1.000844111564627381e+00 3.000000000000000000e+00 6.700000000000000000e+01 0.000000000000000000e+00
4.579925981294640652e-02 1.358149298207119937e+00 2.000000000000000000e+00 3.200000000000000000e+01 0.000000000000000000e+00
2.245693602290795843e-01 1.437049627605964330e+00 1.600000000000000000e+01 3.900000000000000000e+01 0.000000000000000000e+00
2.342207503980621164e-01 1.165340977115040477e+00 1.800000000000000000e+01 3.600000000000000000e+01 0.000000000000000000e+00
2.810582028623057615e-01 1.569255145349979674e+00 2.000000000000000000e+00 1.700000000000000000e+01 0.000000000000000000e+00
8.635440092888438945e-01 1.155330030433573407e+00 9.000000000000000000e+00 1.540000000000000000e+02 0.000000000000000000e+00
8.213373605386619092e-01 1.468503664219872107e+00 9.000000000000000000e+00 4.500000000000000000e+01 0.000000000000000000e+00
4.974409552321742423e-01 2.061655644853007896e+00 7.000000000000000000e+00 1.140000000000000000e+02 0.000000000000000000e+00
1.530930960622089131e-02 5.579748580904778654e-01 1.400000000000000000e+01 1.000000000000000000e+02 0.000000000000000000e+00
8.527594935388520536e-01 1.976430767023370783e-01 1.400000000000000000e+01 2.100000000000000000e+01 0.000000000000000000e+00
5.713684035625538060e-01 1.255212355155080228e+00 3.000000000000000000e+00 1.200000000000000000e+01 0.000000000000000000e+00
5.420403260186634070e-02 1.514578205249078602e+00 1.200000000000000000e+01 1.220000000000000000e+02 0.000000000000000000e+00
6.694569037143979218e-01 5.274887545901215669e-01 1.000000000000000000e+00 1.270000000000000000e+02 0.000000000000000000e+00
9.668966066629618439e-01 6.644653345650278764e-01 4.000000000000000000e+00 3.100000000000000000e+01 0.000000000000000000e+00
8.217822461889202623e-01 1.040655153265028998e+00 1.300000000000000000e+01 1.100000000000000000e+01 0.000000000000000000e+00
9.542029652558007280e-01 5.828093308920579974e-01 8.000000000000000000e+00 1.830000000000000000e+02 0.000000000000000000e+00
7.200681677618609999e-01 9.220389763266360061e-01 1.700000000000000000e+01 1.270000000000000000e+02 0.000000000000000000e+00
2.405401078425640771e-01 1.128189738583960544e+00 1.800000000000000000e+01 5.500000000000000000e+01 0.000000000000000000e+00
8.644479266503020121e-01 4.193773954760927625e-01 5.000000000000000000e+00 1.600000000000000000e+01 0.000000000000000000e+00
1.068896017211120458e-01 1.178468532698977889e+00 7.000000000000000000e+00 1.910000000000000000e+02 0.000000000000000000e+00
4.560141783920919067e-01 1.922510736563162181e+00 1.100000000000000000e+01 9.300000000000000000e+01 0.000000000000000000e+00
1.646367743868757394e-01 1.558411322564398072e+00 1.700000000000000000e+01 1.720000000000000000e+02 0.000000000000000000e+00
2.306592174455899258e-01 6.109285593213961141e-01 1.000000000000000000e+00 2.100000000000000000e+01 0.000000000000000000e+00
3.315250271919322617e-02 1.279694618606150858e+00 5.000000000000000000e+00 5.200000000000000000e+01 0.000000000000000000e+00
8.496910889913615872e-01 1.964772782107336857e+00 9.000000000000000000e+00 1.520000000000000000e+02 0.000000000000000000e+00
2.989855663518495854e-01 1.696277440143759030e+00 1.100000000000000000e+01 1.650000000000000000e+02 0.000000000000000000e+00
2.733477734235589818e-01 1.054379564992943941e+00 1.300000000000000000e+01 1.440000000000000000e+02 0.000000000000000000e+00
4.661784057239241053e-01 3.301255630155642828e-01 1.400000000000000000e+01 1.500000000000000000e+01 0.000000000000000000e+00
8.774545830909874500e-01 1.086857816916044994e+00 1.200000000000000000e+01 8.400000000000000000e+01 0.000000000000000000e+00
6.100467210234234994e-01 5.487621743626928117e-01 1.600000000000000000e+01 6.500000000000000000e+01 0.000000000000000000e+00
1.976715783132553250e-01 1.484549194992930143e+00 8.000000000000000000e+00 1.260000000000000000e+02 0.000000000000000000e+00
7.904899961139734144e-01 1.145598932467019049e+00 1.300000000000000000e+01 1.170000000000000000e+02 1.000000000000000000e+00
3.893501497942396528e-01 2.251593608719250350e-01 4.000000000000000000e+00 1.030000000000000000e+02 1.000000000000000000e+00
2.741170821475603647e-01 7.653691152749114712e-01 1.300000000000000000e+01 1.520000000000000000e+02 1.000000000000000000e+00
8.585387989047102986e-01 1.953938867532102108e+00 1.900000000000000000e+01 1.630000000000000000e+02 1.000000000000000000e+00
6.039936393778098100e-01 1.399399001171203416e+00 1.900000000000000000e+01 9.300000000000000000e+01 1.000000000000000000e+00
1.984171021632068488e-01 5.513450196571577644e-01 6.000000000000000000e+00 1.900000000000000000e+01 1.000000000000000000e+00
5.349550146080494367e-02 1.916741490879249499e+00 1.600000000000000000e+01 3.000000000000000000e+01 1.000000000000000000e+00
9.853777444281102138e-01 1.751906186515152231e-01 1.200000000000000000e+01 1.180000000000000000e+02 1.000000000000000000e+00
5.031444711173392870e-01 2.072263756356012454e+00 1.300000000000000000e+01 6.000000000000000000e+01 1.000000000000000000e+00
9.821861771063649105e-01 1.683140729244383405e+00 1.700000000000000000e+01 1.060000000000000000e+02 1.000000000000000000e+00
2.136312957846602245e-01 2.036813444432380660e+00 6.000000000000000000e+00 1.700000000000000000e+02 1.000000000000000000e+00
6.245378922081268325e-01 1.091705891690479158e+00 1.300000000000000000e+01 1.600000000000000000e+01 1.000000000000000000e+00
3.155883653488154028e-01 9.326396809603990645e-01 4.000000000000000000e+00 9.000000000000000000e+01 1.000000000000000000e+00
8.578908045877444710e-01 1.290797997902110306e-01 6.000000000000000000e+00 5.800000000000000000e+01 1.000000000000000000e+00
8.680372696669139687e-01 4.862876354203135021e-01 1.700000000000000000e+01 1.760000000000000000e+02 1.000000000000000000e+00
6.770190174505689162e-01 7.617504381992293849e-01 1.000000000000000000e+00 1.710000000000000000e+02 1.000000000000000000e+00
4.628481073824745051e-01 8.047180598804558604e-01 1.000000000000000000e+01 1.960000000000000000e+02 1.000000000000000000e+00
5.213189110175086433e-02 2.049200934231492965e+00 1.900000000000000000e+01 1.990000000000000000e+02 1.000000000000000000e+00
3.647591094941291523e-01 2.723004227141615496e-01 6.000000000000000000e+00 1.680000000000000000e+02 1.000000000000000000e+00
1.158004925871501806e-01 9.376434691211860128e-01 9.000000000000000000e+00 1.010000000000000000e+02 1.000000000000000000e+00
7.211393836061845697e-01 8.761263797544472931e-01 1.200000000000000000e+01 2.500000000000000000e+01 1.000000000000000000e+00
1.670642719200642751e-02 1.102786993683539052e+00 1.500000000000000000e+01 1.750000000000000000e+02 1.000000000000000000e+00
1.655964819485766792e-01 9.202720406235341821e-01 1.400000000000000000e+01 1.720000000000000000e+02 1.000000000000000000e+00
3.155162764279870746e-01 1.297314898717069342e-01 1.700000000000000000e+01 1.590000000000000000e+02 1.000000000000000000e+00
4.845142874806468436e-01 7.347692181070103468e-01 1.500000000000000000e+01 9.600000000000000000e+01 1.000000000000000000e+00
6.998226216024109325e-01 2.030268396763242666e+00 1.300000000000000000e+01 3.000000000000000000e+01 1.000000000000000000e+00
4.437684093678161829e-02 1.487561777499060378e+00 1.600000000000000000e+01 1.240000000000000000e+02 1.000000000000000000e+00
7.348495190921180420e-01 1.484953909467515043e+00 5.000000000000000000e+00 6.300000000000000000e+01 1.000000000000000000e+00
3.490128201203414049e-01 1.304196445491623502e+00 5.000000000000000000e+00 9.000000000000000000e+00 1.000000000000000000e+00
6.399863485449346356e-01 1.992673911864417668e+00 1.100000000000000000e+01 7.000000000000000000e+00 1.000000000000000000e+00
6.774220350318175266e-01 8.308910098456573357e-01 2.000000000000000000e+00 1.060000000000000000e+02 1.000000000000000000e+00
6.643760789532694444e-01 1.480686566866729281e+00 1.500000000000000000e+01 1.520000000000000000e+02 1.000000000000000000e+00
9.942462824335867033e-01 1.760595603298464207e+00 1.500000000000000000e+01 1.200000000000000000e+02 1.000000000000000000e+00
1.567259226837760533e-01 1.537194550273726090e+00 6.000000000000000000e+00 6.900000000000000000e+01 1.000000000000000000e+00
6.220507968375832419e-01 1.993150896364426217e+00 5.000000000000000000e+00 1.240000000000000000e+02 1.000000000000000000e+00
4.686553414534890827e-01 5.699075728158730092e-01 1.000000000000000000e+01 7.000000000000000000e+01 1.000000000000000000e+00
7.468864630916469682e-01 1.395665113699001258e+00 1.700000000000000000e+01 1.260000000000000000e+02 1.000000000000000000e+00
1.457242763779812433e-01 1.098003753097354096e+00 1.000000000000000000e+00 2.100000000000000000e+01 1.000000000000000000e+00
8.072060692626362721e-01 4.961383597194027884e-01 1.000000000000000000e+01 6.000000000000000000e+00 1.000000000000000000e+00
7.799165645708998618e-01 1.507229393630336256e+00 1.500000000000000000e+01 1.140000000000000000e+02 1.000000000000000000e+00
5.313613081275589956e-01 2.129128402884351845e-01 9.000000000000000000e+00 9.100000000000000000e+01 1.000000000000000000e+00
4.495697675406162830e-01 1.522835265046389219e+00 1.600000000000000000e+01 1.670000000000000000e+02 1.000000000000000000e+00
4.573433396325981004e-01 3.710091966019245513e-01 1.400000000000000000e+01 1.440000000000000000e+02 1.000000000000000000e+00
6.874949867831721129e-01 1.994598278318988616e+00 1.000000000000000000e+01 7.400000000000000000e+01 1.000000000000000000e+00
6.257075776098018904e-01 1.432590684047239327e+00 2.000000000000000000e+00 4.700000000000000000e+01 1.000000000000000000e+00
4.156053974980792320e-01 3.525106382174730824e-01 1.800000000000000000e+01 1.440000000000000000e+02 1.000000000000000000e+00
2.101895799230013573e-01 1.229565839625311963e+00 8.000000000000000000e+00 4.200000000000000000e+01 1.000000000000000000e+00
7.772864951435966008e-01 1.282092530951220777e+00 9.000000000000000000e+00 1.100000000000000000e+02 1.000000000000000000e+00
5.676142265721725311e-01 1.355723565681034304e-01 1.300000000000000000e+01 2.200000000000000000e+01 1.000000000000000000e+00
5.949126034546736025e-02 1.399145503065013285e+00 1.500000000000000000e+01 1.090000000000000000e+02 1.000000000000000000e+00
6.677153235713143564e-01 1.610438088775218768e+00 1.300000000000000000e+01 9.400000000000000000e+01 2.000000000000000000e+00
1.660599868189296391e-01 1.372052983767960976e-01 1.200000000000000000e+01 1.570000000000000000e+02 2.000000000000000000e+00
7.395843247344361382e-01 1.880329363286126654e+00 4.000000000000000000e+00 8.200000000000000000e+01 2.000000000000000000e+00
3.832313491238448222e-01 6.058365209041930433e-01 5.000000000000000000e+00 1.180000000000000000e+02 2.000000000000000000e+00
4.546289025716584442e-01 1.327320536920993499e+00 9.000000000000000000e+00 5.800000000000000000e+01 2.000000000000000000e+00
4.948632432115048774e-01 9.754701699084294964e-01 6.000000000000000000e+00 1.130000000000000000e+02 2.000000000000000000e+00
4.222446699455394831e-02 2.255095581181646713e-01 1.800000000000000000e+01 1.300000000000000000e+02 2.000000000000000000e+00
8.984948271503835349e-01 1.847353186806858005e+00 5.000000000000000000e+00 9.400000000000000000e+01 2.000000000000000000e+00
3.183291851212000090e-01 1.548528667474706078e+00 4.000000000000000000e+00 7.100000000000000000e+01 2.000000000000000000e+00
4.999654651605961453e-01 1.577664843481041190e+00 1.800000000000000000e+01 5.400000000000000000e+01 2.000000000000000000e+00
6.507298762519412305e-01 3.442307398521063933e-01 1.100000000000000000e+01 1.720000000000000000e+02 2.000000000000000000e+00
2.737621845226180239e-01 7.814564206570685512e-01 2.000000000000000000e+00 5.200000000000000000e+01 2.000000000000000000e+00
9.441239348346838200e-01 7.983710554403212756e-01 1.400000000000000000e+01 1.400000000000000000e+02 2.000000000000000000e+00
8.236582170742955400e-01 1.930603067072180989e+00 5.000000000000000000e+00 7.000000000000000000e+00 2.000000000000000000e+00
3.105242993956961461e-01 1.031821700489682359e+00 1.200000000000000000e+01 4.400000000000000000e+01 2.000000000000000000e+00
6.402552130467397129e-01 1.765746476735474024e+00 1.700000000000000000e+01 6.000000000000000000e+00 2.000000000000000000e+00
4.778856332017376030e-01 1.623168041372973658e+00 1.200000000000000000e+01 9.100000000000000000e+01 2.000000000000000000e+00
4.549790280155054933e-01 1.760095335515258874e+00 1.300000000000000000e+01 1.720000000000000000e+02 2.000000000000000000e+00
2.544959716466517197e-01 1.680831802976591460e-01 8.000000000000000000e+00 2.400000000000000000e+01 2.000000000000000000e+00
1.396992517455735161e-01 1.072305517478619130e+00 1.400000000000000000e+01 2.000000000000000000e+01 2.000000000000000000e+00
4.616900951881358628e-01 1.722723672832459085e+00 2.000000000000000000e+01 1.190000000000000000e+02 2.000000000000000000e+00
9.949554657904682298e-01 1.766390136656406096e+00 1.700000000000000000e+01 1.220000000000000000e+02 2.000000000000000000e+00
4.722681167693805193e-01 7.652842686339006439e-01 1.400000000000000000e+01 3.500000000000000000e+01 2.000000000000000000e+00
4.755076439765905105e-01 9.124613018128636677e-01 1.000000000000000000e+01 8.900000000000000000e+01 2.000000000000000000e+00
1.067165726587040314e-01 1.739037174148220233e+00 3.000000000000000000e+00 9.100000000000000000e+01 2.000000000000000000e+00
2.691317154554417196e-02 6.822859515203331116e-01 9.000000000000000000e+00 1.010000000000000000e+02 2.000000000000000000e+00
2.269499402808041744e-01 1.439921459278979965e+00 1.600000000000000000e+01 1.920000000000000000e+02 2.000000000000000000e+00
6.686031701112595815e-01 1.218871655104375729e-01 1.300000000000000000e+01 1.110000000000000000e+02 2.000000000000000000e+00
3.195671292719877155e-01 1.856319268657721899e+00 1.500000000000000000e+01 5.000000000000000000e+01 2.000000000000000000e+00
7.305074575941601367e-01 1.878912202437264867e+00 9.000000000000000000e+00 1.580000000000000000e+02 2.000000000000000000e+00
6.665324839519047861e-01 1.353133895986334823e+00 2.000000000000000000e+00 2.000000000000000000e+00 2.000000000000000000e+00
8.000023265043430809e-02 6.572893173385284671e-01 4.000000000000000000e+00 7.000000000000000000e+00 2.000000000000000000e+00
4.707014821972580476e-01 1.720077398569823890e+00 1.400000000000000000e+01 8.300000000000000000e+01 2.000000000000000000e+00
5.839702287201427033e-01 1.606312591610573881e-01 2.000000000000000000e+00 7.800000000000000000e+01 2.000000000000000000e+00
9.191634906076241451e-01 2.426196766506540092e-01 4.000000000000000000e+00 9.300000000000000000e+01 2.000000000000000000e+00
5.505011969505561042e-01 4.968384813261338406e-01 8.000000000000000000e+00 2.000000000000000000e+00 2.000000000000000000e+00
5.465773743267491325e-01 1.118335610550131864e+00 1.800000000000000000e+01 3.000000000000000000e+00 2.000000000000000000e+00
3.756898815692818472e-01 2.095714667063447723e-01 1.300000000000000000e+01 8.200000000000000000e+01 2.000000000000000000e+00
4.048357698663759274e-01 8.602768813630244926e-01 1.100000000000000000e+01 1.390000000000000000e+02 2.000000000000000000e+00
3.417229784839388440e-01 1.096740807984993848e+00 1.700000000000000000e+01 1.940000000000000000e+02 2.000000000000000000e+00
4.459236546883258434e-01 1.975053396757221691e+00 1.700000000000000000e+01 7.900000000000000000e+01 2.000000000000000000e+00
6.531766215339244175e-01 3.274595813320541060e-01 1.500000000000000000e+01 1.730000000000000000e+02 2.000000000000000000e+00
2.880908526145181670e-01 9.932730697675361542e-01 8.000000000000000000e+00 1.840000000000000000e+02 2.000000000000000000e+00
9.330213226039076879e-01 1.029350510930339413e-01 1.500000000000000000e+01 1.980000000000000000e+02 2.000000000000000000e+00
9.166076761175476761e-01 1.372316052567603917e+00 3.000000000000000000e+00 6.800000000000000000e+01 2.000000000000000000e+00
6.914894783224263541e-01 1.041163388309370996e-01 1.900000000000000000e+01 1.270000000000000000e+02 2.000000000000000000e+00
2.707166197780934702e-01 1.868386749934504598e+00 1.700000000000000000e+01 1.900000000000000000e+01 2.000000000000000000e+00
4.726279910876629575e-01 1.539630604476586617e+00 1.600000000000000000e+01 1.980000000000000000e+02 2.000000000000000000e+00
6.419341827131258560e-01 4.876009447370946992e-01 1.300000000000000000e+01 1.870000000000000000e+02 2.000000000000000000e+00
1.551459473630681929e-01 6.711482007728984955e-01 1.000000000000000000e+01 1.580000000000000000e+02 2.000000000000000000e+00
9.873776308061589235e-01 2.059177030157235855e+00 1.900000000000000000e+01 1.170000000000000000e+02 3.000000000000000000e+00
8.115927256041326476e-01 1.566147988137445823e+00 1.100000000000000000e+01 9.900000000000000000e+01 3.000000000000000000e+00
9.150192662944170996e-01 1.047894447167181609e+00 1.500000000000000000e+01 1.110000000000000000e+02 3.000000000000000000e+00
4.315768675687615685e-01 1.902464164713088213e+00 1.200000000000000000e+01 1.950000000000000000e+02 3.000000000000000000e+00
8.140631898043756420e-01 2.808052997089661718e-01 1.800000000000000000e+01 1.210000000000000000e+02 3.000000000000000000e+00
6.823989297570014489e-01 1.918912570203302304e+00 2.000000000000000000e+01 3.100000000000000000e+01 3.000000000000000000e+00
8.940833910064029943e-01 2.996604595565942608e-01 8.000000000000000000e+00 8.000000000000000000e+00 3.000000000000000000e+00
2.675906947491925036e-01 3.847914818656626990e-01 9.000000000000000000e+00 1.950000000000000000e+02 3.000000000000000000e+00
2.105473323058358881e-01 1.292994754724969386e+00 1.200000000000000000e+01 1.280000000000000000e+02 3.000000000000000000e+00
7.842244322054603423e-01 7.893400419844486260e-01 1.000000000000000000e+01 1.400000000000000000e+02 3.000000000000000000e+00
1.575839730750463463e-01 1.056003860411758088e+00 7.000000000000000000e+00 1.970000000000000000e+02 3.000000000000000000e+00
9.171544672749527560e-01 7.610097877180396209e-01 3.000000000000000000e+00 1.910000000000000000e+02 3.000000000000000000e+00
8.184448124773983091e-01 7.081966324521525857e-01 1.900000000000000000e+01 6.700000000000000000e+01 3.000000000000000000e+00
1.232973774965517716e-01 1.445211159232801246e-01 1.400000000000000000e+01 1.790000000000000000e+02 3.000000000000000000e+00
9.341512111874970825e-02 1.898770096462981949e-01 1.700000000000000000e+01 5.800000000000000000e+01 3.000000000000000000e+00
5.921836726495006697e-01 1.856474675620477299e+00 1.300000000000000000e+01 1.430000000000000000e+02 3.000000000000000000e+00
4.592407763244309854e-02 6.222497750499610403e-01 1.500000000000000000e+01 1.540000000000000000e+02 3.000000000000000000e+00
3.565115886447125515e-01 1.537163904928196878e+00 4.000000000000000000e+00 4.900000000000000000e+01 3.000000000000000000e+00
5.263185569796703378e-01 4.285865107298606480e-01 7.000000000000000000e+00 1.660000000000000000e+02 3.000000000000000000e+00
3.298503232743429381e-01 1.363041937136582948e+00 1.600000000000000000e+01 1.380000000000000000e+02 3.000000000000000000e+00
9.285170611049632372e-01 2.045195988860252501e-01 7.000000000000000000e+00 1.610000000000000000e+02 3.000000000000000000e+00
8.835718325189276801e-01 9.480529812619616914e-01 1.900000000000000000e+01 9.000000000000000000e+00 3.000000000000000000e+00
9.581534335785174550e-01 9.041843929887750653e-01 9.000000000000000000e+00 6.700000000000000000e+01 3.000000000000000000e+00
8.052267682246415648e-01 1.378462449895869080e+00 2.000000000000000000e+01 1.500000000000000000e+01 3.000000000000000000e+00
9.575991601624000982e-01 2.701794605442894293e-01 1.000000000000000000e+00 1.460000000000000000e+02 3.000000000000000000e+00
5.981961441504394239e-01 9.397893329677872165e-01 1.000000000000000000e+00 1.240000000000000000e+02 3.000000000000000000e+00
8.562331425750424607e-01 1.184813316839401498e+00 2.000000000000000000e+00 5.000000000000000000e+01 3.000000000000000000e+00
7.821442223415820960e-01 2.063234316636328280e+00 1.700000000000000000e+01 1.460000000000000000e+02 3.000000000000000000e+00
6.276514957426806429e-01 6.335699254770937872e-01 1.400000000000000000e+01 5.500000000000000000e+01 3.000000000000000000e+00
3.605143241062200854e-01 1.492223368103160253e+00 9.000000000000000000e+00 8.700000000000000000e+01 3.000000000000000000e+00
3.608118843861787273e-01 1.149440084044173638e+00 1.400000000000000000e+01 5.800000000000000000e+01 3.000000000000000000e+00
6.002497682344501984e-01 1.302565337114646837e+00 7.000000000000000000e+00 5.000000000000000000e+01 3.000000000000000000e+00
2.374253583036293191e-01 6.173285360084516116e-01 1.700000000000000000e+01 1.520000000000000000e+02 3.000000000000000000e+00
2.114592666670971344e-01 2.352996783639297596e-01 1.200000000000000000e+01 1.920000000000000000e+02 3.000000000000000000e+00
4.933916883154904065e-01 1.194095914963044791e+00 1.700000000000000000e+01 1.660000000000000000e+02 3.000000000000000000e+00
9.214898089355315625e-01 1.477417151070553825e+00 1.400000000000000000e+01 1.280000000000000000e+02 3.000000000000000000e+00
5.908119567176070008e-01 5.628918089164255401e-01 1.700000000000000000e+01 1.950000000000000000e+02 3.000000000000000000e+00
8.473768340851802749e-01 1.136774840046752333e+00 2.000000000000000000e+01 1.740000000000000000e+02 3.000000000000000000e+00
5.188094574650391894e-02 2.062593278810473940e+00 1.700000000000000000e+01 1.500000000000000000e+02 3.000000000000000000e+00
6.303170890206017951e-01 2.758184415627326080e-01 1.400000000000000000e+01 1.800000000000000000e+01 3.000000000000000000e+00
7.843592982959515236e-01 8.827341913124132633e-01 1.400000000000000000e+01 8.300000000000000000e+01 3.000000000000000000e+00
1.610182822105503675e-01 1.641488068270249734e+00 2.000000000000000000e+00 5.700000000000000000e+01 3.000000000000000000e+00
5.416749623657931556e-01 2.083110037129806413e-01 3.000000000000000000e+00 4.000000000000000000e+01 3.000000000000000000e+00
5.685255609697582591e-01 7.866063451428976228e-01 9.000000000000000000e+00 6.900000000000000000e+01 3.000000000000000000e+00
7.800323408459399754e-01 4.020557375036774017e-01 1.400000000000000000e+01 9.000000000000000000e+01 3.000000000000000000e+00
6.548605188746949857e-01 1.548789223966455575e+00 1.000000000000000000e+00 1.380000000000000000e+02 3.000000000000000000e+00
3.550989394046252245e-01 4.136438586503422554e-01 9.000000000000000000e+00 1.850000000000000000e+02 3.000000000000000000e+00
1.801781778025202119e-01 7.140827520282643226e-01 2.000000000000000000e+00 8.000000000000000000e+00 3.000000000000000000e+00
8.655730870358042672e-01 4.600807298186057048e-01 1.500000000000000000e+01 2.000000000000000000e+01 3.000000000000000000e+00
8.457104608506540444e-01 1.454313878158058904e+00 1.000000000000000000e+01 1.920000000000000000e+02 3.000000000000000000e+00
7.411651391578045756e-01 1.010634221911539399e+00 2.000000000000000000e+01 1.110000000000000000e+02 4.000000000000000000e+00
8.187171785573419402e-01 1.641004913781061836e+00 3.000000000000000000e+00 1.650000000000000000e+02 4.000000000000000000e+00
5.534710589566445016e-01 9.514916888709733511e-01 3.000000000000000000e+00 4.300000000000000000e+01 4.000000000000000000e+00
3.369962257355925139e-01 6.446191895810083894e-01 1.400000000000000000e+01 8.300000000000000000e+01 4.000000000000000000e+00
4.810844737578715558e-01 3.477453702534011315e-01 9.000000000000000000e+00 6.000000000000000000e+01 4.000000000000000000e+00
7.900674028246224001e-01 8.241156103817558476e-01 1.000000000000000000e+01 1.310000000000000000e+02 4.000000000000000000e+00
5.919096937805665704e-01 8.580233578295620722e-01 1.500000000000000000e+01 1.600000000000000000e+02 4.000000000000000000e+00
1.506443259609190587e-02 1.330789026197200242e-01 9.000000000000000000e+00 1.950000000000000000e+02 4.000000000000000000e+00
2.093050481809762831e-01 1.432579315547836130e+00 1.400000000000000000e+01 1.040000000000000000e+02 4.000000000000000000e+00
6.193662109435599250e-01 2.353706833460721681e-01 3.000000000000000000e+00 5.300000000000000000e+01 4.000000000000000000e+00
3.210561820267340272e-01 1.916596055273315224e+00 4.000000000000000000e+00 1.510000000000000000e+02 4.000000000000000000e+00
6.619726545139666962e-01 1.074440315532394497e+00 3.000000000000000000e+00 2.300000000000000000e+01 4.000000000000000000e+00
1.670087296037972013e-01 1.308996874432351909e+00 1.500000000000000000e+01 8.000000000000000000e+01 4.000000000000000000e+00
6.768302479601580046e-01 1.652786299419454430e+00 3.000000000000000000e+00 9.600000000000000000e+01 4.000000000000000000e+00
8.176711101352424071e-01 1.298894317782101349e-01 6.000000000000000000e+00 1.590000000000000000e+02 4.000000000000000000e+00
1.150596279146678252e-01 1.022047954729741859e+00 1.000000000000000000e+01 1.570000000000000000e+02 4.000000000000000000e+00
6.519553149880777942e-01 1.557272226477628196e+00 1.000000000000000000e+00 7.800000000000000000e+01 4.000000000000000000e+00
5.022861779161130746e-01 4.229101750392582071e-01 9.000000000000000000e+00 7.200000000000000000e+01 4.000000000000000000e+00
4.808658389030571190e-01 1.480052200413311203e+00 2.000000000000000000e+01 1.640000000000000000e+02 4.000000000000000000e+00
5.170939895336233993e-01 1.662906784547499406e+00 2.000000000000000000e+00 1.060000000000000000e+02 4.000000000000000000e+00
5.047837449954806210e-01 1.706642978667818555e+00 1.700000000000000000e+01 7.900000000000000000e+01 4.000000000000000000e+00
1.959633619174122598e-01 1.900117599113501754e+00 1.300000000000000000e+01 2.300000000000000000e+01 4.000000000000000000e+00
6.466953003319434456e-01 6.476853247990915774e-01 6.000000000000000000e+00 1.440000000000000000e+02 4.000000000000000000e+00
8.692858937636822603e-01 1.942014142743330840e+00 7.000000000000000000e+00 3.500000000000000000e+01 4.000000000000000000e+00
8.012004665858379893e-01 1.073086944098548268e-01 8.000000000000000000e+00 1.030000000000000000e+02 4.000000000000000000e+00
3.823025523931983249e-01 7.255531925730419607e-01 4.000000000000000000e+00 1.990000000000000000e+02 4.000000000000000000e+00
3.137051679673596993e-01 1.215304027163877532e+00 6.000000000000000000e+00 1.660000000000000000e+02 4.000000000000000000e+00
2.655658565521811232e-01 8.516848045818253832e-01 1.900000000000000000e+01 9.900000000000000000e+01 4.000000000000000000e+00
9.914962722070762291e-02 1.455143552631163129e+00 1.100000000000000000e+01 2.200000000000000000e+01 4.000000000000000000e+00
3.634737913602436449e-02 9.843076700277869628e-01 1.300000000000000000e+01 1.400000000000000000e+01 4.000000000000000000e+00
5.147410367853203494e-01 1.281450433388916066e+00 1.700000000000000000e+01 8.000000000000000000e+01 4.000000000000000000e+00
6.773755570968077455e-01 6.918569913737776522e-01 4.000000000000000000e+00 7.900000000000000000e+01 4.000000000000000000e+00
7.586304562182155653e-01 2.629989233852944031e-01 4.000000000000000000e+00 1.510000000000000000e+02 4.000000000000000000e+00
8.650464168344530469e-01 7.888147755685585016e-01 1.000000000000000000e+01 1.890000000000000000e+02 4.000000000000000000e+00
5.619013635285569075e-01 1.729725000606711971e+00 5.000000000000000000e+00 1.700000000000000000e+01 4.000000000000000000e+00
8.886059818936594690e-01 2.089061013216719775e+00 1.600000000000000000e+01 1.020000000000000000e+02 4.000000000000000000e+00
8.889394187973419237e-02 4.964442821505042902e-01 1.900000000000000000e+01 1.400000000000000000e+01 4.000000000000000000e+00
6.835974602053129789e-01 1.405731194088734926e+00 1.200000000000000000e+01 5.000000000000000000e+00 4.000000000000000000e+00
4.752233678228525715e-01 6.076421701862971814e-01 1.400000000000000000e+01 1.040000000000000000e+02 4.000000000000000000e+00
1.008246749197706515e+00 2.330936593017275682e-01 1.000000000000000000e+01 8.400000000000000000e+01 4.000000000000000000e+00
3.730005556335421746e-01 2.437015841910498415e-01 6.000000000000000000e+00 1.400000000000000000e+02 4.000000000000000000e+00
6.800040510473891187e-02 1.616005896845382317e+00 6.000000000000000000e+00 1.500000000000000000e+02 4.000000000000000000e+00
9.593539209800328038e-01 4.306328386680086107e-01 1.400000000000000000e+01 8.200000000000000000e+01 4.000000000000000000e+00
2.486523090904151356e-01 4.588196540626811037e-01 5.000000000000000000e+00 1.870000000000000000e+02 4.000000000000000000e+00
6.709486373461309716e-01 5.847681701973294066e-01 3.000000000000000000e+00 1.690000000000000000e+02 4.000000000000000000e+00
8.961143160421819465e-01 3.077617959316402141e-01 3.000000000000000000e+00 1.390000000000000000e+02 4.000000000000000000e+00
1.007500437145371963e+00 1.536412510543605947e+00 1.500000000000000000e+01 1.540000000000000000e+02 4.000000000000000000e+00
8.760300873402825372e-01 2.002086589962484453e+00 1.700000000000000000e+01 1.630000000000000000e+02 4.000000000000000000e+00
4.161574070658715652e-01 1.167589522022891790e+00 3.000000000000000000e+00 1.580000000000000000e+02 4.000000000000000000e+00
2.364037537141822076e-01 4.505147622027049215e-01 3.000000000000000000e+00 1.330000000000000000e+02 4.000000000000000000e+00
