5.324585646808043249e-01 8.555382139724195811e-01 2.000000000000000000e+01 4.300000000000000000e+01 0.000000000000000000e+00
4.120190169326886087e-01 1.703757072209416690e-01 5.000000000000000000e+00 1.570000000000000000e+02 0.000000000000000000e+00
2.672532849753269657e-01 6.059526037263353038e-01 1.600000000000000000e+01 1.030000000000000000e+02 0.000000000000000000e+00
6.569571857848693908e-01 8.655571104894642653e-01 1.000000000000000000e+00 1.100000000000000000e+02 0.000000000000000000e+00
5.716854423962051124e-01 2.056566738803836447e+00 4.000000000000000000e+00 1.280000000000000000e+02 0.000000000000000000e+00
1.597293004666833216e-01 5.126234524395086867e-01 1.100000000000000000e+01 7.800000000000000000e+01 0.000000000000000000e+00
4.022859960550291269e-01 6.782795932292714491e-01 8.000000000000000000e+00 2.600000000000000000e+01 0.000000000000000000e+00
5.293224969127786617e-01 1.489148841457398564e+00 1.900000000000000000e+01 7.100000000000000000e+01 0.000000000000000000e+00
6.207764269430637166e-02 8.133220614507902235e-01 5.000000000000000000e+00 1.930000000000000000e+02 0.000000000000000000e+00
4.216566366156402346e-01 1.759157346445798575e+00 6.000000000000000000e+00 4.000000000000000000e+00 0.000000000000000000e+00
5.764795942592623179e-01 4.441256104495142631e-01 1.200000000000000000e+01 7.200000000000000000e+01 0.000000000000000000e+00
6.624969303375922713e-01 8.354778248998288026e-01 1.300000000000000000e+01 9.600000000000000000e+01 0.000000000000000000e+00
1.638876206957952109e-01 7.948605862598790983e-01 1.100000000000000000e+01 8.100000000000000000e+01 0.000000000000000000e+00
6.530628888993326997e-02 1.389758525495962127e+00 1.400000000000000000e+01 9.300000000000000000e+01 0.000000000000000000e+00
8.798377127025787114e-01 1.735100971546520876e+00 1.900000000000000000e+01 1.000000000000000000e+02 0.000000000000000000e+00
2.178929907704956204e-01 1.079304613933316448e+00 1.300000000000000000e+01 1.500000000000000000e+01 0.000000000000000000e+00
2.542631464938528429e-01 5.725287220946168043e-01 2.000000000000000000e+01 3.200000000000000000e+01 0.000000000000000000e+00
3.335467273101847541e-01 9.912109063572746015e-01 2.000000000000000000e+00 1.700000000000000000e+02 0.000000000000000000e+00
5.675314346347600791e-01 9.197242621977611554e-01 1.500000000000000000e+01 1.250000000000000000e+02 0.000000000000000000e+00
9.892763469708377722e-01 1.385437086184548638e+00 7.000000000000000000e+00 7.700000000000000000e+01 0.000000000000000000e+00
5.334481238865310671e-01 7.937273816080580024e-01 1.100000000000000000e+01 1.930000000000000000e+02 0.000000000000000000e+00
6.648674238220712018e-01 8.888534774596034138e-01 3.000000000000000000e+00 3.000000000000000000e+00 0.000000000000000000e+00
2.624627212492652850e-01 1.889665037300445105e+00 1.600000000000000000e+01 1.590000000000000000e+02 0.000000000000000000e+00
9.212594802323026411e-01 5.211100680245216443e-01 7.000000000000000000e+00 1.530000000000000000e+02 0.000000000000000000e+00
7.792675524656849095e-01 6.227769090647777839e-01 5.000000000000000000e+00 1.420000000000000000e+02 0.000000000000000000e+00
8.879960313008620210e-01 1.611512810368597615e+00 1.400000000000000000e+01 1.500000000000000000e+02 0.000000000000000000e+00
7.192485915863767731e-01 1.628634294398110915e+00 1.700000000000000000e+01 1.600000000000000000e+02 0.000000000000000000e+00
8.340369679846341144e-01 1.255328842472426543e-01 1.200000000000000000e+01 1.060000000000000000e+02 0.000000000000000000e+00
2.094934007971015894e-02 1.762335686024465220e+00 1.100000000000000000e+01 6.900000000000000000e+01 0.000000000000000000e+00
6.574714804854767669e-01 6.813393482971695780e-01 2.000000000000000000e+00 4.600000000000000000e+01 0.000000000000000000e+00
7.505643930127399166e-01 1.113667943542449912e+00 1.300000000000000000e+01 8.100000000000000000e+01 0.000000000000000000e+00
3.094536316662600539e-01 1.254623706236155600e+00 1.500000000000000000e+01 1.230000000000000000e+02 0.000000000000000000e+00
2.047959521222688650e-01 5.749617259463825070e-01 1.400000000000000000e+01 1.010000000000000000e+02 0.000000000000000000e+00
2.616174421397333694e-01 7.955073631953405444e-01 8.000000000000000000e+00 1.090000000000000000e+02 0.000000000000000000e+00
6.049964766725708376e-01 1.085198079826774631e+00 1.100000000000000000e+01 7.200000000000000000e+01 0.000000000000000000e+00
8.291570551189441085e-01 1.240780077882328358e+00 1.000000000000000000e+00 1.590000000000000000e+02 0.000000000000000000e+00
7.080802366653504709e-01 6.505552046207577765e-01 5.000000000000000000e+00 8.400000000000000000e+01 0.000000000000000000e+00
6.181308693316190928e-01 1.081268077182998999e+00 6.000000000000000000e+00 6.900000000000000000e+01 0.000000000000000000e+00
9.956771749730660703e-01 1.119243004938532904e+00 7.000000000000000000e+00 7.200000000000000000e+01 0.000000000000000000e+00
9.765630044188293724e-01 1.240183164816870409e+00 1.700000000000000000e+01 1.270000000000000000e+02 0.000000000000000000e+00
4.609326512993171948e-02 6.340042871955112735e-01 4.000000000000000000e+00 8.000000000000000000e+00 0.000000000000000000e+00
6.222427042263325436e-01 1.149389389676737094e+00 3.000000000000000000e+00 1.940000000000000000e+02 0.000000000000000000e+00
6.330903098509035321e-01 5.615519833339569500e-01 1.600000000000000000e+01 1.570000000000000000e+02 0.000000000000000000e+00
3.568831869287125702e-01 5.934134556843507768e-01 4.000000000000000000e+00 5.300000000000000000e+01 0.000000000000000000e+00
1.748231733701680612e-01 1.280046936456896045e+00 3.000000000000000000e+00 8.000000000000000000e+01 0.000000000000000000e+00
9.511699426214160757e-01 2.400729676360204012e-01 9.000000000000000000e+00 7.100000000000000000e+01 0.000000000000000000e+00
7.058233840939766024e-01 9.501190958695252542e-01 2.000000000000000000e+01 1.150000000000000000e+02 0.000000000000000000e+00
3.078533587311576003e-01 9.488357077850807508e-01 1.300000000000000000e+01 1.950000000000000000e+02 0.000000000000000000e+00
8.993683037519497603e-01 1.092208485437486942e+00 8.000000000000000000e+00 5.000000000000000000e+00 0.000000000000000000e+00
4.898002754042641849e-01 6.528052743586739703e-01 1.300000000000000000e+01 8.400000000000000000e+01 0.000000000000000000e+00
8.649936763708750975e-01 6.790608136300938513e-01 2.000000000000000000e+00 1.910000000000000000e+02 1.000000000000000000e+00
4.250066686858368081e-01 1.464411347481370473e+00 9.000000000000000000e+00 5.600000000000000000e+01 1.000000000000000000e+00
8.340227957372214895e-01 8.344646116596156071e-01 1.800000000000000000e+01 1.240000000000000000e+02 1.000000000000000000e+00
8.032215826571290629e-01 7.400970341406306607e-01 1.900000000000000000e+01 5.700000000000000000e+01 1.000000000000000000e+00
9.600350190848349063e-01 6.205666561688997218e-01 2.000000000000000000e+00 1.100000000000000000e+02 1.000000000000000000e+00
1.859423214121923573e-01 1.619695266440267956e+00 1.200000000000000000e+01 1.460000000000000000e+02 1.000000000000000000e+00
9.827900404223821607e-01 1.131425513182219567e-01 1.100000000000000000e+01 5.100000000000000000e+01 1.000000000000000000e+00
8.866844652023112561e-01 1.834586495174276743e+00 1.000000000000000000e+00 1.640000000000000000e+02 1.000000000000000000e+00
6.062493467249684825e-02 1.877893276772526043e+00 1.800000000000000000e+01 5.900000000000000000e+01 1.000000000000000000e+00
6.604612554375242917e-02 9.387006663216469482e-01 2.000000000000000000e+00 6.700000000000000000e+01 1.000000000000000000e+00
4.314424308767345062e-01 1.396859110926121916e+00 1.000000000000000000e+00 1.100000000000000000e+02 1.000000000000000000e+00
9.590385029370649406e-01 1.579971435486787090e+00 9.000000000000000000e+00 1.930000000000000000e+02 1.000000000000000000e+00
2.916846874819589014e-02 1.400249461109343230e+00 1.200000000000000000e+01 2.400000000000000000e+01 1.000000000000000000e+00
6.967853853945519260e-01 4.413913184494412389e-01 1.700000000000000000e+01 6.600000000000000000e+01 1.000000000000000000e+00
1.570491299608340885e-01 1.093523210223530384e+00 1.800000000000000000e+01 1.700000000000000000e+01 1.000000000000000000e+00
3.258712419618934319e-01 1.785127317544443981e+00 2.000000000000000000e+00 1.140000000000000000e+02 1.000000000000000000e+00
3.817338826357885573e-01 3.992902949213735786e-01 8.000000000000000000e+00 3.500000000000000000e+01 1.000000000000000000e+00
7.757049653627255958e-01 3.805027903921430754e-01 1.000000000000000000e+00 7.400000000000000000e+01 1.000000000000000000e+00
2.353794655358277810e-01 1.947664909006601164e+00 1.700000000000000000e+01 2.000000000000000000e+02 1.000000000000000000e+00
7.659281149203515104e-01 1.676177806409346438e+00 1.100000000000000000e+01 4.200000000000000000e+01 1.000000000000000000e+00
7.107316256184862402e-01 1.872123577787891291e+00 1.600000000000000000e+01 6.000000000000000000e+01 1.000000000000000000e+00
9.550663872179215863e-01 1.247750805469455049e+00 1.800000000000000000e+01 8.200000000000000000e+01 1.000000000000000000e+00
1.189602835959643196e-01 4.141549674534693581e-01 5.000000000000000000e+00 7.300000000000000000e+01 1.000000000000000000e+00
7.557669645995762631e-01 1.309972496825114296e+00 1.600000000000000000e+01 1.880000000000000000e+02 1.000000000000000000e+00
8.547360821673440912e-01 1.069364888805023783e+00 8.000000000000000000e+00 1.420000000000000000e+02 1.000000000000000000e+00
4.125520925312619047e-01 1.774609695035642032e+00 3.000000000000000000e+00 2.500000000000000000e+01 1.000000000000000000e+00
3.436661162820318083e-01 1.438236124460457788e+00 1.300000000000000000e+01 1.180000000000000000e+02 1.000000000000000000e+00
3.013509686629547435e-01 3.081413990501759015e-01 1.800000000000000000e+01 4.000000000000000000e+01 1.000000000000000000e+00
6.860954922929599631e-01 4.576732327799698519e-01 1.000000000000000000e+00 1.790000000000000000e+02 1.000000000000000000e+00
4.785839954159227805e-01 5.773006573950659748e-01 6.000000000000000000e+00 1.700000000000000000e+01 1.000000000000000000e+00
7.503033337702212646e-02 7.154604490751269585e-01 1.600000000000000000e+01 1.860000000000000000e+02 1.000000000000000000e+00
4.185669479956870553e-01 1.491039633000893705e+00 2.000000000000000000e+01 1.860000000000000000e+02 1.000000000000000000e+00
8.550130804796769457e-01 6.299504339727294289e-01 1.800000000000000000e+01 1.060000000000000000e+02 1.000000000000000000e+00
3.645317903438697327e-01 4.942847274974139227e-01 1.200000000000000000e+01 1.750000000000000000e+02 1.000000000000000000e+00
9.313316424436033358e-01 8.544995659750768136e-01 5.000000000000000000e+00 1.060000000000000000e+02 1.000000000000000000e+00
7.835632575094055863e-01 7.906781569159412326e-01 1.500000000000000000e+01 7.500000000000000000e+01 1.000000000000000000e+00
3.821085339071329523e-01 1.773276158841349925e+00 1.000000000000000000e+00 4.100000000000000000e+01 1.000000000000000000e+00
4.579631554130527693e-01 1.744937673230632535e+00 8.000000000000000000e+00 7.600000000000000000e+01 1.000000000000000000e+00
7.459547831153742203e-01 1.389059813672899102e+00 1.500000000000000000e+01 3.100000000000000000e+01 1.000000000000000000e+00
7.941109866613370316e-02 1.620751370065721453e+00 1.000000000000000000e+01 1.380000000000000000e+02 1.000000000000000000e+00
6.383135484664484993e-01 8.650164857353831449e-01 1.700000000000000000e+01 1.780000000000000000e+02 1.000000000000000000e+00
4.388338203000263088e-02 1.013771279495192523e+00 5.000000000000000000e+00 5.700000000000000000e+01 1.000000000000000000e+00
4.940185920570632216e-01 8.532685185310154852e-01 4.000000000000000000e+00 1.120000000000000000e+02 1.000000000000000000e+00
1.646440092823350243e-01 1.921931531609641086e-01 2.000000000000000000e+01 3.200000000000000000e+01 1.000000000000000000e+00
6.266401381330363174e-01 4.155357660943054254e-01 7.000000000000000000e+00 8.500000000000000000e+01 1.000000000000000000e+00
9.133893640950783988e-02 8.810167600170845104e-01 1.900000000000000000e+01 1.540000000000000000e+02 1.000000000000000000e+00
3.945441007084830032e-01 1.770921601358781849e+00 4.000000000000000000e+00 5.500000000000000000e+01 1.000000000000000000e+00
9.938806014930146038e-01 9.234427660860199394e-01 1.700000000000000000e+01 1.450000000000000000e+02 1.000000000000000000e+00
8.550416285786285320e-01 1.248546391645046771e+00 1.700000000000000000e+01 1.590000000000000000e+02 1.000000000000000000e+00
7.779644389308096875e-01 2.317772113886643892e-01 1.300000000000000000e+01 2.800000000000000000e+01 1.000000000000000000e+00
3.473233317200911108e-01 1.491989042895937478e+00 3.000000000000000000e+00 1.690000000000000000e+02 2.000000000000000000e+00
1.116961672929398380e-01 1.106541178222995470e+00 6.000000000000000000e+00 3.000000000000000000e+01 2.000000000000000000e+00
2.573397745405474613e-01 4.267394380368466633e-01 1.400000000000000000e+01 2.700000000000000000e+01 2.000000000000000000e+00
2.859240868127183033e-01 4.933498668171004686e-01 1.100000000000000000e+01 1.100000000000000000e+02 2.000000000000000000e+00
7.745736816300020644e-01 3.947877870012562740e-01 2.000000000000000000e+00 1.420000000000000000e+02 2.000000000000000000e+00
5.614651501243480558e-01 1.154151992050362452e+00 8.000000000000000000e+00 1.330000000000000000e+02 2.000000000000000000e+00
4.376204334933817552e-01 2.783474017645869436e-01 9.000000000000000000e+00 1.460000000000000000e+02 2.000000000000000000e+00
3.129230367301421012e-01 5.862253711045429805e-01 2.000000000000000000e+01 9.200000000000000000e+01 2.000000000000000000e+00
6.720617219302386092e-01 4.021369336215926404e-01 5.000000000000000000e+00 6.500000000000000000e+01 2.000000000000000000e+00
4.681261924217386960e-01 1.022687835581876703e+00 1.800000000000000000e+01 1.240000000000000000e+02 2.000000000000000000e+00
7.504521894121197745e-01 4.216833796730877770e-01 1.000000000000000000e+00 8.100000000000000000e+01 2.000000000000000000e+00
1.081599941556597860e-01 9.731285735074574061e-01 1.600000000000000000e+01 1.390000000000000000e+02 2.000000000000000000e+00
3.268119997861956838e-01 1.166066808889415496e+00 1.800000000000000000e+01 3.100000000000000000e+01 2.000000000000000000e+00
5.383366123196137165e-01 1.652399696243789906e+00 6.000000000000000000e+00 1.990000000000000000e+02 2.000000000000000000e+00
5.310937344946341926e-02 9.459862103277855150e-01 5.000000000000000000e+00 1.760000000000000000e+02 2.000000000000000000e+00
5.667582752637977811e-02 1.207889036579033792e+00 1.600000000000000000e+01 1.210000000000000000e+02 2.000000000000000000e+00
1.985257584634483319e-01 8.983701860808380735e-01 1.100000000000000000e+01 8.100000000000000000e+01 2.000000000000000000e+00
2.900540239899067618e-01 7.955174149078413359e-01 9.000000000000000000e+00 1.940000000000000000e+02 2.000000000000000000e+00
4.225756385130507997e-01 1.347113742200758413e+00 4.000000000000000000e+00 2.400000000000000000e+01 2.000000000000000000e+00
1.793671298903852795e-01 6.052786532480972648e-01 1.300000000000000000e+01 1.800000000000000000e+02 2.000000000000000000e+00
9.863301745110621965e-01 2.021048304387420114e+00 2.000000000000000000e+00 1.200000000000000000e+01 2.000000000000000000e+00
2.249878362173132196e-01 1.269172426702680934e+00 1.400000000000000000e+01 1.300000000000000000e+02 2.000000000000000000e+00
3.341488462674817583e-01 6.227744727660785573e-01 1.400000000000000000e+01 9.000000000000000000e+01 2.000000000000000000e+00
8.003893359533029717e-01 1.279948891797613397e+00 9.000000000000000000e+00 1.870000000000000000e+02 2.000000000000000000e+00
4.167527357424875012e-01 2.033326945475272485e+00 9.000000000000000000e+00 1.340000000000000000e+02 2.000000000000000000e+00
3.151033414962749468e-01 1.547243345738205766e+00 2.000000000000000000e+01 1.820000000000000000e+02 2.000000000000000000e+00
4.221070048826196519e-01 1.773925196819587269e+00 1.100000000000000000e+01 4.600000000000000000e+01 2.000000000000000000e+00
5.117650436285221538e-01 6.258510296805107620e-01 1.000000000000000000e+00 9.900000000000000000e+01 2.000000000000000000e+00
9.843957023992745414e-01 1.636114897003984936e+00 1.900000000000000000e+01 2.800000000000000000e+01 2.000000000000000000e+00
3.304190482465594325e-01 4.264258504837760144e-01 4.000000000000000000e+00 1.350000000000000000e+02 2.000000000000000000e+00
7.753306345196185889e-01 1.297356498771560007e+00 3.000000000000000000e+00 1.040000000000000000e+02 2.000000000000000000e+00
6.226893784172334856e-01 1.409456171722606843e+00 1.000000000000000000e+00 1.370000000000000000e+02 2.000000000000000000e+00
3.430022960541444926e-02 2.044472940560472463e+00 7.000000000000000000e+00 6.500000000000000000e+01 2.000000000000000000e+00
4.810084348441908686e-01 7.426843504086194647e-01 1.200000000000000000e+01 4.300000000000000000e+01 2.000000000000000000e+00
3.464563807279743557e-01 1.044928119263480282e+00 1.000000000000000000e+00 9.200000000000000000e+01 2.000000000000000000e+00
8.353131544979285339e-01 6.521309217113403500e-01 2.000000000000000000e+01 1.930000000000000000e+02 2.000000000000000000e+00
4.593263482790795882e-01 1.320009634624865313e+00 1.800000000000000000e+01 1.830000000000000000e+02 2.000000000000000000e+00
2.732236758563256762e-01 1.911711640768833931e+00 1.100000000000000000e+01 1.200000000000000000e+01 2.000000000000000000e+00
8.067952212147174729e-01 1.560267883934520539e+00 1.000000000000000000e+01 5.900000000000000000e+01 2.000000000000000000e+00
6.933412128497586924e-01 1.195581214912881274e+00 1.700000000000000000e+01 1.560000000000000000e+02 2.000000000000000000e+00
9.259088225630115465e-01 1.329790832365772779e+00 1.300000000000000000e+01 1.820000000000000000e+02 2.000000000000000000e+00
7.681887277984444928e-01 1.000128848223853728e+00 9.000000000000000000e+00 1.500000000000000000e+01 2.000000000000000000e+00
9.751393916477714141e-01 5.794990177888875715e-01 3.000000000000000000e+00 1.310000000000000000e+02 2.000000000000000000e+00
4.674901389326832080e-01 1.195139016787626129e+00 1.400000000000000000e+01 9.200000000000000000e+01 2.000000000000000000e+00
3.529113489705802964e-01 1.748429177629752029e+00 1.600000000000000000e+01 1.350000000000000000e+02 2.000000000000000000e+00
1.469219528691985133e-01 6.661800697506884417e-01 7.000000000000000000e+00 8.100000000000000000e+01 2.000000000000000000e+00
7.899784944634394845e-01 1.451845188029197820e+00 1.000000000000000000e+01 1.550000000000000000e+02 2.000000000000000000e+00
2.220762032779343143e-01 1.738696309949572250e+00 1.500000000000000000e+01 3.100000000000000000e+01 2.000000000000000000e+00
2.806745800038317196e-01 1.965376251375415606e+00 1.800000000000000000e+01 1.580000000000000000e+02 2.000000000000000000e+00
5.642209294216978810e-01 1.391970195884235428e+00 5.000000000000000000e+00 1.280000000000000000e+02 2.000000000000000000e+00
4.039699127825617797e-01 8.229869345002737147e-01 1.900000000000000000e+01 1.130000000000000000e+02 3.000000000000000000e+00
6.873267554124846690e-01 2.009872258332589645e+00 1.300000000000000000e+01 1.730000000000000000e+02 3.000000000000000000e+00
1.618322092807488594e-02 1.679913907268355988e+00 1.700000000000000000e+01 7.200000000000000000e+01 3.000000000000000000e+00
5.981569893065862703e-02 8.510722450016409146e-01 1.900000000000000000e+01 1.660000000000000000e+02 3.000000000000000000e+00
5.946807175233506104e-01 1.129893575216035284e+00 2.000000000000000000e+01 1.310000000000000000e+02 3.000000000000000000e+00
1.973108662924742962e-01 4.595624782403638919e-01 5.000000000000000000e+00 7.000000000000000000e+00 3.000000000000000000e+00
5.466082376406342647e-01 1.840285125168901192e+00 1.400000000000000000e+01 1.280000000000000000e+02 3.000000000000000000e+00
5.997448976142429888e-01 1.205801683373405597e-01 1.200000000000000000e+01 1.000000000000000000e+00 3.000000000000000000e+00
9.357276186092267078e-01 9.161398001329285057e-01 4.000000000000000000e+00 1.450000000000000000e+02 3.000000000000000000e+00
3.823508512556982319e-01 1.467564326233677940e+00 1.700000000000000000e+01 1.060000000000000000e+02 3.000000000000000000e+00
3.288279681764575413e-01 9.214320930526028741e-01 9.000000000000000000e+00 1.200000000000000000e+02 3.000000000000000000e+00
9.307233160259035243e-01 8.530215794310732624e-01 1.700000000000000000e+01 6.500000000000000000e+01 3.000000000000000000e+00
8.630858517664240503e-01 1.122347453438786724e+00 1.100000000000000000e+01 1.470000000000000000e+02 3.000000000000000000e+00
1.465582480532687804e-01 1.108222787505671603e+00 1.700000000000000000e+01 1.780000000000000000e+02 3.000000000000000000e+00
2.388938217502487582e-01 2.037225048901149638e+00 1.400000000000000000e+01 9.900000000000000000e+01 3.000000000000000000e+00
8.213459519714018109e-01 1.490482068180388087e+00 1.800000000000000000e+01 1.050000000000000000e+02 3.000000000000000000e+00
8.424492948715702756e-01 1.062711306129793920e+00 1.000000000000000000e+00 7.900000000000000000e+01 3.000000000000000000e+00
4.418166123950026947e-01 1.143441520524469457e+00 1.000000000000000000e+00 1.880000000000000000e+02 3.000000000000000000e+00
4.440493120653963288e-01 1.354527305380396784e+00 9.000000000000000000e+00 1.400000000000000000e+01 3.000000000000000000e+00
3.289794160686259072e-01 6.695317168579170142e-01 1.000000000000000000e+00 2.000000000000000000e+02 3.000000000000000000e+00
6.742432008132022148e-01 1.055626851495015783e+00 1.000000000000000000e+00 3.200000000000000000e+01 3.000000000000000000e+00
9.396254640105279332e-01 2.673599565922289978e-01 2.000000000000000000e+01 8.900000000000000000e+01 3.000000000000000000e+00
5.887444620439187259e-01 1.999619368263636954e+00 1.500000000000000000e+01 1.940000000000000000e+02 3.000000000000000000e+00
3.236244557210269379e-01 6.350808990962472089e-01 1.400000000000000000e+01 3.800000000000000000e+01 3.000000000000000000e+00
4.285702800659014766e-01 2.851561926731150942e-01 1.600000000000000000e+01 9.200000000000000000e+01 3.000000000000000000e+00
3.200149470810484953e-01 1.534184024203538277e+00 1.300000000000000000e+01 2.900000000000000000e+01 3.000000000000000000e+00
1.125892094341479494e-01 7.136344672998312655e-01 9.000000000000000000e+00 1.050000000000000000e+02 3.000000000000000000e+00
1.716993689666783673e-01 1.099140158188695704e+00 8.000000000000000000e+00 1.200000000000000000e+02 3.000000000000000000e+00
4.574083499595879010e-01 7.396311559561071780e-01 3.000000000000000000e+00 1.900000000000000000e+01 3.000000000000000000e+00
8.016410559700751781e-01 8.446049505648131062e-01 3.000000000000000000e+00 1.540000000000000000e+02 3.000000000000000000e+00
9.464609957745618862e-01 1.022113265086321388e+00 1.900000000000000000e+01 6.400000000000000000e+01 3.000000000000000000e+00
7.456510338589690257e-01 1.932511206036146290e-01 8.000000000000000000e+00 3.400000000000000000e+01 3.000000000000000000e+00
8.943327902541232666e-01 1.921185558437547014e+00 6.000000000000000000e+00 7.400000000000000000e+01 3.000000000000000000e+00
7.203741968715129396e-01 6.817064407167822138e-01 9.000000000000000000e+00 4.600000000000000000e+01 3.000000000000000000e+00
7.332652976009831347e-01 5.731411441082551184e-01 1.400000000000000000e+01 3.700000000000000000e+01 3.000000000000000000e+00
7.776149473156201974e-01 1.281431542783327826e+00 1.600000000000000000e+01 1.210000000000000000e+02 3.000000000000000000e+00
5.365225124009913582e-01 1.545062090690640710e+00 8.000000000000000000e+00 1.340000000000000000e+02 3.000000000000000000e+00
4.445257771743931219e-01 1.707168568929739116e+00 2.000000000000000000e+00 7.500000000000000000e+01 3.000000000000000000e+00
1.616957841268538143e-01 1.860326326772511418e+00 9.000000000000000000e+00 1.850000000000000000e+02 3.000000000000000000e+00
8.412449292533680234e-01 2.054827113690230078e+00 1.600000000000000000e+01 6.600000000000000000e+01 3.000000000000000000e+00
4.737336239538102872e-02 3.665062129818034142e-01 1.000000000000000000e+01 4.400000000000000000e+01 3.000000000000000000e+00
9.659529512463262968e-01 7.313698341887299170e-01 1.300000000000000000e+01 1.840000000000000000e+02 3.000000000000000000e+00
4.205972071828029124e-01 1.893833066974649482e+00 1.700000000000000000e+01 1.450000000000000000e+02 3.000000000000000000e+00
5.673718483568990223e-01 5.153853215071512173e-01 1.700000000000000000e+01 3.000000000000000000e+01 3.000000000000000000e+00
6.386073397285484121e-02 7.344426585771667293e-01 1.800000000000000000e+01 1.450000000000000000e+02 3.000000000000000000e+00
4.507977883393325946e-01 1.099004083574351975e+00 1.900000000000000000e+01 4.400000000000000000e+01 3.000000000000000000e+00
5.494119108454565970e-01 1.034435875480994360e+00 1.200000000000000000e+01 1.660000000000000000e+02 3.000000000000000000e+00
4.597602335156375508e-01 3.592821197868655281e-01 7.000000000000000000e+00 1.490000000000000000e+02 3.000000000000000000e+00
4.347121686105109850e-01 4.231574835658601375e-01 8.000000000000000000e+00 3.400000000000000000e+01 3.000000000000000000e+00
5.273237032597021257e-01 4.673740492367276511e-01 6.000000000000000000e+00 1.230000000000000000e+02 3.000000000000000000e+00
5.072826653156983223e-01 1.150073021780734672e+00 9.000000000000000000e+00 8.700000000000000000e+01 4.000000000000000000e+00
3.135355674645795565e-01 1.397951558874592548e+00 1.800000000000000000e+01 1.160000000000000000e+02 4.000000000000000000e+00
5.968763754074170036e-01 3.382735785804890094e-01 1.400000000000000000e+01 3.400000000000000000e+01 4.000000000000000000e+00
5.003354592442746940e-01 6.834760904261748538e-01 2.000000000000000000e+00 3.400000000000000000e+01 4.000000000000000000e+00
4.046218762885136488e-01 4.061442215220730789e-01 8.000000000000000000e+00 7.500000000000000000e+01 4.000000000000000000e+00
4.536839060766840737e-01 3.111663413760178409e-01 4.000000000000000000e+00 3.700000000000000000e+01 4.000000000000000000e+00
4.688110288910726231e-01 2.063671550949343292e+00 1.000000000000000000e+00 1.760000000000000000e+02 4.000000000000000000e+00
6.895554294589396616e-01 1.144455073261831268e+00 8.000000000000000000e+00 7.900000000000000000e+01 4.000000000000000000e+00
7.916353907283880664e-01 1.820623117780888700e+00 1.300000000000000000e+01 7.100000000000000000e+01 4.000000000000000000e+00
4.022093330899809693e-01 1.763365156654878252e+00 1.200000000000000000e+01 5.800000000000000000e+01 4.000000000000000000e+00
6.231586862195973575e-01 9.955915548299977269e-01 2.000000000000000000e+01 5.300000000000000000e+01 4.000000000000000000e+00
7.243281431086227018e-01 1.910417129603284858e-01 9.000000000000000000e+00 5.300000000000000000e+01 4.000000000000000000e+00
6.154069447453621722e-01 7.886046277426891349e-01 1.500000000000000000e+01 9.400000000000000000e+01 4.000000000000000000e+00
2.713381775398392842e-02 9.956148531380210054e-01 2.000000000000000000e+01 1.920000000000000000e+02 4.000000000000000000e+00
5.678584848399005347e-01 2.303381854143099761e-01 2.000000000000000000e+01 2.000000000000000000e+00 4.000000000000000000e+00
7.998900040690145596e-01 2.069673958012999471e+00 1.100000000000000000e+01 2.000000000000000000e+00 4.000000000000000000e+00
3.299842793856525569e-01 3.812614043345504689e-01 1.400000000000000000e+01 9.000000000000000000e+01 4.000000000000000000e+00
2.744232658470579372e-02 1.034961767470064631e+00 6.000000000000000000e+00 5.100000000000000000e+01 4.000000000000000000e+00
3.979725671306869605e-01 1.917902911752283224e+00 1.500000000000000000e+01 2.700000000000000000e+01 4.000000000000000000e+00
5.459748361934833039e-01 2.077384097611733260e+00 5.000000000000000000e+00 8.300000000000000000e+01 4.000000000000000000e+00
5.716509223678030160e-01 1.951807805029553089e+00 1.900000000000000000e+01 1.940000000000000000e+02 4.000000000000000000e+00
3.325476838444326733e-01 8.944286682235559338e-01 1.000000000000000000e+01 1.100000000000000000e+02 4.000000000000000000e+00
1.839870993433555535e-01 3.509372696324631891e-01 2.000000000000000000e+01 1.880000000000000000e+02 4.000000000000000000e+00
4.618858315973773943e-01 1.149031065470853763e+00 1.800000000000000000e+01 1.610000000000000000e+02 4.000000000000000000e+00
7.482137879381848267e-01 1.084808117223871327e-01 2.000000000000000000e+01 9.500000000000000000e+01 4.000000000000000000e+00
2.650193469664898771e-01 1.601540102082944950e+00 1.900000000000000000e+01 1.830000000000000000e+02 4.000000000000000000e+00
3.320168228460742554e-01 1.908287531629544231e+00 2.000000000000000000e+01 2.000000000000000000e+01 4.000000000000000000e+00
4.133943035453593318e-01 1.952870548077227097e-01 1.600000000000000000e+01 1.360000000000000000e+02 4.000000000000000000e+00
6.872382377775042572e-01 6.240777725896892170e-01 1.200000000000000000e+01 1.130000000000000000e+02 4.000000000000000000e+00
4.482480182281900483e-01 1.424600548507015674e+00 1.200000000000000000e+01 1.850000000000000000e+02 4.000000000000000000e+00
4.402701173047345318e-01 1.511066472483135747e+00 5.000000000000000000e+00 1.520000000000000000e+02 4.000000000000000000e+00
8.064759741188816111e-01 9.295242449880857238e-01 4.000000000000000000e+00 9.100000000000000000e+01 4.000000000000000000e+00
3.512730933862125982e-01 5.352917550310326567e-01 1.400000000000000000e+01 1.210000000000000000e+02 4.000000000000000000e+00
7.540271478423781204e-01 6.605471715846146230e-01 2.000000000000000000e+01 8.600000000000000000e+01 4.000000000000000000e+00
1.660279482425185416e-01 9.378993047032789798e-01 1.400000000000000000e+01 1.510000000000000000e+02 4.000000000000000000e+00
9.572306767937601713e-01 4.597570444775654908e-01 2.000000000000000000e+00 3.300000000000000000e+01 4.000000000000000000e+00
1.506911905538667051e-01 1.188450294626575365e+00 1.900000000000000000e+01 1.580000000000000000e+02 4.000000000000000000e+00
3.034845950101066059e-01 2.064523296773469241e+00 1.700000000000000000e+01 1.910000000000000000e+02 4.000000000000000000e+00
6.492680912383470559e-01 1.958101013818262182e+00 2.000000000000000000e+00 1.260000000000000000e+02 4.000000000000000000e+00
4.263166867549185168e-01 1.297790997300068527e+00 1.000000000000000000e+01 5.000000000000000000e+01 4.000000000000000000e+00
8.957352808408427514e-01 4.029915592189549089e-01 2.000000000000000000e+01 1.520000000000000000e+02 4.000000000000000000e+00
8.905236910602407630e-01 9.518506491377095591e-01 1.200000000000000000e+01 1.090000000000000000e+02 4.000000000000000000e+00
7.130093847211863567e-01 1.651098477584949542e+00 1.500000000000000000e+01 1.100000000000000000e+02 4.000000000000000000e+00
1.670955735748173021e-01 7.130325836117491489e-01 6.000000000000000000e+00 1.010000000000000000e+02 4.000000000000000000e+00
2.149018903242863043e-01 1.425376792876522192e+00 2.000000000000000000e+01 4.700000000000000000e+01 4.000000000000000000e+00
9.365365798423502808e-01 1.994680821508880486e+00 1.400000000000000000e+01 1.490000000000000000e+02 4.000000000000000000e+00
2.791983952709820027e-01 1.823577561555631998e+00 1.800000000000000000e+01 6.000000000000000000e+01 4.000000000000000000e+00
2.960066039049745745e-01 1.554859491350574441e+00 1.200000000000000000e+01 1.560000000000000000e+02 4.000000000000000000e+00
2.281080860595844362e-01 1.786752188337474845e+00 1.000000000000000000e+00 3.000000000000000000e+00 4.000000000000000000e+00
3.862747808397122284e-01 1.905311841757974411e+00 5.000000000000000000e+00 4.200000000000000000e+01 4.000000000000000000e+00
