2.224172365552453678e-01 1.530680570862582135e+00 1.800000000000000000e+01 1.140000000000000000e+02 0.000000000000000000e+00
4.257530311697973469e-01 4.587544101469062108e-01 1.600000000000000000e+01 3.900000000000000000e+01 0.000000000000000000e+00
3.793757658170172631e-01 1.732159702297257686e+00 1.200000000000000000e+01 1.070000000000000000e+02 0.000000000000000000e+00
5.651757504834696855e-01 1.911073320888150517e+00 1.000000000000000000e+01 4.000000000000000000e+01 0.000000000000000000e+00
5.117835134076373915e-01 6.438648967587173866e-01 1.000000000000000000e+01 3.500000000000000000e+01 0.000000000000000000e+00
1.495500877086962908e-02 2.065087604975019975e+00 3.000000000000000000e+00 5.200000000000000000e+01 0.000000000000000000e+00
5.876895627917916309e-01 8.733633548780986855e-01 1.300000000000000000e+01 1.240000000000000000e+02 0.000000000000000000e+00
8.812817072008712893e-01 8.010185945267568330e-01 5.000000000000000000e+00 1.650000000000000000e+02 0.000000000000000000e+00
4.637483084507884046e-01 5.442748035037149323e-01 5.000000000000000000e+00 1.030000000000000000e+02 0.000000000000000000e+00
1.424448555203734479e-01 7.683458014370269096e-01 1.500000000000000000e+01 3.100000000000000000e+01 0.000000000000000000e+00
7.333084596248704568e-01 3.800849476579511999e-01 5.000000000000000000e+00 1.480000000000000000e+02 0.000000000000000000e+00
3.780098280783873443e-01 1.088656945960150724e+00 1.300000000000000000e+01 1.640000000000000000e+02 0.000000000000000000e+00
4.849392801768656058e-01 9.119617347008245334e-01 1.400000000000000000e+01 4.000000000000000000e+00 0.000000000000000000e+00
4.117390934331855989e-01 2.014553232464437738e+00 7.000000000000000000e+00 8.100000000000000000e+01 0.000000000000000000e+00
1.004650458189621842e+00 3.373873495721543270e-01 1.900000000000000000e+01 9.400000000000000000e+01 0.000000000000000000e+00
7.034506379420389921e-01 1.233069481118447497e+00 9.000000000000000000e+00 6.700000000000000000e+01 0.000000000000000000e+00
6.723103946604803705e-01 3.345278102782754948e-01 4.000000000000000000e+00 2.800000000000000000e+01 0.000000000000000000e+00
6.794717968516504891e-01 1.146297617129992341e+00 2.000000000000000000e+01 1.900000000000000000e+02 0.000000000000000000e+00
1.324913302682141358e-01 1.033458585940591590e+00 1.500000000000000000e+01 5.000000000000000000e+01 0.000000000000000000e+00
7.354575852956538595e-01 1.664752232963928380e+00 4.000000000000000000e+00 1.390000000000000000e+02 0.000000000000000000e+00
7.086725598386283131e-01 1.174444357526226723e-01 2.000000000000000000e+00 5.000000000000000000e+00 0.000000000000000000e+00
5.479361301131719930e-01 6.895073921813114071e-01 1.200000000000000000e+01 2.600000000000000000e+01 0.000000000000000000e+00
3.780681719823976161e-01 9.459481123909224687e-01 1.300000000000000000e+01 3.600000000000000000e+01 0.000000000000000000e+00
3.330577713944976592e-01 5.798692982355261316e-01 2.000000000000000000e+00 1.800000000000000000e+02 0.000000000000000000e+00
2.337704540800071840e-01 1.440380808377288213e+00 1.700000000000000000e+01 2.000000000000000000e+01 0.000000000000000000e+00
1.348648121395412680e-01 8.934092554909532913e-01 1.700000000000000000e+01 9.200000000000000000e+01 0.000000000000000000e+00
6.893891531002757089e-01 1.275109290176830390e+00 1.600000000000000000e+01 1.770000000000000000e+02 0.000000000000000000e+00
4.911467390974602054e-01 1.097645876743757576e+00 1.600000000000000000e+01 1.900000000000000000e+02 0.000000000000000000e+00
1.047415246305063302e-01 9.798598244650921218e-01 1.900000000000000000e+01 1.330000000000000000e+02 0.000000000000000000e+00
1.975923234982389642e-01 1.324046463856343170e+00 1.000000000000000000e+00 2.200000000000000000e+01 0.000000000000000000e+00
2.862271603342603221e-01 1.990848237761355888e+00 1.300000000000000000e+01 8.800000000000000000e+01 0.000000000000000000e+00
1.993082996857087341e-01 5.752947903729722645e-01 1.200000000000000000e+01 1.110000000000000000e+02 0.000000000000000000e+00
3.416074516480378520e-01 1.117498326278226761e+00 1.200000000000000000e+01 1.000000000000000000e+00 0.000000000000000000e+00
4.232629695661945801e-01 9.329352118929589155e-01 6.000000000000000000e+00 1.270000000000000000e+02 0.000000000000000000e+00
2.072159328899539910e-01 1.926816791857001610e+00 1.000000000000000000e+01 1.810000000000000000e+02 0.000000000000000000e+00
7.995364436212970549e-01 1.648847848310415198e+00 1.400000000000000000e+01 1.060000000000000000e+02 0.000000000000000000e+00
7.486238497277608595e-01 1.838657273243259338e+00 9.000000000000000000e+00 1.390000000000000000e+02 0.000000000000000000e+00
9.320583696313744504e-01 1.757896344351998208e-01 1.100000000000000000e+01 8.000000000000000000e+00 0.000000000000000000e+00
3.622967395596519147e-01 1.506505253200984829e+00 1.000000000000000000e+01 6.500000000000000000e+01 0.000000000000000000e+00
2.861096376307425970e-01 1.808867156141080734e+00 2.000000000000000000e+01 2.900000000000000000e+01 0.000000000000000000e+00
6.455709865093129940e-01 3.888947636610421421e-01 1.700000000000000000e+01 1.280000000000000000e+02 0.000000000000000000e+00
2.240903823706187348e-01 1.713332269478803349e+00 5.000000000000000000e+00 9.600000000000000000e+01 0.000000000000000000e+00
4.942089695894102963e-01 1.252845358371486473e+00 3.000000000000000000e+00 1.260000000000000000e+02 0.000000000000000000e+00
7.093106227997276747e-01 1.170805305906506888e+00 2.000000000000000000e+01 1.490000000000000000e+02 0.000000000000000000e+00
1.900890045233167847e-01 2.258421323781848733e-01 1.700000000000000000e+01 1.610000000000000000e+02 0.000000000000000000e+00
5.017800423869560600e-01 1.371719358502714758e+00 7.000000000000000000e+00 1.740000000000000000e+02 0.000000000000000000e+00
8.353672055342891145e-01 9.915795782575868023e-01 1.000000000000000000e+01 1.420000000000000000e+02 0.000000000000000000e+00
4.302730648507979011e-02 3.764455804825769247e-01 9.000000000000000000e+00 1.320000000000000000e+02 0.000000000000000000e+00
6.682155139363237240e-01 1.584010516004686897e+00 2.000000000000000000e+00 9.000000000000000000e+00 0.000000000000000000e+00
3.218891943249471144e-01 9.227624731926843404e-01 1.100000000000000000e+01 1.130000000000000000e+02 0.000000000000000000e+00
1.410639527978438945e-01 1.776836369968023188e+00 1.000000000000000000e+00 4.700000000000000000e+01 1.000000000000000000e+00
2.651046167683492882e-01 6.875581090501045045e-01 7.000000000000000000e+00 1.980000000000000000e+02 1.000000000000000000e+00
6.252795103612666106e-01 4.130544021586154413e-01 1.300000000000000000e+01 1.750000000000000000e+02 1.000000000000000000e+00
7.751641540147421461e-01 5.642313259192671682e-01 1.500000000000000000e+01 1.000000000000000000e+01 1.000000000000000000e+00
1.504065279475537142e-01 4.242315315331609549e-01 4.000000000000000000e+00 1.000000000000000000e+02 1.000000000000000000e+00
1.076566894235706368e-01 1.610070294889789810e+00 1.300000000000000000e+01 1.990000000000000000e+02 1.000000000000000000e+00
2.033079367738608312e-01 4.005166119283417592e-01 1.100000000000000000e+01 4.900000000000000000e+01 1.000000000000000000e+00
7.693305534537502322e-01 1.073731099339660100e-01 1.700000000000000000e+01 1.790000000000000000e+02 1.000000000000000000e+00
4.615056679806022188e-01 1.008584983781769973e+00 1.600000000000000000e+01 9.700000000000000000e+01 1.000000000000000000e+00
3.981184213438692110e-01 1.503879747785961118e+00 1.300000000000000000e+01 9.100000000000000000e+01 1.000000000000000000e+00
7.833566933217318562e-01 1.921534510826143682e+00 5.000000000000000000e+00 9.100000000000000000e+01 1.000000000000000000e+00
9.540335685048210168e-01 5.071228920494553760e-01 8.000000000000000000e+00 1.110000000000000000e+02 1.000000000000000000e+00
3.686464846702660614e-01 1.486526169064012581e+00 1.600000000000000000e+01 1.340000000000000000e+02 1.000000000000000000e+00
7.907341684733041332e-01 1.271300366493301193e-01 9.000000000000000000e+00 4.000000000000000000e+00 1.000000000000000000e+00
9.085676203614967417e-01 3.623005625476970470e-01 8.000000000000000000e+00 9.000000000000000000e+00 1.000000000000000000e+00
5.820150703796327374e-01 1.855421163167177090e+00 5.000000000000000000e+00 1.380000000000000000e+02 1.000000000000000000e+00
4.458283566165763823e-01 1.466538971219188137e-01 9.000000000000000000e+00 1.410000000000000000e+02 1.000000000000000000e+00
3.020202351922247619e-01 1.122687912692196477e+00 1.700000000000000000e+01 4.000000000000000000e+01 1.000000000000000000e+00
2.911970958830110145e-01 1.154378664918632280e+00 1.300000000000000000e+01 1.530000000000000000e+02 1.000000000000000000e+00
4.124803241081286265e-01 6.514437513811358604e-01 3.000000000000000000e+00 1.230000000000000000e+02 1.000000000000000000e+00
5.689918963976647870e-01 7.279043810391127023e-01 1.000000000000000000e+01 5.300000000000000000e+01 1.000000000000000000e+00
8.503889165713967024e-01 1.296359027658424035e+00 1.700000000000000000e+01 1.610000000000000000e+02 1.000000000000000000e+00
2.824191896439196547e-01 6.707080834531357061e-01 1.600000000000000000e+01 3.500000000000000000e+01 1.000000000000000000e+00
2.176321378050498634e-01 1.235787144156762773e-01 1.800000000000000000e+01 1.730000000000000000e+02 1.000000000000000000e+00
4.953032386576546875e-01 2.783914410482072332e-01 1.900000000000000000e+01 1.400000000000000000e+01 1.000000000000000000e+00
7.371162227050397364e-01 7.729692905817872051e-01 1.600000000000000000e+01 3.700000000000000000e+01 1.000000000000000000e+00
3.100100071454056083e-01 7.809588510911279480e-01 8.000000000000000000e+00 1.480000000000000000e+02 1.000000000000000000e+00
4.565163917384574832e-01 5.102238324962168337e-01 1.100000000000000000e+01 1.540000000000000000e+02 1.000000000000000000e+00
3.469557043974288435e-01 2.075308012064881746e-01 1.100000000000000000e+01 1.910000000000000000e+02 1.000000000000000000e+00
6.885390107417931338e-01 1.187613527493780907e+00 1.000000000000000000e+01 1.850000000000000000e+02 1.000000000000000000e+00
2.392920190370030342e-01 1.465457823890377709e+00 1.000000000000000000e+00 1.560000000000000000e+02 1.000000000000000000e+00
2.181808417274166967e-01 1.670483632668803065e+00 1.700000000000000000e+01 9.500000000000000000e+01 1.000000000000000000e+00
4.746148334203147412e-01 1.323234467590024055e+00 6.000000000000000000e+00 6.500000000000000000e+01 1.000000000000000000e+00
5.410041917199696071e-01 2.072096034325731750e+00 7.000000000000000000e+00 1.460000000000000000e+02 1.000000000000000000e+00
7.550103397922335313e-01 9.570895848492223523e-01 1.900000000000000000e+01 3.900000000000000000e+01 1.000000000000000000e+00
2.678170432355579944e-01 3.619783221818552166e-01 1.700000000000000000e+01 2.400000000000000000e+01 1.000000000000000000e+00
8.610660137248346002e-01 4.276577439404983805e-01 3.000000000000000000e+00 1.090000000000000000e+02 1.000000000000000000e+00
7.619159252576811481e-01 1.876720768382394766e+00 1.000000000000000000e+00 1.520000000000000000e+02 1.000000000000000000e+00
7.717544919145793436e-01 5.627160462479680048e-01 5.000000000000000000e+00 1.140000000000000000e+02 1.000000000000000000e+00
5.367536592861539280e-01 1.831247933440131315e-01 5.000000000000000000e+00 4.800000000000000000e+01 1.000000000000000000e+00
4.824766384152820997e-01 3.749386530645163473e-01 1.200000000000000000e+01 5.000000000000000000e+01 1.000000000000000000e+00
2.512565959202074373e-01 2.077015755496332439e+00 1.000000000000000000e+00 1.950000000000000000e+02 1.000000000000000000e+00
3.855717836057254155e-01 1.782415212169198515e+00 1.100000000000000000e+01 3.100000000000000000e+01 1.000000000000000000e+00
3.408482212429542191e-01 6.976860075773146930e-01 5.000000000000000000e+00 2.500000000000000000e+01 1.000000000000000000e+00
1.225786800029485674e-01 2.660714246291230323e-01 7.000000000000000000e+00 1.800000000000000000e+02 1.000000000000000000e+00
7.460748718510382682e-01 1.099048017688876167e+00 3.000000000000000000e+00 8.200000000000000000e+01 1.000000000000000000e+00
1.261973722699502032e-01 5.915804966663712472e-01 8.000000000000000000e+00 1.440000000000000000e+02 1.000000000000000000e+00
8.873620273591067420e-01 8.423984833254155591e-01 6.000000000000000000e+00 1.850000000000000000e+02 1.000000000000000000e+00
8.491798434536856899e-01 1.063798589640718273e+00 4.000000000000000000e+00 1.750000000000000000e+02 1.000000000000000000e+00
9.638941180281805909e-01 1.474618867858380478e+00 9.000000000000000000e+00 1.300000000000000000e+02 1.000000000000000000e+00
1.035942331053640725e-01 1.095774714178481712e+00 1.500000000000000000e+01 4.500000000000000000e+01 2.000000000000000000e+00
7.860696465855052661e-01 1.201698812515267445e+00 1.200000000000000000e+01 1.630000000000000000e+02 2.000000000000000000e+00
9.365202379089683227e-01 1.714232611538828888e+00 1.200000000000000000e+01 1.100000000000000000e+02 2.000000000000000000e+00
8.739024642407656751e-01 4.047092575369800604e-01 5.000000000000000000e+00 4.000000000000000000e+01 2.000000000000000000e+00
4.902278336647644119e-01 1.963877926940153840e+00 1.000000000000000000e+00 5.900000000000000000e+01 2.000000000000000000e+00
8.461101458073870818e-01 8.617854668876262503e-01 2.000000000000000000e+01 1.850000000000000000e+02 2.000000000000000000e+00
3.627900233665847657e-02 5.734660653529809471e-01 3.000000000000000000e+00 3.400000000000000000e+01 2.000000000000000000e+00
3.165637693864439273e-01 1.091864468912280728e+00 3.000000000000000000e+00 1.740000000000000000e+02 2.000000000000000000e+00
3.091982543611154766e-01 1.051071661321313799e+00 1.300000000000000000e+01 9.200000000000000000e+01 2.000000000000000000e+00
9.008267068036389380e-02 1.518586330339013690e+00 1.600000000000000000e+01 1.530000000000000000e+02 2.000000000000000000e+00
9.714954507981410359e-01 1.165542085421243046e+00 2.000000000000000000e+00 6.900000000000000000e+01 2.000000000000000000e+00
9.215955862517974939e-01 1.708438134765680960e+00 1.700000000000000000e+01 1.640000000000000000e+02 2.000000000000000000e+00
1.323569137204716473e-01 1.550618918792261658e+00 6.000000000000000000e+00 7.300000000000000000e+01 2.000000000000000000e+00
9.715561083958307309e-01 2.058357866691776561e+00 1.000000000000000000e+00 7.300000000000000000e+01 2.000000000000000000e+00
3.614763335891626461e-01 1.485820003308494786e-01 1.500000000000000000e+01 1.570000000000000000e+02 2.000000000000000000e+00
3.998251742238615458e-01 7.960131978847003742e-01 3.000000000000000000e+00 2.200000000000000000e+01 2.000000000000000000e+00
9.874920162318370220e-01 3.989315527519635696e-01 4.000000000000000000e+00 1.930000000000000000e+02 2.000000000000000000e+00
6.232623175461293741e-01 1.527928842990988967e+00 1.500000000000000000e+01 1.680000000000000000e+02 2.000000000000000000e+00
6.007361974008988970e-01 1.609862405544818797e-01 5.000000000000000000e+00 1.400000000000000000e+02 2.000000000000000000e+00
2.297517116751073285e-01 1.939297593311672507e+00 3.000000000000000000e+00 7.000000000000000000e+00 2.000000000000000000e+00
7.118142463080033566e-02 1.036932169204168419e+00 1.900000000000000000e+01 1.240000000000000000e+02 2.000000000000000000e+00
8.588064130020529596e-01 9.707120884391217119e-01 4.000000000000000000e+00 8.200000000000000000e+01 2.000000000000000000e+00
5.250833255349317552e-01 1.198063087410765393e+00 2.000000000000000000e+00 5.600000000000000000e+01 2.000000000000000000e+00
6.409890210009198119e-01 1.254481711383063303e+00 1.800000000000000000e+01 8.500000000000000000e+01 2.000000000000000000e+00
8.047780287574936020e-01 2.055501883996632417e-01 1.200000000000000000e+01 2.600000000000000000e+01 2.000000000000000000e+00
8.716029778974874187e-01 1.487035021018727976e+00 5.000000000000000000e+00 8.000000000000000000e+00 2.000000000000000000e+00
2.850802733320374482e-01 1.199057358987333455e+00 9.000000000000000000e+00 1.290000000000000000e+02 2.000000000000000000e+00
6.943138139846403989e-02 8.283674852379435682e-01 1.900000000000000000e+01 8.100000000000000000e+01 2.000000000000000000e+00
8.425955578052449768e-01 1.665845893131762401e-01 5.000000000000000000e+00 9.700000000000000000e+01 2.000000000000000000e+00
7.174797791292999438e-01 1.889846130734716079e+00 2.000000000000000000e+01 9.400000000000000000e+01 2.000000000000000000e+00
1.177147724981621874e-01 1.266126511588695935e+00 1.000000000000000000e+00 7.600000000000000000e+01 2.000000000000000000e+00
9.979028797240391269e-01 1.281992670443171445e+00 1.800000000000000000e+01 1.550000000000000000e+02 2.000000000000000000e+00
5.535868229779322691e-01 1.352560706357328169e+00 1.100000000000000000e+01 8.300000000000000000e+01 2.000000000000000000e+00
5.808710542659193399e-01 1.950525271286325912e+00 1.100000000000000000e+01 9.400000000000000000e+01 2.000000000000000000e+00
6.470722546729342772e-01 1.273912671002926489e+00 9.000000000000000000e+00 1.640000000000000000e+02 2.000000000000000000e+00
7.314311435474620815e-01 1.978858093633560467e+00 3.000000000000000000e+00 1.740000000000000000e+02 2.000000000000000000e+00
6.033657422402249892e-01 1.324933953922934560e+00 3.000000000000000000e+00 1.360000000000000000e+02 2.000000000000000000e+00
3.363406661405113907e-01 7.135914442363261445e-01 1.800000000000000000e+01 2.000000000000000000e+00 2.000000000000000000e+00
3.260531043015738595e-01 1.422541154442482636e+00 1.700000000000000000e+01 1.380000000000000000e+02 2.000000000000000000e+00
7.736175301821600625e-01 1.991661697549657939e+00 1.200000000000000000e+01 5.300000000000000000e+01 2.000000000000000000e+00
7.770467882983731478e-01 2.083769671016008296e+00 7.000000000000000000e+00 1.180000000000000000e+02 2.000000000000000000e+00
1.440313023887800359e-01 2.247365390151811193e-01 1.800000000000000000e+01 1.610000000000000000e+02 2.000000000000000000e+00
1.344637592540802729e-01 1.638514332883378666e+00 1.400000000000000000e+01 2.200000000000000000e+01 2.000000000000000000e+00
9.132626897637887708e-01 1.555340384046667745e+00 8.000000000000000000e+00 3.100000000000000000e+01 2.000000000000000000e+00
9.381809599168230429e-01 4.762283511318577967e-01 1.200000000000000000e+01 3.100000000000000000e+01 2.000000000000000000e+00
4.394197663235465540e-02 2.753972095732196701e-01 1.900000000000000000e+01 4.100000000000000000e+01 2.000000000000000000e+00
8.636086268037108660e-01 1.432812471106866603e+00 1.100000000000000000e+01 1.870000000000000000e+02 2.000000000000000000e+00
9.243898656483546805e-01 3.296802457970574585e-01 2.000000000000000000e+01 1.600000000000000000e+02 2.000000000000000000e+00
8.109801555533584505e-01 1.441490534942236001e+00 1.600000000000000000e+01 1.220000000000000000e+02 2.000000000000000000e+00
4.741454627139535249e-01 6.351654543672425879e-01 1.200000000000000000e+01 1.210000000000000000e+02 2.000000000000000000e+00
7.070065249536616747e-01 1.990826057532266491e+00 1.300000000000000000e+01 1.900000000000000000e+01 3.000000000000000000e+00
5.352851293910054764e-01 5.791639325551151130e-01 1.900000000000000000e+01 6.800000000000000000e+01 3.000000000000000000e+00
4.586873777929936224e-01 1.977091458116818190e+00 1.800000000000000000e+01 1.200000000000000000e+01 3.000000000000000000e+00
5.324915880015420599e-01 1.545111111071071353e+00 1.100000000000000000e+01 1.740000000000000000e+02 3.000000000000000000e+00
4.241466677258387552e-01 2.606410859873725672e-01 1.500000000000000000e+01 1.670000000000000000e+02 3.000000000000000000e+00
7.347295363556144432e-01 1.509231110370043316e+00 1.300000000000000000e+01 1.500000000000000000e+02 3.000000000000000000e+00
6.306080507663028856e-01 9.720123623234974142e-01 8.000000000000000000e+00 3.800000000000000000e+01 3.000000000000000000e+00
6.935500119719738288e-02 3.117718738900571163e-01 6.000000000000000000e+00 6.500000000000000000e+01 3.000000000000000000e+00
1.468309761225568000e-01 1.085393354333226590e+00 1.800000000000000000e+01 9.000000000000000000e+00 3.000000000000000000e+00
9.338181687703879241e-01 1.999752394381687504e+00 1.200000000000000000e+01 6.600000000000000000e+01 3.000000000000000000e+00
5.904827595007377389e-02 3.207861467465743521e-01 8.000000000000000000e+00 1.710000000000000000e+02 3.000000000000000000e+00
4.287858018801670584e-02 1.194502984414301139e+00 5.000000000000000000e+00 1.460000000000000000e+02 3.000000000000000000e+00
1.172197114904137555e-01 2.002459137389693000e-01 1.200000000000000000e+01 1.190000000000000000e+02 3.000000000000000000e+00
2.924579237366697199e-02 9.554453020377661199e-01 1.000000000000000000e+00 1.160000000000000000e+02 3.000000000000000000e+00
6.261506433696806262e-01 1.027763475568292728e+00 1.700000000000000000e+01 1.450000000000000000e+02 3.000000000000000000e+00
4.431214591836560857e-01 1.247624750561610929e+00 1.200000000000000000e+01 8.400000000000000000e+01 3.000000000000000000e+00
6.416239807356218794e-01 5.190767746142513905e-01 8.000000000000000000e+00 1.680000000000000000e+02 3.000000000000000000e+00
1.617083802813626958e-01 2.213461976201992754e-01 1.300000000000000000e+01 1.990000000000000000e+02 3.000000000000000000e+00
5.789700307741040691e-02 5.064000608338726783e-01 1.900000000000000000e+01 7.800000000000000000e+01 3.000000000000000000e+00
7.760883053492183548e-01 1.293583188617335900e+00 7.000000000000000000e+00 4.500000000000000000e+01 3.000000000000000000e+00
4.871474945640973803e-02 2.035609217270408777e+00 1.000000000000000000e+00 9.600000000000000000e+01 3.000000000000000000e+00
7.043151674629720416e-02 1.866183259729608857e+00 2.000000000000000000e+00 2.000000000000000000e+00 3.000000000000000000e+00
6.235781621002562947e-01 1.662451145869678015e+00 1.000000000000000000e+01 2.000000000000000000e+02 3.000000000000000000e+00
4.239499054376793391e-02 6.710093536713709339e-01 1.000000000000000000e+00 4.800000000000000000e+01 3.000000000000000000e+00
5.432858310501077481e-01 1.006153226067231676e+00 6.000000000000000000e+00 1.510000000000000000e+02 3.000000000000000000e+00
1.168825091011821277e-01 1.991703785777799274e+00 1.300000000000000000e+01 5.700000000000000000e+01 3.000000000000000000e+00
6.482109181074403592e-01 7.083444591353150743e-01 9.000000000000000000e+00 2.100000000000000000e+01 3.000000000000000000e+00
8.044876101832730830e-01 1.967308358392311884e+00 1.800000000000000000e+01 1.310000000000000000e+02 3.000000000000000000e+00
2.821501696681241178e-01 2.054722574039674399e+00 2.000000000000000000e+00 9.000000000000000000e+01 3.000000000000000000e+00
3.791693475256510126e-01 1.272557901455623863e+00 2.000000000000000000e+00 5.700000000000000000e+01 3.000000000000000000e+00
5.913120625030312549e-01 1.053517677531617291e+00 1.000000000000000000e+00 9.600000000000000000e+01 3.000000000000000000e+00
4.887206375730653862e-01 1.672548768605736536e+00 1.800000000000000000e+01 1.760000000000000000e+02 3.000000000000000000e+00
7.435061871745732853e-01 2.960685118343578948e-01 1.500000000000000000e+01 3.500000000000000000e+01 3.000000000000000000e+00
1.524906739590236281e-02 1.421990122418181901e+00 4.000000000000000000e+00 1.040000000000000000e+02 3.000000000000000000e+00
4.395099392032971730e-01 1.876619605439705796e-01 1.800000000000000000e+01 2.600000000000000000e+01 3.000000000000000000e+00
1.059037678776489771e-01 1.886954520429917403e+00 2.000000000000000000e+01 2.400000000000000000e+01 3.000000000000000000e+00
9.902798871483126097e-01 1.506388145155223290e-01 4.000000000000000000e+00 3.400000000000000000e+01 3.000000000000000000e+00
9.499265174317156335e-01 1.933854203228627222e+00 5.000000000000000000e+00 9.700000000000000000e+01 3.000000000000000000e+00
7.741342000724705796e-01 9.308131267097775607e-01 1.400000000000000000e+01 4.500000000000000000e+01 3.000000000000000000e+00
2.034582154775547158e-01 1.136809553058167221e+00 7.000000000000000000e+00 1.640000000000000000e+02 3.000000000000000000e+00
7.323190963806019971e-01 2.011975636184217819e+00 1.400000000000000000e+01 1.870000000000000000e+02 3.000000000000000000e+00
9.780787695823093264e-01 3.866517581279210747e-01 9.000000000000000000e+00 9.700000000000000000e+01 3.000000000000000000e+00
9.108077308326417709e-01 6.203021351609153688e-01 1.600000000000000000e+01 7.600000000000000000e+01 3.000000000000000000e+00
2.321021075233270503e-01 1.278197382171926799e+00 4.000000000000000000e+00 5.000000000000000000e+01 3.000000000000000000e+00
6.133955407224200157e-02 8.206786369945987536e-01 1.800000000000000000e+01 1.820000000000000000e+02 3.000000000000000000e+00
2.226403694278532575e-01 6.896284181816777492e-01 1.000000000000000000e+00 8.000000000000000000e+00 3.000000000000000000e+00
2.193352996110726760e-01 6.923846416614857224e-01 1.200000000000000000e+01 1.940000000000000000e+02 3.000000000000000000e+00
5.302063869168079924e-01 1.921569351655739499e+00 8.000000000000000000e+00 2.700000000000000000e+01 3.000000000000000000e+00
3.963820970136775479e-01 1.131901791992678596e+00 1.600000000000000000e+01 1.150000000000000000e+02 3.000000000000000000e+00
7.901359627063031521e-01 1.517444757089625673e+00 9.000000000000000000e+00 2.900000000000000000e+01 3.000000000000000000e+00
9.318995441179497297e-01 3.697431255228739166e-01 6.000000000000000000e+00 1.390000000000000000e+02 4.000000000000000000e+00
9.641196190344741845e-01 1.478330945391887141e+00 1.700000000000000000e+01 1.400000000000000000e+01 4.000000000000000000e+00
8.809769840076729641e-02 3.748078574882126590e-01 1.300000000000000000e+01 6.300000000000000000e+01 4.000000000000000000e+00
3.710460741259224982e-01 2.051019497255720303e+00 9.000000000000000000e+00 1.150000000000000000e+02 4.000000000000000000e+00
5.193286035627667774e-01 1.913891308946821912e+00 1.600000000000000000e+01 4.000000000000000000e+00 4.000000000000000000e+00
8.734713863774089537e-01 9.896983778696754053e-01 1.400000000000000000e+01 1.330000000000000000e+02 4.000000000000000000e+00
6.501899385801198639e-01 3.184155785291212792e-01 1.400000000000000000e+01 1.230000000000000000e+02 4.000000000000000000e+00
4.223891059874889109e-01 6.015339265401747904e-01 1.200000000000000000e+01 1.190000000000000000e+02 4.000000000000000000e+00
1.349162800445231625e-01 8.484422707618471948e-01 7.000000000000000000e+00 1.940000000000000000e+02 4.000000000000000000e+00
1.247628767821113843e-01 3.843688278098992273e-01 7.000000000000000000e+00 1.460000000000000000e+02 4.000000000000000000e+00
3.807104241008330003e-01 8.782550451388640989e-01 1.000000000000000000e+00 8.300000000000000000e+01 4.000000000000000000e+00
8.264588416323805919e-01 4.720109922214678067e-01 6.000000000000000000e+00 1.570000000000000000e+02 4.000000000000000000e+00
3.097945945222100317e-01 1.538250062093821369e-01 7.000000000000000000e+00 4.200000000000000000e+01 4.000000000000000000e+00
2.915615143707708246e-01 1.351744211330294654e+00 1.600000000000000000e+01 1.960000000000000000e+02 4.000000000000000000e+00
2.784057838148491504e-01 6.181941052909288858e-01 1.600000000000000000e+01 2.900000000000000000e+01 4.000000000000000000e+00
4.122996703642389793e-01 3.621305066833456765e-01 1.000000000000000000e+00 1.800000000000000000e+01 4.000000000000000000e+00
2.959576222724824568e-01 6.835793070355468126e-01 2.000000000000000000e+01 5.200000000000000000e+01 4.000000000000000000e+00
5.327683515811061365e-01 2.157853001061877107e-01 2.000000000000000000e+01 1.630000000000000000e+02 4.000000000000000000e+00
2.816800057863023676e-01 1.297002130096255756e+00 2.000000000000000000e+00 8.900000000000000000e+01 4.000000000000000000e+00
6.265494136069897912e-01 7.880604783777395150e-01 7.000000000000000000e+00 1.710000000000000000e+02 4.000000000000000000e+00
8.824211502136244389e-01 1.926051617889121603e+00 6.000000000000000000e+00 1.130000000000000000e+02 4.000000000000000000e+00
1.839124732233746728e-01 7.695682226012462435e-01 2.000000000000000000e+00 1.400000000000000000e+02 4.000000000000000000e+00
2.095197045606416175e-01 6.949617215064619602e-01 1.700000000000000000e+01 8.900000000000000000e+01 4.000000000000000000e+00
8.875074806755047785e-01 8.386457152698815198e-01 5.000000000000000000e+00 7.800000000000000000e+01 4.000000000000000000e+00
5.733002226449688266e-01 1.676021733823641890e-01 6.000000000000000000e+00 1.970000000000000000e+02 4.000000000000000000e+00
1.682065410267212791e-01 8.708310813681136020e-01 2.000000000000000000e+00 2.100000000000000000e+01 4.000000000000000000e+00
9.295297163687100683e-01 1.329532188411546301e+00 1.400000000000000000e+01 1.560000000000000000e+02 4.000000000000000000e+00
8.377602106158971162e-01 1.439350009722674573e+00 7.000000000000000000e+00 1.690000000000000000e+02 4.000000000000000000e+00
9.409922428111771042e-01 6.924541901786210873e-01 1.500000000000000000e+01 1.820000000000000000e+02 4.000000000000000000e+00
9.501440860904251939e-02 1.375912987606563886e+00 1.100000000000000000e+01 2.400000000000000000e+01 4.000000000000000000e+00
2.613110014132166148e-01 1.738306138644538423e+00 5.000000000000000000e+00 1.940000000000000000e+02 4.000000000000000000e+00
4.828417306049822555e-01 8.245977113114769663e-01 1.300000000000000000e+01 1.400000000000000000e+01 4.000000000000000000e+00
2.589661571314514354e-01 6.629511517152276712e-01 1.000000000000000000e+00 8.500000000000000000e+01 4.000000000000000000e+00
7.140696508599335690e-01 2.102785304036466629e-01 9.000000000000000000e+00 9.900000000000000000e+01 4.000000000000000000e+00
7.566961544406353157e-01 1.268337638545887769e+00 2.000000000000000000e+01 1.560000000000000000e+02 4.000000000000000000e+00
9.647877924618174228e-02 3.136094162108292727e-01 1.800000000000000000e+01 1.220000000000000000e+02 4.000000000000000000e+00
9.527786410527266936e-01 5.587239434336442878e-01 2.000000000000000000e+00 5.900000000000000000e+01 4.000000000000000000e+00
3.280333146262196520e-01 3.722359681931904918e-01 7.000000000000000000e+00 1.480000000000000000e+02 4.000000000000000000e+00
2.270567643318643913e-01 1.205714917415013909e+00 2.000000000000000000e+01 1.220000000000000000e+02 4.000000000000000000e+00
4.259622283453592395e-01 1.690479069453146188e+00 1.300000000000000000e+01 1.730000000000000000e+02 4.000000000000000000e+00
1.558764645727943599e-01 8.364548041701566072e-01 1.500000000000000000e+01 7.800000000000000000e+01 4.000000000000000000e+00
1.767808571600669731e-01 6.476757990360294537e-01 1.100000000000000000e+01 9.700000000000000000e+01 4.000000000000000000e+00
5.632640000728227347e-01 1.582663564399664713e+00 1.900000000000000000e+01 5.800000000000000000e+01 4.000000000000000000e+00
1.602580471575063559e-01 2.096368253880857235e+00 7.000000000000000000e+00 1.570000000000000000e+02 4.000000000000000000e+00
2.344849450050601192e-01 1.614763455690892746e+00 1.400000000000000000e+01 6.200000000000000000e+01 4.000000000000000000e+00
8.133731953065328479e-01 2.047900619753566076e+00 1.200000000000000000e+01 1.220000000000000000e+02 4.000000000000000000e+00
4.518096046270768662e-01 3.953229915679355999e-01 2.000000000000000000e+00 1.700000000000000000e+01 4.000000000000000000e+00
5.897603587680887854e-02 1.620546767699991619e+00 2.000000000000000000e+00 1.530000000000000000e+02 4.000000000000000000e+00
6.372386292351092107e-01 1.451475811740144062e+00 4.000000000000000000e+00 1.770000000000000000e+02 4.000000000000000000e+00
8.738361400828645875e-01 1.036271127775868273e+00 5.000000000000000000e+00 2.800000000000000000e+01 4.000000000000000000e+00
