9.398264690781706898e-01 1.713312314883868259e+00 1.000000000000000000e+01 1.870000000000000000e+02 0.000000000000000000e+00
6.414354950686969037e-01 1.584585169221639722e+00 2.000000000000000000e+00 1.830000000000000000e+02 0.000000000000000000e+00
7.690304728957579883e-01 3.811519115673890346e-01 1.000000000000000000e+01 1.220000000000000000e+02 0.000000000000000000e+00
3.343057759169180132e-01 5.984431908956039381e-01 1.200000000000000000e+01 7.700000000000000000e+01 0.000000000000000000e+00
5.185958963855551440e-01 1.073130610697312637e+00 4.000000000000000000e+00 6.600000000000000000e+01 0.000000000000000000e+00
1.258416121467978988e-01 6.231073440168887201e-01 1.600000000000000000e+01 1.240000000000000000e+02 0.000000000000000000e+00
6.209525262401060369e-02 1.864781786007107867e+00 1.600000000000000000e+01 1.020000000000000000e+02 0.000000000000000000e+00
9.410284977957560359e-01 1.121243105408943341e+00 8.000000000000000000e+00 7.000000000000000000e+01 0.000000000000000000e+00
5.120197320328185864e-01 1.860431445283798890e+00 1.900000000000000000e+01 9.000000000000000000e+00 0.000000000000000000e+00
8.705099292399711697e-01 1.495305069268935361e+00 3.000000000000000000e+00 1.350000000000000000e+02 0.000000000000000000e+00
9.751753268429482757e-01 1.525255358187632693e+00 7.000000000000000000e+00 4.600000000000000000e+01 0.000000000000000000e+00
5.095237634563499762e-01 1.039661524107565960e+00 7.000000000000000000e+00 8.800000000000000000e+01 0.000000000000000000e+00
4.623709017276675937e-01 1.273776176181981246e+00 1.000000000000000000e+00 1.640000000000000000e+02 0.000000000000000000e+00
1.872215853829256593e-01 1.296501519825166371e+00 7.000000000000000000e+00 9.100000000000000000e+01 0.000000000000000000e+00
6.494249268283848187e-01 4.131995837616658784e-01 2.000000000000000000e+01 9.000000000000000000e+00 0.000000000000000000e+00
2.344020752367241833e-01 1.826360721135431131e+00 6.000000000000000000e+00 1.300000000000000000e+01 0.000000000000000000e+00
3.186103300518544623e-01 1.718769670939733318e+00 1.200000000000000000e+01 1.000000000000000000e+00 0.000000000000000000e+00
5.219234967079543486e-01 6.487490634378204613e-01 1.800000000000000000e+01 1.420000000000000000e+02 0.000000000000000000e+00
5.427058514511265974e-01 3.917754220672063914e-01 3.000000000000000000e+00 1.150000000000000000e+02 0.000000000000000000e+00
1.024943376907894027e-01 1.733566998188988129e-01 1.500000000000000000e+01 1.030000000000000000e+02 0.000000000000000000e+00
6.717465907247602841e-01 1.036647994210853518e+00 2.000000000000000000e+00 5.700000000000000000e+01 0.000000000000000000e+00
5.918249310179947154e-01 1.069562411071862229e+00 1.100000000000000000e+01 9.700000000000000000e+01 0.000000000000000000e+00
4.826826699463874215e-01 1.293949306532549581e+00 9.000000000000000000e+00 1.630000000000000000e+02 0.000000000000000000e+00
2.227522914230807283e-01 1.122988419222309631e+00 9.000000000000000000e+00 3.400000000000000000e+01 0.000000000000000000e+00
6.916750193389386014e-01 2.056710431455903709e+00 1.700000000000000000e+01 1.380000000000000000e+02 0.000000000000000000e+00
6.185002213822236028e-01 2.061244757996659960e+00 5.000000000000000000e+00 1.240000000000000000e+02 0.000000000000000000e+00
4.465841913428469229e-02 1.290845269687953101e+00 1.800000000000000000e+01 1.290000000000000000e+02 0.000000000000000000e+00
2.147886946772724626e-01 6.335273995378979395e-01 1.400000000000000000e+01 1.450000000000000000e+02 0.000000000000000000e+00
1.637820150200519631e-01 1.422648230301245098e+00 9.000000000000000000e+00 3.000000000000000000e+00 0.000000000000000000e+00
6.100245751945202466e-01 1.510506432943206301e+00 1.900000000000000000e+01 1.500000000000000000e+01 0.000000000000000000e+00
1.859661762146354036e-01 7.678620807404009652e-01 1.800000000000000000e+01 1.950000000000000000e+02 0.000000000000000000e+00
1.105253782308111971e-01 1.683497290990853268e-01 1.700000000000000000e+01 7.000000000000000000e+01 0.000000000000000000e+00
9.875802774683867247e-01 5.132774079571432724e-01 5.000000000000000000e+00 1.400000000000000000e+01 0.000000000000000000e+00
9.151166938915851201e-01 1.666693182415495134e+00 2.000000000000000000e+00 1.690000000000000000e+02 0.000000000000000000e+00
7.209606411357833977e-01 1.189943170376552006e-01 8.000000000000000000e+00 1.350000000000000000e+02 0.000000000000000000e+00
8.379980587218232024e-01 1.084337684295218596e+00 1.500000000000000000e+01 1.130000000000000000e+02 0.000000000000000000e+00
9.262064166875553228e-01 1.704948659480925333e+00 7.000000000000000000e+00 2.600000000000000000e+01 0.000000000000000000e+00
1.336013637718688196e-01 2.116533581849037449e-01 7.000000000000000000e+00 1.780000000000000000e+02 0.000000000000000000e+00
9.130762718834285474e-01 5.544319208744555860e-01 1.900000000000000000e+01 1.450000000000000000e+02 0.000000000000000000e+00
1.538891325331604998e-01 5.431552806865668215e-01 1.100000000000000000e+01 1.470000000000000000e+02 0.000000000000000000e+00
4.930282103160924523e-01 1.688661807584837193e+00 4.000000000000000000e+00 1.580000000000000000e+02 0.000000000000000000e+00
7.530974334108835322e-01 8.692067079394930618e-01 9.000000000000000000e+00 1.600000000000000000e+02 0.000000000000000000e+00
4.577225597663173717e-01 8.719343434733975995e-01 2.000000000000000000e+00 1.030000000000000000e+02 0.000000000000000000e+00
1.290986374081120047e-01 2.292078100576026289e-01 8.000000000000000000e+00 5.600000000000000000e+01 0.000000000000000000e+00
8.513526801753057427e-01 2.065426442923595562e+00 3.000000000000000000e+00 1.300000000000000000e+01 0.000000000000000000e+00
4.258883928466156155e-01 2.083261956916761637e+00 1.400000000000000000e+01 4.700000000000000000e+01 0.000000000000000000e+00
6.596893296466359580e-01 3.955664711742202799e-01 1.800000000000000000e+01 1.320000000000000000e+02 0.000000000000000000e+00
7.983100130348695644e-02 9.140599555325213954e-01 1.300000000000000000e+01 1.900000000000000000e+02 0.000000000000000000e+00
2.352178056745445334e-01 1.553536031866680434e+00 9.000000000000000000e+00 1.900000000000000000e+02 0.000000000000000000e+00
6.974039183278075704e-01 7.731303313504512831e-01 1.400000000000000000e+01 1.330000000000000000e+02 0.000000000000000000e+00
8.304742953320004561e-01 5.746458270684230429e-01 3.000000000000000000e+00 8.100000000000000000e+01 1.000000000000000000e+00
7.818281378876988652e-02 1.517058024790774784e+00 7.000000000000000000e+00 8.600000000000000000e+01 1.000000000000000000e+00
1.001469510839086308e+00 1.550758304865318848e+00 8.000000000000000000e+00 9.600000000000000000e+01 1.000000000000000000e+00
3.598554815003451868e-01 1.389695520018682906e+00 2.000000000000000000e+00 1.900000000000000000e+02 1.000000000000000000e+00
2.717169442491041975e-01 1.123217531310932271e+00 6.000000000000000000e+00 3.600000000000000000e+01 1.000000000000000000e+00
8.997897852338536673e-01 1.585018065989126645e+00 5.000000000000000000e+00 6.700000000000000000e+01 1.000000000000000000e+00
7.067014359941130586e-01 2.255012488486100308e-01 1.700000000000000000e+01 8.100000000000000000e+01 1.000000000000000000e+00
4.537541706645128459e-01 1.929431006566415974e+00 4.000000000000000000e+00 6.600000000000000000e+01 1.000000000000000000e+00
4.454176879902381758e-01 4.347573944003418900e-01 2.000000000000000000e+00 2.500000000000000000e+01 1.000000000000000000e+00
6.175735300174990394e-01 1.741003064512734344e+00 5.000000000000000000e+00 1.310000000000000000e+02 1.000000000000000000e+00
2.355632494526034293e-01 6.461941746745224480e-01 1.000000000000000000e+00 1.990000000000000000e+02 1.000000000000000000e+00
4.774545637769941342e-01 3.037894309187351150e-01 1.800000000000000000e+01 1.100000000000000000e+02 1.000000000000000000e+00
2.999090072376751070e-01 1.714917018355692546e+00 1.400000000000000000e+01 5.400000000000000000e+01 1.000000000000000000e+00
3.555320787259748094e-01 1.129219971438828241e+00 2.000000000000000000e+01 1.180000000000000000e+02 1.000000000000000000e+00
2.405664286324911139e-01 1.212646068274689126e+00 5.000000000000000000e+00 4.100000000000000000e+01 1.000000000000000000e+00
3.974981837216365887e-01 8.829510330012942942e-01 1.600000000000000000e+01 2.100000000000000000e+01 1.000000000000000000e+00
1.150725114882535788e-01 1.954497063355726594e+00 4.000000000000000000e+00 1.500000000000000000e+01 1.000000000000000000e+00
9.651992107304524504e-01 6.832817580929247958e-01 4.000000000000000000e+00 1.600000000000000000e+01 1.000000000000000000e+00
8.336074401037881776e-01 6.789164370764589895e-01 1.000000000000000000e+00 1.780000000000000000e+02 1.000000000000000000e+00
4.752865772843158920e-01 1.956309465814974669e+00 1.600000000000000000e+01 1.540000000000000000e+02 1.000000000000000000e+00
6.894091006696335677e-01 1.680455330372057077e+00 1.500000000000000000e+01 3.600000000000000000e+01 1.000000000000000000e+00
7.874087500695280406e-01 1.815379670885185259e+00 1.700000000000000000e+01 6.700000000000000000e+01 1.000000000000000000e+00
6.510085098593593189e-01 1.992099645040776412e+00 4.000000000000000000e+00 2.600000000000000000e+01 1.000000000000000000e+00
3.446076106553275231e-01 1.328080723545842945e+00 1.700000000000000000e+01 6.900000000000000000e+01 1.000000000000000000e+00
9.969039889187031322e-01 8.417797955893785433e-01 1.100000000000000000e+01 8.800000000000000000e+01 1.000000000000000000e+00
7.830722001708988467e-01 1.937425836325568307e+00 1.600000000000000000e+01 1.840000000000000000e+02 1.000000000000000000e+00
4.114533339129889944e-01 1.160672237585591571e+00 6.000000000000000000e+00 3.700000000000000000e+01 1.000000000000000000e+00
5.821952772332880111e-01 1.698622236771132554e+00 1.700000000000000000e+01 3.900000000000000000e+01 1.000000000000000000e+00
9.906910368711757675e-01 2.554603960877072089e-01 1.000000000000000000e+01 1.610000000000000000e+02 1.000000000000000000e+00
2.151283163582794894e-02 8.644358437340410317e-01 6.000000000000000000e+00 5.800000000000000000e+01 1.000000000000000000e+00
1.027538474569177213e-01 1.113116632559871810e+00 1.200000000000000000e+01 8.000000000000000000e+01 1.000000000000000000e+00
7.073602951537186767e-01 1.352942439948359832e+00 7.000000000000000000e+00 6.300000000000000000e+01 1.000000000000000000e+00
9.290006886646462458e-01 1.768131061373291013e+00 1.700000000000000000e+01 9.900000000000000000e+01 1.000000000000000000e+00
3.496105339273555268e-01 2.035715489052353444e+00 2.000000000000000000e+00 2.200000000000000000e+01 1.000000000000000000e+00
1.571571142297694124e-01 1.280533904842985793e+00 1.100000000000000000e+01 1.650000000000000000e+02 1.000000000000000000e+00
3.181047018863577547e-01 3.217873714821187781e-01 2.000000000000000000e+01 8.100000000000000000e+01 1.000000000000000000e+00
1.768507252995986656e-01 1.645809021243151538e+00 9.000000000000000000e+00 9.100000000000000000e+01 1.000000000000000000e+00
6.111707673871684676e-01 2.553004094571854621e-01 3.000000000000000000e+00 1.330000000000000000e+02 1.000000000000000000e+00
1.617142779084431714e-01 1.245478064670390461e+00 1.200000000000000000e+01 3.600000000000000000e+01 1.000000000000000000e+00
7.516261114845222691e-02 3.084410553065169980e-01 1.100000000000000000e+01 4.000000000000000000e+00 1.000000000000000000e+00
1.863986574017804099e-01 1.632086827190758038e+00 3.000000000000000000e+00 1.490000000000000000e+02 1.000000000000000000e+00
1.707471385481820203e-01 1.536854662238148705e+00 9.000000000000000000e+00 1.040000000000000000e+02 1.000000000000000000e+00
1.413740421825636882e-02 6.300032612602958215e-01 1.300000000000000000e+01 3.700000000000000000e+01 1.000000000000000000e+00
7.071500026518338922e-02 2.053273117055511410e+00 1.000000000000000000e+01 1.480000000000000000e+02 1.000000000000000000e+00
9.345209522073670838e-01 1.964195042977292305e+00 4.000000000000000000e+00 1.720000000000000000e+02 1.000000000000000000e+00
2.818306949861819621e-01 7.158897729959700085e-01 2.000000000000000000e+00 1.730000000000000000e+02 1.000000000000000000e+00
1.824979359616399899e-01 3.913585863427736511e-01 1.700000000000000000e+01 2.700000000000000000e+01 1.000000000000000000e+00
5.232984121130216382e-01 1.638143346193311756e-01 2.000000000000000000e+01 4.400000000000000000e+01 1.000000000000000000e+00
5.363680766535797728e-01 1.243574825457445909e+00 3.000000000000000000e+00 1.740000000000000000e+02 1.000000000000000000e+00
7.052894401260227930e-01 1.530559963239646049e+00 1.300000000000000000e+01 1.720000000000000000e+02 1.000000000000000000e+00
4.459224594764533700e-01 1.368934530249254156e+00 3.000000000000000000e+00 1.020000000000000000e+02 2.000000000000000000e+00
1.550373050765314620e-01 1.672831745720268215e-01 2.000000000000000000e+01 1.860000000000000000e+02 2.000000000000000000e+00
2.525250801094763853e-01 1.646015129265322674e+00 1.600000000000000000e+01 8.600000000000000000e+01 2.000000000000000000e+00
2.182319943083576436e-02 1.268876486226132805e+00 1.200000000000000000e+01 1.250000000000000000e+02 2.000000000000000000e+00
9.636513658689929152e-01 2.184647312360296356e-01 5.000000000000000000e+00 1.260000000000000000e+02 2.000000000000000000e+00
5.054313517784059240e-01 4.804372718748796123e-01 2.000000000000000000e+01 9.600000000000000000e+01 2.000000000000000000e+00
6.600301649610456067e-01 5.371271938703877646e-01 7.000000000000000000e+00 8.900000000000000000e+01 2.000000000000000000e+00
1.964110202147755224e-01 1.403458393481977984e+00 7.000000000000000000e+00 5.300000000000000000e+01 2.000000000000000000e+00
8.030372144355111264e-01 1.635311592802877856e+00 3.000000000000000000e+00 1.700000000000000000e+01 2.000000000000000000e+00
2.713264369361822331e-02 7.055362115351911934e-01 1.300000000000000000e+01 9.400000000000000000e+01 2.000000000000000000e+00
8.468786379988925139e-01 1.256856913778388041e+00 5.000000000000000000e+00 7.100000000000000000e+01 2.000000000000000000e+00
9.590118952894263193e-01 4.499639254630595220e-01 1.500000000000000000e+01 9.000000000000000000e+01 2.000000000000000000e+00
4.782706148030630988e-01 7.878729649858823292e-01 4.000000000000000000e+00 1.300000000000000000e+02 2.000000000000000000e+00
9.515728472966734630e-01 1.334958636025647793e+00 2.000000000000000000e+01 4.600000000000000000e+01 2.000000000000000000e+00
8.955621282249223158e-01 1.024107162802453619e+00 1.200000000000000000e+01 3.800000000000000000e+01 2.000000000000000000e+00
2.291760124677018062e-01 1.438742309181288981e+00 1.300000000000000000e+01 1.140000000000000000e+02 2.000000000000000000e+00
1.001437077633086981e+00 5.984656816650658628e-01 7.000000000000000000e+00 1.080000000000000000e+02 2.000000000000000000e+00
9.838146549806402463e-01 1.780607397503335854e+00 1.400000000000000000e+01 8.900000000000000000e+01 2.000000000000000000e+00
3.681236576943260896e-01 8.547302611847084064e-01 1.900000000000000000e+01 1.410000000000000000e+02 2.000000000000000000e+00
8.900542512247318072e-01 3.311762408270287894e-01 4.000000000000000000e+00 1.780000000000000000e+02 2.000000000000000000e+00
3.274504948828040884e-01 2.099698672586920001e+00 4.000000000000000000e+00 4.600000000000000000e+01 2.000000000000000000e+00
3.512760854033850633e-01 1.502958988821118780e+00 3.000000000000000000e+00 7.800000000000000000e+01 2.000000000000000000e+00
8.299740485009003965e-01 1.343837908364377276e-01 5.000000000000000000e+00 1.640000000000000000e+02 2.000000000000000000e+00
8.775938589625387198e-01 2.018854831324063126e-01 1.600000000000000000e+01 1.670000000000000000e+02 2.000000000000000000e+00
8.699805359435639485e-01 1.419959664685646050e+00 6.000000000000000000e+00 1.890000000000000000e+02 2.000000000000000000e+00
2.773338729308741923e-01 4.899604283235831081e-01 1.000000000000000000e+00 1.610000000000000000e+02 2.000000000000000000e+00
5.908043359977812603e-01 1.019659725347830115e+00 5.000000000000000000e+00 1.500000000000000000e+02 2.000000000000000000e+00
9.098915561330168655e-01 1.020148537714048897e+00 2.000000000000000000e+01 7.900000000000000000e+01 2.000000000000000000e+00
7.558279990899535727e-01 1.869847848045295580e+00 2.000000000000000000e+00 1.890000000000000000e+02 2.000000000000000000e+00
4.950127404647149953e-01 1.675771043029858021e+00 8.000000000000000000e+00 1.770000000000000000e+02 2.000000000000000000e+00
3.539180327964118744e-01 1.929499128074049663e+00 2.000000000000000000e+00 5.900000000000000000e+01 2.000000000000000000e+00
6.601502085258305064e-01 1.401748903393482015e+00 9.000000000000000000e+00 2.000000000000000000e+01 2.000000000000000000e+00
9.896310069195866088e-01 1.674408562931809785e-01 1.000000000000000000e+01 1.000000000000000000e+00 2.000000000000000000e+00
6.340230227943701724e-01 1.332027037093310051e+00 7.000000000000000000e+00 9.500000000000000000e+01 2.000000000000000000e+00
3.558537506137913198e-01 6.256054258874969021e-01 2.000000000000000000e+01 1.710000000000000000e+02 2.000000000000000000e+00
8.652969862485399011e-01 3.251507212830057059e-01 1.000000000000000000e+01 1.330000000000000000e+02 2.000000000000000000e+00
4.569552011157848037e-01 4.268625579743464682e-01 1.700000000000000000e+01 1.820000000000000000e+02 2.000000000000000000e+00
9.745344496138795554e-02 1.408502397678764950e+00 1.600000000000000000e+01 1.060000000000000000e+02 2.000000000000000000e+00
5.458981641887244995e-01 7.545816216064794579e-01 1.900000000000000000e+01 9.700000000000000000e+01 2.000000000000000000e+00
5.861561840899529585e-01 1.357176265532396009e+00 2.000000000000000000e+00 2.600000000000000000e+01 2.000000000000000000e+00
6.385642463103317068e-01 1.811529404602070903e+00 1.800000000000000000e+01 7.800000000000000000e+01 2.000000000000000000e+00
8.432935335458782156e-01 9.155332994189641083e-01 1.000000000000000000e+01 1.060000000000000000e+02 2.000000000000000000e+00
8.325223277599003158e-01 1.582725575752800706e+00 2.000000000000000000e+01 1.030000000000000000e+02 2.000000000000000000e+00
5.459026916382410111e-01 1.101509563719489604e+00 6.000000000000000000e+00 5.000000000000000000e+00 2.000000000000000000e+00
4.286769543532313875e-01 2.047587885216470394e+00 1.500000000000000000e+01 1.990000000000000000e+02 2.000000000000000000e+00
6.352139171427166886e-01 3.442961174330404495e-01 1.800000000000000000e+01 7.200000000000000000e+01 2.000000000000000000e+00
2.229834677752581262e-01 1.969994085448137922e+00 1.800000000000000000e+01 2.800000000000000000e+01 2.000000000000000000e+00
4.368726354315842775e-01 1.346941589638489090e+00 1.300000000000000000e+01 3.800000000000000000e+01 2.000000000000000000e+00
3.006529258291054107e-01 2.061316161444342931e+00 4.000000000000000000e+00 4.600000000000000000e+01 2.000000000000000000e+00
9.708389459354045403e-01 1.313837357477798617e+00 9.000000000000000000e+00 1.400000000000000000e+01 2.000000000000000000e+00
2.458821957722078649e-02 1.510517225272875130e+00 4.000000000000000000e+00 1.250000000000000000e+02 3.000000000000000000e+00
3.837210831722489557e-01 1.298666418417885771e+00 1.100000000000000000e+01 1.000000000000000000e+02 3.000000000000000000e+00
8.130417510271940040e-01 1.052044007754766808e+00 7.000000000000000000e+00 6.100000000000000000e+01 3.000000000000000000e+00
3.989210868029079843e-02 5.612006489281441413e-01 1.500000000000000000e+01 2.500000000000000000e+01 3.000000000000000000e+00
9.780413735098840711e-01 1.298152517176440091e+00 1.500000000000000000e+01 1.540000000000000000e+02 3.000000000000000000e+00
9.311241396210345744e-01 1.938998594143933607e+00 9.000000000000000000e+00 1.910000000000000000e+02 3.000000000000000000e+00
3.864454312060305874e-01 1.769058417857760190e+00 6.000000000000000000e+00 7.600000000000000000e+01 3.000000000000000000e+00
2.787080614760172742e-02 1.580352929271269469e+00 4.000000000000000000e+00 9.800000000000000000e+01 3.000000000000000000e+00
3.918167552649027829e-01 9.038320877717006541e-01 1.400000000000000000e+01 3.000000000000000000e+01 3.000000000000000000e+00
9.192155305231853868e-01 4.135715115866059888e-01 3.000000000000000000e+00 5.900000000000000000e+01 3.000000000000000000e+00
8.383168146002046850e-01 2.356535063532049501e-01 1.500000000000000000e+01 6.800000000000000000e+01 3.000000000000000000e+00
8.020109214457287194e-01 4.117742341093292291e-01 7.000000000000000000e+00 7.900000000000000000e+01 3.000000000000000000e+00
2.824265212431142230e-02 7.694521694633366105e-01 1.500000000000000000e+01 3.100000000000000000e+01 3.000000000000000000e+00
7.642517098867379621e-01 6.982486069112915361e-01 1.100000000000000000e+01 7.500000000000000000e+01 3.000000000000000000e+00
8.619134224780842235e-01 6.325570870806763724e-01 1.100000000000000000e+01 6.300000000000000000e+01 3.000000000000000000e+00
5.418496978156871896e-02 1.804025412331156097e+00 7.000000000000000000e+00 1.580000000000000000e+02 3.000000000000000000e+00
2.518546314987714085e-01 1.216138616084224466e+00 1.900000000000000000e+01 5.600000000000000000e+01 3.000000000000000000e+00
6.931475639637099118e-01 5.140571347274517366e-01 1.000000000000000000e+00 4.000000000000000000e+00 3.000000000000000000e+00
6.705194531569929062e-01 2.847722920194578622e-01 1.200000000000000000e+01 1.370000000000000000e+02 3.000000000000000000e+00
8.688244407697671701e-01 1.427351177265735904e+00 1.500000000000000000e+01 7.000000000000000000e+00 3.000000000000000000e+00
8.508694452745784176e-01 1.432306578727459812e+00 1.000000000000000000e+00 5.900000000000000000e+01 3.000000000000000000e+00
6.680721257543632552e-01 1.953842998038564094e+00 4.000000000000000000e+00 6.300000000000000000e+01 3.000000000000000000e+00
8.185346122184522510e-01 1.043770608727582205e+00 8.000000000000000000e+00 1.130000000000000000e+02 3.000000000000000000e+00
9.641175606677120091e-02 1.892202716779870064e+00 2.000000000000000000e+01 2.200000000000000000e+01 3.000000000000000000e+00
2.273672293765351959e-01 1.897440171968035383e+00 7.000000000000000000e+00 8.800000000000000000e+01 3.000000000000000000e+00
6.068851967453418039e-01 1.410110818444114678e+00 9.000000000000000000e+00 1.650000000000000000e+02 3.000000000000000000e+00
2.187707886718911476e-01 1.322890143530546903e+00 1.200000000000000000e+01 1.090000000000000000e+02 3.000000000000000000e+00
6.613286361353220011e-01 1.606664350191289836e+00 1.500000000000000000e+01 1.460000000000000000e+02 3.000000000000000000e+00
2.134210533186416958e-01 7.459864849223954986e-01 9.000000000000000000e+00 7.400000000000000000e+01 3.000000000000000000e+00
2.936958935746510901e-01 1.841509068726931986e+00 1.000000000000000000e+01 6.000000000000000000e+01 3.000000000000000000e+00
1.000642409996192139e+00 1.751159175725605976e+00 5.000000000000000000e+00 1.240000000000000000e+02 3.000000000000000000e+00
2.966308397217167769e-01 1.323847012979117999e+00 1.300000000000000000e+01 2.800000000000000000e+01 3.000000000000000000e+00
1.126626723164324412e-01 1.445612280202325461e+00 1.000000000000000000e+00 1.980000000000000000e+02 3.000000000000000000e+00
4.452523298844653921e-01 1.977556204317623356e+00 1.600000000000000000e+01 1.670000000000000000e+02 3.000000000000000000e+00
6.627651604911145578e-01 1.883492773802087461e+00 1.300000000000000000e+01 2.100000000000000000e+01 3.000000000000000000e+00
3.005853151662007255e-02 6.708688921021651597e-01 1.900000000000000000e+01 5.000000000000000000e+01 3.000000000000000000e+00
7.280944997663333362e-01 1.584096736389678794e-01 1.200000000000000000e+01 1.500000000000000000e+01 3.000000000000000000e+00
1.222940982548180594e-01 1.499602822421341186e-01 5.000000000000000000e+00 8.100000000000000000e+01 3.000000000000000000e+00
4.445748863335305945e-01 2.501245314612866588e-01 1.000000000000000000e+01 1.600000000000000000e+01 3.000000000000000000e+00
6.191267718830139044e-01 1.692466838913131433e+00 1.000000000000000000e+00 1.410000000000000000e+02 3.000000000000000000e+00
2.622832153855851889e-01 2.091110454659320883e+00 1.600000000000000000e+01 7.900000000000000000e+01 3.000000000000000000e+00
7.803822929592224567e-01 8.534402585158958887e-01 8.000000000000000000e+00 1.150000000000000000e+02 3.000000000000000000e+00
7.233751514488807599e-01 2.695240095966765503e-01 1.000000000000000000e+01 1.570000000000000000e+02 3.000000000000000000e+00
3.592533206512374955e-01 7.472611075672214165e-01 1.200000000000000000e+01 2.200000000000000000e+01 3.000000000000000000e+00
9.616307311040520611e-01 7.080749529199791281e-01 5.000000000000000000e+00 1.850000000000000000e+02 3.000000000000000000e+00
1.591129714057903238e-02 3.940327476420052433e-01 5.000000000000000000e+00 4.700000000000000000e+01 3.000000000000000000e+00
4.401816116095674802e-01 9.403516742193750444e-01 1.400000000000000000e+01 1.560000000000000000e+02 3.000000000000000000e+00
8.044372691313819157e-01 3.440288716801908064e-01 1.200000000000000000e+01 8.900000000000000000e+01 3.000000000000000000e+00
2.876935913501887238e-02 2.038973217470176069e-01 2.000000000000000000e+01 7.800000000000000000e+01 3.000000000000000000e+00
3.532276070703082027e-01 2.265317824085252563e-01 1.400000000000000000e+01 1.540000000000000000e+02 3.000000000000000000e+00
1.573936668525811600e-01 1.284548679594138543e+00 1.800000000000000000e+01 2.000000000000000000e+02 4.000000000000000000e+00
7.133136587644904603e-02 3.516837024491620278e-01 4.000000000000000000e+00 1.200000000000000000e+01 4.000000000000000000e+00
2.110757282396656942e-01 9.042619566157031885e-01 1.400000000000000000e+01 5.100000000000000000e+01 4.000000000000000000e+00
9.943661610405220008e-01 7.147925716953126285e-01 1.200000000000000000e+01 1.130000000000000000e+02 4.000000000000000000e+00
1.579640380809759215e-01 1.462904799132022760e+00 1.400000000000000000e+01 1.930000000000000000e+02 4.000000000000000000e+00
6.082886021009035193e-01 2.802615678249978926e-01 2.000000000000000000e+01 7.900000000000000000e+01 4.000000000000000000e+00
7.260412074697032425e-01 1.518447378452686847e+00 1.000000000000000000e+00 3.900000000000000000e+01 4.000000000000000000e+00
6.136281130045980747e-01 1.571448729977246161e+00 1.000000000000000000e+00 7.800000000000000000e+01 4.000000000000000000e+00
6.733542407680419561e-01 2.045302135787661957e+00 2.000000000000000000e+00 1.170000000000000000e+02 4.000000000000000000e+00
5.591343158347934494e-01 8.238390302647072838e-01 2.000000000000000000e+00 2.000000000000000000e+00 4.000000000000000000e+00
5.736754017049073839e-01 2.702911520579974747e-01 1.700000000000000000e+01 3.100000000000000000e+01 4.000000000000000000e+00
8.955572544969033766e-01 1.662235485240606270e+00 1.100000000000000000e+01 1.740000000000000000e+02 4.000000000000000000e+00
3.082375015490904646e-01 2.018361482155401898e+00 1.600000000000000000e+01 1.960000000000000000e+02 4.000000000000000000e+00
8.058815666643655007e-01 2.011791209763692301e+00 5.000000000000000000e+00 2.000000000000000000e+01 4.000000000000000000e+00
4.542904902470783490e-01 3.501594956060171127e-01 1.800000000000000000e+01 1.020000000000000000e+02 4.000000000000000000e+00
5.615452929061414133e-01 1.751565667413780558e-01 2.000000000000000000e+01 7.000000000000000000e+00 4.000000000000000000e+00
5.584580482452260464e-01 1.479879849729955010e+00 9.000000000000000000e+00 4.000000000000000000e+01 4.000000000000000000e+00
7.606546205604103328e-01 5.167332589109502328e-01 9.000000000000000000e+00 1.340000000000000000e+02 4.000000000000000000e+00
8.065932840322733721e-01 1.555926457458161716e+00 4.000000000000000000e+00 2.600000000000000000e+01 4.000000000000000000e+00
9.346086793982603114e-01 1.284786107192245952e+00 9.000000000000000000e+00 8.600000000000000000e+01 4.000000000000000000e+00
6.101806101014857209e-01 3.239657133392547239e-01 3.000000000000000000e+00 4.500000000000000000e+01 4.000000000000000000e+00
7.376811602096067233e-01 4.334180635350480815e-01 1.100000000000000000e+01 1.980000000000000000e+02 4.000000000000000000e+00
4.947791099267691006e-01 9.354195744082022257e-01 2.000000000000000000e+01 1.700000000000000000e+01 4.000000000000000000e+00
1.005433055934861875e+00 1.166088375750397477e+00 1.000000000000000000e+01 4.400000000000000000e+01 4.000000000000000000e+00
1.121724920120089480e-01 1.282495571334052453e+00 8.000000000000000000e+00 5.800000000000000000e+01 4.000000000000000000e+00
9.341958059586837892e-01 6.561500818932363144e-01 1.300000000000000000e+01 4.000000000000000000e+01 4.000000000000000000e+00
3.093677811529501609e-01 7.245893869990148728e-01 1.800000000000000000e+01 4.000000000000000000e+01 4.000000000000000000e+00
9.360491870298607298e-01 2.889009273098638308e-01 1.100000000000000000e+01 1.980000000000000000e+02 4.000000000000000000e+00
3.585731866020825942e-01 1.277534168251935220e+00 1.000000000000000000e+01 8.400000000000000000e+01 4.000000000000000000e+00
3.314937010354187530e-01 1.371865813042042914e+00 3.000000000000000000e+00 1.160000000000000000e+02 4.000000000000000000e+00
5.996779345251380677e-01 3.288348592593574038e-01 7.000000000000000000e+00 1.410000000000000000e+02 4.000000000000000000e+00
7.599885674995302542e-01 1.938646950762403343e+00 1.000000000000000000e+00 1.650000000000000000e+02 4.000000000000000000e+00
7.920732727075624480e-01 9.891884024351368376e-01 2.000000000000000000e+01 2.900000000000000000e+01 4.000000000000000000e+00
6.879499710217573671e-01 2.038493421572387110e+00 4.000000000000000000e+00 8.000000000000000000e+01 4.000000000000000000e+00
2.709515694085025128e-01 1.397993997358744522e+00 1.600000000000000000e+01 1.550000000000000000e+02 4.000000000000000000e+00
6.384605370746148090e-01 1.661942724319634523e+00 1.100000000000000000e+01 7.800000000000000000e+01 4.000000000000000000e+00
6.295800434816303248e-01 7.534875670705166728e-01 3.000000000000000000e+00 1.960000000000000000e+02 4.000000000000000000e+00
9.397824418622201526e-01 1.804294189167418294e-01 8.000000000000000000e+00 1.430000000000000000e+02 4.000000000000000000e+00
8.659954964749330131e-01 1.516413058346635090e+00 1.600000000000000000e+01 3.600000000000000000e+01 4.000000000000000000e+00
1.186895800205721579e-01 1.609491089951043730e+00 1.700000000000000000e+01 1.920000000000000000e+02 4.000000000000000000e+00
4.552363287800431646e-01 1.193542030020544598e+00 1.000000000000000000e+01 1.260000000000000000e+02 4.000000000000000000e+00
3.835621518865558466e-01 6.327758842362879443e-01 1.400000000000000000e+01 1.560000000000000000e+02 4.000000000000000000e+00
9.936309113100492141e-01 5.218883440922393868e-01 1.500000000000000000e+01 1.950000000000000000e+02 4.000000000000000000e+00
9.450573818021212880e-01 9.898594231007341593e-01 1.000000000000000000e+01 1.190000000000000000e+02 4.000000000000000000e+00
5.260815595668805189e-01 2.061097823652142225e+00 1.400000000000000000e+01 9.000000000000000000e+00 4.000000000000000000e+00
8.049998599081652495e-01 5.191470028158072791e-01 3.000000000000000000e+00 1.870000000000000000e+02 4.000000000000000000e+00
2.661782926043475550e-01 9.729314021994418527e-01 1.600000000000000000e+01 1.370000000000000000e+02 4.000000000000000000e+00
6.368852614667431800e-01 9.069767129335578604e-01 1.700000000000000000e+01 1.820000000000000000e+02 4.000000000000000000e+00
5.243813467670297435e-01 6.393832790192021109e-01 1.200000000000000000e+01 1.160000000000000000e+02 4.000000000000000000e+00
5.309373241930744891e-01 1.222197574539901910e-01 9.000000000000000000e+00 1.280000000000000000e+02 4.000000000000000000e+00
