6.132674336697596651e-01 1.374795520177232389e+00 2.000000000000000000e+00 1.960000000000000000e+02 0.000000000000000000e+00
1.243104741383338346e-01 1.548429661402737523e+00 9.000000000000000000e+00 3.900000000000000000e+01 0.000000000000000000e+00
3.794795921973281860e-01 9.581858520833365089e-01 1.000000000000000000e+01 1.620000000000000000e+02 0.000000000000000000e+00
3.078141703511705352e-01 1.608646005826230185e+00 8.000000000000000000e+00 7.800000000000000000e+01 0.000000000000000000e+00
2.513185459151833639e-02 1.033640542695692111e-01 9.000000000000000000e+00 1.820000000000000000e+02 0.000000000000000000e+00
5.779113877529646892e-01 1.277396703729815730e+00 1.900000000000000000e+01 9.000000000000000000e+00 0.000000000000000000e+00
2.560774529801860266e-01 1.650262949353834330e+00 6.000000000000000000e+00 3.900000000000000000e+01 0.000000000000000000e+00
2.180693506086396338e-01 1.287050152541300729e+00 1.100000000000000000e+01 1.910000000000000000e+02 0.000000000000000000e+00
2.131219937411474863e-01 2.098511725771136371e-01 1.900000000000000000e+01 9.000000000000000000e+01 0.000000000000000000e+00
3.081687846841829614e-01 1.095945087882199687e+00 1.000000000000000000e+00 6.200000000000000000e+01 0.000000000000000000e+00
3.060764700682874206e-01 2.064505469156064699e+00 1.200000000000000000e+01 1.700000000000000000e+01 0.000000000000000000e+00
7.434071167728460994e-01 1.504592421582950090e-01 1.000000000000000000e+01 3.000000000000000000e+01 0.000000000000000000e+00
7.196074860615264690e-01 1.663507125481228810e+00 6.000000000000000000e+00 2.300000000000000000e+01 0.000000000000000000e+00
3.296410105958101910e-01 1.019790918748399167e-01 1.000000000000000000e+00 5.000000000000000000e+00 0.000000000000000000e+00
1.261714255022928777e-01 3.024011680013521941e-01 1.000000000000000000e+01 1.450000000000000000e+02 0.000000000000000000e+00
5.112148929531136199e-01 1.456659663452245290e+00 1.300000000000000000e+01 3.800000000000000000e+01 0.000000000000000000e+00
9.941917982425935163e-01 1.193613869886976264e+00 1.600000000000000000e+01 1.130000000000000000e+02 0.000000000000000000e+00
8.500243048492019948e-01 2.461471809990124771e-01 1.100000000000000000e+01 3.700000000000000000e+01 0.000000000000000000e+00
6.513515593153484939e-01 7.731159436012274844e-01 1.800000000000000000e+01 8.500000000000000000e+01 0.000000000000000000e+00
7.981089497397967358e-01 1.714730317315183106e+00 1.300000000000000000e+01 1.400000000000000000e+02 0.000000000000000000e+00
3.751152457689063136e-01 1.627074388335090660e+00 1.100000000000000000e+01 1.330000000000000000e+02 0.000000000000000000e+00
8.160937028010929462e-01 1.417463998608313291e+00 1.700000000000000000e+01 2.100000000000000000e+01 0.000000000000000000e+00
1.050844887046219721e-02 3.349523907556272162e-01 1.000000000000000000e+00 6.000000000000000000e+01 0.000000000000000000e+00
7.211800876096188251e-01 1.613898727946220524e-01 1.900000000000000000e+01 1.610000000000000000e+02 0.000000000000000000e+00
6.080567610745154505e-01 4.896792414021390316e-01 3.000000000000000000e+00 7.800000000000000000e+01 0.000000000000000000e+00
1.001461344191695302e+00 3.201093242057316823e-01 8.000000000000000000e+00 1.300000000000000000e+02 0.000000000000000000e+00
2.335994978891370311e-01 3.057690310628468078e-01 1.800000000000000000e+01 1.590000000000000000e+02 0.000000000000000000e+00
9.816138789848059820e-02 1.624187874605971027e+00 1.100000000000000000e+01 4.300000000000000000e+01 0.000000000000000000e+00
5.946485469329531037e-01 2.051154735970573295e+00 7.000000000000000000e+00 2.300000000000000000e+01 0.000000000000000000e+00
8.617007787842871913e-01 4.173587622207158843e-01 2.000000000000000000e+00 1.500000000000000000e+02 0.000000000000000000e+00
5.538501677749514407e-01 2.766649378368958301e-01 1.900000000000000000e+01 6.700000000000000000e+01 0.000000000000000000e+00
3.980234716761254371e-02 1.801374784362461900e+00 8.000000000000000000e+00 1.430000000000000000e+02 0.000000000000000000e+00
7.671965287930601063e-01 4.096774733939111401e-01 1.800000000000000000e+01 1.160000000000000000e+02 0.000000000000000000e+00
3.917561944891216896e-01 1.914287800923065275e+00 1.400000000000000000e+01 6.400000000000000000e+01 0.000000000000000000e+00
1.038145567170681710e-01 3.394459634463770081e-01 1.200000000000000000e+01 1.200000000000000000e+01 0.000000000000000000e+00
7.193638685735502802e-01 1.562258767734985287e+00 1.500000000000000000e+01 2.900000000000000000e+01 0.000000000000000000e+00
4.982525771306419715e-01 6.254401213516779245e-01 1.300000000000000000e+01 1.800000000000000000e+01 0.000000000000000000e+00
2.929323521872267966e-01 1.978933045084948050e+00 1.300000000000000000e+01 9.000000000000000000e+01 0.000000000000000000e+00
6.631553930278076825e-01 1.622112794168796557e-01 4.000000000000000000e+00 2.000000000000000000e+02 0.000000000000000000e+00
6.380433110910808114e-01 1.138638138432536806e+00 7.000000000000000000e+00 1.810000000000000000e+02 0.000000000000000000e+00
5.717679112905794669e-01 1.875223790448384831e+00 1.600000000000000000e+01 1.200000000000000000e+01 0.000000000000000000e+00
7.619117572221324464e-01 4.880986133170676089e-01 4.000000000000000000e+00 1.270000000000000000e+02 0.000000000000000000e+00
9.859889943669650769e-01 7.564912490720515637e-01 2.000000000000000000e+00 1.290000000000000000e+02 0.000000000000000000e+00
2.252707070755338714e-01 4.516173700188640394e-01 1.300000000000000000e+01 1.700000000000000000e+01 0.000000000000000000e+00
3.184871360428428444e-01 7.234594022931634116e-01 1.000000000000000000e+01 1.200000000000000000e+02 0.000000000000000000e+00
3.707169177607317900e-01 7.213962813113953265e-01 1.400000000000000000e+01 6.900000000000000000e+01 0.000000000000000000e+00
9.086648784113918742e-01 1.293422095128300864e+00 6.000000000000000000e+00 9.000000000000000000e+00 0.000000000000000000e+00
6.473464926181237145e-01 1.763973612777635758e+00 1.000000000000000000e+01 1.470000000000000000e+02 0.000000000000000000e+00
6.129987233940166202e-01 5.584690885879989297e-01 1.800000000000000000e+01 1.990000000000000000e+02 0.000000000000000000e+00
6.590016201934099926e-02 2.051718703820164080e+00 1.900000000000000000e+01 1.080000000000000000e+02 0.000000000000000000e+00
9.498532136769111123e-01 2.017442544007611360e+00 1.600000000000000000e+01 6.000000000000000000e+00 1.000000000000000000e+00
7.841491915895232312e-01 3.389180896418176880e-01 3.000000000000000000e+00 1.400000000000000000e+02 1.000000000000000000e+00
9.931380619942362653e-01 1.692451654559279817e+00 2.000000000000000000e+01 1.160000000000000000e+02 1.000000000000000000e+00
6.460590385147698678e-01 3.064438838139275090e-01 5.000000000000000000e+00 1.200000000000000000e+02 1.000000000000000000e+00
7.824690562791245529e-01 1.751914623959588857e+00 6.000000000000000000e+00 5.200000000000000000e+01 1.000000000000000000e+00
5.138266666582968351e-02 4.921232044472289013e-01 1.800000000000000000e+01 1.510000000000000000e+02 1.000000000000000000e+00
8.584052054518493957e-01 1.474931375514395571e+00 1.300000000000000000e+01 1.270000000000000000e+02 1.000000000000000000e+00
5.196189752871689382e-01 5.011831395621834107e-01 1.600000000000000000e+01 1.430000000000000000e+02 1.000000000000000000e+00
4.612903275999484798e-01 5.707827190000235307e-01 4.000000000000000000e+00 1.940000000000000000e+02 1.000000000000000000e+00
2.601532150628212969e-01 1.206587079527859929e+00 6.000000000000000000e+00 1.450000000000000000e+02 1.000000000000000000e+00
1.725059116575791140e-01 3.111174087409466216e-01 7.000000000000000000e+00 1.960000000000000000e+02 1.000000000000000000e+00
9.937506830386985124e-01 2.092540856518871895e+00 8.000000000000000000e+00 1.910000000000000000e+02 1.000000000000000000e+00
1.340226181169862363e-01 6.517574355401193342e-01 2.000000000000000000e+01 1.900000000000000000e+01 1.000000000000000000e+00
5.319164096565164312e-01 1.670286838724376610e-01 1.300000000000000000e+01 7.500000000000000000e+01 1.000000000000000000e+00
5.015132694268186198e-01 1.235372219150380202e+00 8.000000000000000000e+00 1.250000000000000000e+02 1.000000000000000000e+00
3.611899604111837858e-01 1.683760326861911683e+00 1.900000000000000000e+01 1.990000000000000000e+02 1.000000000000000000e+00
6.249106675036508740e-01 1.690607930160473282e+00 6.000000000000000000e+00 1.000000000000000000e+01 1.000000000000000000e+00
3.799784682657660895e-01 1.263951231904588912e+00 2.000000000000000000e+00 1.180000000000000000e+02 1.000000000000000000e+00
4.762601628042729685e-01 9.634404208080115106e-01 5.000000000000000000e+00 7.100000000000000000e+01 1.000000000000000000e+00
8.957642877795147784e-01 6.513059644358839551e-01 1.900000000000000000e+01 9.900000000000000000e+01 1.000000000000000000e+00
4.958380536275039940e-01 1.824334998187061574e+00 1.300000000000000000e+01 1.110000000000000000e+02 1.000000000000000000e+00
2.134444836685110980e-01 6.803475377364435195e-01 2.000000000000000000e+00 5.100000000000000000e+01 1.000000000000000000e+00
8.373067058891396908e-01 1.041746009185575916e+00 2.000000000000000000e+00 2.000000000000000000e+00 1.000000000000000000e+00
3.699471372470148900e-01 1.434777419382567532e+00 4.000000000000000000e+00 1.600000000000000000e+01 1.000000000000000000e+00
3.538536370319970148e-01 8.403382156444424433e-01 4.000000000000000000e+00 1.660000000000000000e+02 1.000000000000000000e+00
6.159260692296741196e-02 1.180186742101532626e+00 3.000000000000000000e+00 1.510000000000000000e+02 1.000000000000000000e+00
7.596428146172802265e-01 7.479059589183015833e-01 7.000000000000000000e+00 1.270000000000000000e+02 1.000000000000000000e+00
3.145703911597567126e-01 1.847887205076045758e+00 1.000000000000000000e+00 5.300000000000000000e+01 1.000000000000000000e+00
3.453994786241284531e-01 5.355319823994458828e-01 1.000000000000000000e+00 1.000000000000000000e+02 1.000000000000000000e+00
2.310680931902499013e-01 6.893994961879544858e-01 1.600000000000000000e+01 1.010000000000000000e+02 1.000000000000000000e+00
5.741749987586912685e-01 1.946896405170674971e+00 1.000000000000000000e+00 1.680000000000000000e+02 1.000000000000000000e+00
3.339835977131273559e-01 1.124311726040866821e+00 2.000000000000000000e+00 1.020000000000000000e+02 1.000000000000000000e+00
7.423123893803417195e-01 1.942476926263963177e+00 1.000000000000000000e+00 1.230000000000000000e+02 1.000000000000000000e+00
3.347590210270270372e-01 2.069738479208335313e+00 2.000000000000000000e+00 1.720000000000000000e+02 1.000000000000000000e+00
6.901133625564382923e-01 1.350717162798359849e+00 1.200000000000000000e+01 1.640000000000000000e+02 1.000000000000000000e+00
7.071482540529421268e-01 7.457238258620796367e-01 2.000000000000000000e+01 1.430000000000000000e+02 1.000000000000000000e+00
8.993743101406168616e-01 7.338660088463843101e-01 1.600000000000000000e+01 5.700000000000000000e+01 1.000000000000000000e+00
9.247090121129843965e-01 5.428997626351171890e-01 1.300000000000000000e+01 5.000000000000000000e+01 1.000000000000000000e+00
3.576195157216975895e-01 1.934170468412212518e+00 1.500000000000000000e+01 1.490000000000000000e+02 1.000000000000000000e+00
1.809404967511465401e-01 1.437878687334934069e+00 1.100000000000000000e+01 1.970000000000000000e+02 1.000000000000000000e+00
6.548203102545919752e-01 2.658143268200604536e-01 1.700000000000000000e+01 1.650000000000000000e+02 1.000000000000000000e+00
4.944735010828551491e-01 6.526956642815705534e-01 2.000000000000000000e+01 1.880000000000000000e+02 1.000000000000000000e+00
9.441805773606595231e-01 9.925410985100050487e-01 1.900000000000000000e+01 1.730000000000000000e+02 1.000000000000000000e+00
3.076419073400992604e-02 8.945393429184084200e-01 4.000000000000000000e+00 1.110000000000000000e+02 1.000000000000000000e+00
9.031955834986370446e-01 1.896799738185102058e+00 7.000000000000000000e+00 7.800000000000000000e+01 1.000000000000000000e+00
1.800554822119211362e-01 1.980205806633545951e+00 2.000000000000000000e+01 1.190000000000000000e+02 1.000000000000000000e+00
7.771561700712518173e-01 5.863795093768825462e-01 1.900000000000000000e+01 1.140000000000000000e+02 1.000000000000000000e+00
8.937775369068897691e-01 1.770956290205607520e+00 8.000000000000000000e+00 6.800000000000000000e+01 1.000000000000000000e+00
2.774625577137228571e-01 6.805081193757130942e-01 2.000000000000000000e+00 8.400000000000000000e+01 1.000000000000000000e+00
3.884910454584046269e-01 1.200876205239904237e+00 1.100000000000000000e+01 3.200000000000000000e+01 1.000000000000000000e+00
3.405117842371819803e-01 2.020842539459899445e+00 1.600000000000000000e+01 8.400000000000000000e+01 2.000000000000000000e+00
9.923221301381391912e-01 7.667250790437364349e-01 1.300000000000000000e+01 1.770000000000000000e+02 2.000000000000000000e+00
7.377622341344119983e-01 1.827771970922486444e+00 4.000000000000000000e+00 1.700000000000000000e+01 2.000000000000000000e+00
1.001436398483634749e+00 4.270436533464173623e-01 9.000000000000000000e+00 1.340000000000000000e+02 2.000000000000000000e+00
4.770554575359976512e-01 9.723763842227942655e-01 1.800000000000000000e+01 1.920000000000000000e+02 2.000000000000000000e+00
6.707771158428182945e-01 1.914638133402081499e-01 1.900000000000000000e+01 1.820000000000000000e+02 2.000000000000000000e+00
5.749736122803135174e-01 1.430798614351254994e+00 1.900000000000000000e+01 1.670000000000000000e+02 2.000000000000000000e+00
2.796511783456249178e-01 1.762872582422734036e+00 1.000000000000000000e+00 1.330000000000000000e+02 2.000000000000000000e+00
4.890367411293836675e-01 1.196126417409149489e+00 1.200000000000000000e+01 1.520000000000000000e+02 2.000000000000000000e+00
1.350364683940932231e-01 1.033554852382023048e+00 1.500000000000000000e+01 1.060000000000000000e+02 2.000000000000000000e+00
3.279849685126078745e-02 8.818952460715351327e-01 1.700000000000000000e+01 1.470000000000000000e+02 2.000000000000000000e+00
1.000779085670866486e+00 1.086597784526787569e+00 3.000000000000000000e+00 9.500000000000000000e+01 2.000000000000000000e+00
3.859293689148848294e-01 1.701834506927759172e+00 1.600000000000000000e+01 2.000000000000000000e+00 2.000000000000000000e+00
2.650117049057933993e-01 9.885893045465511397e-01 1.700000000000000000e+01 6.600000000000000000e+01 2.000000000000000000e+00
2.406705314511421445e-01 8.486036634832877512e-01 2.000000000000000000e+01 1.730000000000000000e+02 2.000000000000000000e+00
6.506250507986460763e-01 7.564535983262919983e-01 6.000000000000000000e+00 1.290000000000000000e+02 2.000000000000000000e+00
2.056027173670420538e-01 1.250709427068176449e+00 2.000000000000000000e+00 7.200000000000000000e+01 2.000000000000000000e+00
7.486374552454619913e-01 8.331902501507305603e-01 1.800000000000000000e+01 9.900000000000000000e+01 2.000000000000000000e+00
3.855900806324876751e-01 1.681326727373761154e-01 4.000000000000000000e+00 1.750000000000000000e+02 2.000000000000000000e+00
9.171045596121206456e-02 1.782514348202672183e+00 7.000000000000000000e+00 1.400000000000000000e+01 2.000000000000000000e+00
7.154169656112744358e-01 1.607447421782317587e+00 1.800000000000000000e+01 1.280000000000000000e+02 2.000000000000000000e+00
1.002101231648488966e+00 8.325350194161039719e-01 1.900000000000000000e+01 1.680000000000000000e+02 2.000000000000000000e+00
6.235536898715509507e-02 1.945497295176465746e+00 1.300000000000000000e+01 1.210000000000000000e+02 2.000000000000000000e+00
7.730289813480214489e-01 9.728350511508253584e-01 1.100000000000000000e+01 1.410000000000000000e+02 2.000000000000000000e+00
2.767545692240943600e-01 8.436479248020615218e-01 1.300000000000000000e+01 1.490000000000000000e+02 2.000000000000000000e+00
9.756430577707733143e-01 9.371196447500150795e-01 1.500000000000000000e+01 1.400000000000000000e+02 2.000000000000000000e+00
6.140025288967866368e-01 2.098445219797543615e+00 6.000000000000000000e+00 1.700000000000000000e+01 2.000000000000000000e+00
9.745407608387504084e-01 8.802865862825622889e-01 2.000000000000000000e+00 1.870000000000000000e+02 2.000000000000000000e+00
1.917728182399790482e-01 1.856551258463518261e-01 1.600000000000000000e+01 1.540000000000000000e+02 2.000000000000000000e+00
6.233902139235524276e-01 1.124469734299609502e+00 2.000000000000000000e+01 1.060000000000000000e+02 2.000000000000000000e+00
1.966925497204145001e-01 6.289202358084481359e-01 1.200000000000000000e+01 1.740000000000000000e+02 2.000000000000000000e+00
5.115121383463884230e-01 1.673769180293221526e+00 9.000000000000000000e+00 9.500000000000000000e+01 2.000000000000000000e+00
7.151570794214575644e-01 5.246874953224011096e-01 5.000000000000000000e+00 1.690000000000000000e+02 2.000000000000000000e+00
9.582337254995859643e-01 4.678561864092770639e-01 1.000000000000000000e+01 1.080000000000000000e+02 2.000000000000000000e+00
7.483806361956700792e-01 9.994419620759115164e-01 9.000000000000000000e+00 6.400000000000000000e+01 2.000000000000000000e+00
2.222126891605684662e-01 1.762854739635826284e+00 1.800000000000000000e+01 1.040000000000000000e+02 2.000000000000000000e+00
4.196323911428851972e-01 2.017522905949579837e+00 1.100000000000000000e+01 9.600000000000000000e+01 2.000000000000000000e+00
3.723185896830982777e-01 2.083288200219989561e-01 1.900000000000000000e+01 9.000000000000000000e+01 2.000000000000000000e+00
8.974016772414816767e-01 1.171264184068975478e+00 1.800000000000000000e+01 1.350000000000000000e+02 2.000000000000000000e+00
2.498961015245142470e-01 1.162761398850124639e+00 9.000000000000000000e+00 1.300000000000000000e+01 2.000000000000000000e+00
8.795880902508748100e-01 1.078620870177544599e+00 1.000000000000000000e+01 1.730000000000000000e+02 2.000000000000000000e+00
9.612665245296712901e-02 8.842005805053184675e-01 1.800000000000000000e+01 1.620000000000000000e+02 2.000000000000000000e+00
1.115014434631372703e-01 8.505130986883314703e-01 1.500000000000000000e+01 1.080000000000000000e+02 2.000000000000000000e+00
3.503578009605124999e-01 1.029564514077835780e+00 1.800000000000000000e+01 6.400000000000000000e+01 2.000000000000000000e+00
9.615724647284150661e-01 1.287043102953692397e+00 1.600000000000000000e+01 1.020000000000000000e+02 2.000000000000000000e+00
4.103894181956715403e-01 6.659705025828498437e-01 2.000000000000000000e+01 1.540000000000000000e+02 2.000000000000000000e+00
8.336111974795427093e-01 1.249662706247214983e+00 1.900000000000000000e+01 7.400000000000000000e+01 2.000000000000000000e+00
6.261310687450195589e-01 1.423709736169155748e+00 1.700000000000000000e+01 1.610000000000000000e+02 2.000000000000000000e+00
8.030203936095552386e-01 5.399797881532334420e-01 1.600000000000000000e+01 1.670000000000000000e+02 2.000000000000000000e+00
3.825970057810715863e-01 4.553121939810470531e-01 2.000000000000000000e+00 1.760000000000000000e+02 2.000000000000000000e+00
7.969346477681540364e-01 1.103548447344382177e+00 1.800000000000000000e+01 1.010000000000000000e+02 3.000000000000000000e+00
1.957739713237662826e-01 6.187037848005599860e-01 1.200000000000000000e+01 1.370000000000000000e+02 3.000000000000000000e+00
1.006235241396360003e+00 1.806063682289387406e+00 1.800000000000000000e+01 1.620000000000000000e+02 3.000000000000000000e+00
5.558856771299125477e-01 7.724847888425619979e-01 1.300000000000000000e+01 1.300000000000000000e+01 3.000000000000000000e+00
9.075999571111103004e-01 1.565069960224729329e+00 2.000000000000000000e+01 3.800000000000000000e+01 3.000000000000000000e+00
4.525107670863193210e-01 1.183097263185693526e+00 6.000000000000000000e+00 1.360000000000000000e+02 3.000000000000000000e+00
5.894691568412333549e-01 7.660145401899732809e-01 3.000000000000000000e+00 7.500000000000000000e+01 3.000000000000000000e+00
1.137705605273005988e-01 1.578012529170157663e+00 2.000000000000000000e+00 1.530000000000000000e+02 3.000000000000000000e+00
8.800651473932059599e-01 6.734502574634461114e-01 4.000000000000000000e+00 6.700000000000000000e+01 3.000000000000000000e+00
8.734812100358128051e-01 1.134945416652394234e+00 1.000000000000000000e+01 1.160000000000000000e+02 3.000000000000000000e+00
9.383107051964024725e-01 5.081234247170248741e-01 1.100000000000000000e+01 1.450000000000000000e+02 3.000000000000000000e+00
7.439243938547954738e-01 8.670406308135248930e-01 1.600000000000000000e+01 3.200000000000000000e+01 3.000000000000000000e+00
2.891831680877705590e-01 1.535962658701913286e+00 1.000000000000000000e+00 1.770000000000000000e+02 3.000000000000000000e+00
3.975084920160300017e-01 1.844324970433780797e-01 1.500000000000000000e+01 1.340000000000000000e+02 3.000000000000000000e+00
3.636181556712125840e-01 1.723483482820333812e+00 2.000000000000000000e+01 1.950000000000000000e+02 3.000000000000000000e+00
1.569986814029376010e-01 1.509678974829280484e+00 7.000000000000000000e+00 1.490000000000000000e+02 3.000000000000000000e+00
8.050794297875304428e-01 1.344436291328352961e+00 6.000000000000000000e+00 1.360000000000000000e+02 3.000000000000000000e+00
7.765797557224594916e-02 1.681342022488162835e-01 5.000000000000000000e+00 7.600000000000000000e+01 3.000000000000000000e+00
5.422503251682490033e-01 1.038077405161046629e+00 1.900000000000000000e+01 9.200000000000000000e+01 3.000000000000000000e+00
1.847768300985037637e-01 1.174666118181535657e+00 1.900000000000000000e+01 1.700000000000000000e+01 3.000000000000000000e+00
4.579143653391535285e-01 7.370180877658857321e-01 1.400000000000000000e+01 1.350000000000000000e+02 3.000000000000000000e+00
8.082162828515119246e-01 4.682383143302878414e-01 2.000000000000000000e+01 9.000000000000000000e+01 3.000000000000000000e+00
1.733286424977767970e-01 2.172870004845576519e-01 8.000000000000000000e+00 9.000000000000000000e+00 3.000000000000000000e+00
7.452108097403955522e-01 8.225834660517791219e-01 3.000000000000000000e+00 1.660000000000000000e+02 3.000000000000000000e+00
6.034353847475966148e-01 1.456674903174157931e+00 9.000000000000000000e+00 8.300000000000000000e+01 3.000000000000000000e+00
1.391421671821762018e-01 1.955457292608034026e+00 4.000000000000000000e+00 6.200000000000000000e+01 3.000000000000000000e+00
8.812424824710491933e-01 1.833062189719386836e+00 9.000000000000000000e+00 9.700000000000000000e+01 3.000000000000000000e+00
2.207222364146478322e-01 4.702320327265229194e-01 5.000000000000000000e+00 1.800000000000000000e+02 3.000000000000000000e+00
6.527515741572983421e-01 1.017066004739301865e+00 4.000000000000000000e+00 4.800000000000000000e+01 3.000000000000000000e+00
4.592265354842377523e-01 3.232550467454921028e-01 3.000000000000000000e+00 1.150000000000000000e+02 3.000000000000000000e+00
9.287066302626195702e-01 9.690083689077851892e-01 1.200000000000000000e+01 1.670000000000000000e+02 3.000000000000000000e+00
5.943983801511546483e-01 1.942645029438040627e+00 1.900000000000000000e+01 1.040000000000000000e+02 3.000000000000000000e+00
3.813663378874110332e-01 7.339697094025526836e-01 2.000000000000000000e+01 1.880000000000000000e+02 3.000000000000000000e+00
2.807396607991715642e-01 2.092240187011867647e+00 1.100000000000000000e+01 2.900000000000000000e+01 3.000000000000000000e+00
8.784203160210961592e-01 1.592209510547061058e+00 7.000000000000000000e+00 1.000000000000000000e+02 3.000000000000000000e+00
6.064161280977328206e-01 1.260857715944188939e+00 1.900000000000000000e+01 1.390000000000000000e+02 3.000000000000000000e+00
4.726621269158068905e-01 7.751577173108995522e-01 6.000000000000000000e+00 1.950000000000000000e+02 3.000000000000000000e+00
2.822713478616388771e-01 5.660126312575300966e-01 5.000000000000000000e+00 1.900000000000000000e+01 3.000000000000000000e+00
2.027319112037193616e-01 9.795474600175536617e-01 1.700000000000000000e+01 1.120000000000000000e+02 3.000000000000000000e+00
6.823465746615836602e-01 8.521133062923759161e-01 1.800000000000000000e+01 1.810000000000000000e+02 3.000000000000000000e+00
2.347763362387843555e-01 4.245923214745547236e-01 1.200000000000000000e+01 6.000000000000000000e+00 3.000000000000000000e+00
3.909154374036116070e-02 1.141053244455324744e+00 3.000000000000000000e+00 9.000000000000000000e+00 3.000000000000000000e+00
3.571424011281457700e-01 1.308989570582538564e-01 1.300000000000000000e+01 1.950000000000000000e+02 3.000000000000000000e+00
2.774448826721979122e-01 5.497773522115775302e-01 1.500000000000000000e+01 1.430000000000000000e+02 3.000000000000000000e+00
3.474654530744838432e-01 3.724021077075229114e-01 1.700000000000000000e+01 1.480000000000000000e+02 3.000000000000000000e+00
8.442526291276383210e-01 5.649920290881232932e-01 1.600000000000000000e+01 1.510000000000000000e+02 3.000000000000000000e+00
8.463918707931581409e-01 4.661964394597154504e-01 1.000000000000000000e+01 1.120000000000000000e+02 3.000000000000000000e+00
6.846210882566127198e-01 4.727655731002985418e-01 2.000000000000000000e+01 1.820000000000000000e+02 3.000000000000000000e+00
1.910613388646971167e-01 1.477007320854113903e+00 2.000000000000000000e+00 1.010000000000000000e+02 3.000000000000000000e+00
7.490558962048876612e-01 1.529929960309919901e+00 7.000000000000000000e+00 6.600000000000000000e+01 3.000000000000000000e+00
6.913455845116621423e-02 1.392247190882204277e+00 2.000000000000000000e+00 1.260000000000000000e+02 4.000000000000000000e+00
3.008089055145132251e-01 4.485192421712701494e-01 2.000000000000000000e+00 1.370000000000000000e+02 4.000000000000000000e+00
4.141163025616189514e-02 7.705520839789580245e-01 7.000000000000000000e+00 2.200000000000000000e+01 4.000000000000000000e+00
8.636797870048082970e-01 1.160737347310057732e+00 1.300000000000000000e+01 7.900000000000000000e+01 4.000000000000000000e+00
4.581433633142900641e-01 7.919179196026527867e-01 1.100000000000000000e+01 1.380000000000000000e+02 4.000000000000000000e+00
1.695443529403178884e-01 1.531280052911364375e+00 1.000000000000000000e+00 6.700000000000000000e+01 4.000000000000000000e+00
7.063104528800161486e-01 7.999860123432297465e-01 1.000000000000000000e+00 5.000000000000000000e+01 4.000000000000000000e+00
7.060012732515387190e-01 1.020318064695970417e+00 9.000000000000000000e+00 3.000000000000000000e+00 4.000000000000000000e+00
8.722483102602055505e-01 1.919213542596943656e+00 1.800000000000000000e+01 6.500000000000000000e+01 4.000000000000000000e+00
7.415756557276514949e-01 1.342174857180785941e-01 6.000000000000000000e+00 4.500000000000000000e+01 4.000000000000000000e+00
9.305611153428388072e-01 1.334957125889054685e+00 7.000000000000000000e+00 1.630000000000000000e+02 4.000000000000000000e+00
5.879623012065788856e-01 1.411978320916196239e+00 4.000000000000000000e+00 9.600000000000000000e+01 4.000000000000000000e+00
4.439028380869112222e-01 1.525520130151576836e+00 1.300000000000000000e+01 1.020000000000000000e+02 4.000000000000000000e+00
1.819649295007267353e-01 7.304993441662949172e-01 9.000000000000000000e+00 2.200000000000000000e+01 4.000000000000000000e+00
5.446064203707167567e-02 1.591722750028091049e+00 8.000000000000000000e+00 1.710000000000000000e+02 4.000000000000000000e+00
6.347573683163740821e-01 6.211546015693355516e-01 1.000000000000000000e+00 1.000000000000000000e+00 4.000000000000000000e+00
8.171382393439655667e-01 2.518627871130766360e-01 6.000000000000000000e+00 1.360000000000000000e+02 4.000000000000000000e+00
6.046854129256270527e-01 1.684270432764375658e-01 3.000000000000000000e+00 7.200000000000000000e+01 4.000000000000000000e+00
5.183540021954569088e-01 2.771360188795591872e-01 9.000000000000000000e+00 1.970000000000000000e+02 4.000000000000000000e+00
1.008562997260581406e+00 1.735402772120070436e+00 1.000000000000000000e+00 1.290000000000000000e+02 4.000000000000000000e+00
5.825239986548157861e-02 9.534782018325939079e-01 8.000000000000000000e+00 5.100000000000000000e+01 4.000000000000000000e+00
5.315973905257228571e-01 2.642121684372310542e-01 3.000000000000000000e+00 1.400000000000000000e+01 4.000000000000000000e+00
4.881233758913235965e-01 3.316770537701582144e-01 7.000000000000000000e+00 5.700000000000000000e+01 4.000000000000000000e+00
6.070651891559476487e-01 1.607051741181994287e-01 1.600000000000000000e+01 1.470000000000000000e+02 4.000000000000000000e+00
4.592373384060887131e-01 1.185196833213153722e+00 1.000000000000000000e+01 1.650000000000000000e+02 4.000000000000000000e+00
3.009128653503042594e-01 1.735815486547416242e+00 1.900000000000000000e+01 6.500000000000000000e+01 4.000000000000000000e+00
4.640603794186408670e-01 1.300180447311465537e+00 1.300000000000000000e+01 1.640000000000000000e+02 4.000000000000000000e+00
7.528692923497097844e-01 4.023980615415144735e-01 1.100000000000000000e+01 3.200000000000000000e+01 4.000000000000000000e+00
4.138951201284533088e-01 5.861373549642848735e-01 1.400000000000000000e+01 1.180000000000000000e+02 4.000000000000000000e+00
8.142169500930303006e-01 1.224432204827234472e+00 7.000000000000000000e+00 2.600000000000000000e+01 4.000000000000000000e+00
8.983277917249348210e-01 1.819002548641884598e+00 6.000000000000000000e+00 1.100000000000000000e+01 4.000000000000000000e+00
1.697266457837206532e-01 7.940905829232983715e-01 1.500000000000000000e+01 1.340000000000000000e+02 4.000000000000000000e+00
8.885170752401301275e-01 4.223643605730181827e-01 2.000000000000000000e+01 1.100000000000000000e+02 4.000000000000000000e+00
5.376201759330625496e-01 2.032749494997037942e+00 1.600000000000000000e+01 1.140000000000000000e+02 4.000000000000000000e+00
5.043873709528471361e-01 1.017860865620645816e+00 1.500000000000000000e+01 1.820000000000000000e+02 4.000000000000000000e+00
7.173589363859893542e-01 1.196120837594049524e+00 1.000000000000000000e+00 1.170000000000000000e+02 4.000000000000000000e+00
7.900024146595271413e-01 1.335225708376476528e-01 1.000000000000000000e+01 8.500000000000000000e+01 4.000000000000000000e+00
8.735419288573853525e-01 3.332393046208165233e-01 1.200000000000000000e+01 1.710000000000000000e+02 4.000000000000000000e+00
6.692433518155975758e-01 1.857294654040933635e+00 1.900000000000000000e+01 1.190000000000000000e+02 4.000000000000000000e+00
5.527936958027708236e-01 1.236287142608229805e+00 9.000000000000000000e+00 1.360000000000000000e+02 4.000000000000000000e+00
8.980766032221739747e-01 9.641077578020519345e-01 1.000000000000000000e+00 8.200000000000000000e+01 4.000000000000000000e+00
5.380318036227335066e-01 1.845201801560689248e+00 1.500000000000000000e+01 8.200000000000000000e+01 4.000000000000000000e+00
5.389513755313842802e-01 9.196244590038066269e-01 8.000000000000000000e+00 8.800000000000000000e+01 4.000000000000000000e+00
4.587988586431825944e-01 5.424278111300883110e-01 7.000000000000000000e+00 3.300000000000000000e+01 4.000000000000000000e+00
7.616524650263587493e-01 1.896077932377102648e+00 1.800000000000000000e+01 1.220000000000000000e+02 4.000000000000000000e+00
4.276576320651768182e-01 7.574854992997247516e-01 6.000000000000000000e+00 1.620000000000000000e+02 4.000000000000000000e+00
1.525788288108278490e-01 4.369400524640346672e-01 3.000000000000000000e+00 5.000000000000000000e+00 4.000000000000000000e+00
8.834643095246325073e-01 8.288603936777904080e-01 3.000000000000000000e+00 1.800000000000000000e+01 4.000000000000000000e+00
8.183925127971823643e-02 1.378892306511825261e+00 1.300000000000000000e+01 2.300000000000000000e+01 4.000000000000000000e+00
7.874700066632706053e-01 1.107251518160126569e+00 1.800000000000000000e+01 1.420000000000000000e+02 4.000000000000000000e+00
