-1.144233543283756092e+02
-1.330935142093002241e+02
-1.120521156873766131e+02
-1.312688835198351569e+02
-1.329324956240751305e+02
-9.876907181519510459e+01
-8.982322191356951180e+01
-1.300320774637534100e+02
-1.006123544076190370e+02
-1.330939201855002239e+02
-1.277687671060983945e+02
-1.330842724539741084e+02
-1.304920789755007036e+02
-9.065625326638050296e+01
-1.329826219859987475e+02
-1.305556125714716700e+02
-9.832790666095479537e+01
-1.322650274039448561e+02
-1.329665241675960772e+02
-1.330966447420844929e+02
-1.330713742415244099e+02
-1.330641253561608721e+02
-1.327470264204296484e+02
-1.107518309036656490e+02
-1.028623667598558029e+02
-9.519436881779833470e+01
-1.325767226938587271e+02
-1.196391896946315683e+02
-1.164420145666104958e+02
-9.107243899636749518e+01
-9.650050822328336153e+01
-1.330968085916927635e+02
-1.330968050620721215e+02
-1.330969779631650454e+02
-1.206985507419348522e+02
-1.330968066625326856e+02
-1.330971315496870204e+02
-1.327800552015047515e+02
-1.330968185558716073e+02
-1.323733023591658764e+02
-1.330921587845405156e+02
-1.330891323413202940e+02
-1.066454979908802727e+02
-1.330967081201228837e+02
-1.178943876655565361e+02
-1.165521095320303715e+02
-1.329754612614980829e+02
-1.330968041208566888e+02
-1.317018747850576119e+02
-1.239550278750040064e+02
-9.071888765087089723e+01
-1.030160098711013745e+02
-1.278251635303466998e+02
-9.813425346667118276e+01
-1.278390457700830041e+02
-1.227037332031672037e+02
-1.277264721686866409e+02
-8.867786248426422446e+01
-1.278394623855292593e+02
-1.242544381417934432e+02
-1.231061083898262467e+02
-1.229475093269437878e+02
-1.257520139729215316e+02
-1.278384605200435971e+02
-1.278104559608526500e+02
-1.081088163905959902e+02
-1.147230633908049526e+02
-1.278399771761977490e+02
-1.278399742648795012e+02
-9.503993130475028295e+01
-1.278250417093479001e+02
-1.209814343379344734e+02
-1.278400041748235054e+02
-1.277888328242412257e+02
-9.354549335149108913e+01
-1.277238770506042016e+02
-1.278401367792730809e+02
-1.064693744564925879e+02
-1.278392160443494276e+02
-1.134695227820444359e+02
-1.275974476944341234e+02
-1.208992325287137959e+02
-9.248253946529344205e+01
-1.167459722673990399e+02
-1.185191393295914679e+02
-1.273610657903785608e+02
-1.278395088579689514e+02
-1.181109473860104941e+02
-9.604587262376651324e+01
-9.836984177900427539e+01
-1.278395128089581334e+02
-1.093025906045516251e+02
-1.278394197909091190e+02
-1.039631945317003812e+02
-1.070845296689788739e+02
-1.278350249846088786e+02
-1.278401041317150657e+02
-1.278400735690970578e+02
-1.267225761726640769e+02
-1.176146243841143360e+02
-1.235615021504481916e+02
-1.229853987120926178e+02
-1.224433817554245252e+02
-1.212981860777922805e+02
-1.233887719230641693e+02
-1.178285596954033849e+02
-1.235609481227971003e+02
-1.229391545835571691e+02
-1.180347427297614615e+02
-1.171910795029348549e+02
-1.039776221436413834e+02
-1.202671111706252276e+02
-1.235614795098462793e+02
-9.897324445807990401e+01
-8.843190799938025748e+01
-1.136580479014827745e+02
-1.127802976636907033e+02
-9.029913109839156959e+01
-9.296088103046787410e+01
-1.151150410581981163e+02
-1.187522328978968318e+02
-1.088284262579789043e+02
-1.002134262783430927e+02
-1.235596940899990983e+02
-1.215526048704404189e+02
-1.133604677591467151e+02
-1.235615183790128100e+02
-1.235614169997937069e+02
-1.170794887485790241e+02
-1.235612288463060224e+02
-1.234504352642461100e+02
-1.228314741717015011e+02
-8.954773420691746821e+01
-1.235516895019151917e+02
-8.999652333464182163e+01
-1.235604325198105897e+02
-1.034465116916002216e+02
-1.090301717006982187e+02
-1.235615342662862446e+02
-9.779805362353386045e+01
-1.158970884869201683e+02
-1.204492259015404301e+02
-1.034337688243784186e+02
-9.513649588514296340e+01
-1.100810059082999430e+02
-1.212381483350794014e+02
-1.235616080512485127e+02
-1.110887677755879395e+02
-1.235615116584700530e+02
-1.235380019180249036e+02
-9.316025395416669141e+01
-1.239384515115370817e+02
-1.239422786839555926e+02
-1.075431962713050353e+02
-1.217325899724162213e+02
-9.083342999570631093e+01
-1.105884809903034238e+02
-9.929957116466292177e+01
-1.225507018723343151e+02
-1.239423437096671421e+02
-1.239422689813732319e+02
-8.846171276351567769e+01
-9.485849826135530805e+01
-1.239419337098570821e+02
-1.030977147951469277e+02
-1.239411842103049111e+02
-1.239421959626648402e+02
-1.101289978292595748e+02
-1.114209169111844346e+02
-8.548148086429721104e+01
-1.209888303787244723e+02
-1.239422809096585070e+02
-1.239423079262181631e+02
-1.109408336093883776e+02
-8.555320930778154320e+01
-1.194781506323328699e+02
-1.239420529279069427e+02
-1.239422704871520295e+02
-1.239359548748043096e+02
-9.860811133192100897e+01
-1.239419466583375566e+02
-9.173752520498797480e+01
-8.598910683937013744e+01
-1.239418365517415594e+02
-1.239422926694712146e+02
-1.055307674773935389e+02
-8.825819474186964442e+01
-9.427774965386775818e+01
-8.756915580447551406e+01
-9.701584552516320059e+01
-1.239334774603909608e+02
-1.121823959479465458e+02
-1.232869565904347553e+02
-9.955210979067271637e+01
-1.239391311222512115e+02
-1.239330104743646501e+02
-8.590189144339535687e+01
-9.121720698653261650e+01
-1.237570242067849193e+02
-1.238949432749996333e+02
-1.251433370873709379e+02
-1.173056850769259967e+02
-1.215597775688747504e+02
-1.003241225799166045e+02
-1.251434228722500279e+02
-1.149842941634256874e+02
-1.251435000286548842e+02
-1.044997378123428575e+02
-1.222721119992565662e+02
-1.251418028552672865e+02
-1.126387777627972895e+02
-1.251434541402873180e+02
-1.251434095331988487e+02
-1.251430748711841403e+02
-1.249030027117166526e+02
-1.243790051997239345e+02
-1.250329618941430283e+02
-1.195699536874278266e+02
-1.251422996188702825e+02
-1.251375786083120971e+02
-1.038671957281844982e+02
-9.494454798395443618e+01
-1.251434772325850275e+02
-8.814254099429231815e+01
-1.193275559427657839e+02
-8.634802010962840768e+01
-1.232012473019783840e+02
-1.000031939528909959e+02
-1.248057165280360294e+02
-9.717343937780896113e+01
-1.217458058817858557e+02
-1.251425908920871706e+02
-1.244821351693509399e+02
-9.748464181727347011e+01
-1.251330217982682029e+02
-8.828370578203572450e+01
-1.251434860968002880e+02
-1.106288811002256693e+02
-1.251425218852842960e+02
-9.522830664052293059e+01
-1.251434642597215543e+02
-1.152513823295836346e+02
-1.245043747887042684e+02
-1.248055400864891169e+02
-1.251326920215670526e+02
-1.251407970671907606e+02
-9.800812809096547085e+01
-8.725132830108350390e+01
-1.251433798808063500e+02
-1.170890029792679456e+02
