6.360152434974906954e-02 1.082185743963881563e+00 1.300000000000000000e+01 1.030000000000000000e+02 0.000000000000000000e+00
6.347667924719053723e-01 5.106580516299960015e-01 1.700000000000000000e+01 5.700000000000000000e+01 0.000000000000000000e+00
9.220419729734407044e-01 2.057012232422423814e+00 5.000000000000000000e+00 2.100000000000000000e+01 0.000000000000000000e+00
8.216164233415779172e-01 3.561931936879197957e-01 1.300000000000000000e+01 7.900000000000000000e+01 0.000000000000000000e+00
3.965697762082666111e-01 4.114086587334425671e-01 8.000000000000000000e+00 4.100000000000000000e+01 0.000000000000000000e+00
6.464479743359563546e-01 1.197470881159131029e+00 1.000000000000000000e+00 8.200000000000000000e+01 0.000000000000000000e+00
9.892267568620161100e-01 5.475085842292460869e-01 8.000000000000000000e+00 1.240000000000000000e+02 0.000000000000000000e+00
3.050042546178685088e-01 1.682716801925891181e-01 3.000000000000000000e+00 2.900000000000000000e+01 0.000000000000000000e+00
6.913112973815757067e-01 1.285208253322599747e-01 5.000000000000000000e+00 6.300000000000000000e+01 0.000000000000000000e+00
5.774810834114585401e-01 3.010708273368590815e-01 1.000000000000000000e+00 1.900000000000000000e+01 0.000000000000000000e+00
4.928856233892013883e-01 9.273716338402023807e-01 3.000000000000000000e+00 1.630000000000000000e+02 0.000000000000000000e+00
3.343063905934486879e-01 6.455446457696217832e-01 7.000000000000000000e+00 1.060000000000000000e+02 0.000000000000000000e+00
3.206896105853882517e-01 1.005642822241563872e+00 1.500000000000000000e+01 1.870000000000000000e+02 0.000000000000000000e+00
4.782686596246014110e-01 1.398415044829756537e+00 4.000000000000000000e+00 1.530000000000000000e+02 0.000000000000000000e+00
1.598375068676799460e-01 2.039483188241099310e+00 9.000000000000000000e+00 1.710000000000000000e+02 0.000000000000000000e+00
3.788108826403457224e-02 5.078664978333932156e-01 1.100000000000000000e+01 1.400000000000000000e+01 0.000000000000000000e+00
7.267085375175995343e-02 1.663649665568145641e+00 1.000000000000000000e+01 6.100000000000000000e+01 0.000000000000000000e+00
1.872441310981890483e-01 8.274871792560670736e-01 1.400000000000000000e+01 1.750000000000000000e+02 0.000000000000000000e+00
6.593210356346127510e-01 1.611499361122830987e+00 1.400000000000000000e+01 1.830000000000000000e+02 0.000000000000000000e+00
9.206251946808443609e-01 1.935278623602718184e+00 1.600000000000000000e+01 1.420000000000000000e+02 0.000000000000000000e+00
5.397931597399452386e-01 5.356382725358060926e-01 3.000000000000000000e+00 1.050000000000000000e+02 0.000000000000000000e+00
9.225397279149046836e-01 1.367926725128300325e-01 1.800000000000000000e+01 1.710000000000000000e+02 0.000000000000000000e+00
7.931467789406986268e-01 8.785458443633139547e-01 2.000000000000000000e+00 1.480000000000000000e+02 0.000000000000000000e+00
7.196460233633888981e-01 5.201616403764538488e-01 7.000000000000000000e+00 1.730000000000000000e+02 0.000000000000000000e+00
8.097753042718234262e-01 9.435359551399075118e-01 2.000000000000000000e+00 1.600000000000000000e+02 0.000000000000000000e+00
4.252803011476913309e-01 1.511203154185251751e+00 9.000000000000000000e+00 1.700000000000000000e+02 0.000000000000000000e+00
2.882724689283488323e-02 3.786467580985660719e-01 6.000000000000000000e+00 7.600000000000000000e+01 0.000000000000000000e+00
6.053179617656581080e-01 5.730193141973233262e-01 1.000000000000000000e+01 1.300000000000000000e+01 0.000000000000000000e+00
4.499920248506030784e-01 6.350910988484735897e-01 2.000000000000000000e+00 1.740000000000000000e+02 0.000000000000000000e+00
6.263152863118157665e-01 5.880196447368845059e-01 1.500000000000000000e+01 7.700000000000000000e+01 0.000000000000000000e+00
1.164349958605561536e-01 4.859034026319298816e-01 1.600000000000000000e+01 8.700000000000000000e+01 0.000000000000000000e+00
4.825847945034527076e-01 9.793976003310339573e-01 1.800000000000000000e+01 3.100000000000000000e+01 0.000000000000000000e+00
3.086886231039357442e-01 1.562055248568995636e-01 4.000000000000000000e+00 1.000000000000000000e+00 0.000000000000000000e+00
7.594092869892389297e-01 2.376359758693175339e-01 8.000000000000000000e+00 1.810000000000000000e+02 0.000000000000000000e+00
5.370939860059264354e-02 1.015255834179219774e-01 1.000000000000000000e+01 1.020000000000000000e+02 0.000000000000000000e+00
8.442606824609049099e-01 2.613111421941863854e-01 4.000000000000000000e+00 1.160000000000000000e+02 0.000000000000000000e+00
2.862135736712143608e-01 1.517332528175110662e+00 1.400000000000000000e+01 4.100000000000000000e+01 0.000000000000000000e+00
2.929901056703720225e-02 1.721216360413833080e+00 1.600000000000000000e+01 1.650000000000000000e+02 0.000000000000000000e+00
3.835045365109849280e-01 9.875247842515332275e-01 1.000000000000000000e+01 5.400000000000000000e+01 0.000000000000000000e+00
4.622797965858671532e-01 4.436834676921009857e-01 1.000000000000000000e+00 1.040000000000000000e+02 0.000000000000000000e+00
9.908424944250397992e-01 1.145951847385225264e+00 2.000000000000000000e+00 5.100000000000000000e+01 0.000000000000000000e+00
1.509476067419606160e-01 2.024424337523034634e+00 4.000000000000000000e+00 1.040000000000000000e+02 0.000000000000000000e+00
5.705708108180266303e-01 1.587228449888385073e+00 1.000000000000000000e+01 1.730000000000000000e+02 0.000000000000000000e+00
2.927850438621670826e-01 1.618179772765885982e+00 1.600000000000000000e+01 1.510000000000000000e+02 0.000000000000000000e+00
1.132298910927685837e-01 1.176497367393318783e+00 2.000000000000000000e+01 7.000000000000000000e+01 0.000000000000000000e+00
2.154312155734093848e-01 3.595974938910716512e-01 1.800000000000000000e+01 1.170000000000000000e+02 0.000000000000000000e+00
5.330346925258578894e-01 2.318373416005500565e-01 2.000000000000000000e+00 5.800000000000000000e+01 0.000000000000000000e+00
1.329356215305494970e-01 1.122349941109714644e+00 1.000000000000000000e+01 1.240000000000000000e+02 0.000000000000000000e+00
7.086309416412205076e-02 1.748857803580672776e+00 2.000000000000000000e+00 1.900000000000000000e+02 0.000000000000000000e+00
7.303185690218814974e-02 2.046290706673893123e+00 1.000000000000000000e+00 1.490000000000000000e+02 0.000000000000000000e+00
5.259863119806644782e-01 1.032592749062260840e+00 7.000000000000000000e+00 1.160000000000000000e+02 1.000000000000000000e+00
6.055457605985358621e-02 8.133719315301036756e-01 9.000000000000000000e+00 1.840000000000000000e+02 1.000000000000000000e+00
1.879228903698255682e-01 1.607923617301942665e+00 1.000000000000000000e+01 1.450000000000000000e+02 1.000000000000000000e+00
6.402625377266450979e-01 1.033082167994848088e+00 1.100000000000000000e+01 6.000000000000000000e+00 1.000000000000000000e+00
4.231700095205037648e-01 1.584704794595670929e+00 1.900000000000000000e+01 3.200000000000000000e+01 1.000000000000000000e+00
6.766396348851212439e-01 1.069775917779301144e+00 3.000000000000000000e+00 8.400000000000000000e+01 1.000000000000000000e+00
1.926816445429788693e-01 6.994824416390580391e-01 1.000000000000000000e+00 1.040000000000000000e+02 1.000000000000000000e+00
1.751075576008738199e-01 1.144182227462817725e+00 8.000000000000000000e+00 1.640000000000000000e+02 1.000000000000000000e+00
8.855701804750722994e-01 2.063713385116982657e+00 4.000000000000000000e+00 1.850000000000000000e+02 1.000000000000000000e+00
7.336790470859996249e-01 7.819254117801593962e-01 6.000000000000000000e+00 8.000000000000000000e+00 1.000000000000000000e+00
4.807973520908888077e-01 4.134430216168155647e-01 6.000000000000000000e+00 1.800000000000000000e+01 1.000000000000000000e+00
5.137850813091348473e-02 1.995582804196269544e+00 1.200000000000000000e+01 1.070000000000000000e+02 1.000000000000000000e+00
9.706175643510237538e-01 7.295854914074556552e-01 1.600000000000000000e+01 5.600000000000000000e+01 1.000000000000000000e+00
4.036387508095070631e-01 1.213521864671460282e+00 2.000000000000000000e+01 1.200000000000000000e+02 1.000000000000000000e+00
5.890291878788117552e-01 1.311578771029149770e+00 1.300000000000000000e+01 2.100000000000000000e+01 1.000000000000000000e+00
2.746680914564698650e-01 1.691613312179653938e+00 1.100000000000000000e+01 7.200000000000000000e+01 1.000000000000000000e+00
9.845516371103787412e-01 1.379521636944242680e+00 2.000000000000000000e+00 1.180000000000000000e+02 1.000000000000000000e+00
1.003041153861162549e+00 6.418754439510775400e-01 4.000000000000000000e+00 1.380000000000000000e+02 1.000000000000000000e+00
7.262704007276029605e-01 6.486502624059456990e-01 2.000000000000000000e+00 5.400000000000000000e+01 1.000000000000000000e+00
8.724468881458482539e-01 1.846939777373244107e+00 4.000000000000000000e+00 3.800000000000000000e+01 1.000000000000000000e+00
1.335387135587677854e-01 1.539820512890434312e+00 1.900000000000000000e+01 1.920000000000000000e+02 1.000000000000000000e+00
7.112182923554178915e-01 5.112221049913138193e-01 1.400000000000000000e+01 1.700000000000000000e+01 1.000000000000000000e+00
7.638436980856628811e-01 1.891749240820053801e+00 2.000000000000000000e+00 1.240000000000000000e+02 1.000000000000000000e+00
8.008452669959069681e-01 1.353534577642345971e+00 1.800000000000000000e+01 1.580000000000000000e+02 1.000000000000000000e+00
7.530808473926767777e-01 1.808319746121284322e+00 1.000000000000000000e+00 1.790000000000000000e+02 1.000000000000000000e+00
2.766332773814513812e-01 5.282907405632609743e-01 1.500000000000000000e+01 1.660000000000000000e+02 1.000000000000000000e+00
3.247026619491188981e-01 8.407547788557870883e-01 1.700000000000000000e+01 1.160000000000000000e+02 1.000000000000000000e+00
3.596330264936098420e-01 1.866373880118128437e+00 6.000000000000000000e+00 1.090000000000000000e+02 1.000000000000000000e+00
8.392844658880928010e-01 8.086415972073252023e-01 1.600000000000000000e+01 8.200000000000000000e+01 1.000000000000000000e+00
2.317505479556013492e-01 1.182750384985715719e+00 2.000000000000000000e+01 1.070000000000000000e+02 1.000000000000000000e+00
9.282186721904751581e-01 1.668272246843998774e+00 2.000000000000000000e+01 7.600000000000000000e+01 1.000000000000000000e+00
1.417228117194155868e-01 1.832660689322989311e+00 1.600000000000000000e+01 1.710000000000000000e+02 1.000000000000000000e+00
9.498966453532137200e-01 3.970536398878333761e-01 2.000000000000000000e+00 9.000000000000000000e+00 1.000000000000000000e+00
4.028685074365639940e-01 7.224838043683744493e-01 1.100000000000000000e+01 3.800000000000000000e+01 1.000000000000000000e+00
5.713712067056376798e-01 4.501593036260708169e-01 1.800000000000000000e+01 1.920000000000000000e+02 1.000000000000000000e+00
2.317223700971146050e-01 1.914171214992383518e+00 1.600000000000000000e+01 8.900000000000000000e+01 1.000000000000000000e+00
1.635965419409390192e-02 9.774834789602394602e-01 1.400000000000000000e+01 1.430000000000000000e+02 1.000000000000000000e+00
1.008485312204554063e+00 1.442982840824159174e+00 1.600000000000000000e+01 1.550000000000000000e+02 1.000000000000000000e+00
1.373236110875072358e-01 1.658729524446156400e+00 1.200000000000000000e+01 5.000000000000000000e+01 1.000000000000000000e+00
9.269417132529109704e-01 1.578946256310097107e+00 1.100000000000000000e+01 1.790000000000000000e+02 1.000000000000000000e+00
8.326568274706112049e-01 8.123769614208823375e-01 1.200000000000000000e+01 1.000000000000000000e+00 1.000000000000000000e+00
1.973946304684863762e-01 1.030376523732376093e+00 1.800000000000000000e+01 1.590000000000000000e+02 1.000000000000000000e+00
5.900331135271169591e-01 1.140272484770846972e+00 1.300000000000000000e+01 1.150000000000000000e+02 1.000000000000000000e+00
8.644448664023218765e-01 8.867139568241283465e-01 5.000000000000000000e+00 1.260000000000000000e+02 1.000000000000000000e+00
4.752695608636919866e-01 8.479261414705293598e-01 7.000000000000000000e+00 3.800000000000000000e+01 1.000000000000000000e+00
2.586808037785360836e-01 1.788307703268690263e+00 2.000000000000000000e+01 6.900000000000000000e+01 1.000000000000000000e+00
3.734439054739674413e-01 2.384880861179547173e-01 1.500000000000000000e+01 1.600000000000000000e+01 1.000000000000000000e+00
2.218308446512035070e-01 1.217265756518569164e+00 1.700000000000000000e+01 6.000000000000000000e+01 1.000000000000000000e+00
7.083526748084815194e-01 1.571143301223912658e+00 1.000000000000000000e+00 1.500000000000000000e+02 1.000000000000000000e+00
8.857760720310026148e-01 7.124824189584185730e-01 6.000000000000000000e+00 4.500000000000000000e+01 1.000000000000000000e+00
5.042299341903659915e-01 2.009426727280402947e+00 1.000000000000000000e+00 1.030000000000000000e+02 2.000000000000000000e+00
3.676288718966983504e-01 3.524260465024308120e-01 1.300000000000000000e+01 9.600000000000000000e+01 2.000000000000000000e+00
7.564380093714583031e-02 1.608850359630487725e+00 8.000000000000000000e+00 3.500000000000000000e+01 2.000000000000000000e+00
2.436599694274787370e-02 2.751100939807417101e-01 9.000000000000000000e+00 1.330000000000000000e+02 2.000000000000000000e+00
9.645632362810131477e-01 1.324877644758000184e+00 1.700000000000000000e+01 1.220000000000000000e+02 2.000000000000000000e+00
1.452511491197299165e-01 7.222371889670088363e-01 1.200000000000000000e+01 6.300000000000000000e+01 2.000000000000000000e+00
6.732233788085680848e-01 1.861685539866180461e+00 2.000000000000000000e+01 9.200000000000000000e+01 2.000000000000000000e+00
8.387746110987152059e-01 3.689139642473916458e-01 4.000000000000000000e+00 1.450000000000000000e+02 2.000000000000000000e+00
2.901244520929071591e-01 1.638923328063228269e+00 5.000000000000000000e+00 1.850000000000000000e+02 2.000000000000000000e+00
2.534218913336256929e-01 1.926923644137566782e+00 1.400000000000000000e+01 6.800000000000000000e+01 2.000000000000000000e+00
2.453762763019170512e-01 2.899772819338176655e-01 1.900000000000000000e+01 1.140000000000000000e+02 2.000000000000000000e+00
6.336257279259037423e-02 1.196037603070579047e+00 1.000000000000000000e+01 1.780000000000000000e+02 2.000000000000000000e+00
3.954229841625508390e-01 8.477335082121683074e-01 2.000000000000000000e+01 8.000000000000000000e+00 2.000000000000000000e+00
7.888417295051759481e-01 1.572056496466474274e+00 1.800000000000000000e+01 4.000000000000000000e+01 2.000000000000000000e+00
8.280301619522408840e-01 1.899148823557213817e+00 1.500000000000000000e+01 1.170000000000000000e+02 2.000000000000000000e+00
4.665066704788716212e-01 1.794835853483719212e+00 8.000000000000000000e+00 8.000000000000000000e+00 2.000000000000000000e+00
6.363359361381587531e-01 3.746141324330166666e-01 9.000000000000000000e+00 7.000000000000000000e+00 2.000000000000000000e+00
6.065520451033741267e-01 1.305548185551756335e+00 1.600000000000000000e+01 1.000000000000000000e+00 2.000000000000000000e+00
8.926049531701728545e-01 2.069013377449878899e+00 4.000000000000000000e+00 1.000000000000000000e+00 2.000000000000000000e+00
8.377871776626794054e-01 1.958070211539779448e+00 1.100000000000000000e+01 1.740000000000000000e+02 2.000000000000000000e+00
6.937306563296362361e-02 8.221298706695275849e-01 1.600000000000000000e+01 7.000000000000000000e+01 2.000000000000000000e+00
7.615307944138778318e-01 1.927538772423264268e-01 2.000000000000000000e+01 5.200000000000000000e+01 2.000000000000000000e+00
8.700509328699451705e-01 1.967170552509087678e+00 1.000000000000000000e+01 1.590000000000000000e+02 2.000000000000000000e+00
1.551007895489739941e-01 1.990424623110168989e+00 6.000000000000000000e+00 1.590000000000000000e+02 2.000000000000000000e+00
6.963339046752770045e-01 9.628743872709494278e-01 6.000000000000000000e+00 1.950000000000000000e+02 2.000000000000000000e+00
3.895804536706194421e-01 1.017175228625816663e+00 1.000000000000000000e+00 4.300000000000000000e+01 2.000000000000000000e+00
7.340958579761745761e-02 1.500788962390052106e+00 4.000000000000000000e+00 1.000000000000000000e+01 2.000000000000000000e+00
4.908843317324329547e-01 1.489271643600051043e+00 1.200000000000000000e+01 4.900000000000000000e+01 2.000000000000000000e+00
7.749065311117662169e-01 2.317472471914524823e-01 7.000000000000000000e+00 7.000000000000000000e+00 2.000000000000000000e+00
2.978543681748778704e-01 1.241676727316160189e+00 7.000000000000000000e+00 3.600000000000000000e+01 2.000000000000000000e+00
7.556465336341302574e-01 8.525565199317323151e-01 1.100000000000000000e+01 4.400000000000000000e+01 2.000000000000000000e+00
9.299833697733107529e-01 5.723793738718806479e-01 1.500000000000000000e+01 1.470000000000000000e+02 2.000000000000000000e+00
4.384606914335087424e-01 1.670732644955602142e+00 1.500000000000000000e+01 2.300000000000000000e+01 2.000000000000000000e+00
5.472383583713245070e-01 1.024587146718101360e+00 1.200000000000000000e+01 3.000000000000000000e+00 2.000000000000000000e+00
1.365279033892652372e-01 9.821324613758269928e-01 3.000000000000000000e+00 3.400000000000000000e+01 2.000000000000000000e+00
3.813324977651971759e-01 1.267871368217386108e+00 1.300000000000000000e+01 7.000000000000000000e+00 2.000000000000000000e+00
7.200367282386129775e-01 1.499801478539460886e+00 1.000000000000000000e+00 3.000000000000000000e+00 2.000000000000000000e+00
3.253549987880490768e-01 2.151407980163738964e-01 1.900000000000000000e+01 7.100000000000000000e+01 2.000000000000000000e+00
7.945330097874498954e-01 4.358064857050675256e-01 1.000000000000000000e+01 2.000000000000000000e+02 2.000000000000000000e+00
1.555725398706414575e-01 1.498985826170214253e+00 5.000000000000000000e+00 1.020000000000000000e+02 2.000000000000000000e+00
8.725410782766822582e-01 3.736797142501963043e-01 6.000000000000000000e+00 2.200000000000000000e+01 2.000000000000000000e+00
9.553015369633753862e-01 1.741703151513414705e+00 3.000000000000000000e+00 2.200000000000000000e+01 2.000000000000000000e+00
5.954555489924124867e-01 1.257700201131640716e+00 8.000000000000000000e+00 3.400000000000000000e+01 2.000000000000000000e+00
8.317014516571673566e-01 1.066844393780425948e+00 3.000000000000000000e+00 4.900000000000000000e+01 2.000000000000000000e+00
7.447416536721030988e-01 7.853162395062719403e-01 1.000000000000000000e+01 1.100000000000000000e+02 2.000000000000000000e+00
3.164900346768750872e-01 1.324489661690867015e+00 4.000000000000000000e+00 1.180000000000000000e+02 2.000000000000000000e+00
6.268468061362818255e-02 1.771586183099058909e+00 8.000000000000000000e+00 7.500000000000000000e+01 2.000000000000000000e+00
4.937945915203769687e-01 5.921941849171118433e-01 1.100000000000000000e+01 7.700000000000000000e+01 2.000000000000000000e+00
1.838924245456714512e-01 8.528491634107678854e-01 1.300000000000000000e+01 1.000000000000000000e+00 2.000000000000000000e+00
4.736535280392681901e-01 1.175521047059242541e+00 7.000000000000000000e+00 1.310000000000000000e+02 2.000000000000000000e+00
2.944546693664512604e-01 4.747671196106854064e-01 1.600000000000000000e+01 1.710000000000000000e+02 3.000000000000000000e+00
9.391384025119243750e-01 1.523451311093354799e-01 5.000000000000000000e+00 1.800000000000000000e+02 3.000000000000000000e+00
8.218942689345886121e-01 3.074345845675700017e-01 1.000000000000000000e+01 1.610000000000000000e+02 3.000000000000000000e+00
4.436605516532904359e-01 1.518850019591631906e+00 4.000000000000000000e+00 1.820000000000000000e+02 3.000000000000000000e+00
5.160267732760495107e-01 8.888641531672955010e-01 1.000000000000000000e+00 1.910000000000000000e+02 3.000000000000000000e+00
4.951879817328876943e-01 6.966750170691514699e-01 1.000000000000000000e+01 1.820000000000000000e+02 3.000000000000000000e+00
9.123429726948896201e-01 3.787730574156341623e-01 1.900000000000000000e+01 8.500000000000000000e+01 3.000000000000000000e+00
8.629745431776667530e-01 1.236515759672542070e-01 2.000000000000000000e+00 1.560000000000000000e+02 3.000000000000000000e+00
4.036354329722654510e-01 3.979641992725523325e-01 5.000000000000000000e+00 7.300000000000000000e+01 3.000000000000000000e+00
4.750181041856428310e-01 1.163496847783805466e+00 8.000000000000000000e+00 4.600000000000000000e+01 3.000000000000000000e+00
1.356896332474960554e-01 3.761661093731539784e-01 1.700000000000000000e+01 1.070000000000000000e+02 3.000000000000000000e+00
5.191993055909549515e-01 3.026418613635467603e-01 1.800000000000000000e+01 2.500000000000000000e+01 3.000000000000000000e+00
3.724621169575128565e-01 2.063513463267475423e+00 9.000000000000000000e+00 2.600000000000000000e+01 3.000000000000000000e+00
8.208283253796390122e-01 1.422120737539604163e-01 1.100000000000000000e+01 8.000000000000000000e+00 3.000000000000000000e+00
4.366349859090624674e-01 3.150738266918250430e-01 1.100000000000000000e+01 2.900000000000000000e+01 3.000000000000000000e+00
3.196863328467911547e-01 1.509971915852299507e+00 3.000000000000000000e+00 6.900000000000000000e+01 3.000000000000000000e+00
4.906933107601007399e-02 1.483653822592031046e+00 7.000000000000000000e+00 1.360000000000000000e+02 3.000000000000000000e+00
2.952605104163080751e-01 2.131290782316722920e-01 8.000000000000000000e+00 9.400000000000000000e+01 3.000000000000000000e+00
3.864697567869399553e-01 1.494267542720006281e+00 1.000000000000000000e+00 1.410000000000000000e+02 3.000000000000000000e+00
2.181265471034703474e-01 1.088525306652790237e+00 9.000000000000000000e+00 1.750000000000000000e+02 3.000000000000000000e+00
8.047368788486262137e-01 1.199928360436680164e+00 1.700000000000000000e+01 6.600000000000000000e+01 3.000000000000000000e+00
5.530142862062126241e-01 1.950367761687290979e+00 1.500000000000000000e+01 8.700000000000000000e+01 3.000000000000000000e+00
8.430795784152481653e-01 7.744143476890555933e-01 2.000000000000000000e+00 2.000000000000000000e+00 3.000000000000000000e+00
8.705571959710552976e-01 4.306550231881373092e-01 6.000000000000000000e+00 1.420000000000000000e+02 3.000000000000000000e+00
6.698454728995884011e-01 5.891520390484364933e-01 1.900000000000000000e+01 1.960000000000000000e+02 3.000000000000000000e+00
4.837056754817845583e-01 2.556612836706756431e-01 5.000000000000000000e+00 6.700000000000000000e+01 3.000000000000000000e+00
9.212566323260831247e-01 4.595357581581954731e-01 1.200000000000000000e+01 1.730000000000000000e+02 3.000000000000000000e+00
1.687407353524764675e-01 1.082794735634954320e+00 1.000000000000000000e+01 2.800000000000000000e+01 3.000000000000000000e+00
4.911248519258276657e-01 2.079657420512534660e+00 1.400000000000000000e+01 1.890000000000000000e+02 3.000000000000000000e+00
1.003517629509904641e+00 1.941896329945328681e+00 1.700000000000000000e+01 1.800000000000000000e+01 3.000000000000000000e+00
1.082182613751981742e-01 1.491226937853110668e+00 5.000000000000000000e+00 9.400000000000000000e+01 3.000000000000000000e+00
9.071936680969825417e-01 1.010333717722030900e-01 4.000000000000000000e+00 1.100000000000000000e+02 3.000000000000000000e+00
8.417253253015359871e-01 5.277482914710668327e-01 1.200000000000000000e+01 8.700000000000000000e+01 3.000000000000000000e+00
2.689283370180107768e-01 1.480870647132948914e+00 1.600000000000000000e+01 1.070000000000000000e+02 3.000000000000000000e+00
1.957219833564909361e-01 1.210311873675530281e+00 1.600000000000000000e+01 1.230000000000000000e+02 3.000000000000000000e+00
9.957466994367869528e-01 6.928961995206323055e-01 6.000000000000000000e+00 8.400000000000000000e+01 3.000000000000000000e+00
9.055345952221076633e-01 1.316034499493558885e+00 2.000000000000000000e+01 2.600000000000000000e+01 3.000000000000000000e+00
4.139189281385633468e-01 5.056554972859185204e-01 1.100000000000000000e+01 4.800000000000000000e+01 3.000000000000000000e+00
1.720047052413884447e-01 2.298485744423358901e-01 7.000000000000000000e+00 4.600000000000000000e+01 3.000000000000000000e+00
5.173253795073855521e-01 1.908669907057961579e+00 1.000000000000000000e+01 1.310000000000000000e+02 3.000000000000000000e+00
7.264891725131421563e-01 1.158617902530895583e+00 1.500000000000000000e+01 4.000000000000000000e+01 3.000000000000000000e+00
1.719333720411407862e-01 1.443246892574646889e+00 1.100000000000000000e+01 1.920000000000000000e+02 3.000000000000000000e+00
1.001578615537729755e+00 1.756328456269514948e+00 1.900000000000000000e+01 1.670000000000000000e+02 3.000000000000000000e+00
2.047621922198417099e-01 1.017316722433591059e+00 4.000000000000000000e+00 6.300000000000000000e+01 3.000000000000000000e+00
3.826330681418165652e-02 8.698655840374717174e-01 5.000000000000000000e+00 1.400000000000000000e+01 3.000000000000000000e+00
5.764436713908787091e-01 1.651649998010548404e-01 1.000000000000000000e+00 6.900000000000000000e+01 3.000000000000000000e+00
5.030940300708623969e-01 1.413826727670782768e+00 1.400000000000000000e+01 1.010000000000000000e+02 3.000000000000000000e+00
8.189400313618865335e-01 6.512282779583039583e-01 2.000000000000000000e+01 4.600000000000000000e+01 3.000000000000000000e+00
6.272219490708547118e-01 7.630400105683693424e-01 3.000000000000000000e+00 1.740000000000000000e+02 3.000000000000000000e+00
8.151529736614613331e-01 1.715120448815241172e+00 1.000000000000000000e+01 1.800000000000000000e+02 3.000000000000000000e+00
6.388025942708376315e-01 8.361792951634264837e-01 1.600000000000000000e+01 1.520000000000000000e+02 4.000000000000000000e+00
2.791931157852509671e-01 2.235945637121096452e-01 1.200000000000000000e+01 1.140000000000000000e+02 4.000000000000000000e+00
4.447899020639699968e-02 1.336524841768898630e+00 1.200000000000000000e+01 1.210000000000000000e+02 4.000000000000000000e+00
8.780744772881980964e-01 1.326001558799764002e+00 1.300000000000000000e+01 1.550000000000000000e+02 4.000000000000000000e+00
3.325786033083154986e-02 1.507482887602989097e+00 6.000000000000000000e+00 1.890000000000000000e+02 4.000000000000000000e+00
8.758735144457374666e-01 1.709410366751049182e+00 3.000000000000000000e+00 1.220000000000000000e+02 4.000000000000000000e+00
3.813751468473831618e-01 9.887484646253633658e-01 1.900000000000000000e+01 1.670000000000000000e+02 4.000000000000000000e+00
1.640865745577011481e-01 3.705555653620912215e-01 1.600000000000000000e+01 7.600000000000000000e+01 4.000000000000000000e+00
3.438756519250385502e-01 1.254609781176576622e+00 4.000000000000000000e+00 2.800000000000000000e+01 4.000000000000000000e+00
6.097384054975218265e-02 1.848214465188884326e+00 1.400000000000000000e+01 5.300000000000000000e+01 4.000000000000000000e+00
1.754737634641905242e-01 1.526642233357557166e-01 1.900000000000000000e+01 2.400000000000000000e+01 4.000000000000000000e+00
2.273540070216579778e-01 8.730577912958549236e-01 1.600000000000000000e+01 1.380000000000000000e+02 4.000000000000000000e+00
6.489561779795027796e-01 7.432215953222410798e-01 1.800000000000000000e+01 1.300000000000000000e+01 4.000000000000000000e+00
3.362728472480829289e-01 1.700088908648835551e+00 1.400000000000000000e+01 5.000000000000000000e+00 4.000000000000000000e+00
4.261161855518690728e-02 7.363743529082823480e-01 1.700000000000000000e+01 1.260000000000000000e+02 4.000000000000000000e+00
3.051931866993718989e-01 7.441958266017197898e-01 1.500000000000000000e+01 1.820000000000000000e+02 4.000000000000000000e+00
8.128020406317313373e-01 3.440900711028206382e-01 1.100000000000000000e+01 1.030000000000000000e+02 4.000000000000000000e+00
1.930256804731894649e-01 2.000984085978246174e+00 1.700000000000000000e+01 1.660000000000000000e+02 4.000000000000000000e+00
8.429947046367868013e-02 1.808424553549171920e-01 8.000000000000000000e+00 2.700000000000000000e+01 4.000000000000000000e+00
1.836481817583861531e-01 1.914291644986711116e+00 6.000000000000000000e+00 3.700000000000000000e+01 4.000000000000000000e+00
1.157686360842945759e-02 1.135334488043861167e+00 3.000000000000000000e+00 1.330000000000000000e+02 4.000000000000000000e+00
8.832994089835451978e-01 8.442123516514471460e-01 1.200000000000000000e+01 1.220000000000000000e+02 4.000000000000000000e+00
2.989170395994663609e-01 7.759106528766946953e-01 1.200000000000000000e+01 1.730000000000000000e+02 4.000000000000000000e+00
1.297588075034481481e-01 3.371514634899660523e-01 4.000000000000000000e+00 4.300000000000000000e+01 4.000000000000000000e+00
5.470730203926489343e-01 1.629157931735883302e+00 5.000000000000000000e+00 1.200000000000000000e+02 4.000000000000000000e+00
4.705535304004652142e-01 1.429834263468171773e+00 1.100000000000000000e+01 1.600000000000000000e+02 4.000000000000000000e+00
3.516611421378630364e-01 9.864472635003705969e-01 1.600000000000000000e+01 2.300000000000000000e+01 4.000000000000000000e+00
5.160512829988707084e-01 7.588738787799705898e-01 3.000000000000000000e+00 5.000000000000000000e+01 4.000000000000000000e+00
1.007104748483786061e+00 1.366336360428485941e+00 1.200000000000000000e+01 1.510000000000000000e+02 4.000000000000000000e+00
4.344560577810752111e-01 1.682412343687158085e+00 1.200000000000000000e+01 4.100000000000000000e+01 4.000000000000000000e+00
6.920128725473986275e-01 2.048129780638793029e+00 1.600000000000000000e+01 1.130000000000000000e+02 4.000000000000000000e+00
7.038423148683661257e-01 2.094107677444702331e-01 1.100000000000000000e+01 1.060000000000000000e+02 4.000000000000000000e+00
1.215676783790385768e-01 1.790750411754825910e-01 4.000000000000000000e+00 1.950000000000000000e+02 4.000000000000000000e+00
5.993280038371584517e-01 1.813087775604043328e+00 1.000000000000000000e+00 4.500000000000000000e+01 4.000000000000000000e+00
9.057438412810120409e-01 7.594011205316683055e-01 1.400000000000000000e+01 1.130000000000000000e+02 4.000000000000000000e+00
3.821655287598266781e-01 2.035354446574140663e+00 4.000000000000000000e+00 9.200000000000000000e+01 4.000000000000000000e+00
1.524367265811358285e-01 1.364356899847683380e+00 4.000000000000000000e+00 8.300000000000000000e+01 4.000000000000000000e+00
1.794643510454274615e-01 1.090499078353310614e+00 1.900000000000000000e+01 8.500000000000000000e+01 4.000000000000000000e+00
8.291075056413895750e-01 7.167540105869919520e-01 6.000000000000000000e+00 4.000000000000000000e+01 4.000000000000000000e+00
9.784189408255807852e-01 1.614649893540303971e+00 3.000000000000000000e+00 1.330000000000000000e+02 4.000000000000000000e+00
8.374083935588514382e-01 4.021995881294516684e-01 9.000000000000000000e+00 6.000000000000000000e+00 4.000000000000000000e+00
5.517299681183348570e-01 7.946470359344467438e-01 4.000000000000000000e+00 5.800000000000000000e+01 4.000000000000000000e+00
3.698325295097359272e-02 5.829387017174255670e-01 1.800000000000000000e+01 6.700000000000000000e+01 4.000000000000000000e+00
9.268249934856119532e-02 4.694326642322584897e-01 5.000000000000000000e+00 1.220000000000000000e+02 4.000000000000000000e+00
1.110605609406888211e-01 4.868307816999112303e-01 1.500000000000000000e+01 1.490000000000000000e+02 4.000000000000000000e+00
2.782508966907714515e-02 1.691264018186963591e+00 9.000000000000000000e+00 5.200000000000000000e+01 4.000000000000000000e+00
8.238734569999179858e-01 2.015070318423690665e+00 7.000000000000000000e+00 1.910000000000000000e+02 4.000000000000000000e+00
6.466525461634616834e-01 5.291313031073238138e-01 1.000000000000000000e+00 1.000000000000000000e+00 4.000000000000000000e+00
4.608171619699816812e-01 1.263451147604852220e+00 2.000000000000000000e+00 1.700000000000000000e+01 4.000000000000000000e+00
2.877735877810171372e-01 1.705399211401198656e+00 1.600000000000000000e+01 1.350000000000000000e+02 4.000000000000000000e+00
