1.151721272176752103e-01 3.562881440680006895e-01 6.000000000000000000e+00 1.400000000000000000e+02 0.000000000000000000e+00
1.151721272176752103e-01 3.562881440680006895e-01 6.000000000000000000e+00 1.400000000000000000e+02 1.000000000000000000e+00
1.151721272176752103e-01 3.562881440680006895e-01 6.000000000000000000e+00 1.400000000000000000e+02 2.000000000000000000e+00
1.151721272176752103e-01 3.562881440680006895e-01 6.000000000000000000e+00 1.400000000000000000e+02 3.000000000000000000e+00
1.151721272176752103e-01 3.562881440680006895e-01 6.000000000000000000e+00 1.400000000000000000e+02 4.000000000000000000e+00
9.740630845952123751e-02 3.309571253420836578e-01 1.000000000000000000e+00 2.800000000000000000e+01 0.000000000000000000e+00
9.740630845952123751e-02 3.309571253420836578e-01 1.000000000000000000e+00 2.800000000000000000e+01 1.000000000000000000e+00
9.740630845952123751e-02 3.309571253420836578e-01 1.000000000000000000e+00 2.800000000000000000e+01 2.000000000000000000e+00
9.740630845952123751e-02 3.309571253420836578e-01 1.000000000000000000e+00 2.800000000000000000e+01 3.000000000000000000e+00
9.740630845952123751e-02 3.309571253420836578e-01 1.000000000000000000e+00 2.800000000000000000e+01 4.000000000000000000e+00
7.577276197510565137e-01 8.660914402030913672e-01 7.000000000000000000e+00 3.900000000000000000e+01 0.000000000000000000e+00
7.577276197510565137e-01 8.660914402030913672e-01 7.000000000000000000e+00 3.900000000000000000e+01 1.000000000000000000e+00
7.577276197510565137e-01 8.660914402030913672e-01 7.000000000000000000e+00 3.900000000000000000e+01 2.000000000000000000e+00
7.577276197510565137e-01 8.660914402030913672e-01 7.000000000000000000e+00 3.900000000000000000e+01 3.000000000000000000e+00
7.577276197510565137e-01 8.660914402030913672e-01 7.000000000000000000e+00 3.900000000000000000e+01 4.000000000000000000e+00
5.900451742025624169e-01 1.999933250655291650e-01 1.000000000000000000e+01 1.510000000000000000e+02 0.000000000000000000e+00
5.900451742025624169e-01 1.999933250655291650e-01 1.000000000000000000e+01 1.510000000000000000e+02 1.000000000000000000e+00
5.900451742025624169e-01 1.999933250655291650e-01 1.000000000000000000e+01 1.510000000000000000e+02 2.000000000000000000e+00
5.900451742025624169e-01 1.999933250655291650e-01 1.000000000000000000e+01 1.510000000000000000e+02 3.000000000000000000e+00
5.900451742025624169e-01 1.999933250655291650e-01 1.000000000000000000e+01 1.510000000000000000e+02 4.000000000000000000e+00
4.420284841856819691e-01 1.103871096240641725e+00 1.600000000000000000e+01 1.210000000000000000e+02 0.000000000000000000e+00
4.420284841856819691e-01 1.103871096240641725e+00 1.600000000000000000e+01 1.210000000000000000e+02 1.000000000000000000e+00
4.420284841856819691e-01 1.103871096240641725e+00 1.600000000000000000e+01 1.210000000000000000e+02 2.000000000000000000e+00
4.420284841856819691e-01 1.103871096240641725e+00 1.600000000000000000e+01 1.210000000000000000e+02 3.000000000000000000e+00
4.420284841856819691e-01 1.103871096240641725e+00 1.600000000000000000e+01 1.210000000000000000e+02 4.000000000000000000e+00
8.160068100793336221e-01 1.728065007602700431e+00 1.100000000000000000e+01 1.500000000000000000e+02 0.000000000000000000e+00
8.160068100793336221e-01 1.728065007602700431e+00 1.100000000000000000e+01 1.500000000000000000e+02 1.000000000000000000e+00
8.160068100793336221e-01 1.728065007602700431e+00 1.100000000000000000e+01 1.500000000000000000e+02 2.000000000000000000e+00
8.160068100793336221e-01 1.728065007602700431e+00 1.100000000000000000e+01 1.500000000000000000e+02 3.000000000000000000e+00
8.160068100793336221e-01 1.728065007602700431e+00 1.100000000000000000e+01 1.500000000000000000e+02 4.000000000000000000e+00
3.414304363782021401e-01 2.029795703267154749e+00 1.500000000000000000e+01 1.700000000000000000e+02 0.000000000000000000e+00
3.414304363782021401e-01 2.029795703267154749e+00 1.500000000000000000e+01 1.700000000000000000e+02 1.000000000000000000e+00
3.414304363782021401e-01 2.029795703267154749e+00 1.500000000000000000e+01 1.700000000000000000e+02 2.000000000000000000e+00
3.414304363782021401e-01 2.029795703267154749e+00 1.500000000000000000e+01 1.700000000000000000e+02 3.000000000000000000e+00
3.414304363782021401e-01 2.029795703267154749e+00 1.500000000000000000e+01 1.700000000000000000e+02 4.000000000000000000e+00
6.583206582829036202e-02 3.333415061382604128e-01 3.000000000000000000e+00 8.100000000000000000e+01 0.000000000000000000e+00
6.583206582829036202e-02 3.333415061382604128e-01 3.000000000000000000e+00 8.100000000000000000e+01 1.000000000000000000e+00
6.583206582829036202e-02 3.333415061382604128e-01 3.000000000000000000e+00 8.100000000000000000e+01 2.000000000000000000e+00
6.583206582829036202e-02 3.333415061382604128e-01 3.000000000000000000e+00 8.100000000000000000e+01 3.000000000000000000e+00
6.583206582829036202e-02 3.333415061382604128e-01 3.000000000000000000e+00 8.100000000000000000e+01 4.000000000000000000e+00
4.195030920326073831e-01 1.234767516017537980e+00 6.000000000000000000e+00 7.000000000000000000e+00 0.000000000000000000e+00
4.195030920326073831e-01 1.234767516017537980e+00 6.000000000000000000e+00 7.000000000000000000e+00 1.000000000000000000e+00
4.195030920326073831e-01 1.234767516017537980e+00 6.000000000000000000e+00 7.000000000000000000e+00 2.000000000000000000e+00
4.195030920326073831e-01 1.234767516017537980e+00 6.000000000000000000e+00 7.000000000000000000e+00 3.000000000000000000e+00
4.195030920326073831e-01 1.234767516017537980e+00 6.000000000000000000e+00 7.000000000000000000e+00 4.000000000000000000e+00
5.050850056372827579e-01 1.664542836188179775e+00 1.200000000000000000e+01 8.100000000000000000e+01 0.000000000000000000e+00
5.050850056372827579e-01 1.664542836188179775e+00 1.200000000000000000e+01 8.100000000000000000e+01 1.000000000000000000e+00
5.050850056372827579e-01 1.664542836188179775e+00 1.200000000000000000e+01 8.100000000000000000e+01 2.000000000000000000e+00
5.050850056372827579e-01 1.664542836188179775e+00 1.200000000000000000e+01 8.100000000000000000e+01 3.000000000000000000e+00
5.050850056372827579e-01 1.664542836188179775e+00 1.200000000000000000e+01 8.100000000000000000e+01 4.000000000000000000e+00
7.286937574018089725e-01 8.806517502090499550e-01 4.000000000000000000e+00 1.590000000000000000e+02 0.000000000000000000e+00
7.286937574018089725e-01 8.806517502090499550e-01 4.000000000000000000e+00 1.590000000000000000e+02 1.000000000000000000e+00
7.286937574018089725e-01 8.806517502090499550e-01 4.000000000000000000e+00 1.590000000000000000e+02 2.000000000000000000e+00
7.286937574018089725e-01 8.806517502090499550e-01 4.000000000000000000e+00 1.590000000000000000e+02 3.000000000000000000e+00
7.286937574018089725e-01 8.806517502090499550e-01 4.000000000000000000e+00 1.590000000000000000e+02 4.000000000000000000e+00
7.487654017499343340e-01 2.030003627184157278e+00 3.000000000000000000e+00 1.230000000000000000e+02 0.000000000000000000e+00
7.487654017499343340e-01 2.030003627184157278e+00 3.000000000000000000e+00 1.230000000000000000e+02 1.000000000000000000e+00
7.487654017499343340e-01 2.030003627184157278e+00 3.000000000000000000e+00 1.230000000000000000e+02 2.000000000000000000e+00
7.487654017499343340e-01 2.030003627184157278e+00 3.000000000000000000e+00 1.230000000000000000e+02 3.000000000000000000e+00
7.487654017499343340e-01 2.030003627184157278e+00 3.000000000000000000e+00 1.230000000000000000e+02 4.000000000000000000e+00
6.887907080436120877e-01 1.611733199978758302e+00 6.000000000000000000e+00 1.780000000000000000e+02 0.000000000000000000e+00
6.887907080436120877e-01 1.611733199978758302e+00 6.000000000000000000e+00 1.780000000000000000e+02 1.000000000000000000e+00
6.887907080436120877e-01 1.611733199978758302e+00 6.000000000000000000e+00 1.780000000000000000e+02 2.000000000000000000e+00
6.887907080436120877e-01 1.611733199978758302e+00 6.000000000000000000e+00 1.780000000000000000e+02 3.000000000000000000e+00
6.887907080436120877e-01 1.611733199978758302e+00 6.000000000000000000e+00 1.780000000000000000e+02 4.000000000000000000e+00
5.900877765801019192e-01 4.188648278720982221e-01 1.200000000000000000e+01 5.900000000000000000e+01 0.000000000000000000e+00
5.900877765801019192e-01 4.188648278720982221e-01 1.200000000000000000e+01 5.900000000000000000e+01 1.000000000000000000e+00
5.900877765801019192e-01 4.188648278720982221e-01 1.200000000000000000e+01 5.900000000000000000e+01 2.000000000000000000e+00
5.900877765801019192e-01 4.188648278720982221e-01 1.200000000000000000e+01 5.900000000000000000e+01 3.000000000000000000e+00
5.900877765801019192e-01 4.188648278720982221e-01 1.200000000000000000e+01 5.900000000000000000e+01 4.000000000000000000e+00
8.921614117755851670e-01 2.050132986950174097e+00 6.000000000000000000e+00 1.700000000000000000e+02 0.000000000000000000e+00
8.921614117755851670e-01 2.050132986950174097e+00 6.000000000000000000e+00 1.700000000000000000e+02 1.000000000000000000e+00
8.921614117755851670e-01 2.050132986950174097e+00 6.000000000000000000e+00 1.700000000000000000e+02 2.000000000000000000e+00
8.921614117755851670e-01 2.050132986950174097e+00 6.000000000000000000e+00 1.700000000000000000e+02 3.000000000000000000e+00
8.921614117755851670e-01 2.050132986950174097e+00 6.000000000000000000e+00 1.700000000000000000e+02 4.000000000000000000e+00
6.438870965964611504e-01 1.628858060799932117e+00 6.000000000000000000e+00 1.720000000000000000e+02 0.000000000000000000e+00
6.438870965964611504e-01 1.628858060799932117e+00 6.000000000000000000e+00 1.720000000000000000e+02 1.000000000000000000e+00
6.438870965964611504e-01 1.628858060799932117e+00 6.000000000000000000e+00 1.720000000000000000e+02 2.000000000000000000e+00
6.438870965964611504e-01 1.628858060799932117e+00 6.000000000000000000e+00 1.720000000000000000e+02 3.000000000000000000e+00
6.438870965964611504e-01 1.628858060799932117e+00 6.000000000000000000e+00 1.720000000000000000e+02 4.000000000000000000e+00
5.051087948238281999e-01 4.950839571981228149e-01 1.100000000000000000e+01 3.500000000000000000e+01 0.000000000000000000e+00
5.051087948238281999e-01 4.950839571981228149e-01 1.100000000000000000e+01 3.500000000000000000e+01 1.000000000000000000e+00
5.051087948238281999e-01 4.950839571981228149e-01 1.100000000000000000e+01 3.500000000000000000e+01 2.000000000000000000e+00
5.051087948238281999e-01 4.950839571981228149e-01 1.100000000000000000e+01 3.500000000000000000e+01 3.000000000000000000e+00
5.051087948238281999e-01 4.950839571981228149e-01 1.100000000000000000e+01 3.500000000000000000e+01 4.000000000000000000e+00
9.302192509623572469e-01 8.216368506068659761e-01 2.000000000000000000e+01 3.600000000000000000e+01 0.000000000000000000e+00
9.302192509623572469e-01 8.216368506068659761e-01 2.000000000000000000e+01 3.600000000000000000e+01 1.000000000000000000e+00
9.302192509623572469e-01 8.216368506068659761e-01 2.000000000000000000e+01 3.600000000000000000e+01 2.000000000000000000e+00
9.302192509623572469e-01 8.216368506068659761e-01 2.000000000000000000e+01 3.600000000000000000e+01 3.000000000000000000e+00
9.302192509623572469e-01 8.216368506068659761e-01 2.000000000000000000e+01 3.600000000000000000e+01 4.000000000000000000e+00
1.694468161241071691e-01 1.495322763719303671e-01 1.600000000000000000e+01 1.720000000000000000e+02 0.000000000000000000e+00
1.694468161241071691e-01 1.495322763719303671e-01 1.600000000000000000e+01 1.720000000000000000e+02 1.000000000000000000e+00
1.694468161241071691e-01 1.495322763719303671e-01 1.600000000000000000e+01 1.720000000000000000e+02 2.000000000000000000e+00
1.694468161241071691e-01 1.495322763719303671e-01 1.600000000000000000e+01 1.720000000000000000e+02 3.000000000000000000e+00
1.694468161241071691e-01 1.495322763719303671e-01 1.600000000000000000e+01 1.720000000000000000e+02 4.000000000000000000e+00
8.207004841172120813e-01 5.339920104689631630e-01 4.000000000000000000e+00 1.000000000000000000e+00 0.000000000000000000e+00
8.207004841172120813e-01 5.339920104689631630e-01 4.000000000000000000e+00 1.000000000000000000e+00 1.000000000000000000e+00
8.207004841172120813e-01 5.339920104689631630e-01 4.000000000000000000e+00 1.000000000000000000e+00 2.000000000000000000e+00
8.207004841172120813e-01 5.339920104689631630e-01 4.000000000000000000e+00 1.000000000000000000e+00 3.000000000000000000e+00
8.207004841172120813e-01 5.339920104689631630e-01 4.000000000000000000e+00 1.000000000000000000e+00 4.000000000000000000e+00
3.239397331410441838e-01 4.264470697283934131e-01 6.000000000000000000e+00 1.000000000000000000e+01 0.000000000000000000e+00
3.239397331410441838e-01 4.264470697283934131e-01 6.000000000000000000e+00 1.000000000000000000e+01 1.000000000000000000e+00
3.239397331410441838e-01 4.264470697283934131e-01 6.000000000000000000e+00 1.000000000000000000e+01 2.000000000000000000e+00
3.239397331410441838e-01 4.264470697283934131e-01 6.000000000000000000e+00 1.000000000000000000e+01 3.000000000000000000e+00
3.239397331410441838e-01 4.264470697283934131e-01 6.000000000000000000e+00 1.000000000000000000e+01 4.000000000000000000e+00
2.548433138356275274e-01 1.629801816150958427e+00 1.600000000000000000e+01 6.200000000000000000e+01 0.000000000000000000e+00
2.548433138356275274e-01 1.629801816150958427e+00 1.600000000000000000e+01 6.200000000000000000e+01 1.000000000000000000e+00
2.548433138356275274e-01 1.629801816150958427e+00 1.600000000000000000e+01 6.200000000000000000e+01 2.000000000000000000e+00
2.548433138356275274e-01 1.629801816150958427e+00 1.600000000000000000e+01 6.200000000000000000e+01 3.000000000000000000e+00
2.548433138356275274e-01 1.629801816150958427e+00 1.600000000000000000e+01 6.200000000000000000e+01 4.000000000000000000e+00
2.366411668930511886e-02 3.121803887346558115e-01 1.300000000000000000e+01 2.000000000000000000e+01 0.000000000000000000e+00
2.366411668930511886e-02 3.121803887346558115e-01 1.300000000000000000e+01 2.000000000000000000e+01 1.000000000000000000e+00
2.366411668930511886e-02 3.121803887346558115e-01 1.300000000000000000e+01 2.000000000000000000e+01 2.000000000000000000e+00
2.366411668930511886e-02 3.121803887346558115e-01 1.300000000000000000e+01 2.000000000000000000e+01 3.000000000000000000e+00
2.366411668930511886e-02 3.121803887346558115e-01 1.300000000000000000e+01 2.000000000000000000e+01 4.000000000000000000e+00
4.348529730956536277e-01 1.236814498020109898e+00 1.300000000000000000e+01 6.200000000000000000e+01 0.000000000000000000e+00
4.348529730956536277e-01 1.236814498020109898e+00 1.300000000000000000e+01 6.200000000000000000e+01 1.000000000000000000e+00
4.348529730956536277e-01 1.236814498020109898e+00 1.300000000000000000e+01 6.200000000000000000e+01 2.000000000000000000e+00
4.348529730956536277e-01 1.236814498020109898e+00 1.300000000000000000e+01 6.200000000000000000e+01 3.000000000000000000e+00
4.348529730956536277e-01 1.236814498020109898e+00 1.300000000000000000e+01 6.200000000000000000e+01 4.000000000000000000e+00
1.676748273132842026e-01 1.120317883839507145e+00 6.000000000000000000e+00 1.350000000000000000e+02 0.000000000000000000e+00
1.676748273132842026e-01 1.120317883839507145e+00 6.000000000000000000e+00 1.350000000000000000e+02 1.000000000000000000e+00
1.676748273132842026e-01 1.120317883839507145e+00 6.000000000000000000e+00 1.350000000000000000e+02 2.000000000000000000e+00
1.676748273132842026e-01 1.120317883839507145e+00 6.000000000000000000e+00 1.350000000000000000e+02 3.000000000000000000e+00
1.676748273132842026e-01 1.120317883839507145e+00 6.000000000000000000e+00 1.350000000000000000e+02 4.000000000000000000e+00
6.712897015301785286e-01 6.458600401561979121e-01 1.600000000000000000e+01 2.500000000000000000e+01 0.000000000000000000e+00
6.712897015301785286e-01 6.458600401561979121e-01 1.600000000000000000e+01 2.500000000000000000e+01 1.000000000000000000e+00
6.712897015301785286e-01 6.458600401561979121e-01 1.600000000000000000e+01 2.500000000000000000e+01 2.000000000000000000e+00
6.712897015301785286e-01 6.458600401561979121e-01 1.600000000000000000e+01 2.500000000000000000e+01 3.000000000000000000e+00
6.712897015301785286e-01 6.458600401561979121e-01 1.600000000000000000e+01 2.500000000000000000e+01 4.000000000000000000e+00
2.433571992185921129e-01 1.334597717114081483e+00 6.000000000000000000e+00 4.200000000000000000e+01 0.000000000000000000e+00
2.433571992185921129e-01 1.334597717114081483e+00 6.000000000000000000e+00 4.200000000000000000e+01 1.000000000000000000e+00
2.433571992185921129e-01 1.334597717114081483e+00 6.000000000000000000e+00 4.200000000000000000e+01 2.000000000000000000e+00
2.433571992185921129e-01 1.334597717114081483e+00 6.000000000000000000e+00 4.200000000000000000e+01 3.000000000000000000e+00
2.433571992185921129e-01 1.334597717114081483e+00 6.000000000000000000e+00 4.200000000000000000e+01 4.000000000000000000e+00
6.429470277771935915e-01 1.166655846596293955e+00 5.000000000000000000e+00 1.090000000000000000e+02 0.000000000000000000e+00
6.429470277771935915e-01 1.166655846596293955e+00 5.000000000000000000e+00 1.090000000000000000e+02 1.000000000000000000e+00
6.429470277771935915e-01 1.166655846596293955e+00 5.000000000000000000e+00 1.090000000000000000e+02 2.000000000000000000e+00
6.429470277771935915e-01 1.166655846596293955e+00 5.000000000000000000e+00 1.090000000000000000e+02 3.000000000000000000e+00
6.429470277771935915e-01 1.166655846596293955e+00 5.000000000000000000e+00 1.090000000000000000e+02 4.000000000000000000e+00
4.799670253706150858e-01 9.251150002530711403e-01 1.000000000000000000e+01 5.300000000000000000e+01 0.000000000000000000e+00
4.799670253706150858e-01 9.251150002530711403e-01 1.000000000000000000e+01 5.300000000000000000e+01 1.000000000000000000e+00
4.799670253706150858e-01 9.251150002530711403e-01 1.000000000000000000e+01 5.300000000000000000e+01 2.000000000000000000e+00
4.799670253706150858e-01 9.251150002530711403e-01 1.000000000000000000e+01 5.300000000000000000e+01 3.000000000000000000e+00
4.799670253706150858e-01 9.251150002530711403e-01 1.000000000000000000e+01 5.300000000000000000e+01 4.000000000000000000e+00
1.253998073877889974e-01 4.046500398475311178e-01 9.000000000000000000e+00 1.890000000000000000e+02 0.000000000000000000e+00
1.253998073877889974e-01 4.046500398475311178e-01 9.000000000000000000e+00 1.890000000000000000e+02 1.000000000000000000e+00
1.253998073877889974e-01 4.046500398475311178e-01 9.000000000000000000e+00 1.890000000000000000e+02 2.000000000000000000e+00
1.253998073877889974e-01 4.046500398475311178e-01 9.000000000000000000e+00 1.890000000000000000e+02 3.000000000000000000e+00
1.253998073877889974e-01 4.046500398475311178e-01 9.000000000000000000e+00 1.890000000000000000e+02 4.000000000000000000e+00
6.122199049231111800e-01 9.463748040652887328e-01 4.000000000000000000e+00 1.490000000000000000e+02 0.000000000000000000e+00
6.122199049231111800e-01 9.463748040652887328e-01 4.000000000000000000e+00 1.490000000000000000e+02 1.000000000000000000e+00
6.122199049231111800e-01 9.463748040652887328e-01 4.000000000000000000e+00 1.490000000000000000e+02 2.000000000000000000e+00
6.122199049231111800e-01 9.463748040652887328e-01 4.000000000000000000e+00 1.490000000000000000e+02 3.000000000000000000e+00
6.122199049231111800e-01 9.463748040652887328e-01 4.000000000000000000e+00 1.490000000000000000e+02 4.000000000000000000e+00
8.897180438403827496e-02 1.319776886498250201e+00 2.000000000000000000e+00 8.000000000000000000e+01 0.000000000000000000e+00
8.897180438403827496e-02 1.319776886498250201e+00 2.000000000000000000e+00 8.000000000000000000e+01 1.000000000000000000e+00
8.897180438403827496e-02 1.319776886498250201e+00 2.000000000000000000e+00 8.000000000000000000e+01 2.000000000000000000e+00
8.897180438403827496e-02 1.319776886498250201e+00 2.000000000000000000e+00 8.000000000000000000e+01 3.000000000000000000e+00
8.897180438403827496e-02 1.319776886498250201e+00 2.000000000000000000e+00 8.000000000000000000e+01 4.000000000000000000e+00
9.213410962369474877e-01 4.796793228345735960e-01 1.500000000000000000e+01 9.100000000000000000e+01 0.000000000000000000e+00
9.213410962369474877e-01 4.796793228345735960e-01 1.500000000000000000e+01 9.100000000000000000e+01 1.000000000000000000e+00
9.213410962369474877e-01 4.796793228345735960e-01 1.500000000000000000e+01 9.100000000000000000e+01 2.000000000000000000e+00
9.213410962369474877e-01 4.796793228345735960e-01 1.500000000000000000e+01 9.100000000000000000e+01 3.000000000000000000e+00
9.213410962369474877e-01 4.796793228345735960e-01 1.500000000000000000e+01 9.100000000000000000e+01 4.000000000000000000e+00
2.334279336109493785e-01 9.319732687921259418e-01 8.000000000000000000e+00 1.400000000000000000e+01 0.000000000000000000e+00
2.334279336109493785e-01 9.319732687921259418e-01 8.000000000000000000e+00 1.400000000000000000e+01 1.000000000000000000e+00
2.334279336109493785e-01 9.319732687921259418e-01 8.000000000000000000e+00 1.400000000000000000e+01 2.000000000000000000e+00
2.334279336109493785e-01 9.319732687921259418e-01 8.000000000000000000e+00 1.400000000000000000e+01 3.000000000000000000e+00
2.334279336109493785e-01 9.319732687921259418e-01 8.000000000000000000e+00 1.400000000000000000e+01 4.000000000000000000e+00
9.818596661619520827e-01 1.083903530149472161e+00 2.000000000000000000e+00 3.600000000000000000e+01 0.000000000000000000e+00
9.818596661619520827e-01 1.083903530149472161e+00 2.000000000000000000e+00 3.600000000000000000e+01 1.000000000000000000e+00
9.818596661619520827e-01 1.083903530149472161e+00 2.000000000000000000e+00 3.600000000000000000e+01 2.000000000000000000e+00
9.818596661619520827e-01 1.083903530149472161e+00 2.000000000000000000e+00 3.600000000000000000e+01 3.000000000000000000e+00
9.818596661619520827e-01 1.083903530149472161e+00 2.000000000000000000e+00 3.600000000000000000e+01 4.000000000000000000e+00
7.052638973138317668e-01 5.606973748925551115e-01 8.000000000000000000e+00 1.920000000000000000e+02 0.000000000000000000e+00
7.052638973138317668e-01 5.606973748925551115e-01 8.000000000000000000e+00 1.920000000000000000e+02 1.000000000000000000e+00
7.052638973138317668e-01 5.606973748925551115e-01 8.000000000000000000e+00 1.920000000000000000e+02 2.000000000000000000e+00
7.052638973138317668e-01 5.606973748925551115e-01 8.000000000000000000e+00 1.920000000000000000e+02 3.000000000000000000e+00
7.052638973138317668e-01 5.606973748925551115e-01 8.000000000000000000e+00 1.920000000000000000e+02 4.000000000000000000e+00
9.470015726666024536e-01 1.800036649670954558e+00 1.500000000000000000e+01 8.400000000000000000e+01 0.000000000000000000e+00
9.470015726666024536e-01 1.800036649670954558e+00 1.500000000000000000e+01 8.400000000000000000e+01 1.000000000000000000e+00
9.470015726666024536e-01 1.800036649670954558e+00 1.500000000000000000e+01 8.400000000000000000e+01 2.000000000000000000e+00
9.470015726666024536e-01 1.800036649670954558e+00 1.500000000000000000e+01 8.400000000000000000e+01 3.000000000000000000e+00
9.470015726666024536e-01 1.800036649670954558e+00 1.500000000000000000e+01 8.400000000000000000e+01 4.000000000000000000e+00
3.596704815987314952e-01 1.451366120486767386e+00 1.400000000000000000e+01 1.490000000000000000e+02 0.000000000000000000e+00
3.596704815987314952e-01 1.451366120486767386e+00 1.400000000000000000e+01 1.490000000000000000e+02 1.000000000000000000e+00
3.596704815987314952e-01 1.451366120486767386e+00 1.400000000000000000e+01 1.490000000000000000e+02 2.000000000000000000e+00
3.596704815987314952e-01 1.451366120486767386e+00 1.400000000000000000e+01 1.490000000000000000e+02 3.000000000000000000e+00
3.596704815987314952e-01 1.451366120486767386e+00 1.400000000000000000e+01 1.490000000000000000e+02 4.000000000000000000e+00
1.365797833409866380e-01 6.437651451093274746e-01 1.600000000000000000e+01 1.960000000000000000e+02 0.000000000000000000e+00
1.365797833409866380e-01 6.437651451093274746e-01 1.600000000000000000e+01 1.960000000000000000e+02 1.000000000000000000e+00
1.365797833409866380e-01 6.437651451093274746e-01 1.600000000000000000e+01 1.960000000000000000e+02 2.000000000000000000e+00
1.365797833409866380e-01 6.437651451093274746e-01 1.600000000000000000e+01 1.960000000000000000e+02 3.000000000000000000e+00
1.365797833409866380e-01 6.437651451093274746e-01 1.600000000000000000e+01 1.960000000000000000e+02 4.000000000000000000e+00
5.290965899435590147e-01 1.395582577184200312e+00 2.000000000000000000e+01 6.000000000000000000e+00 0.000000000000000000e+00
5.290965899435590147e-01 1.395582577184200312e+00 2.000000000000000000e+01 6.000000000000000000e+00 1.000000000000000000e+00
5.290965899435590147e-01 1.395582577184200312e+00 2.000000000000000000e+01 6.000000000000000000e+00 2.000000000000000000e+00
5.290965899435590147e-01 1.395582577184200312e+00 2.000000000000000000e+01 6.000000000000000000e+00 3.000000000000000000e+00
5.290965899435590147e-01 1.395582577184200312e+00 2.000000000000000000e+01 6.000000000000000000e+00 4.000000000000000000e+00
3.703950184875138829e-01 7.882514014941791602e-01 2.000000000000000000e+00 1.420000000000000000e+02 0.000000000000000000e+00
3.703950184875138829e-01 7.882514014941791602e-01 2.000000000000000000e+00 1.420000000000000000e+02 1.000000000000000000e+00
3.703950184875138829e-01 7.882514014941791602e-01 2.000000000000000000e+00 1.420000000000000000e+02 2.000000000000000000e+00
3.703950184875138829e-01 7.882514014941791602e-01 2.000000000000000000e+00 1.420000000000000000e+02 3.000000000000000000e+00
3.703950184875138829e-01 7.882514014941791602e-01 2.000000000000000000e+00 1.420000000000000000e+02 4.000000000000000000e+00
3.362323066403988259e-01 9.876838455637239056e-01 1.000000000000000000e+00 1.640000000000000000e+02 0.000000000000000000e+00
3.362323066403988259e-01 9.876838455637239056e-01 1.000000000000000000e+00 1.640000000000000000e+02 1.000000000000000000e+00
3.362323066403988259e-01 9.876838455637239056e-01 1.000000000000000000e+00 1.640000000000000000e+02 2.000000000000000000e+00
3.362323066403988259e-01 9.876838455637239056e-01 1.000000000000000000e+00 1.640000000000000000e+02 3.000000000000000000e+00
3.362323066403988259e-01 9.876838455637239056e-01 1.000000000000000000e+00 1.640000000000000000e+02 4.000000000000000000e+00
9.228894407985060999e-01 2.072669107970068314e+00 1.800000000000000000e+01 1.400000000000000000e+01 0.000000000000000000e+00
9.228894407985060999e-01 2.072669107970068314e+00 1.800000000000000000e+01 1.400000000000000000e+01 1.000000000000000000e+00
9.228894407985060999e-01 2.072669107970068314e+00 1.800000000000000000e+01 1.400000000000000000e+01 2.000000000000000000e+00
9.228894407985060999e-01 2.072669107970068314e+00 1.800000000000000000e+01 1.400000000000000000e+01 3.000000000000000000e+00
9.228894407985060999e-01 2.072669107970068314e+00 1.800000000000000000e+01 1.400000000000000000e+01 4.000000000000000000e+00
8.180510401538156895e-01 9.890801561255112562e-01 9.000000000000000000e+00 8.100000000000000000e+01 0.000000000000000000e+00
8.180510401538156895e-01 9.890801561255112562e-01 9.000000000000000000e+00 8.100000000000000000e+01 1.000000000000000000e+00
8.180510401538156895e-01 9.890801561255112562e-01 9.000000000000000000e+00 8.100000000000000000e+01 2.000000000000000000e+00
8.180510401538156895e-01 9.890801561255112562e-01 9.000000000000000000e+00 8.100000000000000000e+01 3.000000000000000000e+00
8.180510401538156895e-01 9.890801561255112562e-01 9.000000000000000000e+00 8.100000000000000000e+01 4.000000000000000000e+00
5.537529130940960220e-01 6.288067979489390114e-01 2.000000000000000000e+00 6.400000000000000000e+01 0.000000000000000000e+00
5.537529130940960220e-01 6.288067979489390114e-01 2.000000000000000000e+00 6.400000000000000000e+01 1.000000000000000000e+00
5.537529130940960220e-01 6.288067979489390114e-01 2.000000000000000000e+00 6.400000000000000000e+01 2.000000000000000000e+00
5.537529130940960220e-01 6.288067979489390114e-01 2.000000000000000000e+00 6.400000000000000000e+01 3.000000000000000000e+00
5.537529130940960220e-01 6.288067979489390114e-01 2.000000000000000000e+00 6.400000000000000000e+01 4.000000000000000000e+00
6.228839187488645068e-01 1.626702385834405684e-01 1.300000000000000000e+01 1.300000000000000000e+02 0.000000000000000000e+00
6.228839187488645068e-01 1.626702385834405684e-01 1.300000000000000000e+01 1.300000000000000000e+02 1.000000000000000000e+00
6.228839187488645068e-01 1.626702385834405684e-01 1.300000000000000000e+01 1.300000000000000000e+02 2.000000000000000000e+00
6.228839187488645068e-01 1.626702385834405684e-01 1.300000000000000000e+01 1.300000000000000000e+02 3.000000000000000000e+00
6.228839187488645068e-01 1.626702385834405684e-01 1.300000000000000000e+01 1.300000000000000000e+02 4.000000000000000000e+00
6.893006954167748557e-01 4.146798801264796053e-01 2.000000000000000000e+01 8.700000000000000000e+01 0.000000000000000000e+00
6.893006954167748557e-01 4.146798801264796053e-01 2.000000000000000000e+01 8.700000000000000000e+01 1.000000000000000000e+00
6.893006954167748557e-01 4.146798801264796053e-01 2.000000000000000000e+01 8.700000000000000000e+01 2.000000000000000000e+00
6.893006954167748557e-01 4.146798801264796053e-01 2.000000000000000000e+01 8.700000000000000000e+01 3.000000000000000000e+00
6.893006954167748557e-01 4.146798801264796053e-01 2.000000000000000000e+01 8.700000000000000000e+01 4.000000000000000000e+00
5.737399936742459267e-02 5.598330975420330313e-01 2.000000000000000000e+00 4.000000000000000000e+01 0.000000000000000000e+00
5.737399936742459267e-02 5.598330975420330313e-01 2.000000000000000000e+00 4.000000000000000000e+01 1.000000000000000000e+00
5.737399936742459267e-02 5.598330975420330313e-01 2.000000000000000000e+00 4.000000000000000000e+01 2.000000000000000000e+00
5.737399936742459267e-02 5.598330975420330313e-01 2.000000000000000000e+00 4.000000000000000000e+01 3.000000000000000000e+00
5.737399936742459267e-02 5.598330975420330313e-01 2.000000000000000000e+00 4.000000000000000000e+01 4.000000000000000000e+00
5.216230690663011815e-01 4.513623236265223992e-01 1.000000000000000000e+00 1.530000000000000000e+02 0.000000000000000000e+00
5.216230690663011815e-01 4.513623236265223992e-01 1.000000000000000000e+00 1.530000000000000000e+02 1.000000000000000000e+00
5.216230690663011815e-01 4.513623236265223992e-01 1.000000000000000000e+00 1.530000000000000000e+02 2.000000000000000000e+00
5.216230690663011815e-01 4.513623236265223992e-01 1.000000000000000000e+00 1.530000000000000000e+02 3.000000000000000000e+00
5.216230690663011815e-01 4.513623236265223992e-01 1.000000000000000000e+00 1.530000000000000000e+02 4.000000000000000000e+00
8.586432113795652299e-01 8.010216105987578716e-01 1.300000000000000000e+01 3.900000000000000000e+01 0.000000000000000000e+00
8.586432113795652299e-01 8.010216105987578716e-01 1.300000000000000000e+01 3.900000000000000000e+01 1.000000000000000000e+00
8.586432113795652299e-01 8.010216105987578716e-01 1.300000000000000000e+01 3.900000000000000000e+01 2.000000000000000000e+00
8.586432113795652299e-01 8.010216105987578716e-01 1.300000000000000000e+01 3.900000000000000000e+01 3.000000000000000000e+00
8.586432113795652299e-01 8.010216105987578716e-01 1.300000000000000000e+01 3.900000000000000000e+01 4.000000000000000000e+00
