7.189161623467963391e-01 1.399063164087469835e-01 3.000000000000000000e+00 5.700000000000000000e+01 0.000000000000000000e+00
7.093301545899119986e-01 2.019423420801825575e+00 1.700000000000000000e+01 2.000000000000000000e+02 0.000000000000000000e+00
7.832019696562967370e-01 1.687904890505581568e+00 1.800000000000000000e+01 1.770000000000000000e+02 0.000000000000000000e+00
8.598977981299729123e-01 4.437532175377162380e-01 3.000000000000000000e+00 1.650000000000000000e+02 0.000000000000000000e+00
6.646224111166693094e-01 9.010295572458860702e-01 1.500000000000000000e+01 7.600000000000000000e+01 0.000000000000000000e+00
9.408017602109255417e-01 1.705273249094813481e+00 1.600000000000000000e+01 3.800000000000000000e+01 0.000000000000000000e+00
5.602537891904966205e-01 2.279566979364918977e-01 1.300000000000000000e+01 3.700000000000000000e+01 0.000000000000000000e+00
2.818740602163933850e-01 1.900291365940331156e-01 4.000000000000000000e+00 2.900000000000000000e+01 0.000000000000000000e+00
4.169743527760931823e-01 4.485392007970431250e-01 1.800000000000000000e+01 7.800000000000000000e+01 0.000000000000000000e+00
1.345074437511740717e-01 1.166878922352458714e+00 1.300000000000000000e+01 3.500000000000000000e+01 0.000000000000000000e+00
5.151198934191389966e-01 1.450997366307171799e+00 1.000000000000000000e+01 3.900000000000000000e+01 0.000000000000000000e+00
4.761941650481928967e-01 1.870432663908806692e+00 1.300000000000000000e+01 1.540000000000000000e+02 0.000000000000000000e+00
6.821942666894654783e-01 4.120843214684085654e-01 9.000000000000000000e+00 1.380000000000000000e+02 0.000000000000000000e+00
5.365484620668130589e-01 1.176720169424196882e+00 1.500000000000000000e+01 1.110000000000000000e+02 0.000000000000000000e+00
8.277360256156911511e-01 4.626914616684104642e-01 8.000000000000000000e+00 1.210000000000000000e+02 0.000000000000000000e+00
4.035279682766809151e-01 9.481056325331495005e-01 1.100000000000000000e+01 9.500000000000000000e+01 0.000000000000000000e+00
9.143318234478440276e-01 6.313512117785903266e-01 2.000000000000000000e+00 1.300000000000000000e+01 0.000000000000000000e+00
6.564127039059566293e-01 1.477290502093253632e+00 1.300000000000000000e+01 7.000000000000000000e+00 0.000000000000000000e+00
7.585364468862918486e-01 1.574937521117204087e+00 1.400000000000000000e+01 9.000000000000000000e+00 0.000000000000000000e+00
2.429602908072581169e-01 2.034370425830287932e+00 5.000000000000000000e+00 1.130000000000000000e+02 0.000000000000000000e+00
9.443572265011510591e-01 1.187203848309984711e+00 1.100000000000000000e+01 4.400000000000000000e+01 0.000000000000000000e+00
9.078936101047679896e-01 8.048475808808609466e-01 1.600000000000000000e+01 1.580000000000000000e+02 0.000000000000000000e+00
5.990536841644747978e-01 1.814698686421078788e+00 1.200000000000000000e+01 7.700000000000000000e+01 0.000000000000000000e+00
1.917260317954671417e-02 1.936944892484774305e+00 1.300000000000000000e+01 1.370000000000000000e+02 0.000000000000000000e+00
6.711895601510061704e-01 1.926390648024579821e+00 1.100000000000000000e+01 1.070000000000000000e+02 0.000000000000000000e+00
1.363803687038172008e-01 5.559549881572453112e-01 1.300000000000000000e+01 1.890000000000000000e+02 0.000000000000000000e+00
2.402416654976397004e-01 9.413991228429378078e-01 1.300000000000000000e+01 1.030000000000000000e+02 0.000000000000000000e+00
8.718349260947639845e-01 9.157643195133443603e-01 4.000000000000000000e+00 1.580000000000000000e+02 0.000000000000000000e+00
3.696196916261899057e-01 1.738234583519420173e+00 2.000000000000000000e+01 1.980000000000000000e+02 0.000000000000000000e+00
2.652681924960074156e-01 1.530145425687303495e+00 1.000000000000000000e+01 1.440000000000000000e+02 0.000000000000000000e+00
2.627797603176639241e-01 8.159077697906665927e-01 1.100000000000000000e+01 3.000000000000000000e+01 0.000000000000000000e+00
4.856460671811452245e-01 5.352741210475208122e-01 2.000000000000000000e+00 8.600000000000000000e+01 0.000000000000000000e+00
7.256566104160182551e-01 1.595715715599442808e+00 1.000000000000000000e+01 6.300000000000000000e+01 0.000000000000000000e+00
3.933174559593110436e-02 5.998243891665168137e-01 4.000000000000000000e+00 8.000000000000000000e+01 0.000000000000000000e+00
2.176336265402679659e-01 1.180566733369198484e+00 1.600000000000000000e+01 1.450000000000000000e+02 0.000000000000000000e+00
4.615382744112024316e-01 1.292621612400647768e+00 9.000000000000000000e+00 4.000000000000000000e+01 0.000000000000000000e+00
7.087958964909976123e-01 4.761741572483343399e-01 1.800000000000000000e+01 1.270000000000000000e+02 0.000000000000000000e+00
7.626886499662849372e-01 1.803469078858700669e+00 6.000000000000000000e+00 5.500000000000000000e+01 0.000000000000000000e+00
6.585000488954827202e-02 6.687976889832468741e-01 6.000000000000000000e+00 1.660000000000000000e+02 0.000000000000000000e+00
2.169707287663339423e-01 3.729041440055783641e-01 4.000000000000000000e+00 5.500000000000000000e+01 0.000000000000000000e+00
4.886168219803856960e-01 1.336156500494107391e+00 1.500000000000000000e+01 1.700000000000000000e+01 0.000000000000000000e+00
7.356391664522395901e-01 4.082993575809829023e-01 4.000000000000000000e+00 1.010000000000000000e+02 0.000000000000000000e+00
4.772297455863854232e-01 3.475028747895204662e-01 3.000000000000000000e+00 1.240000000000000000e+02 0.000000000000000000e+00
4.100196081489850819e-01 3.755560113923389620e-01 2.000000000000000000e+00 3.300000000000000000e+01 0.000000000000000000e+00
5.911712461364220239e-01 7.068033783123078839e-01 1.100000000000000000e+01 1.830000000000000000e+02 0.000000000000000000e+00
4.253181860672778924e-01 9.617422634373630208e-01 5.000000000000000000e+00 1.520000000000000000e+02 0.000000000000000000e+00
2.649461845522934622e-01 1.128312458549384667e+00 1.700000000000000000e+01 2.700000000000000000e+01 0.000000000000000000e+00
7.998247345697055977e-01 1.306488005745280567e+00 4.000000000000000000e+00 7.400000000000000000e+01 0.000000000000000000e+00
5.000705180350581980e-01 8.921241204417983406e-01 1.600000000000000000e+01 1.600000000000000000e+01 0.000000000000000000e+00
8.986553109460638789e-01 2.614284316452145651e-01 2.000000000000000000e+00 1.010000000000000000e+02 0.000000000000000000e+00
1.110049507188931445e-01 1.932011800727113426e+00 1.400000000000000000e+01 2.400000000000000000e+01 1.000000000000000000e+00
2.649782468879643416e-01 1.536137871204256378e+00 1.600000000000000000e+01 2.700000000000000000e+01 1.000000000000000000e+00
4.944076697672107334e-01 1.811064512601790799e+00 9.000000000000000000e+00 5.000000000000000000e+01 1.000000000000000000e+00
5.582447369632065337e-01 2.057467954107079944e+00 1.800000000000000000e+01 1.150000000000000000e+02 1.000000000000000000e+00
9.138954232070760353e-02 2.001887352597588876e+00 1.400000000000000000e+01 9.400000000000000000e+01 1.000000000000000000e+00
2.197436504921885803e-01 5.108093917720980537e-01 1.500000000000000000e+01 6.500000000000000000e+01 1.000000000000000000e+00
9.747610077808321893e-01 5.982998195786454199e-01 1.700000000000000000e+01 1.060000000000000000e+02 1.000000000000000000e+00
2.076120981116563735e-01 1.645890860322789750e+00 1.000000000000000000e+01 1.920000000000000000e+02 1.000000000000000000e+00
7.088284191478542162e-01 1.025047931983050109e+00 3.000000000000000000e+00 1.460000000000000000e+02 1.000000000000000000e+00
9.208642889050122626e-01 1.685659895350050563e+00 1.000000000000000000e+01 7.900000000000000000e+01 1.000000000000000000e+00
4.918411217172768968e-01 1.430716624653402658e+00 5.000000000000000000e+00 1.080000000000000000e+02 1.000000000000000000e+00
9.625018003507113118e-01 4.374608733306072361e-01 1.700000000000000000e+01 1.130000000000000000e+02 1.000000000000000000e+00
2.557224693227565931e-02 1.673911169080281702e+00 3.000000000000000000e+00 9.500000000000000000e+01 1.000000000000000000e+00
2.632642706539883859e-01 1.677713909474555509e-01 1.000000000000000000e+00 1.540000000000000000e+02 1.000000000000000000e+00
3.610695676450638159e-01 2.066752754333845754e+00 1.000000000000000000e+01 1.420000000000000000e+02 1.000000000000000000e+00
2.265505530315558014e-01 8.673115703818407018e-01 6.000000000000000000e+00 5.200000000000000000e+01 1.000000000000000000e+00
1.959540170298252892e-01 1.935953074628261383e+00 1.500000000000000000e+01 4.400000000000000000e+01 1.000000000000000000e+00
9.889526662543800251e-02 9.497396592504115942e-01 8.000000000000000000e+00 5.500000000000000000e+01 1.000000000000000000e+00
2.088082165762225051e-01 9.636272904704511477e-01 1.900000000000000000e+01 6.500000000000000000e+01 1.000000000000000000e+00
4.934724089465957614e-02 1.830104719218641707e+00 1.000000000000000000e+01 5.400000000000000000e+01 1.000000000000000000e+00
1.005847716941397740e+00 2.183780897747617245e-01 1.000000000000000000e+00 5.500000000000000000e+01 1.000000000000000000e+00
3.256314812731079256e-01 9.934977466083417807e-01 1.000000000000000000e+00 7.800000000000000000e+01 1.000000000000000000e+00
9.646064368217336371e-01 1.873443140132664997e+00 1.800000000000000000e+01 1.600000000000000000e+02 1.000000000000000000e+00
8.775424931987184374e-02 1.973668843885714175e+00 1.000000000000000000e+00 1.980000000000000000e+02 1.000000000000000000e+00
3.183843140523436865e-01 1.950683158853251664e-01 1.500000000000000000e+01 1.020000000000000000e+02 1.000000000000000000e+00
6.375089451116903172e-01 2.663210657195601572e-01 8.000000000000000000e+00 5.000000000000000000e+01 1.000000000000000000e+00
3.845085770129317293e-01 3.023063882972446548e-01 1.500000000000000000e+01 1.900000000000000000e+02 1.000000000000000000e+00
8.304197416115532970e-01 1.329867558175012787e+00 1.400000000000000000e+01 1.220000000000000000e+02 1.000000000000000000e+00
2.586524122973348216e-01 5.017911300497951421e-01 7.000000000000000000e+00 1.650000000000000000e+02 1.000000000000000000e+00
1.045120352823257631e-01 1.215170041073357687e+00 4.000000000000000000e+00 8.500000000000000000e+01 1.000000000000000000e+00
6.824191432469121077e-01 1.066559345083312460e-01 1.800000000000000000e+01 1.860000000000000000e+02 1.000000000000000000e+00
8.844444588210437219e-01 3.807232478190177849e-01 6.000000000000000000e+00 1.880000000000000000e+02 1.000000000000000000e+00
9.295908500556681053e-01 1.217626981117471419e-01 1.400000000000000000e+01 6.500000000000000000e+01 1.000000000000000000e+00
1.919009441314266651e-01 1.262944560985244769e+00 1.000000000000000000e+01 2.000000000000000000e+00 1.000000000000000000e+00
4.499304604796608986e-01 1.971531711578417889e+00 1.500000000000000000e+01 1.610000000000000000e+02 1.000000000000000000e+00
1.003705237047809451e+00 1.160219470393493157e+00 1.500000000000000000e+01 1.660000000000000000e+02 1.000000000000000000e+00
3.155820436738366874e-01 1.077314599978470844e-01 7.000000000000000000e+00 4.500000000000000000e+01 1.000000000000000000e+00
8.589967644559931559e-01 1.192624750019272595e+00 1.500000000000000000e+01 5.400000000000000000e+01 1.000000000000000000e+00
6.747304345133378067e-01 1.716426202842741555e-01 6.000000000000000000e+00 5.700000000000000000e+01 1.000000000000000000e+00
7.293224078884567030e-01 9.242545793220374728e-01 1.900000000000000000e+01 1.200000000000000000e+02 1.000000000000000000e+00
9.581833646235100588e-01 1.126156404967103120e+00 2.000000000000000000e+01 1.050000000000000000e+02 1.000000000000000000e+00
3.673468347610532314e-01 1.969353578576999775e+00 1.300000000000000000e+01 1.300000000000000000e+02 1.000000000000000000e+00
2.758653101440917688e-01 1.317040404729352687e+00 8.000000000000000000e+00 8.000000000000000000e+00 1.000000000000000000e+00
7.193706569953132179e-01 1.576877663363551507e+00 9.000000000000000000e+00 8.700000000000000000e+01 1.000000000000000000e+00
3.130138885266864346e-01 1.639228269652629466e+00 2.000000000000000000e+00 7.400000000000000000e+01 1.000000000000000000e+00
7.845546927571367402e-01 1.654011381769208144e+00 1.200000000000000000e+01 1.210000000000000000e+02 1.000000000000000000e+00
4.245359651200755202e-01 1.258465367166393678e+00 1.800000000000000000e+01 1.790000000000000000e+02 1.000000000000000000e+00
9.023041978593684398e-01 1.676953694911745840e+00 1.000000000000000000e+01 4.500000000000000000e+01 1.000000000000000000e+00
4.886578484075013717e-01 2.663787681488992698e-01 4.000000000000000000e+00 6.100000000000000000e+01 1.000000000000000000e+00
6.413949690225644318e-01 1.662648516367860374e+00 3.000000000000000000e+00 1.110000000000000000e+02 1.000000000000000000e+00
9.378488013720328587e-01 3.684397814535674831e-01 1.000000000000000000e+01 3.900000000000000000e+01 2.000000000000000000e+00
2.688553714557265772e-01 1.109933252483617627e+00 1.200000000000000000e+01 9.600000000000000000e+01 2.000000000000000000e+00
2.101731748597199800e-01 2.053091625661432218e+00 1.800000000000000000e+01 2.500000000000000000e+01 2.000000000000000000e+00
6.538913900786571531e-01 9.456792223160063182e-01 1.200000000000000000e+01 7.100000000000000000e+01 2.000000000000000000e+00
9.282953420302051395e-01 1.305541684231140975e-01 1.200000000000000000e+01 1.860000000000000000e+02 2.000000000000000000e+00
9.384440559323735387e-02 1.893541162275551804e+00 1.900000000000000000e+01 3.800000000000000000e+01 2.000000000000000000e+00
9.402290290799574235e-01 5.694571502146820174e-01 1.400000000000000000e+01 6.300000000000000000e+01 2.000000000000000000e+00
3.549766561779700291e-01 1.960171805320014560e+00 1.000000000000000000e+01 1.160000000000000000e+02 2.000000000000000000e+00
5.161677933853441314e-01 5.203627030875336290e-01 9.000000000000000000e+00 2.600000000000000000e+01 2.000000000000000000e+00
1.626566392843397518e-02 1.827385293634145036e+00 9.000000000000000000e+00 8.600000000000000000e+01 2.000000000000000000e+00
8.184261975144356827e-01 1.843972831732342554e-01 1.500000000000000000e+01 1.680000000000000000e+02 2.000000000000000000e+00
6.568107844626457359e-01 7.703988370175417488e-01 1.400000000000000000e+01 1.760000000000000000e+02 2.000000000000000000e+00
5.181163843191117779e-01 2.183718665143338511e-01 1.000000000000000000e+01 1.790000000000000000e+02 2.000000000000000000e+00
6.225726577946081308e-01 9.198035903737854513e-01 1.000000000000000000e+00 1.450000000000000000e+02 2.000000000000000000e+00
7.728061528538504588e-01 1.333737632061339495e-01 1.400000000000000000e+01 3.700000000000000000e+01 2.000000000000000000e+00
3.477823080967020752e-01 8.151610185883281234e-01 1.000000000000000000e+01 9.400000000000000000e+01 2.000000000000000000e+00
9.277534133365659130e-01 1.449131915502196721e-01 3.000000000000000000e+00 3.200000000000000000e+01 2.000000000000000000e+00
3.798099460296562313e-01 1.436380961864459183e+00 2.000000000000000000e+00 1.140000000000000000e+02 2.000000000000000000e+00
1.073762046795362218e-01 1.416434904688566254e+00 9.000000000000000000e+00 2.700000000000000000e+01 2.000000000000000000e+00
6.044974790998827174e-01 1.516655393123329532e+00 5.000000000000000000e+00 3.800000000000000000e+01 2.000000000000000000e+00
8.073509138348559100e-01 3.611817918669631977e-01 1.400000000000000000e+01 1.950000000000000000e+02 2.000000000000000000e+00
2.585095512770784199e-01 8.841411885312723262e-01 9.000000000000000000e+00 1.420000000000000000e+02 2.000000000000000000e+00
1.021775314669218643e-01 8.536650861339359908e-01 5.000000000000000000e+00 4.200000000000000000e+01 2.000000000000000000e+00
1.960630171207269346e-01 1.268147715759249339e+00 2.000000000000000000e+00 1.730000000000000000e+02 2.000000000000000000e+00
6.039766298216269202e-01 1.946950615605735069e-01 1.800000000000000000e+01 4.100000000000000000e+01 2.000000000000000000e+00
4.353598182968237973e-01 7.583012119029989284e-01 1.500000000000000000e+01 1.320000000000000000e+02 2.000000000000000000e+00
1.714197486785238311e-01 1.219370584211877384e+00 1.900000000000000000e+01 1.590000000000000000e+02 2.000000000000000000e+00
1.997649244649889883e-02 1.944263727426386312e+00 1.300000000000000000e+01 5.000000000000000000e+00 2.000000000000000000e+00
2.904647782645690679e-01 1.786290175911300793e+00 7.000000000000000000e+00 9.700000000000000000e+01 2.000000000000000000e+00
4.733878720864114209e-01 8.404019404416921413e-01 1.100000000000000000e+01 2.400000000000000000e+01 2.000000000000000000e+00
2.846286088536357228e-01 1.720720229480283026e+00 2.000000000000000000e+00 9.400000000000000000e+01 2.000000000000000000e+00
9.306496949364920779e-01 1.045402033595320246e+00 5.000000000000000000e+00 1.400000000000000000e+01 2.000000000000000000e+00
7.574585731503424846e-01 7.267656095571665142e-01 1.100000000000000000e+01 1.300000000000000000e+02 2.000000000000000000e+00
3.152954750656033339e-02 1.129552424449555836e+00 2.000000000000000000e+00 8.000000000000000000e+00 2.000000000000000000e+00
3.130721593248375623e-01 7.201991646012949611e-01 1.100000000000000000e+01 4.900000000000000000e+01 2.000000000000000000e+00
4.599793691383476935e-01 9.154694583176788969e-01 1.300000000000000000e+01 3.300000000000000000e+01 2.000000000000000000e+00
1.665076205714998148e-01 1.402482700719573705e+00 1.000000000000000000e+00 7.600000000000000000e+01 2.000000000000000000e+00
7.723835170102792969e-01 3.926691699807719482e-01 1.100000000000000000e+01 1.420000000000000000e+02 2.000000000000000000e+00
1.001908769391823606e+00 1.702850957213871697e+00 1.500000000000000000e+01 1.210000000000000000e+02 2.000000000000000000e+00
1.211807388202482544e-01 8.349367091874143609e-01 8.000000000000000000e+00 6.800000000000000000e+01 2.000000000000000000e+00
4.473090934165403487e-01 2.039369335397275051e+00 8.000000000000000000e+00 1.560000000000000000e+02 2.000000000000000000e+00
6.299582108511506684e-01 1.146102728581569696e+00 1.900000000000000000e+01 1.760000000000000000e+02 2.000000000000000000e+00
9.410755610021664941e-01 3.457810509001343346e-01 1.000000000000000000e+01 1.720000000000000000e+02 2.000000000000000000e+00
5.473887391066133840e-02 6.227218369482693250e-01 3.000000000000000000e+00 1.490000000000000000e+02 2.000000000000000000e+00
8.221746665040152724e-01 1.477045086695443210e+00 1.500000000000000000e+01 4.900000000000000000e+01 2.000000000000000000e+00
2.419523579726908791e-01 3.858630755685391600e-01 1.000000000000000000e+01 3.900000000000000000e+01 2.000000000000000000e+00
1.389706184353911578e-01 1.118759587852101722e+00 5.000000000000000000e+00 1.760000000000000000e+02 2.000000000000000000e+00
4.883259557907907444e-01 3.167157682972058241e-01 1.500000000000000000e+01 1.930000000000000000e+02 2.000000000000000000e+00
7.282996966526003035e-01 9.211193869011849999e-01 1.100000000000000000e+01 1.670000000000000000e+02 2.000000000000000000e+00
1.005941011300342414e+00 1.260757579405740181e+00 1.700000000000000000e+01 9.700000000000000000e+01 2.000000000000000000e+00
5.847203619262797414e-01 1.365494315152099736e+00 1.500000000000000000e+01 5.600000000000000000e+01 3.000000000000000000e+00
6.085664948497105931e-01 8.059775987761895744e-01 1.700000000000000000e+01 5.000000000000000000e+00 3.000000000000000000e+00
4.129199516125593439e-01 3.596299539745665408e-01 1.600000000000000000e+01 1.480000000000000000e+02 3.000000000000000000e+00
2.926734834994053625e-01 1.385153041074515423e+00 2.000000000000000000e+00 1.930000000000000000e+02 3.000000000000000000e+00
1.214786674169497788e-01 3.571367512516380183e-01 1.000000000000000000e+00 5.000000000000000000e+00 3.000000000000000000e+00
4.964073245520715938e-01 2.015047696026136814e-01 2.000000000000000000e+00 1.290000000000000000e+02 3.000000000000000000e+00
7.768288638719447192e-01 8.316079746782735205e-01 9.000000000000000000e+00 1.390000000000000000e+02 3.000000000000000000e+00
9.132558660055244415e-01 1.642230379618196123e-01 8.000000000000000000e+00 6.600000000000000000e+01 3.000000000000000000e+00
5.083608737655883614e-01 4.810051213012817017e-01 2.000000000000000000e+00 8.300000000000000000e+01 3.000000000000000000e+00
7.305115749259962765e-01 8.666605249465929584e-01 1.700000000000000000e+01 4.400000000000000000e+01 3.000000000000000000e+00
1.599883719270182025e-01 1.926477902884694837e-01 8.000000000000000000e+00 8.400000000000000000e+01 3.000000000000000000e+00
5.268200911645460893e-01 1.599732149949988802e+00 1.200000000000000000e+01 5.900000000000000000e+01 3.000000000000000000e+00
6.898071267667578166e-01 1.546613880061331381e+00 1.700000000000000000e+01 9.100000000000000000e+01 3.000000000000000000e+00
7.576686910213742410e-01 1.560204391157270720e+00 1.900000000000000000e+01 6.700000000000000000e+01 3.000000000000000000e+00
9.849551439026643651e-01 8.437792852271571720e-01 1.000000000000000000e+00 1.540000000000000000e+02 3.000000000000000000e+00
9.220375549766018919e-01 6.494653413893244354e-01 4.000000000000000000e+00 1.030000000000000000e+02 3.000000000000000000e+00
7.526734045767862202e-01 3.890578341807503504e-01 6.000000000000000000e+00 1.480000000000000000e+02 3.000000000000000000e+00
5.159619031735584310e-02 1.514467257442595916e+00 1.600000000000000000e+01 9.400000000000000000e+01 3.000000000000000000e+00
8.142155944648727939e-01 1.691527993045203404e+00 1.200000000000000000e+01 1.850000000000000000e+02 3.000000000000000000e+00
3.703412373312605643e-01 3.592417251020311175e-01 1.300000000000000000e+01 1.860000000000000000e+02 3.000000000000000000e+00
8.496880150990292480e-01 4.550718026525616411e-01 5.000000000000000000e+00 1.550000000000000000e+02 3.000000000000000000e+00
7.248960281859818666e-01 5.371899110414147804e-01 1.000000000000000000e+01 1.750000000000000000e+02 3.000000000000000000e+00
8.063839297112797011e-01 1.128495003710243250e+00 8.000000000000000000e+00 5.600000000000000000e+01 3.000000000000000000e+00
6.838297305289423589e-01 7.669248006017453934e-01 1.800000000000000000e+01 7.600000000000000000e+01 3.000000000000000000e+00
7.485937874805236036e-02 6.536468154347435666e-01 1.400000000000000000e+01 1.480000000000000000e+02 3.000000000000000000e+00
5.475651504343419518e-01 1.593490826223471490e+00 1.100000000000000000e+01 6.600000000000000000e+01 3.000000000000000000e+00
5.271593387290517824e-02 2.041442918175150556e+00 1.900000000000000000e+01 9.100000000000000000e+01 3.000000000000000000e+00
3.912576420533213639e-01 1.164305537204547658e+00 3.000000000000000000e+00 1.470000000000000000e+02 3.000000000000000000e+00
6.490493091184420527e-01 3.233809613172552444e-01 8.000000000000000000e+00 7.000000000000000000e+01 3.000000000000000000e+00
9.367212995545990406e-01 1.589573994802374879e-01 1.300000000000000000e+01 1.020000000000000000e+02 3.000000000000000000e+00
5.072086764025545147e-01 1.290078673117112995e+00 2.000000000000000000e+00 1.930000000000000000e+02 3.000000000000000000e+00
7.004680641540622643e-01 2.189643323845923695e-01 1.100000000000000000e+01 7.900000000000000000e+01 3.000000000000000000e+00
3.252012169761957505e-01 1.289631239317563516e+00 1.400000000000000000e+01 7.500000000000000000e+01 3.000000000000000000e+00
7.299966156925190575e-01 3.362918751960194408e-01 4.000000000000000000e+00 1.400000000000000000e+02 3.000000000000000000e+00
7.071178818087502371e-01 3.095061637545780675e-01 1.000000000000000000e+01 1.600000000000000000e+02 3.000000000000000000e+00
3.883177889388143011e-01 1.069275056589705786e+00 1.600000000000000000e+01 4.800000000000000000e+01 3.000000000000000000e+00
3.465478140537674445e-01 1.287102338501515675e+00 5.000000000000000000e+00 1.230000000000000000e+02 3.000000000000000000e+00
6.129173420138551709e-01 8.249786719744353070e-01 2.000000000000000000e+01 9.600000000000000000e+01 3.000000000000000000e+00
1.053682485201835467e-01 3.894571902841800215e-01 1.500000000000000000e+01 2.200000000000000000e+01 3.000000000000000000e+00
7.229436132692637074e-01 1.722977099121511424e+00 4.000000000000000000e+00 9.700000000000000000e+01 3.000000000000000000e+00
4.883405578113567680e-01 1.811032130722153743e+00 5.000000000000000000e+00 3.500000000000000000e+01 3.000000000000000000e+00
2.710554638305343600e-01 2.852221339976440673e-01 9.000000000000000000e+00 1.870000000000000000e+02 3.000000000000000000e+00
8.557232816150230903e-01 1.928642644584932064e+00 9.000000000000000000e+00 6.000000000000000000e+01 3.000000000000000000e+00
4.384419859910185790e-01 1.223990235996983422e+00 1.200000000000000000e+01 1.610000000000000000e+02 3.000000000000000000e+00
9.594127005944200759e-01 3.800983263380249833e-01 7.000000000000000000e+00 6.400000000000000000e+01 3.000000000000000000e+00
4.800741610934220471e-01 1.213548192953325833e+00 4.000000000000000000e+00 6.200000000000000000e+01 3.000000000000000000e+00
1.196908396426543536e-01 2.019094374772924194e+00 1.400000000000000000e+01 7.600000000000000000e+01 3.000000000000000000e+00
8.073769970318432909e-01 1.668271134472481432e+00 1.500000000000000000e+01 1.900000000000000000e+01 3.000000000000000000e+00
2.230791010032708854e-01 1.055641290200172389e+00 1.700000000000000000e+01 3.300000000000000000e+01 3.000000000000000000e+00
7.520379261745627764e-01 1.851954987808837272e+00 8.000000000000000000e+00 1.790000000000000000e+02 3.000000000000000000e+00
2.749975359857351753e-01 1.670367400228958354e+00 2.000000000000000000e+00 2.600000000000000000e+01 4.000000000000000000e+00
4.050020827075336838e-01 3.248901860201410807e-01 3.000000000000000000e+00 1.280000000000000000e+02 4.000000000000000000e+00
4.467245883119191907e-01 2.384161073081169369e-01 5.000000000000000000e+00 5.600000000000000000e+01 4.000000000000000000e+00
7.879165649556525430e-01 5.468247956234463247e-01 1.000000000000000000e+00 8.600000000000000000e+01 4.000000000000000000e+00
4.933262892646327752e-02 1.071439780904565264e+00 1.900000000000000000e+01 1.000000000000000000e+02 4.000000000000000000e+00
7.690366196194872161e-01 5.930872276590376524e-01 3.000000000000000000e+00 1.570000000000000000e+02 4.000000000000000000e+00
5.718723040239547667e-02 1.021644223403422647e+00 1.500000000000000000e+01 1.560000000000000000e+02 4.000000000000000000e+00
7.043857522085070766e-01 6.717126956837674578e-01 8.000000000000000000e+00 5.800000000000000000e+01 4.000000000000000000e+00
4.451326227453054063e-01 9.869083075495775903e-01 1.300000000000000000e+01 1.230000000000000000e+02 4.000000000000000000e+00
3.159311862686848826e-01 1.884712278529631524e+00 1.300000000000000000e+01 3.500000000000000000e+01 4.000000000000000000e+00
4.073739783166281381e-01 1.946318305519318725e+00 6.000000000000000000e+00 1.700000000000000000e+01 4.000000000000000000e+00
7.218081107055311918e-01 8.968818033164666081e-01 1.500000000000000000e+01 1.370000000000000000e+02 4.000000000000000000e+00
2.353762208881670093e-01 1.643176605918378608e-01 3.000000000000000000e+00 1.010000000000000000e+02 4.000000000000000000e+00
7.065753802846939102e-01 1.571480078727450991e+00 1.700000000000000000e+01 7.700000000000000000e+01 4.000000000000000000e+00
6.587200503341806845e-01 7.203034678413909875e-01 6.000000000000000000e+00 1.530000000000000000e+02 4.000000000000000000e+00
3.561858064837046811e-01 5.734658115579714943e-01 2.000000000000000000e+01 8.800000000000000000e+01 4.000000000000000000e+00
8.519901475654551026e-01 1.718557678593327420e+00 1.300000000000000000e+01 6.800000000000000000e+01 4.000000000000000000e+00
6.997101476786037333e-01 2.063782566196819435e+00 5.000000000000000000e+00 9.300000000000000000e+01 4.000000000000000000e+00
1.983591965918919398e-01 6.510669660765570077e-01 1.000000000000000000e+01 1.050000000000000000e+02 4.000000000000000000e+00
3.016957104287791847e-01 1.263364063793896763e+00 5.000000000000000000e+00 6.300000000000000000e+01 4.000000000000000000e+00
5.981100022551405493e-01 8.668076152705054271e-01 1.400000000000000000e+01 1.440000000000000000e+02 4.000000000000000000e+00
9.377329197919004322e-01 7.813432411185540216e-01 8.000000000000000000e+00 1.540000000000000000e+02 4.000000000000000000e+00
6.346298554372174772e-02 1.816075697782088216e+00 1.000000000000000000e+00 2.200000000000000000e+01 4.000000000000000000e+00
1.848368186637768806e-01 7.701925121092897397e-01 2.000000000000000000e+01 5.300000000000000000e+01 4.000000000000000000e+00
4.886243345165098839e-01 1.873700277450686347e+00 1.000000000000000000e+01 1.830000000000000000e+02 4.000000000000000000e+00
8.355166120395031149e-01 1.592937417995799798e+00 1.900000000000000000e+01 1.910000000000000000e+02 4.000000000000000000e+00
7.538833213986642079e-01 1.586474971039328052e-01 2.000000000000000000e+00 1.420000000000000000e+02 4.000000000000000000e+00
7.890416325289253408e-01 4.574985456058190403e-01 6.000000000000000000e+00 1.180000000000000000e+02 4.000000000000000000e+00
1.623962005920021046e-01 4.574109190430063476e-01 5.000000000000000000e+00 1.700000000000000000e+01 4.000000000000000000e+00
5.536532953084768449e-01 2.017410917120241010e+00 2.000000000000000000e+00 1.140000000000000000e+02 4.000000000000000000e+00
9.723132192036998411e-01 1.582340636990096527e+00 1.000000000000000000e+01 1.630000000000000000e+02 4.000000000000000000e+00
8.540743893274095333e-01 1.361891066147917551e+00 9.000000000000000000e+00 7.800000000000000000e+01 4.000000000000000000e+00
6.538260356355988234e-01 1.495607961664482843e+00 2.000000000000000000e+01 3.900000000000000000e+01 4.000000000000000000e+00
6.175991275955157178e-01 5.589798253011702966e-01 1.400000000000000000e+01 1.400000000000000000e+02 4.000000000000000000e+00
7.045822961952391550e-01 3.764351491395546701e-01 8.000000000000000000e+00 1.370000000000000000e+02 4.000000000000000000e+00
8.359108125165275460e-01 1.060544936651723225e+00 5.000000000000000000e+00 1.270000000000000000e+02 4.000000000000000000e+00
3.824654306242058349e-02 5.898349830220800394e-01 1.300000000000000000e+01 1.520000000000000000e+02 4.000000000000000000e+00
3.552901673888541473e-02 3.683794371735714668e-01 6.000000000000000000e+00 3.700000000000000000e+01 4.000000000000000000e+00
5.866897045204461092e-01 8.943828680328614888e-01 1.000000000000000000e+00 4.300000000000000000e+01 4.000000000000000000e+00
5.729858611901494231e-02 1.898432077096986748e-01 6.000000000000000000e+00 3.900000000000000000e+01 4.000000000000000000e+00
3.691779076210532917e-01 1.147133268146525831e+00 1.000000000000000000e+00 1.180000000000000000e+02 4.000000000000000000e+00
2.262818457241524417e-01 1.686353541190660943e+00 1.000000000000000000e+01 7.000000000000000000e+00 4.000000000000000000e+00
6.101562737508647860e-01 6.252349302595235914e-01 7.000000000000000000e+00 1.230000000000000000e+02 4.000000000000000000e+00
8.571498232042099596e-01 1.037441259273542471e+00 1.900000000000000000e+01 1.140000000000000000e+02 4.000000000000000000e+00
7.074976801312486963e-01 1.483029250413616218e+00 2.000000000000000000e+01 9.000000000000000000e+01 4.000000000000000000e+00
3.419026198701845959e-02 1.472383493749849670e+00 2.000000000000000000e+01 3.300000000000000000e+01 4.000000000000000000e+00
4.930202941098378311e-01 1.604625283455134888e+00 1.000000000000000000e+00 3.800000000000000000e+01 4.000000000000000000e+00
8.749269237689648593e-01 1.093226371664935082e+00 2.000000000000000000e+01 1.600000000000000000e+02 4.000000000000000000e+00
1.050131294354887806e-01 1.892282702091452551e+00 1.900000000000000000e+01 7.500000000000000000e+01 4.000000000000000000e+00
8.704215214872952355e-01 6.672825075575331555e-01 1.500000000000000000e+01 1.710000000000000000e+02 4.000000000000000000e+00
