-8.955065543822946950e+01
-1.330968041004987015e+02
-1.330940328191837523e+02
-9.738358120397013806e+01
-1.205240534462348734e+02
-1.330962815482717474e+02
-8.972969390441960513e+01
-9.159191641251655369e+01
-9.707531852395536021e+01
-1.329047115148685236e+02
-1.330886110667386504e+02
-1.330967760392762500e+02
-9.547292938651594341e+01
-1.300166351658275232e+02
-9.804277117599674796e+01
-1.220606757334910384e+02
-1.117113119125479699e+02
-1.330861058522033602e+02
-1.330948946018154970e+02
-1.330968871013437536e+02
-1.309259027292259248e+02
-1.154536707959169917e+02
-1.330969695217482638e+02
-1.330920419131137749e+02
-1.330967864552262085e+02
-1.025135339944258419e+02
-1.218908902054335357e+02
-1.212815700413638780e+02
-1.330965236132534528e+02
-1.330872637690404758e+02
-1.198272293954120613e+02
-1.021112283333352195e+02
-1.330955988202368871e+02
-1.216722718503787490e+02
-1.307006917237786183e+02
-1.330536987857341273e+02
-9.867053661261962816e+01
-1.330968865033043471e+02
-1.113784001360926368e+02
-9.540932448740578309e+01
-1.330739410167789742e+02
-9.532516212261349153e+01
-9.307712663637376238e+01
-9.695956165654341419e+01
-1.100880147972939369e+02
-1.224317358700969862e+02
-1.326617378212940537e+02
-1.323935264523224191e+02
-1.239389572065531269e+02
-9.484770690478046617e+01
-1.278373087672316899e+02
-1.278378262769813318e+02
-1.278404364926529979e+02
-1.278400510451505454e+02
-1.278397803467498051e+02
-9.892200803551803290e+01
-1.024864082589673160e+02
-1.278397148259462028e+02
-1.208855515845184385e+02
-1.278388826139944712e+02
-1.278135220844748119e+02
-9.525563089583599208e+01
-1.278363141587298486e+02
-1.008967575958159841e+02
-1.278400743831776651e+02
-1.161724602087929554e+02
-1.278395888547740924e+02
-1.252628484940897096e+02
-1.193845451383479599e+02
-1.278368351494695077e+02
-1.019971583659028340e+02
-1.198900180519177212e+02
-1.278400416825980983e+02
-1.278400495450428593e+02
-8.868662953746606092e+01
-8.852337138208206113e+01
-8.944083619483021153e+01
-1.269110428840283475e+02
-9.731370229876934275e+01
-1.277638945822040455e+02
-9.759981322232715684e+01
-9.263326635526108532e+01
-9.366924142532694475e+01
-1.275602851396738089e+02
-1.278400294951959211e+02
-1.245950524062593274e+02
-8.932364990859052511e+01
-1.253629190365073214e+02
-8.845402469817145175e+01
-1.174261317356242813e+02
-1.238355886487852047e+02
-1.278401968282306029e+02
-1.277765990420954125e+02
-1.278381946812181695e+02
-1.278400116680185477e+02
-1.278378387220923571e+02
-1.261181660119926562e+02
-1.278395040772845874e+02
-8.895367156689096078e+01
-1.278394939853411074e+02
-8.996126906708985871e+01
-1.193206028837801256e+02
-1.235610368300986721e+02
-1.142562729842308613e+02
-9.189680822254005932e+01
-1.235586470463791073e+02
-9.848913084053708644e+01
-1.235613955912136248e+02
-9.749207143707484136e+01
-1.235466890484114373e+02
-8.869641898587281048e+01
-1.070830104005581802e+02
-8.667555069251349664e+01
-1.134409155355007925e+02
-8.992860947750152434e+01
-1.096693608053673614e+02
-8.607874745153634422e+01
-1.235564108831128891e+02
-1.235386591011563553e+02
-1.235602979100340946e+02
-8.938295426134669697e+01
-1.120508426839748779e+02
-1.201300662338812657e+02
-1.230355505647434171e+02
-8.631886612325718033e+01
-1.064377342866784488e+02
-1.217911778995223671e+02
-1.234106803272453874e+02
-1.235613919398353318e+02
-1.116793364056033226e+02
-1.235614553890940925e+02
-1.213683208713803197e+02
-1.053804542764504362e+02
-1.234995518219003969e+02
-1.065300345694803070e+02
-1.137159401932757561e+02
-1.235603235994536533e+02
-9.080893508105378942e+01
-1.235603976953395033e+02
-1.124486536961908172e+02
-1.235615505547640964e+02
-1.196876831836146522e+02
-8.935995752779220425e+01
-1.053030081092728381e+02
-1.235457072884224061e+02
-9.231602981731708724e+01
-1.196917748859736008e+02
-8.782393424804301674e+01
-1.135182737229738024e+02
-1.218430438001755221e+02
-1.237924638492177110e+02
-1.192348343540914328e+02
-8.850601839435657325e+01
-1.235620633100850370e+02
-1.236217855540402439e+02
-8.839345271420464201e+01
-1.103116882790670132e+02
-8.768214708001434587e+01
-9.522721500289389951e+01
-1.122685455108673835e+02
-8.513945106006347885e+01
-1.239410042450473242e+02
-1.239240901012254454e+02
-1.239351074140907656e+02
-1.115696575717902022e+02
-1.024665450466061003e+02
-8.998708167562558913e+01
-1.239324994249058989e+02
-1.239393578114378585e+02
-8.853728040067797167e+01
-9.340392810676672752e+01
-9.659834910089489313e+01
-1.201299070476664781e+02
-1.074997691435743974e+02
-1.045819226172279883e+02
-1.239406811997963587e+02
-1.239416882402993565e+02
-1.206699239038901936e+02
-8.760465030811856479e+01
-8.921709510326522263e+01
-1.224817131763526135e+02
-8.620756698829244158e+01
-1.236283552363634470e+02
-8.863921325833780429e+01
-8.756852221049472007e+01
-1.192156508182735024e+02
-1.229111158523448211e+02
-1.100103377893752281e+02
-1.059158702702874848e+02
-1.239420698066372211e+02
-1.239423046393398806e+02
-8.651897392471134651e+01
-1.239422188154428994e+02
-1.216983985405398130e+02
-9.005989772259091808e+01
-1.226463540860446670e+02
-1.239421681435925109e+02
-1.239413390110647413e+02
-1.222222048080724903e+02
-1.239422930944931380e+02
-1.251434471646216053e+02
-8.931931489950575553e+01
-8.741574437705524758e+01
-1.053394126679537237e+02
-1.242562481972378379e+02
-1.012614871430546799e+02
-1.216152008759403600e+02
-1.047193954168085241e+02
-1.175224461060295482e+02
-1.251433376935947592e+02
-1.251433797430778583e+02
-1.148591851153975369e+02
-8.604743210992947411e+01
-1.251360071050372653e+02
-1.069233037438810356e+02
-9.992126109513758081e+01
-1.251435341110860691e+02
-1.251434484362627870e+02
-1.036709182145517190e+02
-1.249922449848582744e+02
-1.136926026433278594e+02
-1.100007105278939150e+02
-1.251410631112994452e+02
-1.112546331821240955e+02
-1.251433529403000620e+02
-1.250680050161405887e+02
-8.930076376531970084e+01
-9.455397758311120526e+01
-1.098837031257519072e+02
-1.251434405870396063e+02
-1.250869905135688214e+02
-1.245372462451401532e+02
-1.251351929231025792e+02
-9.911015365937153376e+01
-9.121796799293146307e+01
-1.198053979862723821e+02
-1.068356606307130647e+02
-1.178412078746124791e+02
-1.149094827993895223e+02
-1.050896105340654287e+02
-1.218267854377702406e+02
-1.251202051796478827e+02
-1.023688679567435145e+02
-1.191211195780570193e+02
-1.250734412682069916e+02
-1.249901704466730905e+02
-1.251433876831383287e+02
-1.206386761060686439e+02
-1.251433922880702028e+02
-1.047822404248362886e+02
