-1.330968153833910605e+02
-1.330969772467547898e+02
-1.330637605041999905e+02
-9.500242188600843463e+01
-1.103051552718427928e+02
-1.330969703588369271e+02
-1.330968305046055207e+02
-1.031060280604572341e+02
-1.111419613205026735e+02
-9.476550975885083972e+01
-8.912570866044546847e+01
-1.330936389594639877e+02
-1.061938080510502687e+02
-1.138434493014351290e+02
-1.057287892409204346e+02
-1.226216590795741581e+02
-9.118682836985880158e+01
-1.200234527208069153e+02
-1.142714392143312097e+02
-1.330967915686746323e+02
-1.330968412549963205e+02
-1.029351332987202454e+02
-1.330925902643206200e+02
-1.216711525342869038e+02
-1.330959475304401565e+02
-1.330967457487284378e+02
-1.330671872110209222e+02
-9.364508924516053412e+01
-1.330965065676038535e+02
-1.013745924375982526e+02
-1.330332291511985829e+02
-1.324983461772242208e+02
-1.330882642179128652e+02
-1.175734395281155571e+02
-1.330511657431842139e+02
-1.330969428417965048e+02
-1.058198763088858954e+02
-9.105022358558869655e+01
-9.165205918313887423e+01
-9.974214164533240989e+01
-9.727205525321382140e+01
-1.330441645946453093e+02
-1.330968465142469483e+02
-1.326744514774616164e+02
-1.245999708707674642e+02
-1.330967147427650445e+02
-9.231632889829143096e+01
-1.330969695011164902e+02
-1.324241986822900117e+02
-1.004325773445797836e+02
-8.810844401215879884e+01
-1.192836960171450187e+02
-1.278395266483666433e+02
-8.708722917630203142e+01
-1.278378576640513415e+02
-1.199092598437913466e+02
-1.153864179797571694e+02
-9.046977892319507930e+01
-1.278401118076259309e+02
-1.278400779434468291e+02
-1.110053367674077833e+02
-1.170562863341476572e+02
-1.233434049188788464e+02
-1.278398268458856677e+02
-1.278377090749946348e+02
-1.277657588736601895e+02
-1.278401140767676338e+02
-1.022810610697457747e+02
-1.201993894187033192e+02
-1.278400395518762878e+02
-1.278347121373546003e+02
-1.019961194539894933e+02
-1.278400688586186078e+02
-1.275335150832053444e+02
-9.805152914700128974e+01
-1.053494882675122710e+02
-1.276510847041559202e+02
-1.075751520090804831e+02
-1.277952786915317773e+02
-9.740379411605972848e+01
-1.278400688770198883e+02
-1.278401036678407081e+02
-1.278401509043561219e+02
-1.277636296720084488e+02
-1.278284341479065205e+02
-1.231129774918628783e+02
-8.918196450381954321e+01
-1.203695029264307124e+02
-1.196792492536579431e+02
-1.278400495723992094e+02
-1.278048315154853469e+02
-9.443803343076442047e+01
-1.184898352104653014e+02
-1.278383690256478502e+02
-1.160005534106907703e+02
-1.037760011500767519e+02
-9.724828868333938203e+01
-1.128117889106196685e+02
-1.271746981985867109e+02
-1.226541945073909403e+02
-1.235581952242266226e+02
-1.235615179147802252e+02
-1.030795835922802013e+02
-1.235614770162838454e+02
-8.674335539408014029e+01
-1.234324351583445889e+02
-1.235449454725774103e+02
-9.211264146243163964e+01
-1.235617490635157196e+02
-1.235615057822225964e+02
-1.235581329183497417e+02
-1.132999108259737113e+02
-1.205820546474498940e+02
-1.142862244985050495e+02
-1.235614429214685828e+02
-1.235614091854027237e+02
-1.235614349070656601e+02
-1.235593215854984663e+02
-9.675142120921660194e+01
-8.923973740590331261e+01
-1.224927090209649805e+02
-1.235610331403375994e+02
-1.169412121938576519e+02
-1.194069804431344295e+02
-1.046679383540654555e+02
-1.234723431754668468e+02
-1.100367775661831473e+02
-1.232411398146706887e+02
-1.030982462059157285e+02
-1.192610728097966302e+02
-9.814467833531450935e+01
-1.235614977389047624e+02
-1.235594347866532559e+02
-1.229723901306368532e+02
-1.121145013386434641e+02
-1.223165687636005998e+02
-1.181871601279247841e+02
-1.116946160176916862e+02
-1.038100244001612964e+02
-1.208797227522457831e+02
-1.232840920312544597e+02
-1.231603545936148691e+02
-1.235615402549507138e+02
-1.015745055850304936e+02
-1.235613952008071976e+02
-1.235615469683059473e+02
-1.235315428522629162e+02
-1.235615625539301448e+02
-1.097747625423012749e+02
-1.047659791456350291e+02
-1.239423199659055683e+02
-1.190712842079179268e+02
-1.239422521869771572e+02
-8.870929842962246425e+01
-1.239423135494007084e+02
-1.238829649485433890e+02
-1.051748410572701573e+02
-1.055085095699826070e+02
-1.239422655051517950e+02
-1.239420653396843903e+02
-1.116788007078685752e+02
-1.066290191531033713e+02
-1.238386798580660297e+02
-1.203005348122170801e+02
-1.239415876041885411e+02
-1.182663538747987531e+02
-1.239422341947404362e+02
-1.069777904317231076e+02
-1.101007287890818986e+02
-1.221716648362658901e+02
-9.510257624556159328e+01
-9.195719131790409051e+01
-1.239422751713144351e+02
-1.238630502268519820e+02
-1.239422731038080343e+02
-1.239421450854288622e+02
-1.239327324047341961e+02
-1.092481943180521000e+02
-9.922051753363338378e+01
-1.239397081544588559e+02
-1.239422868662951629e+02
-1.239421670117885128e+02
-1.008621825760409081e+02
-1.113685950517516119e+02
-1.239423136162821777e+02
-1.239422808847758546e+02
-1.239409001448665890e+02
-1.239422827118651753e+02
-1.232743608609375201e+02
-8.647121877523092337e+01
-8.478412181853711616e+01
-8.830146352168452495e+01
-1.206312042618368281e+02
-1.239422889798994447e+02
-1.239422888633383337e+02
-1.233794545245690415e+02
-1.239424326019204443e+02
-1.238429299658385645e+02
-1.239317849077686589e+02
-8.891381142583676933e+01
-1.251431927651611886e+02
-9.243317951774498908e+01
-1.251434402974205256e+02
-1.133084087565352434e+02
-1.251433564617598080e+02
-1.219037964664678242e+02
-1.251433780029454823e+02
-8.687431810628073947e+01
-1.027110320925608562e+02
-1.035414835813220975e+02
-8.624569924315285618e+01
-1.235077970870846542e+02
-1.251435165184565221e+02
-1.251413173272142245e+02
-8.879697853117770023e+01
-1.145074933624640181e+02
-1.247697608283142188e+02
-1.093589321729969015e+02
-1.098129432179947287e+02
-1.251317082337447744e+02
-1.251419621888989440e+02
-1.251432758697781651e+02
-1.238738371637820421e+02
-1.077011604937786302e+02
-1.247255051475263343e+02
-1.218970024981376241e+02
-1.092424079144758196e+02
-1.132928108903510349e+02
-8.817505108438871275e+01
-1.251430973140471821e+02
-1.251251095947733205e+02
-1.251204801578670356e+02
-1.250273820580380999e+02
-1.226740706754907251e+02
-8.709147239738200597e+01
-1.157151982586034649e+02
-1.250980725594236276e+02
-1.068218229222131157e+02
-1.136183867381963779e+02
-9.919564261645751913e+01
-1.250984233169529745e+02
-1.251435291290401040e+02
-1.198182541811441126e+02
-1.155011407756465331e+02
-1.216191885815590723e+02
-1.173001961749347402e+02
-1.076361667923689396e+02
-1.190277007580500026e+02
-1.250557814620826207e+02
-1.248065306364970866e+02
