-1.148365044290183619e+02
-1.330958815332832614e+02
-1.330964858099513322e+02
-1.201634117799696355e+02
-9.770763233062970698e+01
-1.330914561450867950e+02
-8.955440439659594176e+01
-1.320443420256420950e+02
-1.330876238388748618e+02
-1.069272254789489978e+02
-1.330967950765797525e+02
-1.330659992660386024e+02
-1.091808155671827052e+02
-1.330967571527716586e+02
-1.053439455367119990e+02
-8.965219387134662554e+01
-9.682881930846917840e+01
-1.328488950702329987e+02
-1.306331932653162085e+02
-1.330938552420943495e+02
-1.330968684301460030e+02
-1.143796769593089664e+02
-1.171640448120479903e+02
-9.251423445745466267e+01
-1.330967396616709664e+02
-9.427772219575028601e+01
-9.031491315245074247e+01
-1.330487217056148381e+02
-1.330884269709053456e+02
-1.330962675838187579e+02
-1.320970624447058412e+02
-9.037568516383562667e+01
-1.330955215557445683e+02
-1.256791698715612711e+02
-9.542968432663325018e+01
-1.272108578799137746e+02
-9.100241197773175372e+01
-1.158232225194168592e+02
-1.305384126745979927e+02
-1.161455153237775022e+02
-9.820725058387422735e+01
-1.330969093594236483e+02
-1.330972110501137706e+02
-1.266544108682967220e+02
-1.183345147051282567e+02
-1.096124669817470192e+02
-1.330144227062325228e+02
-1.021413846718231611e+02
-1.170069072152595311e+02
-1.150666847084911950e+02
-1.278393804696950582e+02
-1.278338137881807342e+02
-1.236916782848249881e+02
-1.049779918481711576e+02
-1.171362197230914290e+02
-1.278401374849634635e+02
-1.212276906578490241e+02
-1.027450909419132614e+02
-1.275661984780382028e+02
-1.013294551519252593e+02
-1.278399148631879143e+02
-1.244386130828384580e+02
-1.277834529909831076e+02
-1.188382558029479128e+02
-1.278399684495987572e+02
-1.278383010240910806e+02
-1.148021630988657336e+02
-9.267870739008890268e+01
-1.110881414466959143e+02
-1.107069524280374964e+02
-1.191464535113588568e+02
-1.277468160265679273e+02
-1.132259994396620471e+02
-1.278395213235372125e+02
-1.220272019259986251e+02
-8.871422775650086123e+01
-1.013542899613906911e+02
-1.278400418072005920e+02
-9.383802054347032140e+01
-1.074166261782198717e+02
-1.278400683356876470e+02
-1.278393257880371436e+02
-9.868750943114983443e+01
-1.278401024219957236e+02
-1.068304941851596794e+02
-1.278404678772023146e+02
-1.278400101837919465e+02
-1.166877809240794761e+02
-1.179189059445905059e+02
-9.483990283694070911e+01
-1.278399708326433313e+02
-1.278399467808797567e+02
-1.101893390382781064e+02
-1.278365248036693629e+02
-1.278395791003888178e+02
-1.278382224594377732e+02
-1.276241597872599129e+02
-1.211523996297322157e+02
-1.247492171478353953e+02
-1.262796783168245014e+02
-1.063895646323134656e+02
-1.220710217088209788e+02
-1.235613265732036439e+02
-1.228665827235605263e+02
-1.235614678327125375e+02
-1.235615406433425534e+02
-1.235615565914767160e+02
-9.943875172225418169e+01
-1.235606211067447902e+02
-1.235611407680562195e+02
-1.235613128769562650e+02
-1.235614342399503869e+02
-1.235582374217382551e+02
-1.099866526424916060e+02
-1.185969111839593637e+02
-1.235614838375424398e+02
-1.235607216081228188e+02
-1.226334159975481128e+02
-1.041783035410818883e+02
-1.234727062086434302e+02
-1.059144143153066437e+02
-1.234897360702529738e+02
-8.720097401732535047e+01
-1.235616167567277870e+02
-1.215418361910145109e+02
-1.155862242964023494e+02
-1.235608889310037029e+02
-1.224199977393332688e+02
-1.233869676637636985e+02
-9.687516915350403224e+01
-1.203087357072671466e+02
-1.235615219354918963e+02
-1.132517075198296652e+02
-1.235615042639468584e+02
-1.235000111496972153e+02
-1.235602864694182728e+02
-1.235558619220116867e+02
-8.755084688268962623e+01
-1.235615430648322075e+02
-1.188551866893316173e+02
-8.841333526355164452e+01
-8.676617354726815279e+01
-1.235561550660393664e+02
-1.234535114618424245e+02
-1.235614816817685977e+02
-1.169516204062140332e+02
-9.674182221218183031e+01
-1.235615131769541790e+02
-1.232545716072202850e+02
-1.164145705871192575e+02
-1.238345324805460592e+02
-1.223552149859720402e+02
-1.162890937333741874e+02
-1.231114256286035129e+02
-1.205394174878059204e+02
-1.239154141353456140e+02
-8.624295917259699706e+01
-1.232607851755290511e+02
-8.767297294555631026e+01
-1.237733764648187815e+02
-1.239317592418237410e+02
-1.141889633539079512e+02
-1.237669728693252580e+02
-1.189706137918593640e+02
-1.236509993008074986e+02
-1.197903989248236343e+02
-1.239421190913621018e+02
-1.239275977352846070e+02
-1.045494653320892411e+02
-1.239423870555889522e+02
-1.239309587691072068e+02
-9.096032576906522138e+01
-8.542250429923842603e+01
-9.035780092596181134e+01
-1.239157362965105591e+02
-1.237325263739752046e+02
-1.237755189171652717e+02
-1.239414709625706053e+02
-1.127314015803287646e+02
-1.229868868994419699e+02
-1.239359896299692281e+02
-1.239378564333463402e+02
-8.553199188881859527e+01
-1.238399497339325990e+02
-1.000681719551972577e+02
-1.239403641574307500e+02
-1.239420946036127162e+02
-1.232734471370694251e+02
-1.189910370491031415e+02
-1.072590606941542717e+02
-1.184814331574579001e+02
-1.237822357574585084e+02
-1.239422062383002157e+02
-1.239101261314139037e+02
-8.587589495677210039e+01
-8.755981467256417261e+01
-1.175684088098358160e+02
-1.239422154051012797e+02
-1.237256693848585769e+02
-9.061852622499944232e+01
-8.868752412350556824e+01
-1.213877216470613973e+02
-1.198054791126035070e+02
-9.698156895051917559e+01
-1.251434385182124629e+02
-1.251432529156616340e+02
-1.138984704979681055e+02
-1.251239022002224459e+02
-1.044084504760553216e+02
-1.251434729595503086e+02
-9.657411975604846077e+01
-1.051932227231888533e+02
-1.239554645025054498e+02
-1.236620623099182552e+02
-9.743450336090057817e+01
-1.251256813773472345e+02
-1.250034228925097608e+02
-8.838598635698760120e+01
-1.251434574128210926e+02
-1.193081858771083574e+02
-9.608585849724997274e+01
-1.234007169907206389e+02
-1.251435236338322596e+02
-9.838842983089882921e+01
-1.226519774685704789e+02
-1.251422912867278683e+02
-1.073702017764907879e+02
-1.251432339766914765e+02
-1.246361362515146141e+02
-1.030985438555997149e+02
-8.696597916785023585e+01
-9.204545851521058353e+01
-1.244692145115572970e+02
-1.251435857482333205e+02
-1.244929425333707371e+02
-1.251420992580510045e+02
-1.251429364800660977e+02
-1.233188084813564132e+02
-1.251424597512499304e+02
-1.251428686013640998e+02
-1.251434436092150122e+02
-1.234323748247087167e+02
-1.102998150815644607e+02
-1.251430514341024320e+02
-1.251347542451919139e+02
-1.230837389022292285e+02
-1.045967055745139760e+02
-1.034001660727963383e+02
-9.562308288234136455e+01
-8.788514072369578400e+01
