6.801444999927916957e-01 1.945419549628179645e+00 9.000000000000000000e+00 8.100000000000000000e+01 0.000000000000000000e+00
1.850339295246952176e-01 1.625698492492230640e+00 1.100000000000000000e+01 1.600000000000000000e+01 0.000000000000000000e+00
9.072072534496710139e-01 3.167722070854305239e-01 5.000000000000000000e+00 6.600000000000000000e+01 0.000000000000000000e+00
7.962921974820855731e-01 1.032652137805968540e+00 1.300000000000000000e+01 4.000000000000000000e+00 0.000000000000000000e+00
1.553782991033633154e-01 4.526276134823167263e-01 2.000000000000000000e+01 1.640000000000000000e+02 0.000000000000000000e+00
8.913484129226378894e-01 5.499851055209904471e-01 1.900000000000000000e+01 7.000000000000000000e+01 0.000000000000000000e+00
7.524993579835567159e-01 1.401670977064403134e+00 1.700000000000000000e+01 1.260000000000000000e+02 0.000000000000000000e+00
7.257745884921067425e-01 3.334316178666206776e-01 1.100000000000000000e+01 1.860000000000000000e+02 0.000000000000000000e+00
2.134179320976005156e-01 2.093779452103675887e+00 7.000000000000000000e+00 1.100000000000000000e+01 0.000000000000000000e+00
8.617523889787104263e-01 1.018863912313416664e+00 1.000000000000000000e+01 1.320000000000000000e+02 0.000000000000000000e+00
6.949936258391940791e-02 3.044812101360502288e-01 1.000000000000000000e+00 1.250000000000000000e+02 0.000000000000000000e+00
7.472427390138264292e-01 1.122073189879269961e+00 1.500000000000000000e+01 1.290000000000000000e+02 0.000000000000000000e+00
3.583626891417664995e-01 1.054230191097081049e+00 8.000000000000000000e+00 9.300000000000000000e+01 0.000000000000000000e+00
5.216416637139132950e-01 1.720551334828365642e+00 1.900000000000000000e+01 1.170000000000000000e+02 0.000000000000000000e+00
9.329362434301409213e-01 1.296099050187451862e+00 1.400000000000000000e+01 1.380000000000000000e+02 0.000000000000000000e+00
1.868236315484210763e-01 4.105712540159557333e-01 1.000000000000000000e+00 1.000000000000000000e+01 0.000000000000000000e+00
2.696373171755749726e-02 6.848919836056196475e-01 1.600000000000000000e+01 7.100000000000000000e+01 0.000000000000000000e+00
4.440419018488254155e-01 6.762062025663947429e-01 1.000000000000000000e+01 1.530000000000000000e+02 0.000000000000000000e+00
3.773143121151533164e-01 1.812293343030364490e+00 7.000000000000000000e+00 1.930000000000000000e+02 0.000000000000000000e+00
2.174460539698919170e-01 4.274476346769019441e-01 1.000000000000000000e+01 2.000000000000000000e+01 0.000000000000000000e+00
5.235528773619871901e-01 5.505032816352836145e-01 1.500000000000000000e+01 6.900000000000000000e+01 0.000000000000000000e+00
3.723353172351152596e-01 1.261896149192173466e-01 8.000000000000000000e+00 7.200000000000000000e+01 0.000000000000000000e+00
7.231983853260885997e-01 1.345125501760381814e+00 8.000000000000000000e+00 1.000000000000000000e+02 0.000000000000000000e+00
4.584062057708172544e-01 4.994105953896422756e-01 1.700000000000000000e+01 1.960000000000000000e+02 0.000000000000000000e+00
3.640637170175238246e-01 5.576480474797665954e-01 1.600000000000000000e+01 4.300000000000000000e+01 0.000000000000000000e+00
8.956576399266263921e-01 1.027730288764396871e+00 1.400000000000000000e+01 8.000000000000000000e+00 0.000000000000000000e+00
6.053379871481716634e-01 1.641638225975824650e+00 3.000000000000000000e+00 1.800000000000000000e+01 0.000000000000000000e+00
2.792961457767013655e-01 1.996239472830095618e+00 1.400000000000000000e+01 3.700000000000000000e+01 0.000000000000000000e+00
3.573784170500613477e-01 3.437612171868976718e-01 1.300000000000000000e+01 1.760000000000000000e+02 0.000000000000000000e+00
4.015888359015495901e-01 1.244117446825604878e+00 4.000000000000000000e+00 7.800000000000000000e+01 0.000000000000000000e+00
1.455182537326900061e-01 3.652036899524141456e-01 6.000000000000000000e+00 7.700000000000000000e+01 0.000000000000000000e+00
8.202463196748642493e-02 7.326097489722528389e-01 9.000000000000000000e+00 6.900000000000000000e+01 0.000000000000000000e+00
8.257690313123939863e-01 4.205104539773217853e-01 8.000000000000000000e+00 1.260000000000000000e+02 0.000000000000000000e+00
6.740972322611696876e-01 1.347157134007134438e+00 5.000000000000000000e+00 2.900000000000000000e+01 0.000000000000000000e+00
1.009483287945435404e+00 1.157468940022755799e+00 4.000000000000000000e+00 1.950000000000000000e+02 0.000000000000000000e+00
3.415290101087645747e-01 3.398125996330890741e-01 1.900000000000000000e+01 1.520000000000000000e+02 0.000000000000000000e+00
5.977246918626414329e-01 2.000972446769025748e+00 1.100000000000000000e+01 5.200000000000000000e+01 0.000000000000000000e+00
5.203688228682541439e-01 2.213533366798276225e-01 2.000000000000000000e+00 9.200000000000000000e+01 0.000000000000000000e+00
7.229235641717347560e-01 4.439420695864352284e-01 1.500000000000000000e+01 3.100000000000000000e+01 0.000000000000000000e+00
4.747566148176695089e-01 1.288650416962247691e+00 1.400000000000000000e+01 1.910000000000000000e+02 0.000000000000000000e+00
7.966721294401813980e-01 5.947281728448071680e-01 6.000000000000000000e+00 1.640000000000000000e+02 0.000000000000000000e+00
2.883205326391763412e-01 1.603780021236581366e+00 4.000000000000000000e+00 5.000000000000000000e+00 0.000000000000000000e+00
3.418170391687550547e-01 9.797956103888268986e-01 2.000000000000000000e+00 1.870000000000000000e+02 0.000000000000000000e+00
5.620596954267189638e-01 6.994435784358289387e-01 6.000000000000000000e+00 5.500000000000000000e+01 0.000000000000000000e+00
1.007757964253666261e+00 1.531116334371360743e+00 1.200000000000000000e+01 2.300000000000000000e+01 0.000000000000000000e+00
1.009659528177542676e+00 2.911815333805515271e-01 1.500000000000000000e+01 9.300000000000000000e+01 0.000000000000000000e+00
6.513001024180818666e-02 1.636976888497718718e+00 1.000000000000000000e+01 1.470000000000000000e+02 0.000000000000000000e+00
5.998762300421387472e-01 4.062965673634862940e-01 1.700000000000000000e+01 1.800000000000000000e+01 0.000000000000000000e+00
8.237420713048536625e-01 3.302903330745091681e-01 5.000000000000000000e+00 5.300000000000000000e+01 0.000000000000000000e+00
6.751777406416653582e-01 8.376456218573201662e-01 1.400000000000000000e+01 1.200000000000000000e+01 0.000000000000000000e+00
9.417788761116585583e-01 8.681486554800265099e-01 1.600000000000000000e+01 1.710000000000000000e+02 1.000000000000000000e+00
3.480265145414298544e-01 1.028246717562754542e+00 1.000000000000000000e+01 9.600000000000000000e+01 1.000000000000000000e+00
5.289360074030061698e-01 1.396387000630699982e+00 4.000000000000000000e+00 1.580000000000000000e+02 1.000000000000000000e+00
2.498131096434994536e-01 1.829235027733843832e+00 2.000000000000000000e+01 1.200000000000000000e+01 1.000000000000000000e+00
9.806078143883095732e-01 1.479804240275032434e+00 1.600000000000000000e+01 1.320000000000000000e+02 1.000000000000000000e+00
8.757705346756160247e-02 3.239024786363856601e-01 7.000000000000000000e+00 1.400000000000000000e+02 1.000000000000000000e+00
1.636647908868131829e-01 1.344584404176257353e+00 1.600000000000000000e+01 6.900000000000000000e+01 1.000000000000000000e+00
6.679402985179019314e-01 1.571758547760676583e+00 2.000000000000000000e+01 4.700000000000000000e+01 1.000000000000000000e+00
5.701189219685809384e-01 1.153665872423113026e+00 1.400000000000000000e+01 8.400000000000000000e+01 1.000000000000000000e+00
3.978089098835655424e-01 8.848186549386866107e-01 1.100000000000000000e+01 8.600000000000000000e+01 1.000000000000000000e+00
7.659701265001497283e-01 1.804894060150827206e+00 2.000000000000000000e+00 4.800000000000000000e+01 1.000000000000000000e+00
8.444434069352712013e-01 1.214797809528861849e+00 7.000000000000000000e+00 4.600000000000000000e+01 1.000000000000000000e+00
3.960613888768846902e-01 5.031671195871784130e-01 1.700000000000000000e+01 1.830000000000000000e+02 1.000000000000000000e+00
3.204947711988817005e-01 1.392938102479576390e+00 8.000000000000000000e+00 1.600000000000000000e+02 1.000000000000000000e+00
7.011490412936985939e-01 1.987478920904500290e+00 1.000000000000000000e+01 1.720000000000000000e+02 1.000000000000000000e+00
3.486535383908984098e-01 2.053964278408071831e+00 1.700000000000000000e+01 1.590000000000000000e+02 1.000000000000000000e+00
2.992207422122962202e-01 6.679641452321462003e-01 1.200000000000000000e+01 1.830000000000000000e+02 1.000000000000000000e+00
4.551876123102628346e-01 3.415370661666469188e-01 1.000000000000000000e+01 9.200000000000000000e+01 1.000000000000000000e+00
5.102868771306259266e-01 6.854825591730765444e-01 5.000000000000000000e+00 7.200000000000000000e+01 1.000000000000000000e+00
6.130124274534055617e-01 1.135901614801607229e+00 1.000000000000000000e+01 1.600000000000000000e+01 1.000000000000000000e+00
9.344101279431988871e-01 1.381001325459654039e+00 8.000000000000000000e+00 3.800000000000000000e+01 1.000000000000000000e+00
8.231290094836914983e-01 9.260114044711528214e-01 2.000000000000000000e+00 9.100000000000000000e+01 1.000000000000000000e+00
8.999637804849290601e-02 4.008538353079399430e-01 1.800000000000000000e+01 1.830000000000000000e+02 1.000000000000000000e+00
4.083574628670436635e-01 1.138243804185559593e+00 1.300000000000000000e+01 3.400000000000000000e+01 1.000000000000000000e+00
3.257800230237953842e-01 1.960231137966842008e+00 8.000000000000000000e+00 4.800000000000000000e+01 1.000000000000000000e+00
4.623859576646737607e-02 8.863587115201608801e-01 1.000000000000000000e+01 8.300000000000000000e+01 1.000000000000000000e+00
1.526216330406747756e-01 1.762487464056196496e+00 2.000000000000000000e+01 1.570000000000000000e+02 1.000000000000000000e+00
2.894854810857612204e-01 1.455977759724930154e+00 1.300000000000000000e+01 9.100000000000000000e+01 1.000000000000000000e+00
5.437837385850557981e-01 1.004994857466981806e+00 1.100000000000000000e+01 1.200000000000000000e+01 1.000000000000000000e+00
9.148752803048356697e-01 8.735948979302613493e-01 1.000000000000000000e+01 1.050000000000000000e+02 1.000000000000000000e+00
8.463076466755344862e-01 8.069272721984438457e-01 7.000000000000000000e+00 1.410000000000000000e+02 1.000000000000000000e+00
5.595307294393383479e-01 2.704338347655509400e-01 1.100000000000000000e+01 1.960000000000000000e+02 1.000000000000000000e+00
2.913375264781947749e-01 1.813387943680202508e+00 8.000000000000000000e+00 1.670000000000000000e+02 1.000000000000000000e+00
4.929281695758180870e-01 1.112036209107165163e+00 9.000000000000000000e+00 4.700000000000000000e+01 1.000000000000000000e+00
1.252813309476222825e-01 5.196649153036604352e-01 1.400000000000000000e+01 4.600000000000000000e+01 1.000000000000000000e+00
8.166144303030311580e-01 1.700450468705506202e+00 2.000000000000000000e+01 1.660000000000000000e+02 1.000000000000000000e+00
1.513383188932903023e-01 2.447652602813838174e-01 4.000000000000000000e+00 6.400000000000000000e+01 1.000000000000000000e+00
7.816549127200762559e-01 1.216135846989031100e+00 1.000000000000000000e+00 1.160000000000000000e+02 1.000000000000000000e+00
3.921490865656097613e-01 2.149395250978957395e-01 3.000000000000000000e+00 1.280000000000000000e+02 1.000000000000000000e+00
1.577344696335670760e-01 1.014990779172759483e+00 2.000000000000000000e+00 3.400000000000000000e+01 1.000000000000000000e+00
3.647342635963816138e-01 1.510466672406154176e+00 9.000000000000000000e+00 5.800000000000000000e+01 1.000000000000000000e+00
2.053383582457969370e-01 4.642580071254155394e-01 2.000000000000000000e+00 8.200000000000000000e+01 1.000000000000000000e+00
9.289889399642348167e-01 1.925412373732312832e-01 5.000000000000000000e+00 1.060000000000000000e+02 1.000000000000000000e+00
5.449965842635765556e-01 1.121323681457226940e+00 4.000000000000000000e+00 1.700000000000000000e+01 1.000000000000000000e+00
7.324463378550933879e-01 1.411268187900103221e+00 7.000000000000000000e+00 1.460000000000000000e+02 1.000000000000000000e+00
9.448579160330420335e-01 1.197442788021461757e+00 7.000000000000000000e+00 1.380000000000000000e+02 1.000000000000000000e+00
3.695184291509567842e-01 2.061209080072255340e+00 1.100000000000000000e+01 1.200000000000000000e+01 1.000000000000000000e+00
5.608140494645852403e-01 9.893506288769203794e-01 1.200000000000000000e+01 1.600000000000000000e+02 1.000000000000000000e+00
9.737934836266293193e-01 3.944527811726735722e-01 3.000000000000000000e+00 9.800000000000000000e+01 1.000000000000000000e+00
8.493167307417943679e-01 1.482547689195418128e+00 4.000000000000000000e+00 1.970000000000000000e+02 1.000000000000000000e+00
6.588042560522130442e-01 1.343933542484572641e+00 8.000000000000000000e+00 2.000000000000000000e+00 2.000000000000000000e+00
5.216604165922339442e-01 1.236813584299711000e+00 1.200000000000000000e+01 1.250000000000000000e+02 2.000000000000000000e+00
4.566903961012888091e-01 8.832129773104903103e-01 1.900000000000000000e+01 6.000000000000000000e+01 2.000000000000000000e+00
8.728483548789796043e-01 1.444706911313479170e+00 2.000000000000000000e+00 4.900000000000000000e+01 2.000000000000000000e+00
6.601406293757288157e-01 8.535289634938197922e-01 1.300000000000000000e+01 1.200000000000000000e+01 2.000000000000000000e+00
9.117322518706564294e-01 7.617695687263997817e-01 1.700000000000000000e+01 4.600000000000000000e+01 2.000000000000000000e+00
5.080764447329330080e-01 1.880716408419095709e+00 1.500000000000000000e+01 1.380000000000000000e+02 2.000000000000000000e+00
4.686856890309853280e-02 2.073755273978201696e+00 8.000000000000000000e+00 1.010000000000000000e+02 2.000000000000000000e+00
3.333370571746356870e-01 1.500755534067350183e+00 1.600000000000000000e+01 1.300000000000000000e+01 2.000000000000000000e+00
8.189221699116734365e-01 1.367962858447522967e+00 1.000000000000000000e+00 3.100000000000000000e+01 2.000000000000000000e+00
3.530859067311892252e-01 1.423158344084835270e-01 1.900000000000000000e+01 7.500000000000000000e+01 2.000000000000000000e+00
1.009060836927306415e+00 1.307683397393401226e+00 7.000000000000000000e+00 6.000000000000000000e+01 2.000000000000000000e+00
2.773147932782473735e-01 1.801172081134646108e+00 1.200000000000000000e+01 1.960000000000000000e+02 2.000000000000000000e+00
7.589044673578263511e-01 1.712597464592787999e-01 2.000000000000000000e+00 1.850000000000000000e+02 2.000000000000000000e+00
1.776540543998694766e-01 1.027194697710338334e+00 2.000000000000000000e+00 5.600000000000000000e+01 2.000000000000000000e+00
9.197143626951234108e-01 1.803434576890835306e+00 2.000000000000000000e+00 8.000000000000000000e+00 2.000000000000000000e+00
6.390776510318973980e-01 6.374689610594111988e-01 1.200000000000000000e+01 3.400000000000000000e+01 2.000000000000000000e+00
6.430949578772353625e-01 1.035626649238928554e+00 1.000000000000000000e+01 1.220000000000000000e+02 2.000000000000000000e+00
1.101285725212345218e-01 1.076368378272971826e+00 7.000000000000000000e+00 1.800000000000000000e+02 2.000000000000000000e+00
3.905607260154585481e-01 1.038409213478356519e-01 9.000000000000000000e+00 1.310000000000000000e+02 2.000000000000000000e+00
4.920054607213408121e-02 1.034376114424848225e+00 2.000000000000000000e+00 3.300000000000000000e+01 2.000000000000000000e+00
8.902561432266673513e-01 1.864301889216453345e+00 1.600000000000000000e+01 1.140000000000000000e+02 2.000000000000000000e+00
8.955230167817669340e-01 1.323800053324789783e+00 6.000000000000000000e+00 1.420000000000000000e+02 2.000000000000000000e+00
9.478857384285551690e-01 2.104209367238719930e-01 1.900000000000000000e+01 1.620000000000000000e+02 2.000000000000000000e+00
5.822043060349909593e-01 1.116576265380425870e+00 1.500000000000000000e+01 1.430000000000000000e+02 2.000000000000000000e+00
9.653990700095316235e-01 2.055010614887540221e+00 5.000000000000000000e+00 5.000000000000000000e+01 2.000000000000000000e+00
8.396378657703621462e-01 3.914818145603641275e-01 1.900000000000000000e+01 8.900000000000000000e+01 2.000000000000000000e+00
8.495758568351879925e-01 1.824499586042175547e+00 1.800000000000000000e+01 1.300000000000000000e+02 2.000000000000000000e+00
1.675325558882085897e-01 1.142192427652817699e+00 1.800000000000000000e+01 8.400000000000000000e+01 2.000000000000000000e+00
3.171982466786341659e-01 1.574074296853932298e+00 3.000000000000000000e+00 1.030000000000000000e+02 2.000000000000000000e+00
4.521298106057052291e-01 1.053293252510949296e+00 7.000000000000000000e+00 1.200000000000000000e+01 2.000000000000000000e+00
7.585164539142154050e-01 1.866516962184762596e+00 4.000000000000000000e+00 5.000000000000000000e+00 2.000000000000000000e+00
7.644120025924086015e-01 7.862935066979882537e-01 1.700000000000000000e+01 1.800000000000000000e+01 2.000000000000000000e+00
6.517977093041510406e-01 8.020636350797630820e-01 1.500000000000000000e+01 9.000000000000000000e+00 2.000000000000000000e+00
8.838941543008006496e-01 1.498358886830426284e+00 1.500000000000000000e+01 1.560000000000000000e+02 2.000000000000000000e+00
2.105924406508264957e-01 6.007080060175912228e-01 2.000000000000000000e+01 1.340000000000000000e+02 2.000000000000000000e+00
5.489581447179378015e-01 1.023481906659635454e+00 6.000000000000000000e+00 1.500000000000000000e+02 2.000000000000000000e+00
7.761525523781147573e-01 1.462221391885406119e+00 6.000000000000000000e+00 5.500000000000000000e+01 2.000000000000000000e+00
6.259552499544774884e-01 9.459702728359881130e-01 6.000000000000000000e+00 6.700000000000000000e+01 2.000000000000000000e+00
8.533182095549293189e-01 1.265163737190019067e+00 2.000000000000000000e+00 1.870000000000000000e+02 2.000000000000000000e+00
5.019171556264619971e-01 5.662817201403772538e-01 2.000000000000000000e+00 4.700000000000000000e+01 2.000000000000000000e+00
2.605766446025956640e-01 8.056219965647611891e-01 1.700000000000000000e+01 4.700000000000000000e+01 2.000000000000000000e+00
7.247114161295067358e-01 2.083064935244869353e+00 1.200000000000000000e+01 7.200000000000000000e+01 2.000000000000000000e+00
1.827625889539240961e-02 6.521264984869611370e-01 1.400000000000000000e+01 1.280000000000000000e+02 2.000000000000000000e+00
1.145147630075792206e-01 1.296213824118837232e+00 3.000000000000000000e+00 1.910000000000000000e+02 2.000000000000000000e+00
8.076345433023207621e-01 1.713640833352136683e+00 5.000000000000000000e+00 1.830000000000000000e+02 2.000000000000000000e+00
6.082173756332236447e-01 8.881181214314367578e-01 5.000000000000000000e+00 2.300000000000000000e+01 2.000000000000000000e+00
5.018096091049148999e-01 6.798172656873885389e-01 8.000000000000000000e+00 1.970000000000000000e+02 2.000000000000000000e+00
5.311437149819802084e-01 5.851943224295080848e-01 1.100000000000000000e+01 1.270000000000000000e+02 2.000000000000000000e+00
1.924426843059689335e-02 1.662323340487644741e+00 2.000000000000000000e+01 1.110000000000000000e+02 2.000000000000000000e+00
4.385571880718036608e-01 9.204903337768156613e-01 2.000000000000000000e+00 7.900000000000000000e+01 3.000000000000000000e+00
8.088229281846249785e-01 2.068724080740346860e+00 8.000000000000000000e+00 2.500000000000000000e+01 3.000000000000000000e+00
9.836385917697290093e-01 4.672212507206182641e-01 2.000000000000000000e+01 1.990000000000000000e+02 3.000000000000000000e+00
6.221527143095423318e-01 1.659391411419101958e+00 8.000000000000000000e+00 6.900000000000000000e+01 3.000000000000000000e+00
2.796473592530798191e-01 1.563314788063955074e+00 1.300000000000000000e+01 5.100000000000000000e+01 3.000000000000000000e+00
9.949938104553649465e-01 1.582499490596020131e+00 2.000000000000000000e+00 7.700000000000000000e+01 3.000000000000000000e+00
1.003249632515821554e+00 1.595305035000020633e+00 1.000000000000000000e+01 9.100000000000000000e+01 3.000000000000000000e+00
8.202468927907893281e-01 3.837069779698812910e-01 1.800000000000000000e+01 1.470000000000000000e+02 3.000000000000000000e+00
9.086438526695752582e-01 6.167251025981420609e-01 1.000000000000000000e+01 1.400000000000000000e+02 3.000000000000000000e+00
8.108174624082882254e-01 1.252020379932405669e+00 1.600000000000000000e+01 1.900000000000000000e+02 3.000000000000000000e+00
2.315003346940108786e-01 1.242828881395066754e+00 2.000000000000000000e+01 9.000000000000000000e+01 3.000000000000000000e+00
3.225074050569903816e-01 1.581859073846315911e-01 3.000000000000000000e+00 9.000000000000000000e+00 3.000000000000000000e+00
6.153044461561143486e-01 1.730327674781235947e+00 1.900000000000000000e+01 1.210000000000000000e+02 3.000000000000000000e+00
1.221380746856714911e-01 5.285490972109182506e-01 1.000000000000000000e+01 7.800000000000000000e+01 3.000000000000000000e+00
7.359136200187537113e-01 7.712432092823905405e-01 1.400000000000000000e+01 1.160000000000000000e+02 3.000000000000000000e+00
8.838444658092105000e-01 1.556844373533592174e+00 1.700000000000000000e+01 1.110000000000000000e+02 3.000000000000000000e+00
2.659918905684227619e-01 3.449979358525335771e-01 1.200000000000000000e+01 7.000000000000000000e+00 3.000000000000000000e+00
5.382834709998364220e-01 1.133373306642840417e+00 4.000000000000000000e+00 7.000000000000000000e+00 3.000000000000000000e+00
9.595830118307686618e-01 1.441408066246239850e+00 1.300000000000000000e+01 1.200000000000000000e+02 3.000000000000000000e+00
3.881774261648254232e-01 7.152820640728142498e-01 9.000000000000000000e+00 1.130000000000000000e+02 3.000000000000000000e+00
7.766677063430382777e-01 1.211955451071935030e+00 1.500000000000000000e+01 1.280000000000000000e+02 3.000000000000000000e+00
5.184524401216036305e-01 8.956203619615933365e-01 1.600000000000000000e+01 7.900000000000000000e+01 3.000000000000000000e+00
8.559647950952239404e-01 6.782680723843822479e-01 3.000000000000000000e+00 8.200000000000000000e+01 3.000000000000000000e+00
9.436659552799223638e-01 2.033390269339609979e+00 4.000000000000000000e+00 3.100000000000000000e+01 3.000000000000000000e+00
2.225196167791219093e-01 1.629148339723484717e+00 1.400000000000000000e+01 1.900000000000000000e+02 3.000000000000000000e+00
9.302865261618077364e-01 5.863563387343425637e-01 1.900000000000000000e+01 5.800000000000000000e+01 3.000000000000000000e+00
3.683963866838768642e-01 6.918068675136695989e-01 1.000000000000000000e+00 1.460000000000000000e+02 3.000000000000000000e+00
3.068405598599065892e-02 2.098786727212453018e-01 7.000000000000000000e+00 1.590000000000000000e+02 3.000000000000000000e+00
9.847167738877711241e-01 1.580721724331136224e+00 1.300000000000000000e+01 7.000000000000000000e+01 3.000000000000000000e+00
8.442195477603766651e-01 1.148159140905907760e+00 1.600000000000000000e+01 9.600000000000000000e+01 3.000000000000000000e+00
5.695316964713043051e-01 3.473086762867120258e-01 9.000000000000000000e+00 1.300000000000000000e+01 3.000000000000000000e+00
7.990466047167873453e-01 9.755623198049204747e-01 4.000000000000000000e+00 4.600000000000000000e+01 3.000000000000000000e+00
2.217404019512118074e-01 1.923766656787633256e+00 2.000000000000000000e+01 8.900000000000000000e+01 3.000000000000000000e+00
4.496355129459438799e-02 1.369948958217260371e+00 9.000000000000000000e+00 1.880000000000000000e+02 3.000000000000000000e+00
7.568256333793611512e-01 2.078447776202284825e+00 3.000000000000000000e+00 1.010000000000000000e+02 3.000000000000000000e+00
9.946892447996317221e-01 2.092084645105148688e+00 7.000000000000000000e+00 2.100000000000000000e+01 3.000000000000000000e+00
8.015559967868697289e-01 6.785467726544663902e-01 3.000000000000000000e+00 5.100000000000000000e+01 3.000000000000000000e+00
8.066209542552947864e-01 9.855765037714355747e-01 1.600000000000000000e+01 1.900000000000000000e+02 3.000000000000000000e+00
3.484976456925511501e-01 4.262696186668334386e-01 1.900000000000000000e+01 1.270000000000000000e+02 3.000000000000000000e+00
1.083321682363652533e-01 6.085256370532107217e-01 6.000000000000000000e+00 4.000000000000000000e+00 3.000000000000000000e+00
3.501820679140593695e-01 2.981113180890694325e-01 1.100000000000000000e+01 1.350000000000000000e+02 3.000000000000000000e+00
7.900891156510136959e-01 3.416780462731551227e-01 4.000000000000000000e+00 1.240000000000000000e+02 3.000000000000000000e+00
8.825203120626011755e-01 2.076097381266884589e+00 1.000000000000000000e+01 1.150000000000000000e+02 3.000000000000000000e+00
7.614233812567959836e-01 4.651240583513144289e-01 1.400000000000000000e+01 1.920000000000000000e+02 3.000000000000000000e+00
4.864965125733227147e-01 1.648139893710753201e+00 1.000000000000000000e+01 1.340000000000000000e+02 3.000000000000000000e+00
2.664334986960656959e-01 1.705187895736925086e+00 1.900000000000000000e+01 3.800000000000000000e+01 3.000000000000000000e+00
5.542939242293564162e-01 1.836973081211422887e+00 6.000000000000000000e+00 5.800000000000000000e+01 3.000000000000000000e+00
2.735768152511277584e-01 6.897269992243549863e-01 1.400000000000000000e+01 7.500000000000000000e+01 3.000000000000000000e+00
2.820398165638038357e-01 1.348586777030640560e+00 2.000000000000000000e+01 4.500000000000000000e+01 3.000000000000000000e+00
3.464451854989194501e-01 1.234091183262498559e+00 1.700000000000000000e+01 1.230000000000000000e+02 3.000000000000000000e+00
5.376914683672200379e-01 1.982735806883957341e+00 1.600000000000000000e+01 6.000000000000000000e+00 4.000000000000000000e+00
6.176920230682528823e-01 1.958586135966845054e+00 1.300000000000000000e+01 1.590000000000000000e+02 4.000000000000000000e+00
2.502748676405640998e-02 5.247582264759670378e-01 1.400000000000000000e+01 4.600000000000000000e+01 4.000000000000000000e+00
4.074495845430143870e-01 2.002807465232711248e+00 1.900000000000000000e+01 1.930000000000000000e+02 4.000000000000000000e+00
1.713223786645968749e-01 1.020001448031621072e+00 1.800000000000000000e+01 1.300000000000000000e+01 4.000000000000000000e+00
1.756913144289991013e-01 1.904217865455880565e+00 1.000000000000000000e+01 1.320000000000000000e+02 4.000000000000000000e+00
2.000676919455286473e-01 3.553993230136417436e-01 1.000000000000000000e+00 1.610000000000000000e+02 4.000000000000000000e+00
5.066030501315814671e-01 1.376971515089427944e+00 1.200000000000000000e+01 7.000000000000000000e+00 4.000000000000000000e+00
4.070865955288471838e-01 3.406572780819342450e-01 2.000000000000000000e+00 3.800000000000000000e+01 4.000000000000000000e+00
9.520410425285262823e-01 1.158161184720628345e+00 1.400000000000000000e+01 3.000000000000000000e+01 4.000000000000000000e+00
1.210003585106836782e-01 2.001533452778850197e+00 1.200000000000000000e+01 1.470000000000000000e+02 4.000000000000000000e+00
5.711781812601759434e-01 3.580138980272601357e-01 1.000000000000000000e+01 1.650000000000000000e+02 4.000000000000000000e+00
8.360014503394332941e-01 9.459215679253712983e-01 9.000000000000000000e+00 9.000000000000000000e+01 4.000000000000000000e+00
5.655847672678002702e-01 1.514725274710463587e+00 1.500000000000000000e+01 5.700000000000000000e+01 4.000000000000000000e+00
3.154672831062532712e-01 1.962727497165831281e+00 1.000000000000000000e+00 1.300000000000000000e+01 4.000000000000000000e+00
2.177848638987512908e-01 1.899142628737388261e+00 1.200000000000000000e+01 3.000000000000000000e+01 4.000000000000000000e+00
8.694345318223309915e-01 1.658450637367769431e+00 1.000000000000000000e+00 4.600000000000000000e+01 4.000000000000000000e+00
7.743818565253186570e-01 9.558820137915747805e-01 1.500000000000000000e+01 2.200000000000000000e+01 4.000000000000000000e+00
6.972197018241035327e-01 2.014081175927236345e+00 3.000000000000000000e+00 4.300000000000000000e+01 4.000000000000000000e+00
6.145232784988019503e-01 1.298230694376052652e+00 1.700000000000000000e+01 6.600000000000000000e+01 4.000000000000000000e+00
7.551506757206535303e-01 3.507567437227064877e-01 6.000000000000000000e+00 4.600000000000000000e+01 4.000000000000000000e+00
8.519210536358737818e-01 5.940086137332055705e-01 1.800000000000000000e+01 1.810000000000000000e+02 4.000000000000000000e+00
7.742323080471480434e-01 5.897546046370888417e-01 2.000000000000000000e+01 1.350000000000000000e+02 4.000000000000000000e+00
3.186921218216111074e-01 3.156017907982272552e-01 1.600000000000000000e+01 2.000000000000000000e+01 4.000000000000000000e+00
1.290904206500318452e-01 4.678526762196001387e-01 1.100000000000000000e+01 3.200000000000000000e+01 4.000000000000000000e+00
2.646514205173344098e-02 8.795919067624057286e-01 8.000000000000000000e+00 1.500000000000000000e+01 4.000000000000000000e+00
1.174704809673047107e-01 1.237419295454421864e+00 3.000000000000000000e+00 5.500000000000000000e+01 4.000000000000000000e+00
9.492804133147246526e-02 1.304162748138076866e+00 3.000000000000000000e+00 6.500000000000000000e+01 4.000000000000000000e+00
6.834716595776411108e-01 1.428032332621479716e-01 1.000000000000000000e+00 1.240000000000000000e+02 4.000000000000000000e+00
2.282804121623060317e-02 9.375684280578632235e-01 1.000000000000000000e+00 1.510000000000000000e+02 4.000000000000000000e+00
2.311300191260466930e-01 3.828071955339323873e-01 1.400000000000000000e+01 1.730000000000000000e+02 4.000000000000000000e+00
8.875264198575094632e-01 5.101775394109516748e-01 1.600000000000000000e+01 1.430000000000000000e+02 4.000000000000000000e+00
3.266101294497237850e-01 1.445437230491262826e+00 1.800000000000000000e+01 7.000000000000000000e+00 4.000000000000000000e+00
7.239138388606549679e-01 5.589010412612739342e-01 1.100000000000000000e+01 1.530000000000000000e+02 4.000000000000000000e+00
6.310314794936271454e-01 5.994133433387017762e-01 3.000000000000000000e+00 1.790000000000000000e+02 4.000000000000000000e+00
3.066877712214982621e-01 1.818980382149763209e+00 1.000000000000000000e+01 1.820000000000000000e+02 4.000000000000000000e+00
7.295627045405249367e-02 1.918131378465865788e+00 1.900000000000000000e+01 1.270000000000000000e+02 4.000000000000000000e+00
3.925292463517620067e-01 8.186681581549714037e-01 2.000000000000000000e+01 9.100000000000000000e+01 4.000000000000000000e+00
6.136469634251729977e-01 1.413133848411821214e+00 1.200000000000000000e+01 5.600000000000000000e+01 4.000000000000000000e+00
4.526025779884544908e-01 1.115522745602519183e+00 1.500000000000000000e+01 3.800000000000000000e+01 4.000000000000000000e+00
6.979601188598120176e-01 1.999966222061358545e+00 1.000000000000000000e+00 8.400000000000000000e+01 4.000000000000000000e+00
8.900460758095711800e-01 8.722964740260207295e-01 4.000000000000000000e+00 1.350000000000000000e+02 4.000000000000000000e+00
6.478662824476862925e-01 1.520460401494175162e+00 2.000000000000000000e+00 5.500000000000000000e+01 4.000000000000000000e+00
9.906314195775860476e-01 1.860347934601119135e+00 1.500000000000000000e+01 1.480000000000000000e+02 4.000000000000000000e+00
4.170010261958625453e-01 1.519242173123587003e+00 8.000000000000000000e+00 1.700000000000000000e+02 4.000000000000000000e+00
7.488828005261274345e-01 3.896752609126831191e-01 6.000000000000000000e+00 1.480000000000000000e+02 4.000000000000000000e+00
3.253271952358151031e-01 5.677172587338809029e-01 3.000000000000000000e+00 1.620000000000000000e+02 4.000000000000000000e+00
1.919576625521893787e-01 8.261724190302076609e-01 4.000000000000000000e+00 2.600000000000000000e+01 4.000000000000000000e+00
4.854898694062869530e-02 1.601448278636903311e+00 6.000000000000000000e+00 1.650000000000000000e+02 4.000000000000000000e+00
5.649090268018934768e-01 7.479089221947038402e-01 3.000000000000000000e+00 9.700000000000000000e+01 4.000000000000000000e+00
