5.568891561453547245e-01 1.695798042565210606e+00 1.300000000000000000e+01 1.270000000000000000e+02 0.000000000000000000e+00
5.568891561453547245e-01 1.695798042565210606e+00 1.300000000000000000e+01 1.270000000000000000e+02 1.000000000000000000e+00
5.568891561453547245e-01 1.695798042565210606e+00 1.300000000000000000e+01 1.270000000000000000e+02 2.000000000000000000e+00
5.568891561453547245e-01 1.695798042565210606e+00 1.300000000000000000e+01 1.270000000000000000e+02 3.000000000000000000e+00
5.568891561453547245e-01 1.695798042565210606e+00 1.300000000000000000e+01 1.270000000000000000e+02 4.000000000000000000e+00
8.304018798983813232e-01 3.440997336604022516e-01 2.000000000000000000e+00 5.100000000000000000e+01 0.000000000000000000e+00
8.304018798983813232e-01 3.440997336604022516e-01 2.000000000000000000e+00 5.100000000000000000e+01 1.000000000000000000e+00
8.304018798983813232e-01 3.440997336604022516e-01 2.000000000000000000e+00 5.100000000000000000e+01 2.000000000000000000e+00
8.304018798983813232e-01 3.440997336604022516e-01 2.000000000000000000e+00 5.100000000000000000e+01 3.000000000000000000e+00
8.304018798983813232e-01 3.440997336604022516e-01 2.000000000000000000e+00 5.100000000000000000e+01 4.000000000000000000e+00
6.120020067914380135e-01 1.151029166729167441e+00 1.900000000000000000e+01 6.700000000000000000e+01 0.000000000000000000e+00
6.120020067914380135e-01 1.151029166729167441e+00 1.900000000000000000e+01 6.700000000000000000e+01 1.000000000000000000e+00
6.120020067914380135e-01 1.151029166729167441e+00 1.900000000000000000e+01 6.700000000000000000e+01 2.000000000000000000e+00
6.120020067914380135e-01 1.151029166729167441e+00 1.900000000000000000e+01 6.700000000000000000e+01 3.000000000000000000e+00
6.120020067914380135e-01 1.151029166729167441e+00 1.900000000000000000e+01 6.700000000000000000e+01 4.000000000000000000e+00
4.739084058100684338e-01 1.042891488849031711e+00 1.900000000000000000e+01 1.610000000000000000e+02 0.000000000000000000e+00
4.739084058100684338e-01 1.042891488849031711e+00 1.900000000000000000e+01 1.610000000000000000e+02 1.000000000000000000e+00
4.739084058100684338e-01 1.042891488849031711e+00 1.900000000000000000e+01 1.610000000000000000e+02 2.000000000000000000e+00
4.739084058100684338e-01 1.042891488849031711e+00 1.900000000000000000e+01 1.610000000000000000e+02 3.000000000000000000e+00
4.739084058100684338e-01 1.042891488849031711e+00 1.900000000000000000e+01 1.610000000000000000e+02 4.000000000000000000e+00
6.427128428773314361e-01 1.951327760945327228e+00 6.000000000000000000e+00 1.030000000000000000e+02 0.000000000000000000e+00
6.427128428773314361e-01 1.951327760945327228e+00 6.000000000000000000e+00 1.030000000000000000e+02 1.000000000000000000e+00
6.427128428773314361e-01 1.951327760945327228e+00 6.000000000000000000e+00 1.030000000000000000e+02 2.000000000000000000e+00
6.427128428773314361e-01 1.951327760945327228e+00 6.000000000000000000e+00 1.030000000000000000e+02 3.000000000000000000e+00
6.427128428773314361e-01 1.951327760945327228e+00 6.000000000000000000e+00 1.030000000000000000e+02 4.000000000000000000e+00
8.255029157504418791e-01 1.988883504766675303e+00 1.200000000000000000e+01 1.610000000000000000e+02 0.000000000000000000e+00
8.255029157504418791e-01 1.988883504766675303e+00 1.200000000000000000e+01 1.610000000000000000e+02 1.000000000000000000e+00
8.255029157504418791e-01 1.988883504766675303e+00 1.200000000000000000e+01 1.610000000000000000e+02 2.000000000000000000e+00
8.255029157504418791e-01 1.988883504766675303e+00 1.200000000000000000e+01 1.610000000000000000e+02 3.000000000000000000e+00
8.255029157504418791e-01 1.988883504766675303e+00 1.200000000000000000e+01 1.610000000000000000e+02 4.000000000000000000e+00
9.295851420595397929e-01 9.296615927020420722e-01 4.000000000000000000e+00 1.830000000000000000e+02 0.000000000000000000e+00
9.295851420595397929e-01 9.296615927020420722e-01 4.000000000000000000e+00 1.830000000000000000e+02 1.000000000000000000e+00
9.295851420595397929e-01 9.296615927020420722e-01 4.000000000000000000e+00 1.830000000000000000e+02 2.000000000000000000e+00
9.295851420595397929e-01 9.296615927020420722e-01 4.000000000000000000e+00 1.830000000000000000e+02 3.000000000000000000e+00
9.295851420595397929e-01 9.296615927020420722e-01 4.000000000000000000e+00 1.830000000000000000e+02 4.000000000000000000e+00
8.358119623031503576e-01 1.992520237678834016e+00 1.200000000000000000e+01 9.100000000000000000e+01 0.000000000000000000e+00
8.358119623031503576e-01 1.992520237678834016e+00 1.200000000000000000e+01 9.100000000000000000e+01 1.000000000000000000e+00
8.358119623031503576e-01 1.992520237678834016e+00 1.200000000000000000e+01 9.100000000000000000e+01 2.000000000000000000e+00
8.358119623031503576e-01 1.992520237678834016e+00 1.200000000000000000e+01 9.100000000000000000e+01 3.000000000000000000e+00
8.358119623031503576e-01 1.992520237678834016e+00 1.200000000000000000e+01 9.100000000000000000e+01 4.000000000000000000e+00
6.380460532353861014e-01 6.045395847258135946e-01 1.200000000000000000e+01 1.960000000000000000e+02 0.000000000000000000e+00
6.380460532353861014e-01 6.045395847258135946e-01 1.200000000000000000e+01 1.960000000000000000e+02 1.000000000000000000e+00
6.380460532353861014e-01 6.045395847258135946e-01 1.200000000000000000e+01 1.960000000000000000e+02 2.000000000000000000e+00
6.380460532353861014e-01 6.045395847258135946e-01 1.200000000000000000e+01 1.960000000000000000e+02 3.000000000000000000e+00
6.380460532353861014e-01 6.045395847258135946e-01 1.200000000000000000e+01 1.960000000000000000e+02 4.000000000000000000e+00
6.023509028250421116e-01 1.820807622145809601e+00 1.300000000000000000e+01 1.330000000000000000e+02 0.000000000000000000e+00
6.023509028250421116e-01 1.820807622145809601e+00 1.300000000000000000e+01 1.330000000000000000e+02 1.000000000000000000e+00
6.023509028250421116e-01 1.820807622145809601e+00 1.300000000000000000e+01 1.330000000000000000e+02 2.000000000000000000e+00
6.023509028250421116e-01 1.820807622145809601e+00 1.300000000000000000e+01 1.330000000000000000e+02 3.000000000000000000e+00
6.023509028250421116e-01 1.820807622145809601e+00 1.300000000000000000e+01 1.330000000000000000e+02 4.000000000000000000e+00
5.845243163202040043e-02 1.809597094623638824e+00 3.000000000000000000e+00 1.140000000000000000e+02 0.000000000000000000e+00
5.845243163202040043e-02 1.809597094623638824e+00 3.000000000000000000e+00 1.140000000000000000e+02 1.000000000000000000e+00
5.845243163202040043e-02 1.809597094623638824e+00 3.000000000000000000e+00 1.140000000000000000e+02 2.000000000000000000e+00
5.845243163202040043e-02 1.809597094623638824e+00 3.000000000000000000e+00 1.140000000000000000e+02 3.000000000000000000e+00
5.845243163202040043e-02 1.809597094623638824e+00 3.000000000000000000e+00 1.140000000000000000e+02 4.000000000000000000e+00
7.302140175314890680e-01 6.919468737140636039e-01 1.800000000000000000e+01 1.870000000000000000e+02 0.000000000000000000e+00
7.302140175314890680e-01 6.919468737140636039e-01 1.800000000000000000e+01 1.870000000000000000e+02 1.000000000000000000e+00
7.302140175314890680e-01 6.919468737140636039e-01 1.800000000000000000e+01 1.870000000000000000e+02 2.000000000000000000e+00
7.302140175314890680e-01 6.919468737140636039e-01 1.800000000000000000e+01 1.870000000000000000e+02 3.000000000000000000e+00
7.302140175314890680e-01 6.919468737140636039e-01 1.800000000000000000e+01 1.870000000000000000e+02 4.000000000000000000e+00
4.954064721794692039e-01 1.788550996015573213e+00 7.000000000000000000e+00 4.100000000000000000e+01 0.000000000000000000e+00
4.954064721794692039e-01 1.788550996015573213e+00 7.000000000000000000e+00 4.100000000000000000e+01 1.000000000000000000e+00
4.954064721794692039e-01 1.788550996015573213e+00 7.000000000000000000e+00 4.100000000000000000e+01 2.000000000000000000e+00
4.954064721794692039e-01 1.788550996015573213e+00 7.000000000000000000e+00 4.100000000000000000e+01 3.000000000000000000e+00
4.954064721794692039e-01 1.788550996015573213e+00 7.000000000000000000e+00 4.100000000000000000e+01 4.000000000000000000e+00
6.124911440148353980e-01 4.142916393097543226e-01 1.900000000000000000e+01 3.400000000000000000e+01 0.000000000000000000e+00
6.124911440148353980e-01 4.142916393097543226e-01 1.900000000000000000e+01 3.400000000000000000e+01 1.000000000000000000e+00
6.124911440148353980e-01 4.142916393097543226e-01 1.900000000000000000e+01 3.400000000000000000e+01 2.000000000000000000e+00
6.124911440148353980e-01 4.142916393097543226e-01 1.900000000000000000e+01 3.400000000000000000e+01 3.000000000000000000e+00
6.124911440148353980e-01 4.142916393097543226e-01 1.900000000000000000e+01 3.400000000000000000e+01 4.000000000000000000e+00
5.361022472918774984e-01 4.751944797631403317e-01 1.000000000000000000e+00 1.450000000000000000e+02 0.000000000000000000e+00
5.361022472918774984e-01 4.751944797631403317e-01 1.000000000000000000e+00 1.450000000000000000e+02 1.000000000000000000e+00
5.361022472918774984e-01 4.751944797631403317e-01 1.000000000000000000e+00 1.450000000000000000e+02 2.000000000000000000e+00
5.361022472918774984e-01 4.751944797631403317e-01 1.000000000000000000e+00 1.450000000000000000e+02 3.000000000000000000e+00
5.361022472918774984e-01 4.751944797631403317e-01 1.000000000000000000e+00 1.450000000000000000e+02 4.000000000000000000e+00
6.804470046329185173e-01 1.197498345908521555e+00 6.000000000000000000e+00 9.700000000000000000e+01 0.000000000000000000e+00
6.804470046329185173e-01 1.197498345908521555e+00 6.000000000000000000e+00 9.700000000000000000e+01 1.000000000000000000e+00
6.804470046329185173e-01 1.197498345908521555e+00 6.000000000000000000e+00 9.700000000000000000e+01 2.000000000000000000e+00
6.804470046329185173e-01 1.197498345908521555e+00 6.000000000000000000e+00 9.700000000000000000e+01 3.000000000000000000e+00
6.804470046329185173e-01 1.197498345908521555e+00 6.000000000000000000e+00 9.700000000000000000e+01 4.000000000000000000e+00
1.664259040495928987e-01 1.964992477257423875e+00 5.000000000000000000e+00 1.170000000000000000e+02 0.000000000000000000e+00
1.664259040495928987e-01 1.964992477257423875e+00 5.000000000000000000e+00 1.170000000000000000e+02 1.000000000000000000e+00
1.664259040495928987e-01 1.964992477257423875e+00 5.000000000000000000e+00 1.170000000000000000e+02 2.000000000000000000e+00
1.664259040495928987e-01 1.964992477257423875e+00 5.000000000000000000e+00 1.170000000000000000e+02 3.000000000000000000e+00
1.664259040495928987e-01 1.964992477257423875e+00 5.000000000000000000e+00 1.170000000000000000e+02 4.000000000000000000e+00
5.529532542643587067e-01 1.405114459176490138e+00 1.000000000000000000e+01 1.320000000000000000e+02 0.000000000000000000e+00
5.529532542643587067e-01 1.405114459176490138e+00 1.000000000000000000e+01 1.320000000000000000e+02 1.000000000000000000e+00
5.529532542643587067e-01 1.405114459176490138e+00 1.000000000000000000e+01 1.320000000000000000e+02 2.000000000000000000e+00
5.529532542643587067e-01 1.405114459176490138e+00 1.000000000000000000e+01 1.320000000000000000e+02 3.000000000000000000e+00
5.529532542643587067e-01 1.405114459176490138e+00 1.000000000000000000e+01 1.320000000000000000e+02 4.000000000000000000e+00
6.813475263020259964e-01 1.737890448288665457e+00 1.700000000000000000e+01 3.300000000000000000e+01 0.000000000000000000e+00
6.813475263020259964e-01 1.737890448288665457e+00 1.700000000000000000e+01 3.300000000000000000e+01 1.000000000000000000e+00
6.813475263020259964e-01 1.737890448288665457e+00 1.700000000000000000e+01 3.300000000000000000e+01 2.000000000000000000e+00
6.813475263020259964e-01 1.737890448288665457e+00 1.700000000000000000e+01 3.300000000000000000e+01 3.000000000000000000e+00
6.813475263020259964e-01 1.737890448288665457e+00 1.700000000000000000e+01 3.300000000000000000e+01 4.000000000000000000e+00
2.355873259635431899e-02 1.795689562225300628e+00 1.200000000000000000e+01 2.900000000000000000e+01 0.000000000000000000e+00
2.355873259635431899e-02 1.795689562225300628e+00 1.200000000000000000e+01 2.900000000000000000e+01 1.000000000000000000e+00
2.355873259635431899e-02 1.795689562225300628e+00 1.200000000000000000e+01 2.900000000000000000e+01 2.000000000000000000e+00
2.355873259635431899e-02 1.795689562225300628e+00 1.200000000000000000e+01 2.900000000000000000e+01 3.000000000000000000e+00
2.355873259635431899e-02 1.795689562225300628e+00 1.200000000000000000e+01 2.900000000000000000e+01 4.000000000000000000e+00
4.450718830031666906e-01 1.054913926493778131e+00 2.000000000000000000e+00 1.450000000000000000e+02 0.000000000000000000e+00
4.450718830031666906e-01 1.054913926493778131e+00 2.000000000000000000e+00 1.450000000000000000e+02 1.000000000000000000e+00
4.450718830031666906e-01 1.054913926493778131e+00 2.000000000000000000e+00 1.450000000000000000e+02 2.000000000000000000e+00
4.450718830031666906e-01 1.054913926493778131e+00 2.000000000000000000e+00 1.450000000000000000e+02 3.000000000000000000e+00
4.450718830031666906e-01 1.054913926493778131e+00 2.000000000000000000e+00 1.450000000000000000e+02 4.000000000000000000e+00
7.252639813433188198e-01 1.780382700609174584e+00 5.000000000000000000e+00 3.100000000000000000e+01 0.000000000000000000e+00
7.252639813433188198e-01 1.780382700609174584e+00 5.000000000000000000e+00 3.100000000000000000e+01 1.000000000000000000e+00
7.252639813433188198e-01 1.780382700609174584e+00 5.000000000000000000e+00 3.100000000000000000e+01 2.000000000000000000e+00
7.252639813433188198e-01 1.780382700609174584e+00 5.000000000000000000e+00 3.100000000000000000e+01 3.000000000000000000e+00
7.252639813433188198e-01 1.780382700609174584e+00 5.000000000000000000e+00 3.100000000000000000e+01 4.000000000000000000e+00
1.232529892251105069e-01 1.324724401271573759e+00 5.000000000000000000e+00 1.210000000000000000e+02 0.000000000000000000e+00
1.232529892251105069e-01 1.324724401271573759e+00 5.000000000000000000e+00 1.210000000000000000e+02 1.000000000000000000e+00
1.232529892251105069e-01 1.324724401271573759e+00 5.000000000000000000e+00 1.210000000000000000e+02 2.000000000000000000e+00
1.232529892251105069e-01 1.324724401271573759e+00 5.000000000000000000e+00 1.210000000000000000e+02 3.000000000000000000e+00
1.232529892251105069e-01 1.324724401271573759e+00 5.000000000000000000e+00 1.210000000000000000e+02 4.000000000000000000e+00
2.313573697696301723e-01 1.794462529535939821e-01 2.000000000000000000e+00 1.510000000000000000e+02 0.000000000000000000e+00
2.313573697696301723e-01 1.794462529535939821e-01 2.000000000000000000e+00 1.510000000000000000e+02 1.000000000000000000e+00
2.313573697696301723e-01 1.794462529535939821e-01 2.000000000000000000e+00 1.510000000000000000e+02 2.000000000000000000e+00
2.313573697696301723e-01 1.794462529535939821e-01 2.000000000000000000e+00 1.510000000000000000e+02 3.000000000000000000e+00
2.313573697696301723e-01 1.794462529535939821e-01 2.000000000000000000e+00 1.510000000000000000e+02 4.000000000000000000e+00
2.906568854546265346e-01 6.873058502637733325e-01 1.000000000000000000e+01 1.470000000000000000e+02 0.000000000000000000e+00
2.906568854546265346e-01 6.873058502637733325e-01 1.000000000000000000e+01 1.470000000000000000e+02 1.000000000000000000e+00
2.906568854546265346e-01 6.873058502637733325e-01 1.000000000000000000e+01 1.470000000000000000e+02 2.000000000000000000e+00
2.906568854546265346e-01 6.873058502637733325e-01 1.000000000000000000e+01 1.470000000000000000e+02 3.000000000000000000e+00
2.906568854546265346e-01 6.873058502637733325e-01 1.000000000000000000e+01 1.470000000000000000e+02 4.000000000000000000e+00
1.434905359829502514e-01 1.545922549745852193e+00 4.000000000000000000e+00 8.800000000000000000e+01 0.000000000000000000e+00
1.434905359829502514e-01 1.545922549745852193e+00 4.000000000000000000e+00 8.800000000000000000e+01 1.000000000000000000e+00
1.434905359829502514e-01 1.545922549745852193e+00 4.000000000000000000e+00 8.800000000000000000e+01 2.000000000000000000e+00
1.434905359829502514e-01 1.545922549745852193e+00 4.000000000000000000e+00 8.800000000000000000e+01 3.000000000000000000e+00
1.434905359829502514e-01 1.545922549745852193e+00 4.000000000000000000e+00 8.800000000000000000e+01 4.000000000000000000e+00
2.133977469972848651e-01 1.681702975111608156e+00 1.700000000000000000e+01 1.630000000000000000e+02 0.000000000000000000e+00
2.133977469972848651e-01 1.681702975111608156e+00 1.700000000000000000e+01 1.630000000000000000e+02 1.000000000000000000e+00
2.133977469972848651e-01 1.681702975111608156e+00 1.700000000000000000e+01 1.630000000000000000e+02 2.000000000000000000e+00
2.133977469972848651e-01 1.681702975111608156e+00 1.700000000000000000e+01 1.630000000000000000e+02 3.000000000000000000e+00
2.133977469972848651e-01 1.681702975111608156e+00 1.700000000000000000e+01 1.630000000000000000e+02 4.000000000000000000e+00
7.328968626625356197e-01 7.932943462580687166e-01 1.900000000000000000e+01 2.300000000000000000e+01 0.000000000000000000e+00
7.328968626625356197e-01 7.932943462580687166e-01 1.900000000000000000e+01 2.300000000000000000e+01 1.000000000000000000e+00
7.328968626625356197e-01 7.932943462580687166e-01 1.900000000000000000e+01 2.300000000000000000e+01 2.000000000000000000e+00
7.328968626625356197e-01 7.932943462580687166e-01 1.900000000000000000e+01 2.300000000000000000e+01 3.000000000000000000e+00
7.328968626625356197e-01 7.932943462580687166e-01 1.900000000000000000e+01 2.300000000000000000e+01 4.000000000000000000e+00
2.292270855879295910e-01 5.694592064205569182e-01 1.000000000000000000e+00 7.800000000000000000e+01 0.000000000000000000e+00
2.292270855879295910e-01 5.694592064205569182e-01 1.000000000000000000e+00 7.800000000000000000e+01 1.000000000000000000e+00
2.292270855879295910e-01 5.694592064205569182e-01 1.000000000000000000e+00 7.800000000000000000e+01 2.000000000000000000e+00
2.292270855879295910e-01 5.694592064205569182e-01 1.000000000000000000e+00 7.800000000000000000e+01 3.000000000000000000e+00
2.292270855879295910e-01 5.694592064205569182e-01 1.000000000000000000e+00 7.800000000000000000e+01 4.000000000000000000e+00
1.193428770929949451e-01 1.979756933915988171e+00 2.000000000000000000e+01 2.300000000000000000e+01 0.000000000000000000e+00
1.193428770929949451e-01 1.979756933915988171e+00 2.000000000000000000e+01 2.300000000000000000e+01 1.000000000000000000e+00
1.193428770929949451e-01 1.979756933915988171e+00 2.000000000000000000e+01 2.300000000000000000e+01 2.000000000000000000e+00
1.193428770929949451e-01 1.979756933915988171e+00 2.000000000000000000e+01 2.300000000000000000e+01 3.000000000000000000e+00
1.193428770929949451e-01 1.979756933915988171e+00 2.000000000000000000e+01 2.300000000000000000e+01 4.000000000000000000e+00
5.511800162429458805e-01 1.891649496324659507e+00 1.600000000000000000e+01 1.550000000000000000e+02 0.000000000000000000e+00
5.511800162429458805e-01 1.891649496324659507e+00 1.600000000000000000e+01 1.550000000000000000e+02 1.000000000000000000e+00
5.511800162429458805e-01 1.891649496324659507e+00 1.600000000000000000e+01 1.550000000000000000e+02 2.000000000000000000e+00
5.511800162429458805e-01 1.891649496324659507e+00 1.600000000000000000e+01 1.550000000000000000e+02 3.000000000000000000e+00
5.511800162429458805e-01 1.891649496324659507e+00 1.600000000000000000e+01 1.550000000000000000e+02 4.000000000000000000e+00
8.965771081727441638e-01 1.272737202207171736e-01 1.500000000000000000e+01 1.700000000000000000e+02 0.000000000000000000e+00
8.965771081727441638e-01 1.272737202207171736e-01 1.500000000000000000e+01 1.700000000000000000e+02 1.000000000000000000e+00
8.965771081727441638e-01 1.272737202207171736e-01 1.500000000000000000e+01 1.700000000000000000e+02 2.000000000000000000e+00
8.965771081727441638e-01 1.272737202207171736e-01 1.500000000000000000e+01 1.700000000000000000e+02 3.000000000000000000e+00
8.965771081727441638e-01 1.272737202207171736e-01 1.500000000000000000e+01 1.700000000000000000e+02 4.000000000000000000e+00
8.788694702243053936e-01 7.029112817038841721e-01 1.700000000000000000e+01 1.590000000000000000e+02 0.000000000000000000e+00
8.788694702243053936e-01 7.029112817038841721e-01 1.700000000000000000e+01 1.590000000000000000e+02 1.000000000000000000e+00
8.788694702243053936e-01 7.029112817038841721e-01 1.700000000000000000e+01 1.590000000000000000e+02 2.000000000000000000e+00
8.788694702243053936e-01 7.029112817038841721e-01 1.700000000000000000e+01 1.590000000000000000e+02 3.000000000000000000e+00
8.788694702243053936e-01 7.029112817038841721e-01 1.700000000000000000e+01 1.590000000000000000e+02 4.000000000000000000e+00
9.579489384238425442e-01 1.321537765449566637e-01 1.900000000000000000e+01 1.870000000000000000e+02 0.000000000000000000e+00
9.579489384238425442e-01 1.321537765449566637e-01 1.900000000000000000e+01 1.870000000000000000e+02 1.000000000000000000e+00
9.579489384238425442e-01 1.321537765449566637e-01 1.900000000000000000e+01 1.870000000000000000e+02 2.000000000000000000e+00
9.579489384238425442e-01 1.321537765449566637e-01 1.900000000000000000e+01 1.870000000000000000e+02 3.000000000000000000e+00
9.579489384238425442e-01 1.321537765449566637e-01 1.900000000000000000e+01 1.870000000000000000e+02 4.000000000000000000e+00
9.862927105387382376e-01 1.728797728242895682e+00 7.000000000000000000e+00 1.750000000000000000e+02 0.000000000000000000e+00
9.862927105387382376e-01 1.728797728242895682e+00 7.000000000000000000e+00 1.750000000000000000e+02 1.000000000000000000e+00
9.862927105387382376e-01 1.728797728242895682e+00 7.000000000000000000e+00 1.750000000000000000e+02 2.000000000000000000e+00
9.862927105387382376e-01 1.728797728242895682e+00 7.000000000000000000e+00 1.750000000000000000e+02 3.000000000000000000e+00
9.862927105387382376e-01 1.728797728242895682e+00 7.000000000000000000e+00 1.750000000000000000e+02 4.000000000000000000e+00
3.281553871609903528e-01 6.968898516365295004e-01 5.000000000000000000e+00 7.800000000000000000e+01 0.000000000000000000e+00
3.281553871609903528e-01 6.968898516365295004e-01 5.000000000000000000e+00 7.800000000000000000e+01 1.000000000000000000e+00
3.281553871609903528e-01 6.968898516365295004e-01 5.000000000000000000e+00 7.800000000000000000e+01 2.000000000000000000e+00
3.281553871609903528e-01 6.968898516365295004e-01 5.000000000000000000e+00 7.800000000000000000e+01 3.000000000000000000e+00
3.281553871609903528e-01 6.968898516365295004e-01 5.000000000000000000e+00 7.800000000000000000e+01 4.000000000000000000e+00
4.212917607190884706e-01 7.799998220905380863e-01 1.600000000000000000e+01 1.980000000000000000e+02 0.000000000000000000e+00
4.212917607190884706e-01 7.799998220905380863e-01 1.600000000000000000e+01 1.980000000000000000e+02 1.000000000000000000e+00
4.212917607190884706e-01 7.799998220905380863e-01 1.600000000000000000e+01 1.980000000000000000e+02 2.000000000000000000e+00
4.212917607190884706e-01 7.799998220905380863e-01 1.600000000000000000e+01 1.980000000000000000e+02 3.000000000000000000e+00
4.212917607190884706e-01 7.799998220905380863e-01 1.600000000000000000e+01 1.980000000000000000e+02 4.000000000000000000e+00
9.605007402750617151e-01 9.768259186140965111e-01 1.700000000000000000e+01 1.880000000000000000e+02 0.000000000000000000e+00
9.605007402750617151e-01 9.768259186140965111e-01 1.700000000000000000e+01 1.880000000000000000e+02 1.000000000000000000e+00
9.605007402750617151e-01 9.768259186140965111e-01 1.700000000000000000e+01 1.880000000000000000e+02 2.000000000000000000e+00
9.605007402750617151e-01 9.768259186140965111e-01 1.700000000000000000e+01 1.880000000000000000e+02 3.000000000000000000e+00
9.605007402750617151e-01 9.768259186140965111e-01 1.700000000000000000e+01 1.880000000000000000e+02 4.000000000000000000e+00
3.177583769093687005e-01 1.481532185739129037e+00 5.000000000000000000e+00 1.600000000000000000e+01 0.000000000000000000e+00
3.177583769093687005e-01 1.481532185739129037e+00 5.000000000000000000e+00 1.600000000000000000e+01 1.000000000000000000e+00
3.177583769093687005e-01 1.481532185739129037e+00 5.000000000000000000e+00 1.600000000000000000e+01 2.000000000000000000e+00
3.177583769093687005e-01 1.481532185739129037e+00 5.000000000000000000e+00 1.600000000000000000e+01 3.000000000000000000e+00
3.177583769093687005e-01 1.481532185739129037e+00 5.000000000000000000e+00 1.600000000000000000e+01 4.000000000000000000e+00
1.008245617633180963e-01 2.001273650201985443e+00 8.000000000000000000e+00 1.140000000000000000e+02 0.000000000000000000e+00
1.008245617633180963e-01 2.001273650201985443e+00 8.000000000000000000e+00 1.140000000000000000e+02 1.000000000000000000e+00
1.008245617633180963e-01 2.001273650201985443e+00 8.000000000000000000e+00 1.140000000000000000e+02 2.000000000000000000e+00
1.008245617633180963e-01 2.001273650201985443e+00 8.000000000000000000e+00 1.140000000000000000e+02 3.000000000000000000e+00
1.008245617633180963e-01 2.001273650201985443e+00 8.000000000000000000e+00 1.140000000000000000e+02 4.000000000000000000e+00
8.441124453915750392e-01 1.538262539203362422e+00 7.000000000000000000e+00 1.230000000000000000e+02 0.000000000000000000e+00
8.441124453915750392e-01 1.538262539203362422e+00 7.000000000000000000e+00 1.230000000000000000e+02 1.000000000000000000e+00
8.441124453915750392e-01 1.538262539203362422e+00 7.000000000000000000e+00 1.230000000000000000e+02 2.000000000000000000e+00
8.441124453915750392e-01 1.538262539203362422e+00 7.000000000000000000e+00 1.230000000000000000e+02 3.000000000000000000e+00
8.441124453915750392e-01 1.538262539203362422e+00 7.000000000000000000e+00 1.230000000000000000e+02 4.000000000000000000e+00
7.324406494220397912e-01 3.287132248803225076e-01 3.000000000000000000e+00 1.740000000000000000e+02 0.000000000000000000e+00
7.324406494220397912e-01 3.287132248803225076e-01 3.000000000000000000e+00 1.740000000000000000e+02 1.000000000000000000e+00
7.324406494220397912e-01 3.287132248803225076e-01 3.000000000000000000e+00 1.740000000000000000e+02 2.000000000000000000e+00
7.324406494220397912e-01 3.287132248803225076e-01 3.000000000000000000e+00 1.740000000000000000e+02 3.000000000000000000e+00
7.324406494220397912e-01 3.287132248803225076e-01 3.000000000000000000e+00 1.740000000000000000e+02 4.000000000000000000e+00
4.909291765284850007e-01 1.235108169746369056e+00 1.900000000000000000e+01 1.260000000000000000e+02 0.000000000000000000e+00
4.909291765284850007e-01 1.235108169746369056e+00 1.900000000000000000e+01 1.260000000000000000e+02 1.000000000000000000e+00
4.909291765284850007e-01 1.235108169746369056e+00 1.900000000000000000e+01 1.260000000000000000e+02 2.000000000000000000e+00
4.909291765284850007e-01 1.235108169746369056e+00 1.900000000000000000e+01 1.260000000000000000e+02 3.000000000000000000e+00
4.909291765284850007e-01 1.235108169746369056e+00 1.900000000000000000e+01 1.260000000000000000e+02 4.000000000000000000e+00
3.186744087791376634e-01 1.693197827651222731e+00 1.100000000000000000e+01 5.900000000000000000e+01 0.000000000000000000e+00
3.186744087791376634e-01 1.693197827651222731e+00 1.100000000000000000e+01 5.900000000000000000e+01 1.000000000000000000e+00
3.186744087791376634e-01 1.693197827651222731e+00 1.100000000000000000e+01 5.900000000000000000e+01 2.000000000000000000e+00
3.186744087791376634e-01 1.693197827651222731e+00 1.100000000000000000e+01 5.900000000000000000e+01 3.000000000000000000e+00
3.186744087791376634e-01 1.693197827651222731e+00 1.100000000000000000e+01 5.900000000000000000e+01 4.000000000000000000e+00
8.917991811586484241e-01 1.507703552269602287e+00 1.300000000000000000e+01 8.100000000000000000e+01 0.000000000000000000e+00
8.917991811586484241e-01 1.507703552269602287e+00 1.300000000000000000e+01 8.100000000000000000e+01 1.000000000000000000e+00
8.917991811586484241e-01 1.507703552269602287e+00 1.300000000000000000e+01 8.100000000000000000e+01 2.000000000000000000e+00
8.917991811586484241e-01 1.507703552269602287e+00 1.300000000000000000e+01 8.100000000000000000e+01 3.000000000000000000e+00
8.917991811586484241e-01 1.507703552269602287e+00 1.300000000000000000e+01 8.100000000000000000e+01 4.000000000000000000e+00
9.638259248458991291e-01 9.035627084229042039e-01 3.000000000000000000e+00 5.800000000000000000e+01 0.000000000000000000e+00
9.638259248458991291e-01 9.035627084229042039e-01 3.000000000000000000e+00 5.800000000000000000e+01 1.000000000000000000e+00
9.638259248458991291e-01 9.035627084229042039e-01 3.000000000000000000e+00 5.800000000000000000e+01 2.000000000000000000e+00
9.638259248458991291e-01 9.035627084229042039e-01 3.000000000000000000e+00 5.800000000000000000e+01 3.000000000000000000e+00
9.638259248458991291e-01 9.035627084229042039e-01 3.000000000000000000e+00 5.800000000000000000e+01 4.000000000000000000e+00
5.312499111113164751e-01 1.655282631362322787e+00 7.000000000000000000e+00 2.000000000000000000e+00 0.000000000000000000e+00
5.312499111113164751e-01 1.655282631362322787e+00 7.000000000000000000e+00 2.000000000000000000e+00 1.000000000000000000e+00
5.312499111113164751e-01 1.655282631362322787e+00 7.000000000000000000e+00 2.000000000000000000e+00 2.000000000000000000e+00
5.312499111113164751e-01 1.655282631362322787e+00 7.000000000000000000e+00 2.000000000000000000e+00 3.000000000000000000e+00
5.312499111113164751e-01 1.655282631362322787e+00 7.000000000000000000e+00 2.000000000000000000e+00 4.000000000000000000e+00
2.151922043008435564e-02 1.226610256202824711e+00 2.000000000000000000e+01 1.700000000000000000e+02 0.000000000000000000e+00
2.151922043008435564e-02 1.226610256202824711e+00 2.000000000000000000e+01 1.700000000000000000e+02 1.000000000000000000e+00
2.151922043008435564e-02 1.226610256202824711e+00 2.000000000000000000e+01 1.700000000000000000e+02 2.000000000000000000e+00
2.151922043008435564e-02 1.226610256202824711e+00 2.000000000000000000e+01 1.700000000000000000e+02 3.000000000000000000e+00
2.151922043008435564e-02 1.226610256202824711e+00 2.000000000000000000e+01 1.700000000000000000e+02 4.000000000000000000e+00
5.029728129084026778e-01 1.394491594198431272e+00 3.000000000000000000e+00 3.900000000000000000e+01 0.000000000000000000e+00
5.029728129084026778e-01 1.394491594198431272e+00 3.000000000000000000e+00 3.900000000000000000e+01 1.000000000000000000e+00
5.029728129084026778e-01 1.394491594198431272e+00 3.000000000000000000e+00 3.900000000000000000e+01 2.000000000000000000e+00
5.029728129084026778e-01 1.394491594198431272e+00 3.000000000000000000e+00 3.900000000000000000e+01 3.000000000000000000e+00
5.029728129084026778e-01 1.394491594198431272e+00 3.000000000000000000e+00 3.900000000000000000e+01 4.000000000000000000e+00
8.803968044955678973e-01 1.292050984004488479e+00 1.000000000000000000e+01 1.750000000000000000e+02 0.000000000000000000e+00
8.803968044955678973e-01 1.292050984004488479e+00 1.000000000000000000e+01 1.750000000000000000e+02 1.000000000000000000e+00
8.803968044955678973e-01 1.292050984004488479e+00 1.000000000000000000e+01 1.750000000000000000e+02 2.000000000000000000e+00
8.803968044955678973e-01 1.292050984004488479e+00 1.000000000000000000e+01 1.750000000000000000e+02 3.000000000000000000e+00
8.803968044955678973e-01 1.292050984004488479e+00 1.000000000000000000e+01 1.750000000000000000e+02 4.000000000000000000e+00
