6.163543377764754139e-01 1.415023137235631445e+00 1.600000000000000000e+01 1.410000000000000000e+02 0.000000000000000000e+00
3.172410093435699130e-01 2.024006970301684749e+00 1.600000000000000000e+01 4.400000000000000000e+01 0.000000000000000000e+00
5.459189073312936680e-01 1.419269381773273331e+00 4.000000000000000000e+00 2.200000000000000000e+01 0.000000000000000000e+00
1.009376528823271446e+00 1.601967853864382452e+00 2.000000000000000000e+00 1.740000000000000000e+02 0.000000000000000000e+00
5.485222036694672454e-01 1.591010906997887941e+00 1.200000000000000000e+01 4.600000000000000000e+01 0.000000000000000000e+00
2.455981946830055884e-01 9.327009809851650735e-01 9.000000000000000000e+00 6.100000000000000000e+01 0.000000000000000000e+00
8.550197568004458404e-01 9.112934902861268283e-01 5.000000000000000000e+00 2.800000000000000000e+01 0.000000000000000000e+00
4.845585446731531798e-01 1.486358367586836371e+00 2.000000000000000000e+01 1.770000000000000000e+02 0.000000000000000000e+00
1.951633718138185980e-01 2.365497136224616048e-01 6.000000000000000000e+00 4.300000000000000000e+01 0.000000000000000000e+00
6.322920053145283381e-01 1.302036739269720744e+00 7.000000000000000000e+00 9.100000000000000000e+01 0.000000000000000000e+00
8.794446125686564697e-01 2.052915578676441088e-01 1.300000000000000000e+01 1.900000000000000000e+02 0.000000000000000000e+00
5.790645524601465421e-01 9.106697425640554178e-01 2.000000000000000000e+01 8.700000000000000000e+01 0.000000000000000000e+00
8.125135774127663080e-01 1.670744099817260686e+00 1.500000000000000000e+01 1.070000000000000000e+02 0.000000000000000000e+00
7.887127840641243726e-01 2.850705871894440024e-01 1.200000000000000000e+01 1.670000000000000000e+02 0.000000000000000000e+00
9.691793714866920872e-01 1.787924790503443218e+00 1.700000000000000000e+01 1.460000000000000000e+02 0.000000000000000000e+00
2.816751926811960072e-01 1.055010415263184731e+00 1.200000000000000000e+01 1.350000000000000000e+02 0.000000000000000000e+00
4.875494067404466669e-01 1.409730234357010392e+00 4.000000000000000000e+00 1.470000000000000000e+02 0.000000000000000000e+00
2.110506426452727347e-01 8.503657213484433486e-01 2.000000000000000000e+00 5.400000000000000000e+01 0.000000000000000000e+00
2.886087819950970967e-01 7.495505990391470030e-01 1.200000000000000000e+01 1.880000000000000000e+02 0.000000000000000000e+00
5.690266149233323967e-01 1.820809070851123757e+00 6.000000000000000000e+00 9.300000000000000000e+01 0.000000000000000000e+00
9.579465104811180076e-01 1.009502998050599176e+00 3.000000000000000000e+00 6.300000000000000000e+01 0.000000000000000000e+00
4.757115015569460814e-01 1.954206590737030735e+00 7.000000000000000000e+00 1.870000000000000000e+02 0.000000000000000000e+00
1.375526965128008872e-01 4.529257016892594967e-01 4.000000000000000000e+00 1.290000000000000000e+02 0.000000000000000000e+00
4.777844875797676583e-01 1.993167046182014790e+00 1.000000000000000000e+01 7.800000000000000000e+01 0.000000000000000000e+00
5.888097668517700001e-01 1.029452641085250308e-01 1.100000000000000000e+01 4.300000000000000000e+01 0.000000000000000000e+00
5.135017792114337370e-02 9.441307165383524547e-01 1.800000000000000000e+01 6.000000000000000000e+00 0.000000000000000000e+00
7.305821097851223911e-01 1.698591549721506722e+00 2.000000000000000000e+00 1.350000000000000000e+02 0.000000000000000000e+00
6.528558430025812598e-01 2.851243511898599037e-01 1.000000000000000000e+00 9.400000000000000000e+01 0.000000000000000000e+00
4.651821846941247562e-01 5.107290508278529151e-01 1.600000000000000000e+01 1.330000000000000000e+02 0.000000000000000000e+00
7.128508925463084012e-01 5.237865234632045341e-01 2.000000000000000000e+01 2.600000000000000000e+01 0.000000000000000000e+00
4.038590981908717764e-02 1.690419104571591336e-01 1.400000000000000000e+01 6.800000000000000000e+01 0.000000000000000000e+00
2.610348442320401530e-01 5.255262896935456451e-01 3.000000000000000000e+00 1.440000000000000000e+02 0.000000000000000000e+00
5.070993718741704237e-01 1.345927821785582346e+00 1.000000000000000000e+01 1.650000000000000000e+02 0.000000000000000000e+00
2.285274228754771153e-01 1.754940820059962547e+00 2.000000000000000000e+00 1.520000000000000000e+02 0.000000000000000000e+00
1.829608207199459047e-01 1.644202282985569141e+00 1.900000000000000000e+01 1.700000000000000000e+01 0.000000000000000000e+00
1.666115789174478223e-01 1.603919843075768403e+00 8.000000000000000000e+00 1.160000000000000000e+02 0.000000000000000000e+00
7.977420356673418089e-01 9.793322377104388687e-01 1.200000000000000000e+01 4.300000000000000000e+01 0.000000000000000000e+00
3.082688545223803978e-01 7.100135685398266672e-01 1.600000000000000000e+01 2.800000000000000000e+01 0.000000000000000000e+00
5.772737268453820292e-01 9.408125644958617029e-01 9.000000000000000000e+00 4.700000000000000000e+01 0.000000000000000000e+00
3.131357166239689266e-02 1.232172884746786379e-01 1.500000000000000000e+01 1.630000000000000000e+02 0.000000000000000000e+00
2.528821230610366760e-02 1.937195039469653768e+00 8.000000000000000000e+00 3.000000000000000000e+00 0.000000000000000000e+00
9.432797635086410670e-01 1.550025985818112295e-01 1.100000000000000000e+01 1.320000000000000000e+02 0.000000000000000000e+00
9.832765289683040866e-01 1.334848156588614776e+00 3.000000000000000000e+00 2.600000000000000000e+01 0.000000000000000000e+00
6.694168049716530122e-01 9.471613205387533485e-01 1.300000000000000000e+01 1.560000000000000000e+02 0.000000000000000000e+00
1.154527543279780660e-01 1.265085704486440976e+00 1.900000000000000000e+01 1.590000000000000000e+02 0.000000000000000000e+00
1.898851903235112548e-01 2.087861491338705910e+00 1.600000000000000000e+01 1.270000000000000000e+02 0.000000000000000000e+00
7.568245032037764775e-01 6.261912912028643197e-01 7.000000000000000000e+00 1.700000000000000000e+02 0.000000000000000000e+00
4.663294080883250148e-01 1.254492284973816485e+00 1.300000000000000000e+01 1.660000000000000000e+02 0.000000000000000000e+00
2.260589898334340875e-01 6.071568604375391365e-01 1.100000000000000000e+01 1.600000000000000000e+01 0.000000000000000000e+00
6.164543850236858802e-01 1.429864229777035034e-01 1.200000000000000000e+01 6.800000000000000000e+01 0.000000000000000000e+00
2.569599584726011132e-01 1.290759196490330440e+00 2.000000000000000000e+01 4.800000000000000000e+01 1.000000000000000000e+00
5.032628633628402071e-01 2.023842368714762474e-01 1.400000000000000000e+01 4.800000000000000000e+01 1.000000000000000000e+00
3.939127356484605214e-01 4.721109449902359811e-01 1.000000000000000000e+01 1.220000000000000000e+02 1.000000000000000000e+00
4.936930502515950447e-01 1.540830485374002079e-01 1.300000000000000000e+01 1.050000000000000000e+02 1.000000000000000000e+00
7.024307898098233194e-01 1.055530786964857359e+00 1.000000000000000000e+01 1.900000000000000000e+01 1.000000000000000000e+00
8.060382151128480110e-01 1.777504642255504308e+00 1.900000000000000000e+01 1.650000000000000000e+02 1.000000000000000000e+00
9.050988284594742028e-01 3.022195193324693774e-01 8.000000000000000000e+00 8.400000000000000000e+01 1.000000000000000000e+00
8.922562731378221867e-01 8.337624915277793702e-01 1.900000000000000000e+01 1.330000000000000000e+02 1.000000000000000000e+00
6.019583453663447381e-01 3.836801860918436224e-01 1.200000000000000000e+01 1.090000000000000000e+02 1.000000000000000000e+00
4.725944808387332330e-01 1.604909981716703682e-01 7.000000000000000000e+00 5.900000000000000000e+01 1.000000000000000000e+00
8.386026159092816457e-01 1.894490266328980210e+00 1.700000000000000000e+01 2.200000000000000000e+01 1.000000000000000000e+00
1.422971457826184283e-01 1.965176827263902304e+00 8.000000000000000000e+00 7.000000000000000000e+01 1.000000000000000000e+00
6.106597781510935546e-02 4.121347288367928074e-01 4.000000000000000000e+00 1.200000000000000000e+01 1.000000000000000000e+00
7.796469796587411627e-02 3.251458954583338334e-01 1.800000000000000000e+01 3.200000000000000000e+01 1.000000000000000000e+00
9.659014622974885222e-01 6.252729640740578576e-01 3.000000000000000000e+00 6.600000000000000000e+01 1.000000000000000000e+00
2.104392227636385782e-01 1.484439981878351800e+00 1.000000000000000000e+01 1.800000000000000000e+02 1.000000000000000000e+00
8.673700314150936119e-01 4.304206927507642222e-01 1.900000000000000000e+01 1.130000000000000000e+02 1.000000000000000000e+00
2.367097566589294599e-01 8.299746154600861070e-01 1.600000000000000000e+01 6.900000000000000000e+01 1.000000000000000000e+00
8.347476427337301441e-01 3.664047090179994859e-01 5.000000000000000000e+00 6.300000000000000000e+01 1.000000000000000000e+00
1.141188243536058605e-01 1.252497251153739777e+00 1.000000000000000000e+01 1.360000000000000000e+02 1.000000000000000000e+00
4.099621617129517448e-01 1.934728575305673992e+00 2.000000000000000000e+01 1.780000000000000000e+02 1.000000000000000000e+00
9.027592024249080360e-01 1.522711273880357208e+00 2.000000000000000000e+00 1.990000000000000000e+02 1.000000000000000000e+00
8.212306509540217014e-01 4.774914035763696551e-01 6.000000000000000000e+00 7.600000000000000000e+01 1.000000000000000000e+00
6.508224159603861469e-01 1.503863135152641028e+00 1.500000000000000000e+01 1.820000000000000000e+02 1.000000000000000000e+00
7.464000613201384748e-01 2.025301659474531224e+00 9.000000000000000000e+00 8.400000000000000000e+01 1.000000000000000000e+00
9.291234544631531422e-01 3.783080986455383821e-01 7.000000000000000000e+00 6.500000000000000000e+01 1.000000000000000000e+00
3.680516735483686519e-01 1.491782907609112252e+00 7.000000000000000000e+00 1.860000000000000000e+02 1.000000000000000000e+00
3.844086084275016857e-01 1.440833022314066625e+00 1.900000000000000000e+01 1.540000000000000000e+02 1.000000000000000000e+00
4.266816748521150560e-01 1.857315891433293453e+00 1.100000000000000000e+01 9.500000000000000000e+01 1.000000000000000000e+00
3.345344260570253248e-01 1.694934491756273920e-01 1.300000000000000000e+01 1.210000000000000000e+02 1.000000000000000000e+00
3.847511397482220596e-01 1.584275541120394371e+00 8.000000000000000000e+00 9.900000000000000000e+01 1.000000000000000000e+00
4.141068005439709765e-01 6.152491177301709913e-01 2.000000000000000000e+01 8.500000000000000000e+01 1.000000000000000000e+00
9.345625406803246271e-01 1.550667303703120670e+00 2.000000000000000000e+01 2.200000000000000000e+01 1.000000000000000000e+00
2.163333072109231425e-01 1.212184095104310855e-01 1.200000000000000000e+01 4.200000000000000000e+01 1.000000000000000000e+00
6.361396114991541006e-01 5.488393132632206628e-01 1.300000000000000000e+01 7.500000000000000000e+01 1.000000000000000000e+00
1.708362923678475864e-01 4.709917580950994109e-01 1.000000000000000000e+01 1.470000000000000000e+02 1.000000000000000000e+00
6.149049469063947448e-01 2.108869933623502002e-01 9.000000000000000000e+00 1.640000000000000000e+02 1.000000000000000000e+00
2.186669991633557464e-01 1.657496526085497246e+00 1.300000000000000000e+01 3.700000000000000000e+01 1.000000000000000000e+00
2.343754200490043987e-02 1.002764827744676568e+00 1.700000000000000000e+01 1.950000000000000000e+02 1.000000000000000000e+00
1.619019581129880203e-01 8.781693174443075955e-01 1.600000000000000000e+01 1.540000000000000000e+02 1.000000000000000000e+00
6.207185667095219683e-01 7.360004392499858161e-01 4.000000000000000000e+00 1.860000000000000000e+02 1.000000000000000000e+00
8.889493674953049540e-01 1.126934788505704610e+00 1.600000000000000000e+01 1.210000000000000000e+02 1.000000000000000000e+00
9.110370122651594293e-01 9.864560756460026836e-01 5.000000000000000000e+00 6.900000000000000000e+01 1.000000000000000000e+00
9.982636673891480683e-01 1.155658119803482542e+00 2.000000000000000000e+00 7.600000000000000000e+01 1.000000000000000000e+00
6.313537860816610392e-01 1.551358991608053073e-01 1.100000000000000000e+01 3.800000000000000000e+01 1.000000000000000000e+00
7.862903876422154825e-01 1.532379552454019134e+00 1.700000000000000000e+01 7.700000000000000000e+01 1.000000000000000000e+00
1.963338383152988253e-01 1.686714351223671082e+00 1.000000000000000000e+00 1.690000000000000000e+02 1.000000000000000000e+00
9.643763151222701779e-01 1.637728422178695409e+00 1.800000000000000000e+01 2.500000000000000000e+01 1.000000000000000000e+00
8.994575487193795515e-01 4.501904296912556669e-01 1.600000000000000000e+01 1.070000000000000000e+02 1.000000000000000000e+00
6.497541839014067122e-01 5.208957324940043376e-01 8.000000000000000000e+00 1.990000000000000000e+02 1.000000000000000000e+00
7.182625636557899984e-01 4.411688844281359545e-01 1.800000000000000000e+01 8.200000000000000000e+01 2.000000000000000000e+00
3.003505906286669802e-01 2.736332823632935396e-01 9.000000000000000000e+00 1.590000000000000000e+02 2.000000000000000000e+00
7.529099713087725743e-01 1.784540355778102827e-01 1.600000000000000000e+01 1.860000000000000000e+02 2.000000000000000000e+00
9.172063812067491329e-01 6.018712774086115713e-01 2.000000000000000000e+00 1.110000000000000000e+02 2.000000000000000000e+00
7.133469618746096641e-01 2.075232516979278685e+00 1.800000000000000000e+01 8.900000000000000000e+01 2.000000000000000000e+00
9.666030416205494413e-01 2.652537170954477608e-01 1.800000000000000000e+01 1.200000000000000000e+02 2.000000000000000000e+00
3.935349636505799387e-01 1.349003441266521053e+00 5.000000000000000000e+00 1.490000000000000000e+02 2.000000000000000000e+00
1.505154583664592982e-01 1.869150679561585537e+00 3.000000000000000000e+00 7.800000000000000000e+01 2.000000000000000000e+00
1.876016863638925170e-01 4.569620555245398341e-01 4.000000000000000000e+00 5.800000000000000000e+01 2.000000000000000000e+00
1.268603937525165648e-01 1.911809083173976243e+00 5.000000000000000000e+00 1.270000000000000000e+02 2.000000000000000000e+00
2.789298385830693006e-01 1.538583031306991755e-01 1.500000000000000000e+01 1.070000000000000000e+02 2.000000000000000000e+00
5.056448256780901040e-01 4.949582428849818028e-01 2.000000000000000000e+00 7.500000000000000000e+01 2.000000000000000000e+00
6.960671873284481892e-01 8.251289026514431191e-01 1.400000000000000000e+01 1.220000000000000000e+02 2.000000000000000000e+00
2.723176109589073857e-01 1.422073182285202186e+00 4.000000000000000000e+00 5.200000000000000000e+01 2.000000000000000000e+00
4.790345974377436811e-01 1.433937940163252822e+00 1.900000000000000000e+01 6.000000000000000000e+00 2.000000000000000000e+00
3.943074700525251997e-01 1.636342340476816259e+00 4.000000000000000000e+00 2.000000000000000000e+01 2.000000000000000000e+00
3.787392569054384150e-01 1.544168021250349687e+00 3.000000000000000000e+00 2.400000000000000000e+01 2.000000000000000000e+00
3.734891802538711225e-01 1.042735645251068766e+00 1.500000000000000000e+01 4.700000000000000000e+01 2.000000000000000000e+00
4.088204112988572669e-01 7.301249051468977624e-01 1.000000000000000000e+00 1.750000000000000000e+02 2.000000000000000000e+00
9.587055587507663235e-02 1.827667729482794545e+00 1.700000000000000000e+01 7.700000000000000000e+01 2.000000000000000000e+00
9.045859797469367469e-02 1.932475538293782213e-01 7.000000000000000000e+00 1.890000000000000000e+02 2.000000000000000000e+00
8.320046576001369765e-01 1.005986716875207687e+00 8.000000000000000000e+00 1.950000000000000000e+02 2.000000000000000000e+00
8.799315837434334986e-01 2.949788606495921117e-01 1.400000000000000000e+01 4.000000000000000000e+01 2.000000000000000000e+00
8.294744004043104191e-01 1.587977133814356456e+00 1.500000000000000000e+01 1.790000000000000000e+02 2.000000000000000000e+00
4.109247431437891285e-01 1.784946152713434042e+00 7.000000000000000000e+00 6.800000000000000000e+01 2.000000000000000000e+00
2.448731383916871174e-01 2.092153069974781232e+00 1.000000000000000000e+01 9.200000000000000000e+01 2.000000000000000000e+00
8.345676647065661813e-01 1.285910608785947540e+00 4.000000000000000000e+00 1.500000000000000000e+01 2.000000000000000000e+00
5.173836083936560470e-01 7.201840428274998152e-01 1.600000000000000000e+01 8.700000000000000000e+01 2.000000000000000000e+00
1.229234661784703725e-01 1.275038737500240327e+00 1.700000000000000000e+01 6.400000000000000000e+01 2.000000000000000000e+00
4.404753475604620272e-01 1.267486920103052528e+00 1.000000000000000000e+00 1.250000000000000000e+02 2.000000000000000000e+00
1.371859228152958465e-01 3.990427303563121031e-01 1.100000000000000000e+01 7.300000000000000000e+01 2.000000000000000000e+00
3.231401171226948588e-01 7.327227858117165704e-01 2.000000000000000000e+01 6.900000000000000000e+01 2.000000000000000000e+00
8.017784671449630363e-01 1.330033570903269347e+00 3.000000000000000000e+00 1.550000000000000000e+02 2.000000000000000000e+00
6.343418944692607031e-01 1.276337364973309629e+00 9.000000000000000000e+00 1.020000000000000000e+02 2.000000000000000000e+00
1.200244331541981818e-01 1.568388861640124032e+00 2.000000000000000000e+00 8.300000000000000000e+01 2.000000000000000000e+00
3.974531677751568653e-02 5.426804318339996103e-01 1.300000000000000000e+01 1.700000000000000000e+02 2.000000000000000000e+00
1.449907851665116487e-01 1.173919493383311474e+00 1.000000000000000000e+01 4.000000000000000000e+00 2.000000000000000000e+00
4.033651234562077859e-01 8.222741528281923840e-01 1.000000000000000000e+01 2.000000000000000000e+01 2.000000000000000000e+00
2.658937498326692239e-01 1.480220791800626268e+00 1.700000000000000000e+01 1.600000000000000000e+02 2.000000000000000000e+00
5.999865130292458826e-01 1.985775309212440387e+00 6.000000000000000000e+00 1.900000000000000000e+02 2.000000000000000000e+00
6.516551690557480514e-01 1.697966147288068273e+00 2.000000000000000000e+01 1.730000000000000000e+02 2.000000000000000000e+00
5.303864952089516471e-01 1.980692678940936258e+00 2.000000000000000000e+00 1.900000000000000000e+01 2.000000000000000000e+00
6.602376454305448616e-01 1.965212645544671233e+00 1.100000000000000000e+01 1.160000000000000000e+02 2.000000000000000000e+00
4.692484461823269726e-01 9.391829592493367018e-01 7.000000000000000000e+00 3.000000000000000000e+00 2.000000000000000000e+00
5.811990677566157837e-01 1.977394180839192883e-01 1.200000000000000000e+01 1.580000000000000000e+02 2.000000000000000000e+00
9.056773237361245288e-01 8.869298788282654611e-01 6.000000000000000000e+00 5.100000000000000000e+01 2.000000000000000000e+00
4.478653940771836206e-01 1.822843655826418052e+00 1.000000000000000000e+01 5.900000000000000000e+01 2.000000000000000000e+00
8.385142269450632790e-01 5.051013689036781829e-01 8.000000000000000000e+00 6.500000000000000000e+01 2.000000000000000000e+00
1.083799465882715335e-01 1.478899966859716697e+00 1.100000000000000000e+01 2.000000000000000000e+00 2.000000000000000000e+00
2.055372523071116175e-01 1.463965478661323483e-01 2.000000000000000000e+01 1.520000000000000000e+02 2.000000000000000000e+00
7.486901092014702774e-01 8.546501113442538378e-01 1.600000000000000000e+01 8.300000000000000000e+01 3.000000000000000000e+00
6.357277585948020171e-01 1.558042207010871927e+00 1.800000000000000000e+01 8.200000000000000000e+01 3.000000000000000000e+00
2.240424627129865565e-01 2.872901703415789987e-01 5.000000000000000000e+00 1.770000000000000000e+02 3.000000000000000000e+00
8.082992800847580428e-01 1.098817761962388229e+00 1.900000000000000000e+01 1.650000000000000000e+02 3.000000000000000000e+00
1.226097513715920101e-01 1.647040658353711606e+00 9.000000000000000000e+00 5.400000000000000000e+01 3.000000000000000000e+00
1.174032496068427717e-01 3.666426158106487199e-01 1.800000000000000000e+01 1.210000000000000000e+02 3.000000000000000000e+00
6.589095541013236801e-01 6.315082346968469151e-01 5.000000000000000000e+00 1.090000000000000000e+02 3.000000000000000000e+00
6.405961544131758556e-01 4.865983668890699887e-01 2.000000000000000000e+00 1.600000000000000000e+02 3.000000000000000000e+00
8.776731007305045296e-01 3.887035286002621381e-01 1.300000000000000000e+01 1.410000000000000000e+02 3.000000000000000000e+00
5.318961228121766860e-01 9.695412402097608462e-01 1.900000000000000000e+01 6.400000000000000000e+01 3.000000000000000000e+00
6.788696152306556986e-01 3.614487399168287984e-01 9.000000000000000000e+00 1.530000000000000000e+02 3.000000000000000000e+00
6.559418276378594648e-01 3.714546969642694707e-01 1.600000000000000000e+01 2.000000000000000000e+02 3.000000000000000000e+00
7.128849437398507849e-01 1.073573544363652710e+00 1.300000000000000000e+01 2.800000000000000000e+01 3.000000000000000000e+00
9.426599127322868865e-01 1.284802784623490179e+00 5.000000000000000000e+00 1.390000000000000000e+02 3.000000000000000000e+00
1.003679757587717658e+00 4.486343835848279893e-01 2.000000000000000000e+01 1.770000000000000000e+02 3.000000000000000000e+00
5.851591678305750888e-01 1.486329906988047123e+00 1.700000000000000000e+01 1.440000000000000000e+02 3.000000000000000000e+00
5.445052545143905798e-01 1.755006027104808686e+00 1.300000000000000000e+01 1.390000000000000000e+02 3.000000000000000000e+00
9.461910283407424238e-01 9.091961390911570406e-01 1.300000000000000000e+01 2.400000000000000000e+01 3.000000000000000000e+00
1.591615265304163751e-01 4.036470567991080616e-01 1.300000000000000000e+01 6.500000000000000000e+01 3.000000000000000000e+00
4.686557549358330022e-01 6.394323110232665863e-01 1.700000000000000000e+01 1.850000000000000000e+02 3.000000000000000000e+00
8.006839418084275017e-01 1.979177226188225891e+00 2.000000000000000000e+01 1.280000000000000000e+02 3.000000000000000000e+00
2.785591442117643091e-01 1.617662577553237446e-01 7.000000000000000000e+00 3.200000000000000000e+01 3.000000000000000000e+00
5.463749798183913375e-01 2.035344961467680402e+00 1.000000000000000000e+00 1.960000000000000000e+02 3.000000000000000000e+00
3.872958244236520686e-01 1.956628533120977620e+00 1.900000000000000000e+01 4.900000000000000000e+01 3.000000000000000000e+00
1.856345508826117569e-02 1.532658106958421085e+00 9.000000000000000000e+00 1.310000000000000000e+02 3.000000000000000000e+00
5.999756088384873287e-01 1.501116727046283295e+00 3.000000000000000000e+00 5.000000000000000000e+00 3.000000000000000000e+00
9.875394511646958806e-01 1.636578424817183741e+00 1.200000000000000000e+01 8.800000000000000000e+01 3.000000000000000000e+00
6.884480289105217032e-01 7.518055940769153844e-01 5.000000000000000000e+00 1.570000000000000000e+02 3.000000000000000000e+00
4.651201493960702704e-01 4.800878947225414306e-01 1.000000000000000000e+01 1.370000000000000000e+02 3.000000000000000000e+00
6.474903172462004308e-01 8.996419049543117330e-01 2.000000000000000000e+00 1.970000000000000000e+02 3.000000000000000000e+00
4.215807098810999687e-01 1.463635991586577534e+00 2.000000000000000000e+00 5.400000000000000000e+01 3.000000000000000000e+00
6.130172598639789250e-01 1.861220853059996738e+00 6.000000000000000000e+00 1.100000000000000000e+01 3.000000000000000000e+00
1.797016766977824753e-01 1.878789088933506601e+00 8.000000000000000000e+00 3.000000000000000000e+01 3.000000000000000000e+00
8.419175400133361853e-01 2.029963029175158695e+00 5.000000000000000000e+00 1.980000000000000000e+02 3.000000000000000000e+00
7.805532518963711475e-01 1.887769647657772110e+00 1.700000000000000000e+01 1.190000000000000000e+02 3.000000000000000000e+00
3.077781867499691515e-01 2.926726245757457212e-01 1.500000000000000000e+01 2.000000000000000000e+00 3.000000000000000000e+00
8.189978182441113308e-01 1.455603139753599562e+00 6.000000000000000000e+00 8.300000000000000000e+01 3.000000000000000000e+00
5.176384336565332811e-01 3.979156868789078816e-01 1.300000000000000000e+01 7.800000000000000000e+01 3.000000000000000000e+00
1.754270645338960044e-01 1.410949398600228388e+00 4.000000000000000000e+00 1.330000000000000000e+02 3.000000000000000000e+00
5.788509732238713568e-01 2.099806174434162731e+00 1.700000000000000000e+01 1.400000000000000000e+01 3.000000000000000000e+00
8.053101619887324814e-02 9.198868811661241596e-01 2.000000000000000000e+01 7.000000000000000000e+01 3.000000000000000000e+00
7.818852979063392050e-01 1.960681348239064370e+00 1.000000000000000000e+00 1.020000000000000000e+02 3.000000000000000000e+00
6.174961519711532620e-01 1.833324915133621724e+00 1.000000000000000000e+01 4.800000000000000000e+01 3.000000000000000000e+00
8.510213341299899259e-01 1.165528150454905321e+00 1.700000000000000000e+01 1.590000000000000000e+02 3.000000000000000000e+00
7.429651555617359238e-01 1.775198925894227342e+00 1.500000000000000000e+01 1.590000000000000000e+02 3.000000000000000000e+00
5.282023292922781721e-01 2.078093112967130285e+00 4.000000000000000000e+00 5.800000000000000000e+01 3.000000000000000000e+00
7.082540973191427947e-01 4.011018917676093531e-01 3.000000000000000000e+00 1.940000000000000000e+02 3.000000000000000000e+00
9.218975235236419596e-01 1.335135407679456154e+00 1.000000000000000000e+00 1.430000000000000000e+02 3.000000000000000000e+00
1.009226869148219352e+00 8.287463908374429478e-01 5.000000000000000000e+00 8.900000000000000000e+01 3.000000000000000000e+00
3.083155493254901014e-01 6.649691718870932577e-01 1.600000000000000000e+01 1.800000000000000000e+02 3.000000000000000000e+00
3.583561047641696806e-01 1.679956345412250807e+00 2.000000000000000000e+01 6.100000000000000000e+01 4.000000000000000000e+00
8.466871797011127354e-01 1.984560427370466673e+00 1.200000000000000000e+01 3.800000000000000000e+01 4.000000000000000000e+00
4.488669297980961703e-01 8.799936812505501083e-01 1.100000000000000000e+01 9.000000000000000000e+00 4.000000000000000000e+00
7.010486413993995969e-01 5.949540362403723526e-01 1.900000000000000000e+01 1.000000000000000000e+01 4.000000000000000000e+00
9.762167387123842077e-02 1.065438490006189287e+00 1.000000000000000000e+01 1.600000000000000000e+02 4.000000000000000000e+00
4.302416850990993247e-01 1.923528323443123578e-01 1.200000000000000000e+01 5.700000000000000000e+01 4.000000000000000000e+00
1.164589322043204506e-01 1.038484269512413460e+00 1.000000000000000000e+00 1.950000000000000000e+02 4.000000000000000000e+00
9.690966531529993100e-01 1.855747161041036541e+00 1.100000000000000000e+01 1.170000000000000000e+02 4.000000000000000000e+00
1.572918232170734676e-01 1.893141965516698999e+00 1.300000000000000000e+01 1.960000000000000000e+02 4.000000000000000000e+00
7.825815096780451841e-01 1.694631458390086109e+00 1.000000000000000000e+00 2.900000000000000000e+01 4.000000000000000000e+00
4.046195025239975873e-01 6.731128020752655816e-01 4.000000000000000000e+00 3.600000000000000000e+01 4.000000000000000000e+00
6.243997820421666178e-01 5.652422712384231884e-01 1.600000000000000000e+01 3.600000000000000000e+01 4.000000000000000000e+00
8.723588600622066425e-01 1.679758312292595646e+00 3.000000000000000000e+00 1.640000000000000000e+02 4.000000000000000000e+00
7.029354448052159421e-02 7.649835329396369454e-01 6.000000000000000000e+00 1.900000000000000000e+01 4.000000000000000000e+00
6.192374446341051275e-01 4.102318787738598038e-01 1.000000000000000000e+01 1.200000000000000000e+02 4.000000000000000000e+00
6.011301667002654642e-02 4.283858790859157439e-01 4.000000000000000000e+00 1.000000000000000000e+01 4.000000000000000000e+00
3.509710300745726430e-01 1.361088364780666193e+00 3.000000000000000000e+00 8.800000000000000000e+01 4.000000000000000000e+00
5.159499049688134331e-01 1.344424695311118079e+00 1.300000000000000000e+01 2.100000000000000000e+01 4.000000000000000000e+00
6.580738735124523897e-01 1.678794582098320110e+00 1.000000000000000000e+01 2.600000000000000000e+01 4.000000000000000000e+00
4.795508374406483032e-01 1.735700614000410535e+00 1.500000000000000000e+01 1.060000000000000000e+02 4.000000000000000000e+00
9.809057656711582807e-01 3.622973726406822914e-01 7.000000000000000000e+00 1.020000000000000000e+02 4.000000000000000000e+00
2.792759627377249254e-01 1.004216434468222785e-01 1.400000000000000000e+01 6.200000000000000000e+01 4.000000000000000000e+00
4.708246301289311653e-01 1.692770369545067544e+00 1.800000000000000000e+01 9.000000000000000000e+01 4.000000000000000000e+00
7.728998926946598624e-01 1.955820947174593316e+00 3.000000000000000000e+00 1.700000000000000000e+02 4.000000000000000000e+00
3.556299942768892386e-01 1.649550272461501654e+00 9.000000000000000000e+00 6.000000000000000000e+00 4.000000000000000000e+00
5.610600156665305205e-01 2.287157192974561826e-01 1.000000000000000000e+00 1.820000000000000000e+02 4.000000000000000000e+00
7.229305860788840521e-01 6.748017055872282954e-01 1.300000000000000000e+01 1.730000000000000000e+02 4.000000000000000000e+00
5.411197184832314822e-01 1.766059810784401440e+00 1.000000000000000000e+00 7.700000000000000000e+01 4.000000000000000000e+00
3.430246829027904648e-02 4.902115387563753535e-01 6.000000000000000000e+00 1.900000000000000000e+02 4.000000000000000000e+00
7.661288841133341299e-01 1.694721529240970082e+00 1.600000000000000000e+01 1.340000000000000000e+02 4.000000000000000000e+00
1.895130462523341164e-01 3.674433240401718814e-01 1.900000000000000000e+01 1.300000000000000000e+02 4.000000000000000000e+00
8.512209261674690275e-01 1.502945931922896827e+00 7.000000000000000000e+00 8.700000000000000000e+01 4.000000000000000000e+00
8.071464987060309459e-01 1.339910569799852569e+00 3.000000000000000000e+00 1.000000000000000000e+01 4.000000000000000000e+00
2.137489223776541936e-01 1.082876569740486516e+00 1.300000000000000000e+01 1.730000000000000000e+02 4.000000000000000000e+00
3.040409653363422837e-01 9.186751984925883852e-01 1.100000000000000000e+01 1.700000000000000000e+01 4.000000000000000000e+00
1.441241506987996912e-01 2.175608718610496928e-01 2.000000000000000000e+01 3.800000000000000000e+01 4.000000000000000000e+00
7.852614732375052808e-01 1.044521156166399178e+00 6.000000000000000000e+00 5.000000000000000000e+00 4.000000000000000000e+00
1.245612355535766630e-01 1.268081129264777784e+00 3.000000000000000000e+00 6.000000000000000000e+01 4.000000000000000000e+00
1.764110046906014473e-01 1.712340900099373064e-01 1.700000000000000000e+01 1.380000000000000000e+02 4.000000000000000000e+00
8.905063387172911238e-01 1.907526649718604084e+00 1.300000000000000000e+01 8.000000000000000000e+00 4.000000000000000000e+00
9.198938083207590655e-01 7.456723922829596729e-01 1.600000000000000000e+01 1.550000000000000000e+02 4.000000000000000000e+00
9.711645497352158207e-01 1.763982501796063751e+00 2.000000000000000000e+00 1.560000000000000000e+02 4.000000000000000000e+00
5.435049210989899571e-01 1.552959862140664171e+00 1.800000000000000000e+01 1.000000000000000000e+01 4.000000000000000000e+00
6.638942350350045540e-01 1.681551386797882408e+00 1.600000000000000000e+01 4.300000000000000000e+01 4.000000000000000000e+00
6.117199097707048255e-02 1.208873075337395075e+00 1.000000000000000000e+00 1.000000000000000000e+01 4.000000000000000000e+00
1.687448204778460026e-01 1.493394601286246903e+00 1.800000000000000000e+01 1.020000000000000000e+02 4.000000000000000000e+00
7.679813648421046635e-01 1.499744463643740255e+00 1.000000000000000000e+00 1.960000000000000000e+02 4.000000000000000000e+00
9.802749417633629392e-01 2.182457961465484042e-01 8.000000000000000000e+00 1.720000000000000000e+02 4.000000000000000000e+00
4.310906124043616394e-01 1.048337310160570635e+00 6.000000000000000000e+00 1.370000000000000000e+02 4.000000000000000000e+00
2.239052877565745892e-01 1.570669137580808228e-01 1.600000000000000000e+01 1.720000000000000000e+02 4.000000000000000000e+00
