7.651401528570916932e-01 3.861847950466835711e-01 1.000000000000000000e+00 1.240000000000000000e+02 0.000000000000000000e+00
8.313222044451701320e-01 1.695495646650779120e+00 1.300000000000000000e+01 1.500000000000000000e+01 0.000000000000000000e+00
2.740900311920737575e-01 2.064529279664486516e+00 1.500000000000000000e+01 6.600000000000000000e+01 0.000000000000000000e+00
5.023426228260670090e-01 5.522271922185520987e-01 9.000000000000000000e+00 1.950000000000000000e+02 0.000000000000000000e+00
9.585570586027211126e-01 1.361497116214381187e+00 1.200000000000000000e+01 4.500000000000000000e+01 0.000000000000000000e+00
7.264020841199055889e-01 6.643036913876242400e-01 8.000000000000000000e+00 1.860000000000000000e+02 0.000000000000000000e+00
9.695485524338688377e-01 1.890755495081423154e+00 1.300000000000000000e+01 2.000000000000000000e+02 0.000000000000000000e+00
6.803226637219218498e-01 1.001643374058661218e+00 7.000000000000000000e+00 1.780000000000000000e+02 0.000000000000000000e+00
7.348421115564859329e-01 1.435383007432465385e+00 8.000000000000000000e+00 1.560000000000000000e+02 0.000000000000000000e+00
3.197044046750420199e-01 2.365639416971460351e-01 1.800000000000000000e+01 1.060000000000000000e+02 0.000000000000000000e+00
6.352288760297988279e-01 2.016513260382352346e+00 2.000000000000000000e+01 7.600000000000000000e+01 0.000000000000000000e+00
7.745663275298785011e-02 7.675243446810638970e-01 1.000000000000000000e+00 1.430000000000000000e+02 0.000000000000000000e+00
9.657782024063832349e-01 1.581903261867099841e+00 1.400000000000000000e+01 6.000000000000000000e+00 0.000000000000000000e+00
9.403986875499933396e-01 1.068415777759196494e+00 1.700000000000000000e+01 1.930000000000000000e+02 0.000000000000000000e+00
6.415724365311649136e-01 1.665999747818318388e+00 2.000000000000000000e+01 1.080000000000000000e+02 0.000000000000000000e+00
1.268013187265181439e-02 1.456765052147483086e+00 8.000000000000000000e+00 3.900000000000000000e+01 0.000000000000000000e+00
5.059668512173771671e-01 2.700734866362074493e-01 1.900000000000000000e+01 1.640000000000000000e+02 0.000000000000000000e+00
5.836904066499922772e-01 5.451855115233933402e-01 1.200000000000000000e+01 1.000000000000000000e+01 0.000000000000000000e+00
3.130601920387687115e-02 1.835407636665000952e+00 7.000000000000000000e+00 2.600000000000000000e+01 0.000000000000000000e+00
1.572925705254132334e-01 8.859686818457231938e-01 1.000000000000000000e+00 1.250000000000000000e+02 0.000000000000000000e+00
1.811551933572905781e-01 1.140046367494511159e+00 1.600000000000000000e+01 1.840000000000000000e+02 0.000000000000000000e+00
9.417880956684748783e-01 4.045649631720341644e-01 6.000000000000000000e+00 7.000000000000000000e+01 0.000000000000000000e+00
1.169110325035126706e-02 2.076915267020181144e+00 1.700000000000000000e+01 1.930000000000000000e+02 0.000000000000000000e+00
8.479393489477261570e-01 5.050588178616536306e-01 1.600000000000000000e+01 1.040000000000000000e+02 0.000000000000000000e+00
9.466984603298401746e-01 1.852602079134142210e+00 1.200000000000000000e+01 3.100000000000000000e+01 0.000000000000000000e+00
2.199062660182876661e-01 1.675108710885819807e+00 8.000000000000000000e+00 1.100000000000000000e+01 0.000000000000000000e+00
2.210555321121128181e-01 1.824159260895303447e+00 1.800000000000000000e+01 1.300000000000000000e+01 0.000000000000000000e+00
9.651877225712157671e-01 2.865732320303479019e-01 2.000000000000000000e+01 9.200000000000000000e+01 0.000000000000000000e+00
7.043745734498551014e-01 1.651836643948686234e+00 1.000000000000000000e+01 1.160000000000000000e+02 0.000000000000000000e+00
3.459407049783064236e-01 1.690266903590301295e+00 8.000000000000000000e+00 1.370000000000000000e+02 0.000000000000000000e+00
8.349676419045546361e-01 2.329645623266935195e-01 1.100000000000000000e+01 1.590000000000000000e+02 0.000000000000000000e+00
1.909370261070492125e-01 7.664871279037496210e-01 6.000000000000000000e+00 1.400000000000000000e+02 0.000000000000000000e+00
8.090086608049265049e-01 7.694567003522684301e-01 1.000000000000000000e+01 4.700000000000000000e+01 0.000000000000000000e+00
7.279343294327474956e-01 9.392212636237519119e-01 1.500000000000000000e+01 1.240000000000000000e+02 0.000000000000000000e+00
7.874150140933310060e-02 1.630001168223552899e+00 1.500000000000000000e+01 1.880000000000000000e+02 0.000000000000000000e+00
5.306585649926676140e-01 1.182448747213280527e+00 6.000000000000000000e+00 5.700000000000000000e+01 0.000000000000000000e+00
5.333559049059759527e-01 1.796607090232235748e+00 1.000000000000000000e+01 1.110000000000000000e+02 0.000000000000000000e+00
3.183129971209821552e-01 2.525587243031873763e-01 1.000000000000000000e+01 1.460000000000000000e+02 0.000000000000000000e+00
3.903541823467409078e-01 7.512251502040837581e-01 2.000000000000000000e+01 1.200000000000000000e+02 0.000000000000000000e+00
6.786056239707165538e-01 4.749263491213072674e-01 1.000000000000000000e+01 7.000000000000000000e+00 0.000000000000000000e+00
2.937046356765875554e-01 9.377159452587534583e-01 1.500000000000000000e+01 2.000000000000000000e+01 0.000000000000000000e+00
9.149810755154685893e-01 5.165762691715866106e-01 1.100000000000000000e+01 2.400000000000000000e+01 0.000000000000000000e+00
4.493773535025354926e-01 1.797443528793306600e+00 1.700000000000000000e+01 1.030000000000000000e+02 0.000000000000000000e+00
3.493914781221918453e-01 7.586437468653320915e-01 1.500000000000000000e+01 6.600000000000000000e+01 0.000000000000000000e+00
3.053202493229923986e-01 1.968925802740859821e+00 2.000000000000000000e+00 3.700000000000000000e+01 0.000000000000000000e+00
6.166739501169378190e-01 2.002472144792310615e+00 1.400000000000000000e+01 5.700000000000000000e+01 0.000000000000000000e+00
1.482420869557009580e-01 1.890558569023307600e-01 1.000000000000000000e+00 1.860000000000000000e+02 0.000000000000000000e+00
3.525324709896970887e-01 1.527880781282062950e+00 6.000000000000000000e+00 4.900000000000000000e+01 0.000000000000000000e+00
6.499179681988223045e-01 5.806341019699076123e-01 1.400000000000000000e+01 6.200000000000000000e+01 0.000000000000000000e+00
1.605626124079172490e-01 9.713647204548853109e-01 5.000000000000000000e+00 1.760000000000000000e+02 0.000000000000000000e+00
8.438985343771340242e-01 1.391790640415067504e+00 2.000000000000000000e+00 1.640000000000000000e+02 1.000000000000000000e+00
1.850318071184916535e-01 1.422156342041638988e+00 1.000000000000000000e+00 6.000000000000000000e+00 1.000000000000000000e+00
7.749769978937155468e-01 1.936332871518972931e+00 1.000000000000000000e+00 1.010000000000000000e+02 1.000000000000000000e+00
7.625462051211391312e-01 1.534485698926503439e+00 1.800000000000000000e+01 6.300000000000000000e+01 1.000000000000000000e+00
3.731704819364658476e-01 4.872396751211033328e-01 8.000000000000000000e+00 1.980000000000000000e+02 1.000000000000000000e+00
5.300863518621230508e-01 1.385409797305755308e+00 2.000000000000000000e+01 9.000000000000000000e+01 1.000000000000000000e+00
5.295809032578447928e-01 6.398587686090312365e-01 1.600000000000000000e+01 7.800000000000000000e+01 1.000000000000000000e+00
9.373748163083988061e-01 2.043965003761844257e-01 3.000000000000000000e+00 1.090000000000000000e+02 1.000000000000000000e+00
6.900103450619605727e-01 1.345709358002313838e+00 2.000000000000000000e+00 1.510000000000000000e+02 1.000000000000000000e+00
3.438499250488651349e-01 5.475274315594022001e-01 1.400000000000000000e+01 1.710000000000000000e+02 1.000000000000000000e+00
6.515744937772945944e-01 1.859760559208958108e+00 3.000000000000000000e+00 4.700000000000000000e+01 1.000000000000000000e+00
4.807132367775781567e-01 1.902172752232392128e+00 1.200000000000000000e+01 1.950000000000000000e+02 1.000000000000000000e+00
5.630283484289981821e-01 1.384339919534853580e+00 8.000000000000000000e+00 3.700000000000000000e+01 1.000000000000000000e+00
8.748975601639159549e-01 5.607149824489278123e-01 1.300000000000000000e+01 1.430000000000000000e+02 1.000000000000000000e+00
4.507774810394824527e-01 1.213477583989355013e+00 3.000000000000000000e+00 4.600000000000000000e+01 1.000000000000000000e+00
7.518117954999569141e-01 1.547161904207533745e+00 2.000000000000000000e+00 1.150000000000000000e+02 1.000000000000000000e+00
9.569422126600107825e-01 1.497348259203954424e+00 3.000000000000000000e+00 2.400000000000000000e+01 1.000000000000000000e+00
3.769874253736467118e-01 6.985963198899248772e-01 7.000000000000000000e+00 1.750000000000000000e+02 1.000000000000000000e+00
9.340241574167574834e-01 1.733077564907844037e+00 1.600000000000000000e+01 1.960000000000000000e+02 1.000000000000000000e+00
7.821775020169458026e-01 1.593782145201634526e+00 1.500000000000000000e+01 1.870000000000000000e+02 1.000000000000000000e+00
1.523488096943137471e-01 1.847782398629491452e+00 1.000000000000000000e+00 5.000000000000000000e+01 1.000000000000000000e+00
6.283139001972020132e-01 1.054696335532344875e+00 2.000000000000000000e+01 1.540000000000000000e+02 1.000000000000000000e+00
5.648077747589750341e-01 7.346239140976057458e-01 1.000000000000000000e+00 1.090000000000000000e+02 1.000000000000000000e+00
2.986792440128189785e-01 1.104504624179545536e+00 1.400000000000000000e+01 1.390000000000000000e+02 1.000000000000000000e+00
4.356493689591449670e-01 1.112101370782438148e-01 1.800000000000000000e+01 5.200000000000000000e+01 1.000000000000000000e+00
5.986602413943259426e-01 1.378661470315915016e+00 6.000000000000000000e+00 3.800000000000000000e+01 1.000000000000000000e+00
1.460746881804737551e-01 2.021556657262539858e+00 2.000000000000000000e+00 1.810000000000000000e+02 1.000000000000000000e+00
1.048795638380672045e-02 1.264975271512268185e+00 3.000000000000000000e+00 8.600000000000000000e+01 1.000000000000000000e+00
6.069347559195258368e-01 1.256668302120999281e-01 1.900000000000000000e+01 1.190000000000000000e+02 1.000000000000000000e+00
2.807572133414103499e-01 1.236379477889969047e+00 1.100000000000000000e+01 1.810000000000000000e+02 1.000000000000000000e+00
3.046737708839584169e-01 1.872152136743981954e+00 9.000000000000000000e+00 1.010000000000000000e+02 1.000000000000000000e+00
2.423330105139691604e-01 3.348978025122252289e-01 8.000000000000000000e+00 9.800000000000000000e+01 1.000000000000000000e+00
1.274545960125944566e-01 1.578849924837876006e+00 2.000000000000000000e+01 5.200000000000000000e+01 1.000000000000000000e+00
3.397058427512983370e-01 1.474762375164970774e+00 1.900000000000000000e+01 2.000000000000000000e+00 1.000000000000000000e+00
3.828886513985054751e-01 6.302113085495216760e-01 2.000000000000000000e+01 1.320000000000000000e+02 1.000000000000000000e+00
3.757734241047065993e-01 7.230801779732941581e-01 8.000000000000000000e+00 1.880000000000000000e+02 1.000000000000000000e+00
1.337876766271537399e-01 1.449868914494648386e+00 4.000000000000000000e+00 1.200000000000000000e+01 1.000000000000000000e+00
9.117980929043560945e-01 6.585542038032353718e-01 1.300000000000000000e+01 2.000000000000000000e+00 1.000000000000000000e+00
5.900136228372118152e-01 1.501577192712215458e+00 5.000000000000000000e+00 1.340000000000000000e+02 1.000000000000000000e+00
9.227567797484192980e-01 1.181764672626243629e+00 1.800000000000000000e+01 4.000000000000000000e+01 1.000000000000000000e+00
8.802145233260175727e-01 9.649537634960666521e-01 1.000000000000000000e+01 1.930000000000000000e+02 1.000000000000000000e+00
5.458353925971958232e-01 6.959893077186102284e-01 1.700000000000000000e+01 4.000000000000000000e+00 1.000000000000000000e+00
1.004325717550222791e-01 3.984041257090246146e-01 1.400000000000000000e+01 1.180000000000000000e+02 1.000000000000000000e+00
4.834403941879299449e-01 1.916965014885674723e+00 1.600000000000000000e+01 1.450000000000000000e+02 1.000000000000000000e+00
6.296477415209653650e-01 1.687809757282343170e+00 1.500000000000000000e+01 2.700000000000000000e+01 1.000000000000000000e+00
6.461900990166781211e-01 1.001754631252612215e+00 2.000000000000000000e+00 1.210000000000000000e+02 1.000000000000000000e+00
8.893751888503241554e-02 4.167339718672121718e-01 1.400000000000000000e+01 7.400000000000000000e+01 1.000000000000000000e+00
6.390149583667720234e-01 1.085968600754803282e+00 1.300000000000000000e+01 1.630000000000000000e+02 1.000000000000000000e+00
2.574642019501531820e-01 3.454268049794785300e-01 1.600000000000000000e+01 3.600000000000000000e+01 1.000000000000000000e+00
6.026335493759635842e-01 1.497732154565518448e+00 1.700000000000000000e+01 7.000000000000000000e+01 1.000000000000000000e+00
9.326571653365521852e-01 1.128003166306640603e-01 7.000000000000000000e+00 9.200000000000000000e+01 2.000000000000000000e+00
2.396360143771473217e-01 8.251384199108794393e-01 1.700000000000000000e+01 4.100000000000000000e+01 2.000000000000000000e+00
8.980098199071308018e-01 1.912039402029798441e-01 1.800000000000000000e+01 8.300000000000000000e+01 2.000000000000000000e+00
7.909450179056648489e-01 1.498125070469590092e+00 1.800000000000000000e+01 7.500000000000000000e+01 2.000000000000000000e+00
2.029605731484682707e-01 1.135689763627902416e+00 7.000000000000000000e+00 6.800000000000000000e+01 2.000000000000000000e+00
2.752783432371816996e-01 1.782067841383102591e+00 8.000000000000000000e+00 7.000000000000000000e+01 2.000000000000000000e+00
2.006226475089673000e-01 1.891885202492611828e+00 5.000000000000000000e+00 9.200000000000000000e+01 2.000000000000000000e+00
1.347795794221724464e-01 1.685304847623400493e+00 1.600000000000000000e+01 1.290000000000000000e+02 2.000000000000000000e+00
4.484791275873243332e-01 1.907298884583703114e+00 2.000000000000000000e+00 1.690000000000000000e+02 2.000000000000000000e+00
5.974855443796932564e-01 1.185271390326434249e+00 1.800000000000000000e+01 1.690000000000000000e+02 2.000000000000000000e+00
6.199986721167941583e-01 3.895493257222003569e-01 1.700000000000000000e+01 6.600000000000000000e+01 2.000000000000000000e+00
2.953846965598694307e-01 7.284493061112738976e-01 1.300000000000000000e+01 4.700000000000000000e+01 2.000000000000000000e+00
1.471841981789845377e-01 8.918255839258676376e-01 1.000000000000000000e+01 7.600000000000000000e+01 2.000000000000000000e+00
9.874487765714571319e-01 1.205027444669782177e+00 1.600000000000000000e+01 3.800000000000000000e+01 2.000000000000000000e+00
5.235101199488058077e-01 1.344676384293369109e+00 1.600000000000000000e+01 1.990000000000000000e+02 2.000000000000000000e+00
1.010769237046948849e-01 8.001020370390053982e-01 1.600000000000000000e+01 1.000000000000000000e+01 2.000000000000000000e+00
9.325850705246709893e-01 4.473538815479000119e-01 1.200000000000000000e+01 8.000000000000000000e+00 2.000000000000000000e+00
4.240646813986802544e-01 1.514037081798612849e+00 2.000000000000000000e+00 1.890000000000000000e+02 2.000000000000000000e+00
7.024713499862104138e-01 1.419818907315157919e+00 9.000000000000000000e+00 1.900000000000000000e+01 2.000000000000000000e+00
7.673718533441141743e-01 6.475493718896813133e-01 1.900000000000000000e+01 9.100000000000000000e+01 2.000000000000000000e+00
2.303295188355510836e-01 1.776961847122494886e-01 1.700000000000000000e+01 1.100000000000000000e+01 2.000000000000000000e+00
1.119173491334590625e-01 4.996358803469077570e-01 1.800000000000000000e+01 1.800000000000000000e+01 2.000000000000000000e+00
8.452114939110576541e-01 1.634150960551595588e+00 2.000000000000000000e+00 3.000000000000000000e+00 2.000000000000000000e+00
3.724745270309959277e-01 8.196735555607613799e-01 1.800000000000000000e+01 1.630000000000000000e+02 2.000000000000000000e+00
1.653880574688281618e-02 1.658272267951927059e+00 6.000000000000000000e+00 1.200000000000000000e+02 2.000000000000000000e+00
4.029338678436494847e-01 1.457886188653431392e-01 1.800000000000000000e+01 5.600000000000000000e+01 2.000000000000000000e+00
8.863720090011795172e-01 8.621410662259666458e-01 7.000000000000000000e+00 6.000000000000000000e+00 2.000000000000000000e+00
4.246246953440190319e-01 1.070814426379545159e+00 1.400000000000000000e+01 1.090000000000000000e+02 2.000000000000000000e+00
5.762087124740461475e-01 1.097595422857756964e-01 1.300000000000000000e+01 5.500000000000000000e+01 2.000000000000000000e+00
2.299913539021962716e-01 1.884511870201816430e+00 1.600000000000000000e+01 1.570000000000000000e+02 2.000000000000000000e+00
7.703221992263843410e-01 2.030306718846386360e+00 4.000000000000000000e+00 8.800000000000000000e+01 2.000000000000000000e+00
4.266470775127328280e-02 1.029154259488915590e+00 8.000000000000000000e+00 1.080000000000000000e+02 2.000000000000000000e+00
7.965112975821996011e-02 7.650973591136659424e-01 3.000000000000000000e+00 1.920000000000000000e+02 2.000000000000000000e+00
5.009760088463686145e-01 1.206709651433001407e-01 2.000000000000000000e+00 3.700000000000000000e+01 2.000000000000000000e+00
9.737161973336071474e-01 1.293649118461615011e+00 2.000000000000000000e+01 5.200000000000000000e+01 2.000000000000000000e+00
2.130244321408862884e-01 1.852904004854202535e-01 1.100000000000000000e+01 1.130000000000000000e+02 2.000000000000000000e+00
6.706381171762301197e-01 1.465840413957868238e+00 6.000000000000000000e+00 5.000000000000000000e+00 2.000000000000000000e+00
3.053547517977837078e-01 1.494132420098626790e+00 8.000000000000000000e+00 1.410000000000000000e+02 2.000000000000000000e+00
2.437280283261674674e-01 1.489251940089366677e+00 1.200000000000000000e+01 1.860000000000000000e+02 2.000000000000000000e+00
6.947255206441409481e-01 1.629695550206621268e+00 2.000000000000000000e+00 1.560000000000000000e+02 2.000000000000000000e+00
2.149195750248626968e-01 7.769083731570521900e-01 6.000000000000000000e+00 4.800000000000000000e+01 2.000000000000000000e+00
5.824161349195672299e-01 7.071822034895768327e-01 6.000000000000000000e+00 8.900000000000000000e+01 2.000000000000000000e+00
9.892866559911580593e-01 1.985184219955945073e+00 1.000000000000000000e+00 1.470000000000000000e+02 2.000000000000000000e+00
2.972559739685490809e-01 1.530794829840852245e+00 1.000000000000000000e+01 1.630000000000000000e+02 2.000000000000000000e+00
7.985718109653803243e-01 1.161573111349440135e-01 1.200000000000000000e+01 5.200000000000000000e+01 2.000000000000000000e+00
5.876626441819955415e-01 7.538886983053297852e-01 1.900000000000000000e+01 9.200000000000000000e+01 2.000000000000000000e+00
2.224584560788821497e-01 7.467066950929103220e-01 9.000000000000000000e+00 1.030000000000000000e+02 2.000000000000000000e+00
4.950747023431827376e-01 4.811963219837626093e-01 9.000000000000000000e+00 2.300000000000000000e+01 2.000000000000000000e+00
6.767471827385028726e-01 2.478413263357365504e-01 1.800000000000000000e+01 3.200000000000000000e+01 2.000000000000000000e+00
4.257353333684629204e-01 4.942048750597626272e-01 7.000000000000000000e+00 1.010000000000000000e+02 2.000000000000000000e+00
3.450714084024510964e-01 2.928697597094523930e-01 1.400000000000000000e+01 6.300000000000000000e+01 3.000000000000000000e+00
1.002764234305851820e+00 1.689618866085202065e+00 9.000000000000000000e+00 5.000000000000000000e+01 3.000000000000000000e+00
4.380063775708236129e-01 1.382687872351040959e+00 1.000000000000000000e+01 1.770000000000000000e+02 3.000000000000000000e+00
1.285353381239634496e-01 2.087682224957149391e+00 3.000000000000000000e+00 1.830000000000000000e+02 3.000000000000000000e+00
9.032264928337011556e-01 1.117104528010689768e-01 1.900000000000000000e+01 2.000000000000000000e+00 3.000000000000000000e+00
1.918135039413100262e-01 1.854007568796199656e+00 1.500000000000000000e+01 2.500000000000000000e+01 3.000000000000000000e+00
4.172887763109639492e-01 2.093937429502754632e+00 8.000000000000000000e+00 6.900000000000000000e+01 3.000000000000000000e+00
4.372674287526728820e-01 5.393284498204516941e-01 1.300000000000000000e+01 1.000000000000000000e+00 3.000000000000000000e+00
9.951753873846997944e-01 1.194341904411305721e+00 1.700000000000000000e+01 8.700000000000000000e+01 3.000000000000000000e+00
8.729659795441049308e-01 4.269167181821688084e-01 1.000000000000000000e+01 1.090000000000000000e+02 3.000000000000000000e+00
1.814352786537274387e-01 1.972876389028627442e-01 1.000000000000000000e+00 7.500000000000000000e+01 3.000000000000000000e+00
7.531699323302764038e-01 1.265865124350779913e+00 2.000000000000000000e+01 6.700000000000000000e+01 3.000000000000000000e+00
3.284960995242434123e-01 1.545013111409086592e+00 6.000000000000000000e+00 5.000000000000000000e+01 3.000000000000000000e+00
5.245175571362641342e-01 5.799363691602504867e-01 1.800000000000000000e+01 2.000000000000000000e+01 3.000000000000000000e+00
3.329932202703478339e-01 5.376528617644159569e-01 1.700000000000000000e+01 1.410000000000000000e+02 3.000000000000000000e+00
3.514417675037994071e-01 7.556739444769603464e-01 1.300000000000000000e+01 1.090000000000000000e+02 3.000000000000000000e+00
4.317261254236424151e-01 9.391781286555785924e-01 1.300000000000000000e+01 4.500000000000000000e+01 3.000000000000000000e+00
4.857239202602469524e-02 1.113005881174200296e+00 1.100000000000000000e+01 2.300000000000000000e+01 3.000000000000000000e+00
9.026855890393591098e-02 1.994375776795132893e+00 1.900000000000000000e+01 3.700000000000000000e+01 3.000000000000000000e+00
8.278004204533705168e-02 1.628412253087754280e+00 1.800000000000000000e+01 7.700000000000000000e+01 3.000000000000000000e+00
1.360169276773469660e-01 1.770947091089406511e+00 3.000000000000000000e+00 2.100000000000000000e+01 3.000000000000000000e+00
3.805144391379740032e-01 1.345230269948577695e-01 8.000000000000000000e+00 1.190000000000000000e+02 3.000000000000000000e+00
3.265921850663271453e-01 1.600391218382083702e-01 8.000000000000000000e+00 1.240000000000000000e+02 3.000000000000000000e+00
5.844330697450794004e-02 1.461178944863277707e+00 8.000000000000000000e+00 1.770000000000000000e+02 3.000000000000000000e+00
2.797119973950628058e-01 2.515240031859812264e-01 1.700000000000000000e+01 1.600000000000000000e+02 3.000000000000000000e+00
3.129678940880941118e-01 1.932808140504561401e+00 3.000000000000000000e+00 4.900000000000000000e+01 3.000000000000000000e+00
4.659481011847138587e-01 6.551696528807878783e-01 1.600000000000000000e+01 1.980000000000000000e+02 3.000000000000000000e+00
3.132530573490837078e-01 1.086312041423806107e+00 1.600000000000000000e+01 8.600000000000000000e+01 3.000000000000000000e+00
4.857646866568851030e-01 8.135049570492248749e-01 1.700000000000000000e+01 8.500000000000000000e+01 3.000000000000000000e+00
8.332675230984851744e-01 1.773495279422909299e+00 5.000000000000000000e+00 3.800000000000000000e+01 3.000000000000000000e+00
2.231704641661070854e-01 1.352145960069986108e+00 1.400000000000000000e+01 9.800000000000000000e+01 3.000000000000000000e+00
8.607599261584626404e-01 1.763098423893423528e+00 1.500000000000000000e+01 1.420000000000000000e+02 3.000000000000000000e+00
3.292395710523581265e-01 5.329695601165854724e-01 1.900000000000000000e+01 1.270000000000000000e+02 3.000000000000000000e+00
6.178730337479751977e-01 1.959147032370688102e+00 9.000000000000000000e+00 1.910000000000000000e+02 3.000000000000000000e+00
3.010810369963995425e-01 3.941929438642969297e-01 1.000000000000000000e+00 1.600000000000000000e+01 3.000000000000000000e+00
8.223101561166570317e-01 1.477173668698112119e-01 9.000000000000000000e+00 9.700000000000000000e+01 3.000000000000000000e+00
2.399060222623091709e-01 1.605789166401049073e+00 1.000000000000000000e+00 1.310000000000000000e+02 3.000000000000000000e+00
2.762481074861352637e-01 1.478706819436952369e+00 9.000000000000000000e+00 1.560000000000000000e+02 3.000000000000000000e+00
5.877078978903126777e-02 2.014837136974898080e+00 2.000000000000000000e+00 7.500000000000000000e+01 3.000000000000000000e+00
1.133809396194272873e-01 8.565989589713015606e-01 1.600000000000000000e+01 6.400000000000000000e+01 3.000000000000000000e+00
9.384105308526028422e-01 1.655597201277364761e+00 1.500000000000000000e+01 5.200000000000000000e+01 3.000000000000000000e+00
5.479909281716765362e-02 1.491565578927853464e+00 7.000000000000000000e+00 8.000000000000000000e+00 3.000000000000000000e+00
7.277315095865029004e-01 3.075812162971410801e-01 1.300000000000000000e+01 1.010000000000000000e+02 3.000000000000000000e+00
9.323951497299418634e-01 8.407096183168846215e-01 1.900000000000000000e+01 1.230000000000000000e+02 3.000000000000000000e+00
2.266400342188743533e-01 1.427882190680545005e+00 1.100000000000000000e+01 1.990000000000000000e+02 3.000000000000000000e+00
1.357816224089901901e-02 1.257218134051628189e+00 7.000000000000000000e+00 1.430000000000000000e+02 3.000000000000000000e+00
5.763782270601094382e-01 1.155132481940187583e+00 9.000000000000000000e+00 1.840000000000000000e+02 3.000000000000000000e+00
4.748252243584650811e-01 3.187581904609974037e-01 1.500000000000000000e+01 4.000000000000000000e+00 3.000000000000000000e+00
3.862026993787470719e-01 3.219347937775395296e-01 1.000000000000000000e+01 6.000000000000000000e+01 3.000000000000000000e+00
4.994448931845558715e-01 4.192241676640365844e-01 8.000000000000000000e+00 1.400000000000000000e+01 3.000000000000000000e+00
1.313103395450408994e-01 1.552236997068850766e+00 2.000000000000000000e+00 1.930000000000000000e+02 4.000000000000000000e+00
6.032130777984155978e-01 1.084613657813681797e+00 1.100000000000000000e+01 1.100000000000000000e+01 4.000000000000000000e+00
2.934873870831984366e-01 4.599119742342278050e-01 1.700000000000000000e+01 1.500000000000000000e+01 4.000000000000000000e+00
7.401543501272882519e-01 4.056180872653664116e-01 1.700000000000000000e+01 1.480000000000000000e+02 4.000000000000000000e+00
7.197860050946076615e-01 1.516088905740148540e+00 5.000000000000000000e+00 1.530000000000000000e+02 4.000000000000000000e+00
8.313241237877988521e-01 7.395071949308648085e-01 2.000000000000000000e+01 5.700000000000000000e+01 4.000000000000000000e+00
6.254157881175176348e-01 4.742513415707131363e-01 1.500000000000000000e+01 5.200000000000000000e+01 4.000000000000000000e+00
4.379599189948611970e-01 1.455367028373625971e+00 1.700000000000000000e+01 1.550000000000000000e+02 4.000000000000000000e+00
2.636384138689900070e-01 9.555586700027681735e-01 1.500000000000000000e+01 8.000000000000000000e+00 4.000000000000000000e+00
5.644184799668059416e-01 1.881077698258964981e+00 1.800000000000000000e+01 6.000000000000000000e+01 4.000000000000000000e+00
8.106746514542613191e-01 1.057805246007477384e+00 1.900000000000000000e+01 1.690000000000000000e+02 4.000000000000000000e+00
1.658286431612449041e-01 6.289635509158796323e-01 4.000000000000000000e+00 1.560000000000000000e+02 4.000000000000000000e+00
9.811191569483960206e-01 3.694534549866622664e-01 1.400000000000000000e+01 1.890000000000000000e+02 4.000000000000000000e+00
7.167903449396796356e-01 1.183898488055717069e+00 5.000000000000000000e+00 5.000000000000000000e+01 4.000000000000000000e+00
5.119053977210183959e-01 1.723057096036865410e+00 1.500000000000000000e+01 1.910000000000000000e+02 4.000000000000000000e+00
9.539806494224359890e-01 5.328879913128784507e-01 1.200000000000000000e+01 7.200000000000000000e+01 4.000000000000000000e+00
5.441263953457565750e-01 1.004550711385824968e+00 1.000000000000000000e+00 2.700000000000000000e+01 4.000000000000000000e+00
1.283924422954624278e-01 8.458232486886615442e-01 1.000000000000000000e+01 1.380000000000000000e+02 4.000000000000000000e+00
6.834446274005013811e-01 9.571080334963965042e-01 1.400000000000000000e+01 1.370000000000000000e+02 4.000000000000000000e+00
1.886846031976654459e-01 1.918495607163560823e+00 1.800000000000000000e+01 1.000000000000000000e+01 4.000000000000000000e+00
3.355642147378434803e-01 1.566322648492283864e+00 4.000000000000000000e+00 6.600000000000000000e+01 4.000000000000000000e+00
2.792730713992163105e-01 1.071193452270900570e+00 8.000000000000000000e+00 1.320000000000000000e+02 4.000000000000000000e+00
3.160075850165949829e-01 1.730810904341510748e+00 3.000000000000000000e+00 1.070000000000000000e+02 4.000000000000000000e+00
7.439292522717947387e-01 6.161378997594865181e-01 1.400000000000000000e+01 9.500000000000000000e+01 4.000000000000000000e+00
7.108674354360684511e-01 7.597523001826819167e-01 8.000000000000000000e+00 8.600000000000000000e+01 4.000000000000000000e+00
5.616428346204820343e-01 1.118588687793578895e+00 1.700000000000000000e+01 8.000000000000000000e+01 4.000000000000000000e+00
1.902178017533983079e-01 1.406079362913013719e+00 1.800000000000000000e+01 8.100000000000000000e+01 4.000000000000000000e+00
5.116569536247099759e-01 5.650756749722659622e-01 1.900000000000000000e+01 1.390000000000000000e+02 4.000000000000000000e+00
2.745645377049724667e-01 4.434115306661937650e-01 9.000000000000000000e+00 1.180000000000000000e+02 4.000000000000000000e+00
7.226034925587150326e-01 5.280360012843575701e-01 1.800000000000000000e+01 1.100000000000000000e+01 4.000000000000000000e+00
8.180636862439368828e-01 1.768717553091780248e+00 1.200000000000000000e+01 1.980000000000000000e+02 4.000000000000000000e+00
1.424994552694744954e-01 9.756273425193416893e-01 9.000000000000000000e+00 1.220000000000000000e+02 4.000000000000000000e+00
4.304879836221024991e-01 1.841810213436317678e+00 7.000000000000000000e+00 1.900000000000000000e+01 4.000000000000000000e+00
5.317132897971950101e-01 1.534977840645412872e+00 1.900000000000000000e+01 1.240000000000000000e+02 4.000000000000000000e+00
7.143590447811721811e-01 8.834072295922300588e-01 2.000000000000000000e+00 1.120000000000000000e+02 4.000000000000000000e+00
8.906463640047703745e-01 3.501253041910122876e-01 1.200000000000000000e+01 4.300000000000000000e+01 4.000000000000000000e+00
9.751672428557758288e-01 8.294908867381539652e-01 7.000000000000000000e+00 1.110000000000000000e+02 4.000000000000000000e+00
8.818036421274876302e-01 8.841354122504688773e-01 6.000000000000000000e+00 1.300000000000000000e+01 4.000000000000000000e+00
7.030313284744423852e-01 1.700761451593163720e+00 1.500000000000000000e+01 1.610000000000000000e+02 4.000000000000000000e+00
2.402359537167142456e-01 1.026463518085777071e+00 1.700000000000000000e+01 1.250000000000000000e+02 4.000000000000000000e+00
7.833782549757353220e-01 6.262838130825368887e-01 1.600000000000000000e+01 2.000000000000000000e+02 4.000000000000000000e+00
8.562040537921896677e-01 1.240287573295763668e+00 1.700000000000000000e+01 6.100000000000000000e+01 4.000000000000000000e+00
2.907221658324407043e-01 1.635820342804985339e+00 2.000000000000000000e+01 1.500000000000000000e+02 4.000000000000000000e+00
4.362562043621360797e-01 7.606791632284527482e-01 1.600000000000000000e+01 1.500000000000000000e+01 4.000000000000000000e+00
5.848674889760469009e-01 1.560372940715674117e+00 1.600000000000000000e+01 1.120000000000000000e+02 4.000000000000000000e+00
3.536799286334211256e-01 1.207426823828035012e+00 1.000000000000000000e+01 1.900000000000000000e+01 4.000000000000000000e+00
8.489047456179504847e-01 1.392647259969072682e+00 1.000000000000000000e+00 7.900000000000000000e+01 4.000000000000000000e+00
7.174379651697624372e-01 2.029814199751024673e-01 5.000000000000000000e+00 1.100000000000000000e+01 4.000000000000000000e+00
4.398754852183923703e-01 2.078992899912479153e+00 2.000000000000000000e+01 4.900000000000000000e+01 4.000000000000000000e+00
1.630401639255828483e-01 1.440771156162695243e+00 3.000000000000000000e+00 1.260000000000000000e+02 4.000000000000000000e+00
