3.857350208875892639e-01 5.936628692331714641e-01 7.000000000000000000e+00 1.780000000000000000e+02 0.000000000000000000e+00
2.561464759298275329e-01 8.646971539323885514e-01 7.000000000000000000e+00 5.700000000000000000e+01 0.000000000000000000e+00
4.510655469779611265e-02 1.895505279465490522e+00 5.000000000000000000e+00 2.900000000000000000e+01 0.000000000000000000e+00
7.133583275169242954e-01 4.700580965364119512e-01 1.800000000000000000e+01 1.200000000000000000e+01 0.000000000000000000e+00
7.185694536261147958e-01 1.401665972655591341e+00 1.600000000000000000e+01 5.100000000000000000e+01 0.000000000000000000e+00
8.940413049607210949e-01 6.174037835789848438e-01 1.200000000000000000e+01 1.900000000000000000e+02 0.000000000000000000e+00
5.750837140623876048e-02 9.586087681538285610e-01 8.000000000000000000e+00 8.100000000000000000e+01 0.000000000000000000e+00
1.678547074796614691e-01 7.664562277705916360e-01 1.000000000000000000e+00 1.950000000000000000e+02 0.000000000000000000e+00
7.673687368422692501e-01 1.466618650017927017e+00 1.400000000000000000e+01 1.000000000000000000e+00 0.000000000000000000e+00
5.221134294064221776e-02 5.673643748143705201e-01 1.500000000000000000e+01 7.400000000000000000e+01 0.000000000000000000e+00
7.822979975613707226e-02 1.937829631689989673e+00 1.700000000000000000e+01 6.500000000000000000e+01 0.000000000000000000e+00
4.327667870655141913e-01 6.989144480199159792e-01 8.000000000000000000e+00 1.050000000000000000e+02 0.000000000000000000e+00
8.228743938325040475e-01 8.689174331662662398e-01 1.400000000000000000e+01 1.200000000000000000e+01 0.000000000000000000e+00
5.216618320874512049e-01 1.093686578318269431e+00 1.600000000000000000e+01 1.330000000000000000e+02 0.000000000000000000e+00
8.687963829575369168e-01 5.047462435610231557e-01 1.500000000000000000e+01 1.230000000000000000e+02 0.000000000000000000e+00
4.629117261389240623e-01 1.357555921334653304e+00 2.000000000000000000e+01 1.150000000000000000e+02 0.000000000000000000e+00
3.603101525894492063e-01 1.570552983166284999e+00 1.300000000000000000e+01 7.000000000000000000e+00 0.000000000000000000e+00
2.189444871414256699e-01 4.055672952668308850e-01 1.000000000000000000e+01 1.270000000000000000e+02 0.000000000000000000e+00
6.801323485374036748e-01 6.921735577050959209e-01 1.300000000000000000e+01 7.900000000000000000e+01 0.000000000000000000e+00
8.389765406359239730e-01 5.280916838536203750e-01 6.000000000000000000e+00 7.200000000000000000e+01 0.000000000000000000e+00
3.542821939297311484e-01 1.493756170456181087e-01 1.000000000000000000e+01 1.770000000000000000e+02 0.000000000000000000e+00
3.853180507485827189e-01 5.829994948040898572e-01 1.600000000000000000e+01 3.500000000000000000e+01 0.000000000000000000e+00
9.468841036699908731e-01 1.689842752248311264e+00 6.000000000000000000e+00 1.000000000000000000e+02 0.000000000000000000e+00
5.346278439673601834e-01 2.113123498180002058e-01 2.000000000000000000e+00 8.500000000000000000e+01 0.000000000000000000e+00
3.401470463414550949e-01 7.668958087194929218e-01 4.000000000000000000e+00 3.800000000000000000e+01 0.000000000000000000e+00
7.819352149055853740e-01 1.926216510936364701e+00 7.000000000000000000e+00 2.200000000000000000e+01 0.000000000000000000e+00
1.492823672983633297e-02 5.234381278590815034e-01 1.700000000000000000e+01 1.110000000000000000e+02 0.000000000000000000e+00
6.710393907973714045e-01 1.805258208867499325e+00 1.200000000000000000e+01 3.000000000000000000e+00 0.000000000000000000e+00
4.736919939765465992e-01 1.982721286890663626e+00 1.100000000000000000e+01 1.390000000000000000e+02 0.000000000000000000e+00
7.396880701519772394e-01 1.385801752280692911e+00 1.700000000000000000e+01 1.500000000000000000e+02 0.000000000000000000e+00
4.484900395284326935e-01 1.456868199697919641e-01 1.500000000000000000e+01 7.200000000000000000e+01 0.000000000000000000e+00
5.011530568512407857e-01 1.544388572679503246e+00 5.000000000000000000e+00 1.470000000000000000e+02 0.000000000000000000e+00
9.884430543176245809e-01 2.344290782479700186e-01 1.000000000000000000e+00 1.270000000000000000e+02 0.000000000000000000e+00
2.496962251567348412e-01 8.327870308951516032e-01 1.000000000000000000e+00 1.210000000000000000e+02 0.000000000000000000e+00
1.491145675078882071e-01 1.355051108111075653e+00 7.000000000000000000e+00 4.100000000000000000e+01 0.000000000000000000e+00
4.240185998208273466e-01 1.230770580695897731e+00 2.000000000000000000e+00 1.760000000000000000e+02 0.000000000000000000e+00
6.658967794650842986e-01 8.898639634900152862e-01 7.000000000000000000e+00 4.800000000000000000e+01 0.000000000000000000e+00
4.904482264962697347e-01 8.541010389363298261e-01 6.000000000000000000e+00 1.890000000000000000e+02 0.000000000000000000e+00
4.183417342585915577e-01 2.099286000986492873e+00 2.000000000000000000e+01 1.400000000000000000e+02 0.000000000000000000e+00
8.061218116913858311e-02 9.460762854808225653e-01 1.500000000000000000e+01 1.660000000000000000e+02 0.000000000000000000e+00
6.882193033927984371e-02 1.042249543939258061e+00 1.000000000000000000e+01 1.990000000000000000e+02 0.000000000000000000e+00
5.482863337735623954e-01 1.113267540696967206e+00 2.000000000000000000e+01 1.650000000000000000e+02 0.000000000000000000e+00
1.134097173718432300e-01 9.338488230743066110e-01 1.000000000000000000e+01 2.000000000000000000e+02 0.000000000000000000e+00
5.966019519100147495e-01 1.157877583157191248e+00 6.000000000000000000e+00 1.500000000000000000e+01 0.000000000000000000e+00
5.719107946478889648e-01 6.404011713437961495e-01 7.000000000000000000e+00 1.920000000000000000e+02 0.000000000000000000e+00
3.284236550609546113e-01 2.010211833852161956e+00 1.000000000000000000e+01 3.400000000000000000e+01 0.000000000000000000e+00
5.546055357695722082e-02 1.241417736189920129e+00 6.000000000000000000e+00 1.140000000000000000e+02 0.000000000000000000e+00
3.176884685718516232e-01 2.058046514853066444e+00 6.000000000000000000e+00 6.600000000000000000e+01 0.000000000000000000e+00
4.708854267846643848e-01 6.475240749432996656e-01 1.800000000000000000e+01 1.870000000000000000e+02 0.000000000000000000e+00
4.406440411604429785e-01 1.058382361037045527e+00 8.000000000000000000e+00 1.780000000000000000e+02 0.000000000000000000e+00
1.385110750263732760e-01 1.477405521860821080e+00 8.000000000000000000e+00 1.350000000000000000e+02 1.000000000000000000e+00
8.644979731776453180e-01 3.832320730982324841e-01 1.500000000000000000e+01 1.540000000000000000e+02 1.000000000000000000e+00
3.404682116230004496e-01 1.042525298280850388e+00 7.000000000000000000e+00 8.600000000000000000e+01 1.000000000000000000e+00
1.495675218350106528e-01 1.168029382680853434e+00 1.900000000000000000e+01 4.600000000000000000e+01 1.000000000000000000e+00
3.747828658545763192e-01 4.929362906658832921e-01 1.700000000000000000e+01 1.500000000000000000e+01 1.000000000000000000e+00
9.987778436157505046e-01 6.835448723394662585e-01 1.000000000000000000e+00 1.830000000000000000e+02 1.000000000000000000e+00
1.134590254267440063e-01 1.222319938645763271e+00 1.300000000000000000e+01 1.200000000000000000e+01 1.000000000000000000e+00
1.125530723194182320e-01 9.992761618789091083e-01 2.000000000000000000e+00 3.200000000000000000e+01 1.000000000000000000e+00
3.032121344276984543e-01 1.743985227614194722e+00 1.800000000000000000e+01 5.000000000000000000e+00 1.000000000000000000e+00
7.743385732168517332e-01 5.869062605996150372e-01 8.000000000000000000e+00 5.200000000000000000e+01 1.000000000000000000e+00
6.603561042717144280e-01 2.096290673941019644e+00 1.000000000000000000e+01 1.420000000000000000e+02 1.000000000000000000e+00
9.253042699201273480e-02 1.398390251209939150e-01 7.000000000000000000e+00 8.100000000000000000e+01 1.000000000000000000e+00
5.491728197052614391e-01 1.637346886837078630e+00 1.300000000000000000e+01 3.500000000000000000e+01 1.000000000000000000e+00
2.511097248569959389e-02 1.842497700383673109e+00 1.700000000000000000e+01 8.500000000000000000e+01 1.000000000000000000e+00
7.808742324775831412e-01 7.594474372741867318e-01 1.600000000000000000e+01 1.610000000000000000e+02 1.000000000000000000e+00
9.984340947774273944e-01 3.638044248148871729e-01 1.800000000000000000e+01 5.600000000000000000e+01 1.000000000000000000e+00
7.141145591336196530e-01 1.107304678538011844e+00 1.200000000000000000e+01 5.900000000000000000e+01 1.000000000000000000e+00
3.492640834073263978e-01 9.210522870544221030e-01 2.000000000000000000e+01 1.870000000000000000e+02 1.000000000000000000e+00
5.918222578980928406e-01 6.065846014585282164e-01 1.000000000000000000e+00 8.900000000000000000e+01 1.000000000000000000e+00
3.773698874916188162e-01 1.846176826968063678e-01 7.000000000000000000e+00 1.200000000000000000e+02 1.000000000000000000e+00
3.100001384539866622e-01 1.623748824242629452e+00 3.000000000000000000e+00 1.380000000000000000e+02 1.000000000000000000e+00
1.965221345454920554e-01 1.778945032983402230e+00 7.000000000000000000e+00 1.060000000000000000e+02 1.000000000000000000e+00
3.829213662149703046e-01 1.178338132243550884e+00 8.000000000000000000e+00 8.000000000000000000e+00 1.000000000000000000e+00
9.176945259951979628e-01 1.364272055035086417e+00 1.900000000000000000e+01 1.080000000000000000e+02 1.000000000000000000e+00
5.387791251416991223e-01 1.063672716927734907e+00 4.000000000000000000e+00 9.200000000000000000e+01 1.000000000000000000e+00
7.642239517424970208e-01 1.059671317235379329e+00 4.000000000000000000e+00 1.540000000000000000e+02 1.000000000000000000e+00
9.994847426518739253e-01 1.022501785687384368e+00 1.700000000000000000e+01 1.340000000000000000e+02 1.000000000000000000e+00
2.717310246704306431e-01 1.409732160326937267e+00 1.600000000000000000e+01 1.310000000000000000e+02 1.000000000000000000e+00
4.334152311037062777e-01 1.611575929049111844e+00 1.600000000000000000e+01 1.960000000000000000e+02 1.000000000000000000e+00
8.976561579464074070e-01 1.214051355424328849e+00 1.000000000000000000e+00 7.200000000000000000e+01 1.000000000000000000e+00
8.278605178652419516e-01 8.071680881478314751e-01 2.000000000000000000e+01 7.000000000000000000e+00 1.000000000000000000e+00
2.440550811474743176e-01 3.139837617133790504e-01 1.100000000000000000e+01 1.480000000000000000e+02 1.000000000000000000e+00
7.343663874907445654e-01 8.729629139888154254e-01 5.000000000000000000e+00 5.100000000000000000e+01 1.000000000000000000e+00
6.561274108150751960e-01 1.290627242561472210e+00 1.800000000000000000e+01 1.720000000000000000e+02 1.000000000000000000e+00
9.031292715262061177e-02 1.064939817959927648e+00 7.000000000000000000e+00 7.600000000000000000e+01 1.000000000000000000e+00
7.573494896473018656e-01 1.374649395203802138e+00 9.000000000000000000e+00 8.800000000000000000e+01 1.000000000000000000e+00
9.446276627788527946e-01 3.570544512676677718e-01 1.600000000000000000e+01 1.800000000000000000e+01 1.000000000000000000e+00
7.722569225966846584e-01 1.204512850088438114e+00 1.500000000000000000e+01 1.900000000000000000e+01 1.000000000000000000e+00
2.225088486621739498e-02 6.370596127632072170e-01 5.000000000000000000e+00 7.000000000000000000e+01 1.000000000000000000e+00
7.499868393079637263e-01 1.738863328416157261e-01 4.000000000000000000e+00 1.880000000000000000e+02 1.000000000000000000e+00
6.317025000294295145e-01 1.642384616149915155e+00 1.400000000000000000e+01 9.000000000000000000e+00 1.000000000000000000e+00
6.173980261454474761e-01 1.776517550611342200e+00 1.800000000000000000e+01 1.100000000000000000e+01 1.000000000000000000e+00
3.282128061554540066e-01 8.333949409220487992e-01 4.000000000000000000e+00 1.740000000000000000e+02 1.000000000000000000e+00
1.711620184922629795e-01 1.172966612981013457e+00 1.400000000000000000e+01 1.590000000000000000e+02 1.000000000000000000e+00
9.057449960724307525e-01 4.561381551235980103e-01 1.900000000000000000e+01 1.280000000000000000e+02 1.000000000000000000e+00
9.568113387100435352e-01 6.105071319856786305e-01 3.000000000000000000e+00 6.800000000000000000e+01 1.000000000000000000e+00
8.796893073642585437e-01 7.441228188098537588e-01 1.500000000000000000e+01 1.870000000000000000e+02 1.000000000000000000e+00
7.174526322045355897e-01 1.449771839369051074e+00 8.000000000000000000e+00 1.100000000000000000e+02 1.000000000000000000e+00
2.254175321113180974e-01 1.506192793393412277e+00 9.000000000000000000e+00 1.820000000000000000e+02 1.000000000000000000e+00
2.091952172037073732e-01 1.384954624097669340e+00 5.000000000000000000e+00 1.560000000000000000e+02 1.000000000000000000e+00
9.051670000145521922e-01 1.968380745238329732e+00 8.000000000000000000e+00 1.280000000000000000e+02 2.000000000000000000e+00
2.814917091265201066e-01 4.536606685849734477e-01 1.400000000000000000e+01 9.800000000000000000e+01 2.000000000000000000e+00
8.552493426360731066e-01 5.735466149861115914e-01 1.500000000000000000e+01 1.280000000000000000e+02 2.000000000000000000e+00
3.998021296655617646e-02 2.096892756791513435e+00 7.000000000000000000e+00 1.520000000000000000e+02 2.000000000000000000e+00
1.327859500469475984e-01 1.272906272332331667e+00 1.600000000000000000e+01 1.460000000000000000e+02 2.000000000000000000e+00
7.292837175720249254e-01 9.402901795318155953e-01 1.300000000000000000e+01 1.970000000000000000e+02 2.000000000000000000e+00
7.543257128876398321e-01 1.854084238449369870e+00 2.000000000000000000e+01 7.000000000000000000e+00 2.000000000000000000e+00
5.754535539541623113e-01 4.130681935064294263e-01 4.000000000000000000e+00 1.040000000000000000e+02 2.000000000000000000e+00
4.406638062573816628e-01 1.027701978255607829e+00 2.000000000000000000e+00 1.490000000000000000e+02 2.000000000000000000e+00
3.436273841415580232e-01 6.201545405085590046e-01 8.000000000000000000e+00 5.000000000000000000e+01 2.000000000000000000e+00
7.649587040026140095e-01 1.987627826811727560e+00 4.000000000000000000e+00 1.220000000000000000e+02 2.000000000000000000e+00
8.711509899717870820e-01 9.155517654845212183e-01 2.000000000000000000e+01 9.300000000000000000e+01 2.000000000000000000e+00
1.021336701689264798e-01 7.126316888013558559e-01 1.900000000000000000e+01 1.910000000000000000e+02 2.000000000000000000e+00
8.550845243364366688e-01 1.634476854200937801e+00 7.000000000000000000e+00 1.840000000000000000e+02 2.000000000000000000e+00
9.737916782071613930e-01 1.512478404961976164e+00 1.900000000000000000e+01 4.600000000000000000e+01 2.000000000000000000e+00
3.978147866740699284e-02 9.185396581626982249e-01 1.000000000000000000e+01 1.690000000000000000e+02 2.000000000000000000e+00
1.320856472067634124e-01 3.672403916133687440e-01 1.100000000000000000e+01 4.500000000000000000e+01 2.000000000000000000e+00
1.987108549415707026e-01 1.719150630873560237e+00 1.400000000000000000e+01 1.120000000000000000e+02 2.000000000000000000e+00
5.314585523508973813e-02 1.079462476225317991e+00 6.000000000000000000e+00 1.710000000000000000e+02 2.000000000000000000e+00
9.412461112519959761e-01 1.642032674525383040e+00 1.100000000000000000e+01 9.300000000000000000e+01 2.000000000000000000e+00
2.892998055327606899e-01 2.247152780017297735e-01 1.700000000000000000e+01 8.500000000000000000e+01 2.000000000000000000e+00
8.972475781894003743e-01 1.019751260443966245e+00 2.000000000000000000e+01 8.400000000000000000e+01 2.000000000000000000e+00
3.449418780225372849e-01 6.061527768168951669e-01 7.000000000000000000e+00 1.810000000000000000e+02 2.000000000000000000e+00
9.431637657141775932e-01 1.979983139144476656e+00 6.000000000000000000e+00 5.500000000000000000e+01 2.000000000000000000e+00
8.144674025744814694e-01 4.850873296549983449e-01 1.000000000000000000e+01 4.200000000000000000e+01 2.000000000000000000e+00
6.774073573892684941e-01 1.813032300522277485e+00 1.400000000000000000e+01 1.090000000000000000e+02 2.000000000000000000e+00
1.496317131928124322e-01 1.643114258859858234e-01 8.000000000000000000e+00 6.500000000000000000e+01 2.000000000000000000e+00
9.653731922880220973e-01 1.672694671155512181e+00 6.000000000000000000e+00 4.000000000000000000e+00 2.000000000000000000e+00
9.677647089226931731e-01 1.223753695000015407e+00 1.500000000000000000e+01 8.700000000000000000e+01 2.000000000000000000e+00
8.796140564516090610e-01 1.910850624130527642e+00 2.000000000000000000e+01 3.600000000000000000e+01 2.000000000000000000e+00
6.095309807683727543e-01 1.176964450994671063e+00 1.800000000000000000e+01 1.510000000000000000e+02 2.000000000000000000e+00
5.364830824968178646e-01 1.680332446643634681e+00 3.000000000000000000e+00 1.140000000000000000e+02 2.000000000000000000e+00
6.298344949932874748e-01 1.761821233973857481e+00 9.000000000000000000e+00 1.340000000000000000e+02 2.000000000000000000e+00
8.340931386851327956e-01 1.560866182373492173e+00 7.000000000000000000e+00 1.080000000000000000e+02 2.000000000000000000e+00
3.897803740521949001e-01 1.987825372223853471e+00 6.000000000000000000e+00 3.100000000000000000e+01 2.000000000000000000e+00
1.817297854107499111e-01 1.633332541325310139e+00 3.000000000000000000e+00 5.800000000000000000e+01 2.000000000000000000e+00
6.354081673472337100e-01 9.208404626002252291e-01 1.500000000000000000e+01 1.220000000000000000e+02 2.000000000000000000e+00
1.442857709370825268e-02 3.652771523859000835e-01 1.000000000000000000e+01 1.330000000000000000e+02 2.000000000000000000e+00
2.918792643889074334e-01 2.093417673127329959e+00 9.000000000000000000e+00 8.300000000000000000e+01 2.000000000000000000e+00
4.905464744675857441e-02 1.687889679824069011e+00 1.700000000000000000e+01 3.100000000000000000e+01 2.000000000000000000e+00
6.168805267375210288e-01 4.678281048446563117e-01 1.900000000000000000e+01 1.590000000000000000e+02 2.000000000000000000e+00
9.371372213711506305e-01 1.698010264356355492e+00 1.500000000000000000e+01 1.260000000000000000e+02 2.000000000000000000e+00
6.047025519198375720e-01 1.668612867591754423e+00 1.100000000000000000e+01 5.900000000000000000e+01 2.000000000000000000e+00
6.258105680716427033e-01 1.726544905567783728e+00 1.500000000000000000e+01 1.130000000000000000e+02 2.000000000000000000e+00
5.926271237362743527e-01 1.948512314373308796e-01 6.000000000000000000e+00 1.240000000000000000e+02 2.000000000000000000e+00
5.617369844639507059e-01 7.143948131768159682e-01 1.200000000000000000e+01 3.700000000000000000e+01 2.000000000000000000e+00
1.220476717752151247e-01 1.084023079717776339e+00 1.600000000000000000e+01 1.840000000000000000e+02 2.000000000000000000e+00
7.717647240611893444e-01 4.739296894615142586e-01 9.000000000000000000e+00 1.360000000000000000e+02 2.000000000000000000e+00
9.541163163936564606e-01 8.418632213469384729e-01 9.000000000000000000e+00 1.910000000000000000e+02 2.000000000000000000e+00
1.352015419679593045e-01 1.037167466238873459e+00 1.000000000000000000e+01 6.100000000000000000e+01 2.000000000000000000e+00
5.881225394312491472e-01 8.825837882569381732e-01 1.900000000000000000e+01 1.230000000000000000e+02 3.000000000000000000e+00
7.335240451851171573e-01 1.856025732541810580e+00 1.100000000000000000e+01 1.500000000000000000e+01 3.000000000000000000e+00
6.883558546166523850e-01 1.689374573073115338e+00 7.000000000000000000e+00 9.000000000000000000e+00 3.000000000000000000e+00
1.081715653895412993e-01 1.055130580191498746e+00 2.000000000000000000e+00 1.300000000000000000e+01 3.000000000000000000e+00
7.996648635639040936e-01 1.564882779140114311e+00 9.000000000000000000e+00 1.700000000000000000e+02 3.000000000000000000e+00
9.349381457938715778e-01 6.336349797018493435e-01 2.000000000000000000e+00 1.080000000000000000e+02 3.000000000000000000e+00
5.843148689390488260e-01 6.284740656892729982e-01 2.000000000000000000e+00 1.240000000000000000e+02 3.000000000000000000e+00
5.936249545973534270e-01 1.005063455042463749e+00 1.200000000000000000e+01 3.900000000000000000e+01 3.000000000000000000e+00
1.885793552500543147e-01 7.698062595579701073e-01 6.000000000000000000e+00 9.000000000000000000e+01 3.000000000000000000e+00
1.292079673802827289e-01 6.328861345257826843e-01 2.000000000000000000e+01 1.880000000000000000e+02 3.000000000000000000e+00
9.368050213617690192e-01 1.875302862698695838e+00 1.900000000000000000e+01 1.780000000000000000e+02 3.000000000000000000e+00
7.510431282182403745e-01 2.223845429968883958e-01 8.000000000000000000e+00 1.450000000000000000e+02 3.000000000000000000e+00
8.501377905265236068e-01 1.559133016224248269e+00 7.000000000000000000e+00 1.650000000000000000e+02 3.000000000000000000e+00
3.630122688355863492e-01 1.716559347525879575e+00 7.000000000000000000e+00 2.900000000000000000e+01 3.000000000000000000e+00
6.854189672004383782e-01 5.025101455190453814e-01 1.700000000000000000e+01 1.200000000000000000e+01 3.000000000000000000e+00
2.951429602706588939e-01 9.850656189850780509e-01 3.000000000000000000e+00 1.880000000000000000e+02 3.000000000000000000e+00
3.621146127954633087e-01 1.068823742207875460e+00 1.800000000000000000e+01 1.850000000000000000e+02 3.000000000000000000e+00
3.072239989087253154e-01 1.492487802735413371e+00 1.900000000000000000e+01 4.900000000000000000e+01 3.000000000000000000e+00
8.976508705620804829e-01 7.963801881217157375e-01 5.000000000000000000e+00 1.490000000000000000e+02 3.000000000000000000e+00
7.493892470018926888e-01 1.821612058117765054e+00 1.700000000000000000e+01 2.000000000000000000e+01 3.000000000000000000e+00
5.091945822902741448e-01 1.948055299721342504e+00 1.600000000000000000e+01 5.000000000000000000e+00 3.000000000000000000e+00
7.029819077193251164e-01 1.359111823464825175e+00 6.000000000000000000e+00 6.000000000000000000e+01 3.000000000000000000e+00
1.442674441738266422e-01 5.291170802351162772e-01 9.000000000000000000e+00 1.770000000000000000e+02 3.000000000000000000e+00
6.069144957337008206e-01 1.628532888395411549e+00 1.800000000000000000e+01 1.570000000000000000e+02 3.000000000000000000e+00
7.128116133343348482e-01 1.435832567287774086e+00 3.000000000000000000e+00 2.700000000000000000e+01 3.000000000000000000e+00
3.796266383120763255e-01 3.753726848564918894e-01 2.000000000000000000e+01 4.300000000000000000e+01 3.000000000000000000e+00
9.571104915395576285e-01 7.833549797152875582e-01 3.000000000000000000e+00 1.800000000000000000e+01 3.000000000000000000e+00
2.570704772261999116e-01 6.511556583735264025e-01 3.000000000000000000e+00 1.010000000000000000e+02 3.000000000000000000e+00
1.322963668814427507e-01 7.991201554359842474e-01 4.000000000000000000e+00 1.810000000000000000e+02 3.000000000000000000e+00
9.977716906226081761e-01 5.087507438530457504e-01 5.000000000000000000e+00 1.590000000000000000e+02 3.000000000000000000e+00
1.736730375702032481e-01 9.526215635300846474e-01 1.100000000000000000e+01 1.370000000000000000e+02 3.000000000000000000e+00
9.315396848653743067e-01 1.963122313199096469e+00 2.000000000000000000e+01 4.900000000000000000e+01 3.000000000000000000e+00
3.511538194703223148e-01 2.056114913869237171e+00 1.000000000000000000e+00 1.070000000000000000e+02 3.000000000000000000e+00
8.301453588234340708e-02 1.371208737989954241e+00 1.900000000000000000e+01 6.900000000000000000e+01 3.000000000000000000e+00
4.969320054743473491e-01 9.734918494604706263e-01 2.000000000000000000e+00 4.000000000000000000e+00 3.000000000000000000e+00
7.125234222346797930e-01 3.414681229150374753e-01 4.000000000000000000e+00 1.530000000000000000e+02 3.000000000000000000e+00
9.657380714492241891e-01 1.828073457436113713e+00 1.900000000000000000e+01 6.100000000000000000e+01 3.000000000000000000e+00
6.230807534057946073e-01 1.693217038289555498e+00 1.500000000000000000e+01 1.030000000000000000e+02 3.000000000000000000e+00
4.720556406680596062e-01 2.960953901557533685e-01 1.500000000000000000e+01 1.900000000000000000e+02 3.000000000000000000e+00
9.909994790033959111e-01 1.852601564135589296e+00 3.000000000000000000e+00 6.600000000000000000e+01 3.000000000000000000e+00
2.214962273035601115e-01 1.448545106032422813e+00 7.000000000000000000e+00 1.160000000000000000e+02 3.000000000000000000e+00
3.344187204684879733e-01 1.209375614157927936e+00 3.000000000000000000e+00 7.100000000000000000e+01 3.000000000000000000e+00
4.710855919746423925e-01 1.812606387608168612e+00 1.100000000000000000e+01 1.570000000000000000e+02 3.000000000000000000e+00
1.056000385734287977e-01 1.688820955250217137e+00 7.000000000000000000e+00 1.170000000000000000e+02 3.000000000000000000e+00
9.166586034822956641e-01 1.021180000195661686e+00 8.000000000000000000e+00 2.600000000000000000e+01 3.000000000000000000e+00
8.003108038768497190e-01 1.730817471749739989e+00 6.000000000000000000e+00 4.400000000000000000e+01 3.000000000000000000e+00
1.824499911951839026e-01 1.374484773861163467e-01 1.800000000000000000e+01 1.920000000000000000e+02 3.000000000000000000e+00
6.450951099659297805e-01 3.050496488104442738e-01 4.000000000000000000e+00 1.890000000000000000e+02 3.000000000000000000e+00
5.121124590492065476e-01 2.072822928790394759e+00 1.600000000000000000e+01 3.600000000000000000e+01 3.000000000000000000e+00
7.121813811718091802e-01 1.508863537407112654e+00 1.300000000000000000e+01 4.200000000000000000e+01 3.000000000000000000e+00
2.887965758217612144e-01 8.396190902738954742e-01 4.000000000000000000e+00 1.560000000000000000e+02 4.000000000000000000e+00
6.134847930473629612e-02 4.419176110422263770e-01 1.600000000000000000e+01 1.480000000000000000e+02 4.000000000000000000e+00
4.777098320985411206e-01 1.059168958458209353e+00 3.000000000000000000e+00 1.770000000000000000e+02 4.000000000000000000e+00
4.746361012104054478e-01 1.719925384050970285e+00 1.600000000000000000e+01 2.000000000000000000e+02 4.000000000000000000e+00
4.813838077599583709e-01 1.029399035492122305e+00 1.600000000000000000e+01 8.400000000000000000e+01 4.000000000000000000e+00
3.151917841712394974e-01 8.770343256357003847e-01 5.000000000000000000e+00 9.700000000000000000e+01 4.000000000000000000e+00
1.974876133225027530e-01 1.240222032248546657e+00 1.300000000000000000e+01 1.520000000000000000e+02 4.000000000000000000e+00
6.369775816286534775e-01 1.995111782852214466e+00 1.300000000000000000e+01 8.800000000000000000e+01 4.000000000000000000e+00
3.004610615283367370e-01 1.629568621838109133e+00 2.000000000000000000e+00 1.520000000000000000e+02 4.000000000000000000e+00
6.246399839881698890e-01 1.421837057092727452e+00 1.600000000000000000e+01 1.720000000000000000e+02 4.000000000000000000e+00
3.459910136033782918e-02 1.729794180412753457e+00 1.900000000000000000e+01 1.780000000000000000e+02 4.000000000000000000e+00
5.209296354348808000e-01 3.964731495192955757e-01 8.000000000000000000e+00 1.800000000000000000e+02 4.000000000000000000e+00
3.770221640388107254e-01 6.530170520190360373e-01 1.100000000000000000e+01 1.070000000000000000e+02 4.000000000000000000e+00
7.954391623291977576e-01 8.925257295546650260e-01 1.200000000000000000e+01 1.970000000000000000e+02 4.000000000000000000e+00
4.073180752331864163e-01 4.886497092842031487e-01 2.000000000000000000e+00 1.160000000000000000e+02 4.000000000000000000e+00
2.898537962264140511e-01 1.301233252098956239e+00 6.000000000000000000e+00 1.710000000000000000e+02 4.000000000000000000e+00
5.631268318064400757e-01 1.645210314743882629e-01 1.300000000000000000e+01 9.000000000000000000e+00 4.000000000000000000e+00
7.089290553396269123e-01 9.625185346416836873e-01 8.000000000000000000e+00 9.100000000000000000e+01 4.000000000000000000e+00
2.481939463797335765e-01 1.941648910956211393e+00 2.000000000000000000e+00 1.420000000000000000e+02 4.000000000000000000e+00
4.534882656991716665e-01 1.374780451934482395e+00 9.000000000000000000e+00 1.020000000000000000e+02 4.000000000000000000e+00
1.020403060071492923e-01 1.014734278062943806e+00 2.000000000000000000e+00 1.810000000000000000e+02 4.000000000000000000e+00
1.276014518882551130e-01 1.863012759313414479e+00 1.500000000000000000e+01 6.100000000000000000e+01 4.000000000000000000e+00
9.523910864873651183e-02 5.705330572968546621e-01 1.000000000000000000e+00 2.100000000000000000e+01 4.000000000000000000e+00
6.034767878235335753e-02 4.789025001817511784e-01 6.000000000000000000e+00 1.270000000000000000e+02 4.000000000000000000e+00
9.019892004873387714e-01 1.209107693776913184e+00 1.600000000000000000e+01 1.230000000000000000e+02 4.000000000000000000e+00
4.253698877026410585e-01 1.012973171439771392e+00 3.000000000000000000e+00 2.400000000000000000e+01 4.000000000000000000e+00
2.037333098365600587e-02 6.949013055373435277e-01 5.000000000000000000e+00 1.140000000000000000e+02 4.000000000000000000e+00
3.556427655131875198e-01 1.091199904230189199e+00 5.000000000000000000e+00 1.850000000000000000e+02 4.000000000000000000e+00
4.751786079922889483e-01 2.079923913633755284e+00 2.000000000000000000e+01 1.450000000000000000e+02 4.000000000000000000e+00
8.198146891225741584e-01 4.201661043395442663e-01 1.600000000000000000e+01 1.990000000000000000e+02 4.000000000000000000e+00
9.066063591193597171e-01 1.862627020906669539e+00 2.000000000000000000e+01 2.900000000000000000e+01 4.000000000000000000e+00
2.584182201258125033e-01 1.228741339802089882e+00 1.600000000000000000e+01 1.130000000000000000e+02 4.000000000000000000e+00
5.652145106944141961e-01 6.021748035981634439e-01 9.000000000000000000e+00 9.000000000000000000e+01 4.000000000000000000e+00
4.414017774145730932e-01 5.190043848900135481e-01 6.000000000000000000e+00 7.000000000000000000e+00 4.000000000000000000e+00
6.276117668317645615e-01 1.617428659361268561e+00 1.000000000000000000e+00 1.600000000000000000e+01 4.000000000000000000e+00
3.731814674011121324e-01 3.879547478385240167e-01 7.000000000000000000e+00 1.940000000000000000e+02 4.000000000000000000e+00
6.817333452636047397e-01 3.584234414555532711e-01 6.000000000000000000e+00 8.400000000000000000e+01 4.000000000000000000e+00
4.785157963742707743e-01 1.014116152525200265e+00 1.200000000000000000e+01 1.020000000000000000e+02 4.000000000000000000e+00
3.250001104179606193e-01 7.887273070231756167e-01 1.100000000000000000e+01 1.770000000000000000e+02 4.000000000000000000e+00
3.736824158170954924e-01 7.412980267438654680e-01 9.000000000000000000e+00 4.100000000000000000e+01 4.000000000000000000e+00
4.422818893536842877e-01 1.458220933793434204e+00 7.000000000000000000e+00 8.400000000000000000e+01 4.000000000000000000e+00
5.666221968117193253e-01 4.324973504018120307e-01 1.600000000000000000e+01 1.700000000000000000e+01 4.000000000000000000e+00
3.125676742474069458e-01 1.245395214890352209e+00 3.000000000000000000e+00 1.920000000000000000e+02 4.000000000000000000e+00
4.709690350092492483e-01 1.490662705351824879e+00 5.000000000000000000e+00 1.000000000000000000e+02 4.000000000000000000e+00
3.358446227579539034e-01 7.658280095742505678e-01 1.400000000000000000e+01 9.000000000000000000e+00 4.000000000000000000e+00
4.411903162491369601e-01 5.822906927974768054e-01 1.100000000000000000e+01 1.000000000000000000e+02 4.000000000000000000e+00
3.783243216648137786e-01 1.433621865286449859e+00 8.000000000000000000e+00 4.900000000000000000e+01 4.000000000000000000e+00
2.820324778664158316e-01 6.213432665236654495e-01 5.000000000000000000e+00 1.810000000000000000e+02 4.000000000000000000e+00
6.322654464327502888e-01 1.169318820492521172e-01 1.600000000000000000e+01 2.300000000000000000e+01 4.000000000000000000e+00
3.770015456641722107e-01 8.151618718589849211e-01 8.000000000000000000e+00 1.880000000000000000e+02 4.000000000000000000e+00
