-1.182923864487702019e+02
-1.270299707272080809e+02
-9.128702715600904583e+01
-1.330963988186127835e+02
-1.330961863274243058e+02
-1.330966890131500122e+02
-9.165569100822962412e+01
-1.234835016006625921e+02
-1.324072225772860065e+02
-1.330968783095090089e+02
-1.314893994060971920e+02
-1.330967034979531149e+02
-9.179408279031481754e+01
-1.330967704875747017e+02
-1.249626297672664634e+02
-1.330869188164190575e+02
-1.324873219319997588e+02
-1.271808596110382439e+02
-1.052068127151067927e+02
-1.330902572641289225e+02
-1.330959078793371475e+02
-1.296054898652244560e+02
-1.069798032565960142e+02
-1.313734523147350330e+02
-1.330961536855952545e+02
-1.330968224058805731e+02
-1.330961758433684281e+02
-1.037745473621860981e+02
-1.089910721275208232e+02
-1.330968294230468700e+02
-1.268582533487992805e+02
-1.330967899060550508e+02
-1.330149254061784632e+02
-9.478293065707032383e+01
-1.330966753611792797e+02
-9.263627779933293027e+01
-1.330323874964699087e+02
-1.321965229887869100e+02
-1.330799682435534805e+02
-1.330968053364255752e+02
-1.330963474142065195e+02
-1.327529970415366165e+02
-1.294265218562718474e+02
-1.330776836311608804e+02
-1.330967488264431609e+02
-1.292438802386047882e+02
-1.330959341889266909e+02
-9.552155808357963451e+01
-1.330968206667376137e+02
-1.330967798842125944e+02
-1.275565754286607927e+02
-1.253233544820593863e+02
-1.278398627846635947e+02
-1.278388137031541021e+02
-1.272430575400893531e+02
-1.277932243402137686e+02
-1.278402579732288871e+02
-8.889981232679183165e+01
-1.275745924288075059e+02
-1.251871405651044284e+02
-1.258669121589383053e+02
-1.278397935424936378e+02
-1.137330588720442535e+02
-1.278355539734737931e+02
-9.860927067504506738e+01
-1.278361710523571446e+02
-1.278391045383580433e+02
-1.278255938493738171e+02
-1.278390776706862511e+02
-1.055105027776515669e+02
-1.100541234991471384e+02
-1.278400641167628464e+02
-1.244868371839330479e+02
-9.375878811395755008e+01
-1.221591447497757628e+02
-1.273578370170021685e+02
-1.278400721905006918e+02
-1.263801209091019757e+02
-1.278393308129788863e+02
-1.022932450451745865e+02
-1.278400894180083469e+02
-1.278395185118828437e+02
-1.273291025779324457e+02
-1.069439723692190398e+02
-1.214610462824995665e+02
-8.987468305699785276e+01
-1.148247783861406077e+02
-1.278360696841880610e+02
-1.115049078191231473e+02
-1.136244361926197683e+02
-1.092057808291188081e+02
-1.128465691821387082e+02
-1.277611434460216060e+02
-1.278400330690834750e+02
-1.229235645886994632e+02
-1.278400451504818847e+02
-9.203552079537037400e+01
-1.278403014932018493e+02
-1.257349500745478394e+02
-9.379572032513704016e+01
-8.624338175172611898e+01
-1.195460679045538939e+02
-1.235611502606310523e+02
-1.235614925764083836e+02
-1.217872267250719887e+02
-1.235613970797121226e+02
-1.001841722514923276e+02
-8.785957741445905356e+01
-1.061556571802461519e+02
-1.235461741339474173e+02
-1.186787861585697215e+02
-1.235613966915159097e+02
-9.823594483462501614e+01
-1.015862933572977340e+02
-9.877430926191438232e+01
-1.196558918872114390e+02
-1.222516977034869683e+02
-8.887480021594241464e+01
-1.235615181269071456e+02
-8.900760649257107104e+01
-9.979511586533088519e+01
-9.535928547055968352e+01
-1.235606608692236392e+02
-1.047445748952225983e+02
-1.231688202401932415e+02
-1.229597174627225371e+02
-1.235399605195029267e+02
-1.129953212634459874e+02
-1.235534434483807473e+02
-1.235545749265167075e+02
-1.019437450224683630e+02
-1.235409687351968699e+02
-1.235564249573976952e+02
-1.212821933034665420e+02
-9.240396113513182286e+01
-9.242346708685722945e+01
-8.868857442675555092e+01
-9.297334679018148051e+01
-1.215093103789377125e+02
-1.125525372709126941e+02
-9.481848515124488586e+01
-1.226774532982512369e+02
-1.235615117790906652e+02
-1.147749850533341061e+02
-9.686197318541493928e+01
-1.222109737682130373e+02
-1.235601534443385532e+02
-1.235526713273600308e+02
-1.235615644436596057e+02
-1.235540868866110742e+02
-1.099563650535302344e+02
-1.237917808988064223e+02
-1.239411276651610763e+02
-1.053805990072460190e+02
-1.122663691449668164e+02
-9.815108218656855854e+01
-1.239423184613188624e+02
-8.912196424206048562e+01
-1.153644760856334557e+02
-1.202644204338077429e+02
-1.197803694599344908e+02
-1.082984983956259697e+02
-1.238947629682463969e+02
-1.167414863874825812e+02
-1.239422570397934038e+02
-1.233218515426271864e+02
-1.239368102487784995e+02
-8.619175219981843838e+01
-1.239422816610470335e+02
-9.515010284328818102e+01
-1.239233395787691165e+02
-1.136583902705823306e+02
-1.232722870415919942e+02
-1.239422811757723508e+02
-9.658816544063809317e+01
-1.088310678926060859e+02
-1.239419918627101254e+02
-1.236208856002601664e+02
-8.840333209595497976e+01
-1.238871515859429735e+02
-1.081804940599367484e+02
-1.118387831597295445e+02
-1.046533272610593599e+02
-1.168365336873889504e+02
-1.144182712834497693e+02
-1.239422934348400247e+02
-1.238739112219557228e+02
-1.239393049032888428e+02
-1.238526247819144146e+02
-9.814861631317491231e+01
-1.238137065190463346e+02
-1.238880378975880490e+02
-1.238734240418267802e+02
-1.239421937502817315e+02
-1.053739413245540248e+02
-1.239416841009402219e+02
-1.151561439714831039e+02
-1.143480535904561890e+02
-8.961897555265495896e+01
-1.139706274544513747e+02
-1.251434043804170386e+02
-1.251399900190201890e+02
-1.128622986133744206e+02
-1.042321679718129559e+02
-1.251434698930317353e+02
-1.056938038403471438e+02
-1.154015041315798129e+02
-1.068665054658562497e+02
-1.251384923671238454e+02
-1.251421690777349056e+02
-1.251433999488110089e+02
-1.124805360075696399e+02
-1.251407758392512477e+02
-1.251425029270304634e+02
-1.251084435228800373e+02
-1.251421795941599129e+02
-9.963344915051418127e+01
-1.250314947574782281e+02
-1.251434392997779526e+02
-1.251431256688930489e+02
-9.045514459454290090e+01
-1.215043131632584306e+02
-9.132470849112330313e+01
-1.251290136150098107e+02
-9.717340195595534169e+01
-1.233483243835453322e+02
-1.251423081105071446e+02
-1.251420926693363782e+02
-8.942172562695411386e+01
-1.250708999083026072e+02
-1.071949223509737692e+02
-8.970338297068141742e+01
-1.020077578399446026e+02
-1.251223951478886107e+02
-1.241091233547252131e+02
-8.834695890229727411e+01
-8.833400530667069006e+01
-8.727488238090121797e+01
-9.002699368452873330e+01
-1.251433193437756728e+02
-1.251434432318832393e+02
-1.251434452663838499e+02
-1.214974328197775435e+02
-1.251376599131342289e+02
-1.250262804716042666e+02
-1.060170474483783210e+02
-1.057926095746806254e+02
-1.251430192054235278e+02
-1.179531102527506761e+02
-1.245017102525713284e+02
