2.929351827473213321e-01 8.037713421200843866e-01 1.000000000000000000e+00 1.940000000000000000e+02 0.000000000000000000e+00
3.682157459009314238e-01 1.382449266474524929e+00 1.800000000000000000e+01 2.700000000000000000e+01 0.000000000000000000e+00
9.588949535901735155e-01 1.127199547285771652e+00 1.800000000000000000e+01 8.800000000000000000e+01 0.000000000000000000e+00
2.869690101808656246e-01 8.881984408775375206e-01 9.000000000000000000e+00 3.000000000000000000e+00 0.000000000000000000e+00
7.408798696355319846e-01 1.668963273186430118e+00 3.000000000000000000e+00 4.100000000000000000e+01 0.000000000000000000e+00
8.849263632818492320e-02 9.896402363936446234e-01 1.100000000000000000e+01 4.500000000000000000e+01 0.000000000000000000e+00
8.614105950117153521e-01 6.477018633318080143e-01 1.400000000000000000e+01 1.030000000000000000e+02 0.000000000000000000e+00
5.810509513748729482e-01 3.677344449702631968e-01 9.000000000000000000e+00 4.100000000000000000e+01 0.000000000000000000e+00
2.293064542959775132e-01 4.568560903671236018e-01 4.000000000000000000e+00 1.290000000000000000e+02 0.000000000000000000e+00
9.284257472401915567e-01 5.313871207645676220e-01 1.300000000000000000e+01 1.900000000000000000e+02 0.000000000000000000e+00
4.381297313763598406e-02 1.481380783383524413e+00 6.000000000000000000e+00 7.100000000000000000e+01 0.000000000000000000e+00
9.347260723552071049e-01 4.022254267572670239e-01 1.300000000000000000e+01 4.400000000000000000e+01 0.000000000000000000e+00
9.959590842784998843e-01 4.493432901516286604e-01 6.000000000000000000e+00 5.100000000000000000e+01 0.000000000000000000e+00
5.121956377860441556e-01 5.331231135370880780e-01 1.700000000000000000e+01 1.780000000000000000e+02 0.000000000000000000e+00
3.885083723933578925e-01 7.866989777541552042e-01 1.600000000000000000e+01 1.330000000000000000e+02 0.000000000000000000e+00
3.078951811169288177e-01 1.675642665200622439e+00 9.000000000000000000e+00 1.860000000000000000e+02 0.000000000000000000e+00
5.647326662670154596e-01 7.127577010964462056e-01 1.400000000000000000e+01 1.300000000000000000e+02 0.000000000000000000e+00
5.129668799712805427e-01 1.053555370921871903e+00 1.900000000000000000e+01 5.500000000000000000e+01 0.000000000000000000e+00
4.046532514603471409e-01 9.783929512728927191e-01 1.200000000000000000e+01 1.320000000000000000e+02 0.000000000000000000e+00
3.538194551030970220e-02 1.307891017679759349e+00 7.000000000000000000e+00 1.930000000000000000e+02 0.000000000000000000e+00
9.222081019738169738e-01 1.121303114008503465e+00 1.600000000000000000e+01 2.200000000000000000e+01 0.000000000000000000e+00
4.130077936578686604e-01 2.653366710788699345e-01 6.000000000000000000e+00 1.500000000000000000e+01 0.000000000000000000e+00
4.322318244375074059e-01 1.108117129369366793e+00 2.000000000000000000e+00 1.100000000000000000e+01 0.000000000000000000e+00
5.279671745564724628e-01 1.389982411536573093e+00 1.000000000000000000e+00 1.130000000000000000e+02 0.000000000000000000e+00
8.337438226310486256e-01 1.228201002717629553e+00 1.800000000000000000e+01 1.840000000000000000e+02 0.000000000000000000e+00
3.786495999064461992e-01 1.540422987324149562e-01 8.000000000000000000e+00 6.200000000000000000e+01 0.000000000000000000e+00
4.677823539972847389e-01 7.411396714420132037e-01 6.000000000000000000e+00 7.700000000000000000e+01 0.000000000000000000e+00
9.225862479959311135e-02 2.056890888931115935e+00 3.000000000000000000e+00 1.480000000000000000e+02 0.000000000000000000e+00
8.267400675090584572e-02 4.082829257306396231e-01 1.300000000000000000e+01 3.000000000000000000e+00 0.000000000000000000e+00
9.420961069925222198e-01 3.836680496554490949e-01 1.000000000000000000e+00 1.290000000000000000e+02 0.000000000000000000e+00
9.542325848640209607e-01 2.005777780338248828e+00 6.000000000000000000e+00 1.530000000000000000e+02 0.000000000000000000e+00
8.727677594756045876e-01 9.950057516019358284e-01 1.600000000000000000e+01 1.130000000000000000e+02 0.000000000000000000e+00
4.341751437387997292e-01 1.128011155672525412e+00 8.000000000000000000e+00 1.750000000000000000e+02 0.000000000000000000e+00
8.864424720292722881e-01 1.038738734505491923e+00 6.000000000000000000e+00 1.580000000000000000e+02 0.000000000000000000e+00
2.488980455163369160e-02 5.802416206035333479e-01 7.000000000000000000e+00 2.700000000000000000e+01 0.000000000000000000e+00
6.264599377022574966e-01 1.284520315119436873e+00 2.000000000000000000e+01 1.830000000000000000e+02 0.000000000000000000e+00
5.206478226202130299e-01 4.784857653698441071e-01 1.100000000000000000e+01 1.730000000000000000e+02 0.000000000000000000e+00
7.971721229729798741e-02 8.243668498923794052e-01 8.000000000000000000e+00 3.200000000000000000e+01 0.000000000000000000e+00
2.150670040321095433e-01 9.107781312419308550e-01 1.700000000000000000e+01 8.700000000000000000e+01 0.000000000000000000e+00
2.486149507817521087e-01 1.183789403227760273e+00 1.800000000000000000e+01 2.000000000000000000e+02 0.000000000000000000e+00
1.087015844066727549e-01 1.951947461464116351e+00 2.000000000000000000e+01 1.750000000000000000e+02 0.000000000000000000e+00
6.442043223128590679e-01 1.460469755600384056e+00 3.000000000000000000e+00 1.430000000000000000e+02 0.000000000000000000e+00
8.606999391453866721e-01 2.815821320438250952e-01 1.000000000000000000e+00 1.480000000000000000e+02 0.000000000000000000e+00
4.724787352270274354e-01 7.057706160807980522e-01 9.000000000000000000e+00 5.100000000000000000e+01 0.000000000000000000e+00
7.892561225462214614e-01 1.228551612707975860e+00 1.000000000000000000e+01 1.480000000000000000e+02 0.000000000000000000e+00
1.980522669721768159e-01 1.637504473999131571e+00 1.500000000000000000e+01 1.330000000000000000e+02 0.000000000000000000e+00
3.145416080557104088e-01 1.913125804921624040e-01 9.000000000000000000e+00 1.870000000000000000e+02 0.000000000000000000e+00
5.101611441020436066e-01 9.463382177293974129e-01 7.000000000000000000e+00 8.700000000000000000e+01 0.000000000000000000e+00
7.572299578967132960e-02 1.660547575001306841e-01 1.800000000000000000e+01 1.720000000000000000e+02 0.000000000000000000e+00
5.043497901772876491e-01 7.146306051199254883e-01 3.000000000000000000e+00 1.600000000000000000e+01 0.000000000000000000e+00
5.455022527607899380e-02 1.636049061471647637e+00 1.300000000000000000e+01 5.800000000000000000e+01 1.000000000000000000e+00
5.494459263455169218e-01 1.864973659451904631e+00 1.400000000000000000e+01 1.110000000000000000e+02 1.000000000000000000e+00
7.938837096519014702e-01 1.247846785165484251e-01 5.000000000000000000e+00 1.180000000000000000e+02 1.000000000000000000e+00
1.265459110329575365e-01 2.590449898868306677e-01 1.900000000000000000e+01 1.310000000000000000e+02 1.000000000000000000e+00
1.134503474435612919e-01 8.331126180528011238e-01 1.600000000000000000e+01 9.300000000000000000e+01 1.000000000000000000e+00
9.836599031553202588e-01 5.449809132903170594e-01 1.700000000000000000e+01 2.300000000000000000e+01 1.000000000000000000e+00
5.691654233420944120e-01 8.709506218085497631e-01 1.100000000000000000e+01 7.400000000000000000e+01 1.000000000000000000e+00
6.210950546512945536e-01 6.672420647278555217e-01 1.000000000000000000e+01 3.800000000000000000e+01 1.000000000000000000e+00
5.139563615380193795e-01 5.280432669912861199e-01 6.000000000000000000e+00 1.100000000000000000e+01 1.000000000000000000e+00
7.288425149466294384e-01 1.890064244295780738e-01 6.000000000000000000e+00 1.430000000000000000e+02 1.000000000000000000e+00
2.358723608840439939e-02 2.868955738982538195e-01 1.400000000000000000e+01 1.580000000000000000e+02 1.000000000000000000e+00
3.919456799082758902e-01 1.400223851018610743e-01 1.000000000000000000e+01 2.300000000000000000e+01 1.000000000000000000e+00
5.405569928303031180e-01 6.388944140030655694e-01 8.000000000000000000e+00 2.000000000000000000e+00 1.000000000000000000e+00
2.175488689071328752e-01 5.761064409622528304e-01 1.300000000000000000e+01 1.750000000000000000e+02 1.000000000000000000e+00
6.578589187687999829e-01 1.164276483816665486e+00 1.000000000000000000e+01 5.300000000000000000e+01 1.000000000000000000e+00
5.894254729483360267e-01 1.726249054978211461e+00 1.600000000000000000e+01 3.600000000000000000e+01 1.000000000000000000e+00
7.232599329438071933e-01 1.762825671457867838e+00 1.500000000000000000e+01 8.000000000000000000e+00 1.000000000000000000e+00
4.223210825517288436e-01 8.622860038865179932e-01 9.000000000000000000e+00 9.300000000000000000e+01 1.000000000000000000e+00
1.997687912020580381e-01 1.306019196872518551e+00 1.900000000000000000e+01 1.800000000000000000e+01 1.000000000000000000e+00
5.681342940422793308e-01 1.732449315623808328e+00 3.000000000000000000e+00 1.070000000000000000e+02 1.000000000000000000e+00
2.073312140034352380e-01 1.110242459667996062e+00 1.400000000000000000e+01 1.770000000000000000e+02 1.000000000000000000e+00
6.012640419558911570e-02 9.014168574903554942e-01 1.300000000000000000e+01 1.690000000000000000e+02 1.000000000000000000e+00
6.573135946165432619e-01 2.997527172616046842e-01 8.000000000000000000e+00 1.900000000000000000e+01 1.000000000000000000e+00
1.318344022505666402e-01 1.997649890744587431e+00 1.700000000000000000e+01 9.000000000000000000e+00 1.000000000000000000e+00
7.533119754272441515e-01 1.527712243923406099e+00 1.300000000000000000e+01 4.500000000000000000e+01 1.000000000000000000e+00
2.989612356373635427e-01 1.746134143882949408e+00 1.600000000000000000e+01 4.200000000000000000e+01 1.000000000000000000e+00
6.485235391838645169e-01 1.058907219864958948e+00 3.000000000000000000e+00 1.520000000000000000e+02 1.000000000000000000e+00
5.453306923569758435e-01 1.441907483062975892e+00 4.000000000000000000e+00 1.700000000000000000e+01 1.000000000000000000e+00
1.054743450119793730e-01 1.320223008260561937e+00 8.000000000000000000e+00 5.400000000000000000e+01 1.000000000000000000e+00
5.313307978090746619e-01 1.428608790239239035e+00 5.000000000000000000e+00 4.100000000000000000e+01 1.000000000000000000e+00
6.867049485798530917e-01 1.298359146925918139e+00 1.200000000000000000e+01 6.100000000000000000e+01 1.000000000000000000e+00
4.490788951380926264e-01 1.749520238533565364e-01 2.000000000000000000e+01 1.840000000000000000e+02 1.000000000000000000e+00
3.987975720365088961e-01 6.632726503695006715e-01 2.000000000000000000e+00 1.570000000000000000e+02 1.000000000000000000e+00
4.560999833403844850e-01 1.968742945421035673e+00 7.000000000000000000e+00 1.410000000000000000e+02 1.000000000000000000e+00
7.199195229668681195e-01 1.385606000078735134e+00 1.600000000000000000e+01 1.220000000000000000e+02 1.000000000000000000e+00
1.530709120914931498e-01 8.495883485633072274e-01 7.000000000000000000e+00 2.400000000000000000e+01 1.000000000000000000e+00
4.375295766617340876e-01 5.483887417959051325e-01 1.300000000000000000e+01 2.700000000000000000e+01 1.000000000000000000e+00
5.362590275567981069e-01 3.244210676924298431e-01 1.300000000000000000e+01 1.830000000000000000e+02 1.000000000000000000e+00
8.475880386919845133e-01 1.556425154676392975e+00 1.000000000000000000e+00 2.800000000000000000e+01 1.000000000000000000e+00
6.689312322803457889e-01 1.676275579806157712e+00 9.000000000000000000e+00 7.700000000000000000e+01 1.000000000000000000e+00
1.790189110750053381e-01 4.888065136952625123e-01 1.000000000000000000e+01 1.420000000000000000e+02 1.000000000000000000e+00
1.534336757342550372e-01 1.810317706985636876e+00 1.900000000000000000e+01 1.300000000000000000e+02 1.000000000000000000e+00
5.804225822418104253e-01 1.665958180280388001e+00 2.000000000000000000e+01 1.390000000000000000e+02 1.000000000000000000e+00
5.799276777241514358e-01 1.741421679514489451e+00 1.800000000000000000e+01 1.450000000000000000e+02 1.000000000000000000e+00
3.543999494055406485e-01 5.724174931380429099e-01 1.100000000000000000e+01 1.790000000000000000e+02 1.000000000000000000e+00
8.657915152565138772e-01 2.911161729318029190e-01 6.000000000000000000e+00 6.800000000000000000e+01 1.000000000000000000e+00
6.970654074785485876e-02 7.268321562267615610e-01 2.000000000000000000e+01 1.020000000000000000e+02 1.000000000000000000e+00
9.209269087274906118e-01 1.037296285422193876e+00 4.000000000000000000e+00 1.930000000000000000e+02 1.000000000000000000e+00
5.457172499657041431e-01 1.500840011055426082e+00 1.700000000000000000e+01 7.600000000000000000e+01 1.000000000000000000e+00
7.146433045606441770e-01 1.975081861470771250e+00 4.000000000000000000e+00 7.000000000000000000e+01 1.000000000000000000e+00
1.669789519937228128e-01 4.452639249266517885e-01 1.000000000000000000e+01 7.500000000000000000e+01 2.000000000000000000e+00
2.969286856783291961e-01 1.636844277816338344e+00 1.300000000000000000e+01 1.140000000000000000e+02 2.000000000000000000e+00
5.216002226731413227e-01 7.175085918247093852e-01 2.000000000000000000e+00 1.900000000000000000e+02 2.000000000000000000e+00
8.289236612832999729e-01 5.899646039792704189e-01 1.500000000000000000e+01 1.650000000000000000e+02 2.000000000000000000e+00
2.529594911748568320e-01 1.985099728317718970e+00 7.000000000000000000e+00 1.110000000000000000e+02 2.000000000000000000e+00
5.855012165876296582e-01 1.468640810691173471e+00 1.600000000000000000e+01 5.100000000000000000e+01 2.000000000000000000e+00
3.274205419288988006e-01 4.146174339399916198e-01 1.900000000000000000e+01 1.300000000000000000e+01 2.000000000000000000e+00
9.913049148292236712e-01 6.634007670715776905e-01 3.000000000000000000e+00 1.910000000000000000e+02 2.000000000000000000e+00
2.321731405823090899e-01 7.225580741720437628e-01 6.000000000000000000e+00 1.000000000000000000e+00 2.000000000000000000e+00
6.838746923627530006e-01 9.986650321123630158e-01 1.500000000000000000e+01 4.900000000000000000e+01 2.000000000000000000e+00
4.576546841990747350e-01 2.095930510969963745e+00 8.000000000000000000e+00 8.400000000000000000e+01 2.000000000000000000e+00
6.243294977147788583e-01 4.965918618579964194e-01 1.900000000000000000e+01 8.000000000000000000e+01 2.000000000000000000e+00
9.692072094976360574e-01 3.431515265973411610e-01 1.400000000000000000e+01 2.100000000000000000e+01 2.000000000000000000e+00
3.168743464220986628e-01 1.637128907359705343e-01 2.000000000000000000e+00 2.200000000000000000e+01 2.000000000000000000e+00
1.467218658122709796e-01 1.386391705592926460e+00 1.500000000000000000e+01 9.000000000000000000e+00 2.000000000000000000e+00
9.685401020500269409e-01 1.403060381297839554e-01 1.900000000000000000e+01 1.760000000000000000e+02 2.000000000000000000e+00
8.699838079588472217e-01 1.372028459316108284e+00 5.000000000000000000e+00 1.350000000000000000e+02 2.000000000000000000e+00
5.196876909702007330e-01 4.848194466742433706e-01 1.700000000000000000e+01 3.900000000000000000e+01 2.000000000000000000e+00
3.081465562682617065e-01 8.319644578746262509e-01 2.000000000000000000e+01 1.770000000000000000e+02 2.000000000000000000e+00
3.998547405933767784e-01 9.132897308160127237e-01 1.300000000000000000e+01 8.600000000000000000e+01 2.000000000000000000e+00
9.920865121411598375e-01 1.500576270944506296e+00 1.500000000000000000e+01 1.020000000000000000e+02 2.000000000000000000e+00
1.740797897577451847e-01 1.527142421845819609e+00 3.000000000000000000e+00 4.500000000000000000e+01 2.000000000000000000e+00
4.520302933194697559e-01 5.577860134900295419e-01 9.000000000000000000e+00 9.700000000000000000e+01 2.000000000000000000e+00
7.828523212382975105e-01 1.691268160205054993e+00 1.600000000000000000e+01 1.480000000000000000e+02 2.000000000000000000e+00
7.126479077807599261e-01 1.983034656438149801e+00 2.000000000000000000e+00 1.710000000000000000e+02 2.000000000000000000e+00
8.797309640693841137e-01 1.395590389035242351e+00 6.000000000000000000e+00 1.370000000000000000e+02 2.000000000000000000e+00
8.762503655490818666e-01 2.364837136442773657e-01 7.000000000000000000e+00 1.560000000000000000e+02 2.000000000000000000e+00
3.382620139471725212e-02 5.347267431814762828e-01 1.300000000000000000e+01 1.560000000000000000e+02 2.000000000000000000e+00
4.755649564156159137e-01 5.555431730055365724e-01 4.000000000000000000e+00 7.100000000000000000e+01 2.000000000000000000e+00
7.698273317135702065e-01 1.224031667961374081e+00 1.800000000000000000e+01 1.780000000000000000e+02 2.000000000000000000e+00
3.351119435596809915e-01 2.061232954505224590e+00 1.900000000000000000e+01 1.620000000000000000e+02 2.000000000000000000e+00
1.001297633487399752e+00 7.728005522372151104e-01 3.000000000000000000e+00 1.520000000000000000e+02 2.000000000000000000e+00
7.207474743590789323e-01 7.383335390349229366e-01 1.000000000000000000e+01 1.210000000000000000e+02 2.000000000000000000e+00
1.324664856241543065e-01 1.165132941161623137e+00 1.600000000000000000e+01 6.500000000000000000e+01 2.000000000000000000e+00
1.282628499193594340e-01 1.246541420451345195e+00 5.000000000000000000e+00 3.300000000000000000e+01 2.000000000000000000e+00
7.092020858155375640e-01 1.295363757782888037e+00 6.000000000000000000e+00 1.880000000000000000e+02 2.000000000000000000e+00
7.071878677092576782e-01 5.618712151894397211e-01 9.000000000000000000e+00 9.900000000000000000e+01 2.000000000000000000e+00
2.494720503689128871e-02 6.094030646984763822e-01 1.400000000000000000e+01 8.100000000000000000e+01 2.000000000000000000e+00
8.892128771281340160e-01 7.868719593159226866e-01 1.300000000000000000e+01 1.560000000000000000e+02 2.000000000000000000e+00
8.170624112245153947e-01 1.034590378471703875e+00 1.200000000000000000e+01 1.270000000000000000e+02 2.000000000000000000e+00
5.690995962138339914e-01 1.095981983292755313e+00 3.000000000000000000e+00 1.590000000000000000e+02 2.000000000000000000e+00
4.354347814297796493e-01 6.170698514329563400e-01 1.000000000000000000e+01 1.240000000000000000e+02 2.000000000000000000e+00
9.433054437660047531e-02 1.666288841924652875e+00 5.000000000000000000e+00 8.000000000000000000e+00 2.000000000000000000e+00
9.614601610444239999e-01 3.678457391540898014e-01 9.000000000000000000e+00 9.000000000000000000e+01 2.000000000000000000e+00
6.898970077909781506e-02 8.700631340370846845e-01 1.600000000000000000e+01 7.400000000000000000e+01 2.000000000000000000e+00
1.001233308055638815e+00 1.126058087621534531e-01 1.500000000000000000e+01 1.750000000000000000e+02 2.000000000000000000e+00
4.818114718700091670e-01 9.376818358222619443e-01 1.800000000000000000e+01 1.180000000000000000e+02 2.000000000000000000e+00
9.964203502883219876e-01 1.887974953611195383e+00 4.000000000000000000e+00 3.100000000000000000e+01 2.000000000000000000e+00
7.137986255570173411e-01 1.818609226530058853e+00 1.400000000000000000e+01 5.800000000000000000e+01 2.000000000000000000e+00
5.377274453099144952e-02 1.501917371925115763e+00 1.900000000000000000e+01 2.600000000000000000e+01 2.000000000000000000e+00
2.430274761730961686e-01 1.247677440119396630e+00 1.200000000000000000e+01 1.220000000000000000e+02 3.000000000000000000e+00
1.785315326582166406e-01 7.902734455654035761e-01 1.000000000000000000e+00 1.840000000000000000e+02 3.000000000000000000e+00
5.580294501626174020e-01 2.297832429855145853e-01 1.900000000000000000e+01 1.160000000000000000e+02 3.000000000000000000e+00
3.965833758938964726e-01 1.346719497312691027e+00 2.000000000000000000e+01 1.020000000000000000e+02 3.000000000000000000e+00
7.499001081499105936e-01 1.046445775627379948e+00 7.000000000000000000e+00 1.690000000000000000e+02 3.000000000000000000e+00
4.625267275613142992e-01 1.136837186152166668e+00 1.800000000000000000e+01 1.470000000000000000e+02 3.000000000000000000e+00
1.427941940563192125e-01 1.193638356731184125e+00 1.800000000000000000e+01 1.750000000000000000e+02 3.000000000000000000e+00
7.621286979893394653e-01 3.041854987033368873e-01 3.000000000000000000e+00 7.100000000000000000e+01 3.000000000000000000e+00
9.071107166553387113e-01 1.397457259207458113e+00 4.000000000000000000e+00 7.600000000000000000e+01 3.000000000000000000e+00
6.570366844116888316e-01 1.413766260874481873e+00 1.800000000000000000e+01 1.080000000000000000e+02 3.000000000000000000e+00
6.270176963732272402e-01 1.934518083829007917e+00 6.000000000000000000e+00 1.330000000000000000e+02 3.000000000000000000e+00
3.448966502994379457e-01 2.050851142662136972e+00 1.900000000000000000e+01 1.890000000000000000e+02 3.000000000000000000e+00
6.722620187587540208e-01 3.803660329887471603e-01 1.000000000000000000e+00 1.540000000000000000e+02 3.000000000000000000e+00
6.690205717412910091e-02 6.500886812821179417e-01 5.000000000000000000e+00 1.470000000000000000e+02 3.000000000000000000e+00
2.255267237511677791e-01 1.559961762720437628e+00 7.000000000000000000e+00 7.600000000000000000e+01 3.000000000000000000e+00
9.969834497855984967e-01 1.155733451976414250e-01 1.600000000000000000e+01 8.200000000000000000e+01 3.000000000000000000e+00
8.966014627131362325e-01 1.273646258099573769e+00 2.000000000000000000e+01 5.900000000000000000e+01 3.000000000000000000e+00
4.532506272253633561e-01 5.854432401713883793e-01 5.000000000000000000e+00 1.250000000000000000e+02 3.000000000000000000e+00
1.441931143096105705e-01 6.191747577110392475e-01 1.100000000000000000e+01 6.300000000000000000e+01 3.000000000000000000e+00
9.804679535470048890e-01 2.076612923213762674e+00 7.000000000000000000e+00 1.470000000000000000e+02 3.000000000000000000e+00
7.937778753949994437e-01 7.515242547019239661e-01 1.000000000000000000e+01 1.200000000000000000e+02 3.000000000000000000e+00
7.393289275226059276e-01 6.271141316835519008e-01 5.000000000000000000e+00 1.560000000000000000e+02 3.000000000000000000e+00
1.951240315898332689e-01 1.002225232040506064e+00 1.900000000000000000e+01 1.310000000000000000e+02 3.000000000000000000e+00
7.121517880986244498e-01 1.290532868766836261e+00 6.000000000000000000e+00 1.060000000000000000e+02 3.000000000000000000e+00
6.784714550320554149e-01 5.087590012103720971e-01 1.700000000000000000e+01 3.100000000000000000e+01 3.000000000000000000e+00
1.134602518575289348e-01 4.356288712574555300e-01 1.800000000000000000e+01 4.200000000000000000e+01 3.000000000000000000e+00
1.429138551150510583e-01 5.453605849422921148e-01 1.100000000000000000e+01 8.100000000000000000e+01 3.000000000000000000e+00
3.772198273722264794e-01 7.801972046179904696e-01 1.800000000000000000e+01 1.500000000000000000e+02 3.000000000000000000e+00
3.227392176190575501e-01 1.501178984052033316e+00 9.000000000000000000e+00 9.000000000000000000e+00 3.000000000000000000e+00
4.246419942307180229e-01 8.808250187594958147e-01 1.600000000000000000e+01 1.590000000000000000e+02 3.000000000000000000e+00
7.039660721429081836e-01 7.828380515745517743e-01 1.800000000000000000e+01 1.400000000000000000e+01 3.000000000000000000e+00
3.874717361451203157e-01 4.007029790744521813e-01 1.300000000000000000e+01 1.700000000000000000e+01 3.000000000000000000e+00
2.330326280428038910e-01 8.504433287739198155e-01 6.000000000000000000e+00 1.080000000000000000e+02 3.000000000000000000e+00
8.798021718510738720e-02 1.367180483988017059e+00 1.500000000000000000e+01 6.200000000000000000e+01 3.000000000000000000e+00
9.539672972634241077e-01 1.559161689392368100e+00 8.000000000000000000e+00 7.700000000000000000e+01 3.000000000000000000e+00
4.677498056818296668e-01 1.183306272489213384e+00 6.000000000000000000e+00 4.900000000000000000e+01 3.000000000000000000e+00
6.281665965624303460e-01 1.081809030608600564e+00 1.100000000000000000e+01 1.330000000000000000e+02 3.000000000000000000e+00
5.560404187412706367e-01 7.981006174118140395e-01 1.200000000000000000e+01 1.350000000000000000e+02 3.000000000000000000e+00
8.447834498193274033e-01 2.097618994838882589e+00 8.000000000000000000e+00 2.300000000000000000e+01 3.000000000000000000e+00
2.798203158106462585e-01 1.728700039031644542e-01 1.700000000000000000e+01 3.600000000000000000e+01 3.000000000000000000e+00
8.915938885948585524e-01 1.440163961374740120e+00 1.400000000000000000e+01 1.320000000000000000e+02 3.000000000000000000e+00
7.394651077183549415e-01 2.375291216001735040e-01 4.000000000000000000e+00 1.730000000000000000e+02 3.000000000000000000e+00
2.568723378712729488e-01 1.683445767682981709e+00 4.000000000000000000e+00 1.770000000000000000e+02 3.000000000000000000e+00
2.492264844600375895e-01 1.311717588017979053e-01 1.700000000000000000e+01 8.000000000000000000e+01 3.000000000000000000e+00
5.181310561055220143e-01 2.086249530195601221e+00 1.600000000000000000e+01 1.910000000000000000e+02 3.000000000000000000e+00
8.730904479476121471e-01 1.341785628351514381e+00 1.200000000000000000e+01 5.000000000000000000e+00 3.000000000000000000e+00
5.693758247068716472e-01 5.013615471804971913e-01 9.000000000000000000e+00 8.500000000000000000e+01 3.000000000000000000e+00
5.216471095893164822e-01 1.620946881165864717e+00 3.000000000000000000e+00 1.130000000000000000e+02 3.000000000000000000e+00
6.492292594713965359e-01 2.005657169373190885e-01 1.500000000000000000e+01 1.010000000000000000e+02 3.000000000000000000e+00
5.771550603439749016e-01 1.592068226393742014e+00 1.000000000000000000e+00 1.540000000000000000e+02 3.000000000000000000e+00
5.697139431691538025e-01 9.769367349437928505e-01 6.000000000000000000e+00 1.020000000000000000e+02 4.000000000000000000e+00
8.653862118240366330e-01 1.310084828836013626e+00 3.000000000000000000e+00 7.000000000000000000e+00 4.000000000000000000e+00
9.511842523588209808e-01 1.288419021293471411e+00 1.400000000000000000e+01 2.000000000000000000e+02 4.000000000000000000e+00
6.166119163465946240e-01 1.251570983858484754e+00 3.000000000000000000e+00 3.000000000000000000e+00 4.000000000000000000e+00
7.085517032212462762e-01 1.818669111706538555e+00 5.000000000000000000e+00 3.400000000000000000e+01 4.000000000000000000e+00
4.784863713935817442e-01 6.365191798740897910e-01 2.000000000000000000e+00 8.000000000000000000e+01 4.000000000000000000e+00
6.777222178370273520e-01 6.878784886694974121e-01 1.400000000000000000e+01 9.400000000000000000e+01 4.000000000000000000e+00
6.033716204069136113e-01 3.324831327731107011e-01 1.800000000000000000e+01 1.750000000000000000e+02 4.000000000000000000e+00
2.926289472652747747e-01 9.870140443696956423e-01 1.900000000000000000e+01 1.310000000000000000e+02 4.000000000000000000e+00
6.359071783351872842e-01 2.009696854369464436e+00 1.100000000000000000e+01 1.300000000000000000e+01 4.000000000000000000e+00
1.008457206720062560e+00 2.222344921038942600e-01 1.000000000000000000e+00 9.000000000000000000e+00 4.000000000000000000e+00
9.390221888541780970e-01 6.302167241426593902e-01 9.000000000000000000e+00 1.170000000000000000e+02 4.000000000000000000e+00
6.731398298724997620e-01 1.259791880710676493e+00 4.000000000000000000e+00 1.820000000000000000e+02 4.000000000000000000e+00
8.710205435072171376e-01 1.128993867231024906e+00 1.900000000000000000e+01 1.780000000000000000e+02 4.000000000000000000e+00
9.894645568900954924e-01 6.091104924783296015e-01 1.500000000000000000e+01 1.930000000000000000e+02 4.000000000000000000e+00
7.609892948638137256e-01 1.530534268910284323e+00 1.900000000000000000e+01 1.010000000000000000e+02 4.000000000000000000e+00
1.830506249527183993e-01 1.392904229854309561e-01 1.500000000000000000e+01 9.200000000000000000e+01 4.000000000000000000e+00
6.410287035885693374e-01 1.146511954106170794e+00 1.700000000000000000e+01 2.600000000000000000e+01 4.000000000000000000e+00
6.057953031384774034e-01 1.018051078486382099e+00 1.100000000000000000e+01 6.600000000000000000e+01 4.000000000000000000e+00
7.446414736022198833e-01 5.643188349416542460e-01 1.200000000000000000e+01 2.100000000000000000e+01 4.000000000000000000e+00
6.786901112614919240e-01 1.437930206022955737e+00 9.000000000000000000e+00 1.490000000000000000e+02 4.000000000000000000e+00
6.245492233043983266e-01 2.079211205106856752e+00 1.800000000000000000e+01 7.700000000000000000e+01 4.000000000000000000e+00
8.275198332585911309e-01 2.028229711434795135e+00 6.000000000000000000e+00 1.230000000000000000e+02 4.000000000000000000e+00
8.424285380229787901e-01 1.944434309793285076e-01 9.000000000000000000e+00 6.500000000000000000e+01 4.000000000000000000e+00
8.616129071679710927e-02 1.198453560481268498e+00 1.700000000000000000e+01 5.600000000000000000e+01 4.000000000000000000e+00
7.011695385874711084e-01 1.207869147268422871e+00 2.000000000000000000e+01 6.000000000000000000e+01 4.000000000000000000e+00
8.011208109922233200e-01 1.487298763423865688e+00 4.000000000000000000e+00 1.200000000000000000e+01 4.000000000000000000e+00
7.772689143831999770e-02 2.767027205812037094e-01 1.100000000000000000e+01 7.400000000000000000e+01 4.000000000000000000e+00
9.701189867385436871e-01 1.491836283548232389e+00 5.000000000000000000e+00 6.000000000000000000e+01 4.000000000000000000e+00
4.531822851952722608e-01 9.973773791521481913e-01 1.500000000000000000e+01 1.330000000000000000e+02 4.000000000000000000e+00
5.999858393121009215e-01 4.371031529102381574e-01 1.600000000000000000e+01 7.400000000000000000e+01 4.000000000000000000e+00
6.786268521751379623e-01 1.569640589522031338e+00 1.600000000000000000e+01 1.390000000000000000e+02 4.000000000000000000e+00
6.416471191091431825e-01 9.769284365355873634e-01 1.600000000000000000e+01 1.080000000000000000e+02 4.000000000000000000e+00
3.059520699104987251e-01 2.025728031411337116e-01 1.000000000000000000e+00 4.000000000000000000e+00 4.000000000000000000e+00
6.365356031391059544e-01 1.970185726658622016e+00 1.000000000000000000e+00 4.200000000000000000e+01 4.000000000000000000e+00
4.771914053526737226e-02 1.525205808267578123e+00 1.300000000000000000e+01 4.000000000000000000e+01 4.000000000000000000e+00
7.511259279515966059e-01 4.136546662335035540e-01 3.000000000000000000e+00 1.040000000000000000e+02 4.000000000000000000e+00
9.630655526641805630e-02 1.391138799900869527e+00 1.300000000000000000e+01 1.650000000000000000e+02 4.000000000000000000e+00
6.571720354795215213e-01 1.914906141306022436e+00 1.600000000000000000e+01 4.700000000000000000e+01 4.000000000000000000e+00
8.238820303150372615e-01 1.124120791000066122e+00 8.000000000000000000e+00 1.660000000000000000e+02 4.000000000000000000e+00
8.174943718455710551e-01 8.358538040455237850e-01 1.000000000000000000e+01 1.020000000000000000e+02 4.000000000000000000e+00
2.543210546933892813e-01 1.071166907416511160e-01 2.000000000000000000e+00 1.130000000000000000e+02 4.000000000000000000e+00
9.886399924119040339e-01 1.195753340972254275e+00 1.300000000000000000e+01 8.400000000000000000e+01 4.000000000000000000e+00
8.239626965497029998e-01 1.084269893705545940e+00 1.700000000000000000e+01 1.790000000000000000e+02 4.000000000000000000e+00
5.024787974712103811e-01 4.465713010505588665e-01 5.000000000000000000e+00 1.810000000000000000e+02 4.000000000000000000e+00
5.488560550924310721e-01 2.063265945349939567e+00 4.000000000000000000e+00 6.000000000000000000e+01 4.000000000000000000e+00
7.479176040183745933e-01 1.809174926149445861e+00 8.000000000000000000e+00 8.500000000000000000e+01 4.000000000000000000e+00
3.103824940461056281e-01 1.584986167792907352e+00 1.100000000000000000e+01 5.000000000000000000e+00 4.000000000000000000e+00
6.013199217867076785e-01 1.103312095156357087e+00 1.500000000000000000e+01 1.730000000000000000e+02 4.000000000000000000e+00
1.902938517321173251e-01 1.110947613357819996e+00 1.900000000000000000e+01 1.900000000000000000e+02 4.000000000000000000e+00
