5.138108261351073125e-01 2.047008191938676003e+00 7.000000000000000000e+00 1.370000000000000000e+02 0.000000000000000000e+00
7.632350040379779488e-01 5.148036491344295529e-01 8.000000000000000000e+00 7.900000000000000000e+01 0.000000000000000000e+00
3.970325469797534312e-01 2.491008492930763263e-01 1.100000000000000000e+01 5.000000000000000000e+01 0.000000000000000000e+00
7.402256347069481324e-01 9.194146363531064958e-01 7.000000000000000000e+00 9.800000000000000000e+01 0.000000000000000000e+00
3.423159055916263904e-01 1.476342295336362964e+00 1.500000000000000000e+01 1.290000000000000000e+02 0.000000000000000000e+00
1.351830805098349630e-01 1.774588067455623364e+00 5.000000000000000000e+00 1.590000000000000000e+02 0.000000000000000000e+00
9.965837149314196175e-01 1.889134417547215339e+00 7.000000000000000000e+00 1.750000000000000000e+02 0.000000000000000000e+00
7.627651783863802493e-01 2.347413497715586106e-01 1.800000000000000000e+01 2.100000000000000000e+01 0.000000000000000000e+00
8.691970554730270582e-01 5.666072395341782419e-01 8.000000000000000000e+00 1.550000000000000000e+02 0.000000000000000000e+00
7.956364901075454465e-01 7.948393806462449307e-01 9.000000000000000000e+00 6.200000000000000000e+01 0.000000000000000000e+00
2.437901889396777433e-01 1.424350769713412346e+00 6.000000000000000000e+00 6.800000000000000000e+01 0.000000000000000000e+00
3.307309128195704551e-01 1.117517383402055975e+00 1.000000000000000000e+01 1.380000000000000000e+02 0.000000000000000000e+00
9.698565853822906924e-01 7.149592231322604574e-01 1.800000000000000000e+01 1.700000000000000000e+01 0.000000000000000000e+00
2.983178850708585461e-01 1.315946076141790710e+00 1.000000000000000000e+00 1.370000000000000000e+02 0.000000000000000000e+00
8.269624497293314169e-01 1.545784882028724549e+00 3.000000000000000000e+00 1.290000000000000000e+02 0.000000000000000000e+00
9.793679212611373641e-01 1.280766412932955012e+00 1.600000000000000000e+01 2.000000000000000000e+02 0.000000000000000000e+00
6.373317170578031154e-01 1.461500727642491837e+00 1.800000000000000000e+01 2.400000000000000000e+01 0.000000000000000000e+00
5.179335033721700343e-01 1.475943476269282462e+00 1.600000000000000000e+01 1.290000000000000000e+02 0.000000000000000000e+00
7.766229818826370090e-01 1.309755458829826580e+00 1.200000000000000000e+01 4.600000000000000000e+01 0.000000000000000000e+00
3.761701585354830790e-01 2.062113095961719100e+00 4.000000000000000000e+00 1.520000000000000000e+02 0.000000000000000000e+00
4.319444494825440684e-01 5.025644528078464512e-01 9.000000000000000000e+00 1.620000000000000000e+02 0.000000000000000000e+00
2.640854573839190172e-02 1.545166502508608541e+00 1.100000000000000000e+01 1.000000000000000000e+01 0.000000000000000000e+00
2.979034647892978560e-01 1.439458005130028972e+00 1.700000000000000000e+01 1.970000000000000000e+02 0.000000000000000000e+00
4.115250848332270284e-01 4.235673094049724474e-01 4.000000000000000000e+00 3.800000000000000000e+01 0.000000000000000000e+00
4.644484852570333056e-01 1.822506009816244443e+00 9.000000000000000000e+00 1.270000000000000000e+02 0.000000000000000000e+00
7.162067219048742217e-01 5.016084923857732081e-01 1.700000000000000000e+01 5.700000000000000000e+01 0.000000000000000000e+00
2.602180127539331922e-01 1.704787917524745788e+00 4.000000000000000000e+00 5.700000000000000000e+01 0.000000000000000000e+00
1.908360542298659368e-01 4.492219538232541387e-01 1.900000000000000000e+01 1.060000000000000000e+02 0.000000000000000000e+00
9.701851634917891820e-01 5.727788523023983336e-01 1.900000000000000000e+01 1.440000000000000000e+02 0.000000000000000000e+00
9.311738926424103502e-01 1.466280294567527731e+00 1.700000000000000000e+01 1.660000000000000000e+02 0.000000000000000000e+00
7.231137136694308631e-02 1.148712494498248526e+00 1.000000000000000000e+01 1.640000000000000000e+02 0.000000000000000000e+00
4.879713153622045052e-01 1.571379400590665887e-01 1.400000000000000000e+01 5.800000000000000000e+01 0.000000000000000000e+00
1.088489986283678185e-01 1.139035177540448807e+00 1.500000000000000000e+01 1.590000000000000000e+02 0.000000000000000000e+00
3.207919858177102901e-01 1.865845094208126165e+00 1.100000000000000000e+01 6.000000000000000000e+01 0.000000000000000000e+00
3.411528218990174111e-01 1.981439524200173663e+00 1.100000000000000000e+01 5.300000000000000000e+01 0.000000000000000000e+00
7.225765592086891287e-01 1.683123436730650901e+00 1.700000000000000000e+01 7.500000000000000000e+01 0.000000000000000000e+00
9.108188791682549912e-01 8.190479726629874557e-01 1.000000000000000000e+01 7.300000000000000000e+01 0.000000000000000000e+00
2.606477125252755211e-01 1.694722472147936143e+00 1.900000000000000000e+01 1.200000000000000000e+02 0.000000000000000000e+00
8.650215727571752833e-01 6.933774769986996711e-01 2.000000000000000000e+01 4.700000000000000000e+01 0.000000000000000000e+00
1.407443998114670247e-01 1.576906748529480540e+00 1.200000000000000000e+01 7.300000000000000000e+01 0.000000000000000000e+00
2.185847142260159970e-01 1.399060250579958531e+00 3.000000000000000000e+00 1.650000000000000000e+02 0.000000000000000000e+00
4.706962343697436157e-01 2.565631577216885839e-01 9.000000000000000000e+00 1.070000000000000000e+02 0.000000000000000000e+00
9.932315384931177105e-02 7.505474944070981147e-01 5.000000000000000000e+00 1.990000000000000000e+02 0.000000000000000000e+00
6.118042386563792706e-02 2.033476943977877038e+00 1.200000000000000000e+01 1.020000000000000000e+02 0.000000000000000000e+00
9.419140071047746865e-01 8.837574982073942431e-01 5.000000000000000000e+00 1.410000000000000000e+02 0.000000000000000000e+00
1.876896085949585347e-01 1.780540478333084708e+00 2.000000000000000000e+00 5.000000000000000000e+01 0.000000000000000000e+00
1.746992797916138151e-01 2.072683983653682116e+00 2.000000000000000000e+01 1.900000000000000000e+02 0.000000000000000000e+00
2.424493983731823565e-01 1.673094327230164380e+00 2.000000000000000000e+00 1.590000000000000000e+02 0.000000000000000000e+00
7.782768256750234315e-01 1.348805671895631608e+00 6.000000000000000000e+00 1.730000000000000000e+02 0.000000000000000000e+00
3.647248883949226750e-01 1.096673100795719558e+00 1.000000000000000000e+01 3.300000000000000000e+01 0.000000000000000000e+00
4.183826393186234061e-01 1.225029124676562331e+00 2.000000000000000000e+01 1.610000000000000000e+02 1.000000000000000000e+00
4.186174430576947714e-01 1.440990701877945090e+00 1.200000000000000000e+01 1.360000000000000000e+02 1.000000000000000000e+00
9.830900060026991349e-01 1.294863903706134467e+00 1.200000000000000000e+01 5.400000000000000000e+01 1.000000000000000000e+00
2.215898639306796980e-01 5.927594357295825622e-01 1.400000000000000000e+01 1.000000000000000000e+02 1.000000000000000000e+00
5.704595351733908748e-01 9.772475881420982224e-01 5.000000000000000000e+00 2.300000000000000000e+01 1.000000000000000000e+00
6.973146992795574706e-01 1.458822040685270549e+00 7.000000000000000000e+00 1.040000000000000000e+02 1.000000000000000000e+00
1.987558225524265615e-02 5.831828995788895798e-01 1.500000000000000000e+01 1.160000000000000000e+02 1.000000000000000000e+00
4.159594055951250091e-01 6.852128453345712744e-01 2.000000000000000000e+01 1.160000000000000000e+02 1.000000000000000000e+00
2.791511408720090959e-01 1.164521356503843974e-01 1.000000000000000000e+00 2.100000000000000000e+01 1.000000000000000000e+00
6.310825074383301647e-01 2.068708845506893879e-01 1.400000000000000000e+01 6.000000000000000000e+01 1.000000000000000000e+00
2.924196433484698154e-01 7.852992759321298921e-01 4.000000000000000000e+00 1.600000000000000000e+01 1.000000000000000000e+00
3.517800384662439495e-01 8.501487752002628850e-01 1.600000000000000000e+01 6.400000000000000000e+01 1.000000000000000000e+00
8.017034821837804026e-01 1.163016498682990285e+00 1.900000000000000000e+01 4.000000000000000000e+00 1.000000000000000000e+00
1.099050842604336470e-01 1.726855247006732874e+00 2.000000000000000000e+00 1.240000000000000000e+02 1.000000000000000000e+00
1.002529531524397853e-02 8.038819495601102760e-01 1.200000000000000000e+01 3.000000000000000000e+01 1.000000000000000000e+00
7.649622644715921016e-01 1.912773233328797673e+00 5.000000000000000000e+00 1.170000000000000000e+02 1.000000000000000000e+00
2.166634148242601032e-01 9.000527960814902473e-01 1.000000000000000000e+01 1.300000000000000000e+02 1.000000000000000000e+00
4.364553058774692795e-01 8.398617919376757390e-01 5.000000000000000000e+00 1.940000000000000000e+02 1.000000000000000000e+00
5.528897449656979823e-01 5.458899531842774655e-01 1.000000000000000000e+01 7.000000000000000000e+00 1.000000000000000000e+00
1.332617376549593245e-02 6.551701153697681024e-01 5.000000000000000000e+00 7.800000000000000000e+01 1.000000000000000000e+00
3.853209090315772301e-01 8.728959327555015912e-01 3.000000000000000000e+00 1.160000000000000000e+02 1.000000000000000000e+00
8.523817446583167312e-01 2.033672633498414761e+00 1.000000000000000000e+01 1.080000000000000000e+02 1.000000000000000000e+00
2.733990610591362919e-02 1.928214888380303416e+00 6.000000000000000000e+00 1.290000000000000000e+02 1.000000000000000000e+00
3.790578121767487207e-01 1.825703129437858119e-01 2.000000000000000000e+01 1.430000000000000000e+02 1.000000000000000000e+00
7.632007837496339597e-01 1.014203496050465780e+00 1.500000000000000000e+01 2.000000000000000000e+00 1.000000000000000000e+00
4.684001880180316268e-01 1.571424697457713737e+00 1.000000000000000000e+00 1.400000000000000000e+02 1.000000000000000000e+00
8.579962280193216273e-01 6.537253785619469015e-01 1.700000000000000000e+01 1.460000000000000000e+02 1.000000000000000000e+00
6.425711827374828156e-01 2.099108534135960991e+00 2.000000000000000000e+01 1.540000000000000000e+02 1.000000000000000000e+00
3.430052333959485722e-01 2.054320500425066420e+00 8.000000000000000000e+00 1.700000000000000000e+02 1.000000000000000000e+00
9.417329362389369185e-02 2.628750598781425252e-01 1.200000000000000000e+01 1.620000000000000000e+02 1.000000000000000000e+00
8.799562512960175109e-01 5.630866427511139749e-01 1.900000000000000000e+01 1.430000000000000000e+02 1.000000000000000000e+00
7.360777976701393666e-01 8.129103737090831450e-01 5.000000000000000000e+00 2.900000000000000000e+01 1.000000000000000000e+00
4.384779848287814197e-01 2.090105822880726105e+00 1.300000000000000000e+01 9.600000000000000000e+01 1.000000000000000000e+00
3.141199832640387823e-01 1.775046104263606761e+00 1.300000000000000000e+01 1.200000000000000000e+02 1.000000000000000000e+00
1.000257939776637794e+00 7.690105239092120959e-01 7.000000000000000000e+00 1.880000000000000000e+02 1.000000000000000000e+00
2.485802584129342963e-01 1.931639375676913017e+00 9.000000000000000000e+00 6.200000000000000000e+01 1.000000000000000000e+00
5.281722058190784219e-01 1.181881327100568368e+00 3.000000000000000000e+00 7.900000000000000000e+01 1.000000000000000000e+00
6.514704873655589035e-01 1.419037438444622268e+00 2.000000000000000000e+01 1.910000000000000000e+02 1.000000000000000000e+00
2.900076085847168583e-01 1.394638899274931898e+00 1.100000000000000000e+01 1.600000000000000000e+02 1.000000000000000000e+00
2.774051433303854619e-01 1.107643610641483978e+00 1.900000000000000000e+01 1.700000000000000000e+02 1.000000000000000000e+00
9.771503965013351722e-01 6.203452835623292083e-01 1.300000000000000000e+01 5.200000000000000000e+01 1.000000000000000000e+00
7.458710432472048790e-01 2.065852713983463929e+00 1.000000000000000000e+01 1.930000000000000000e+02 1.000000000000000000e+00
1.879713937047521738e-02 5.152005560468514433e-01 1.300000000000000000e+01 4.300000000000000000e+01 1.000000000000000000e+00
5.608637474498822106e-01 1.969493513273306018e+00 7.000000000000000000e+00 8.400000000000000000e+01 1.000000000000000000e+00
2.914352628543319668e-01 6.757901707171888317e-01 1.100000000000000000e+01 1.820000000000000000e+02 1.000000000000000000e+00
9.378624983296157680e-01 1.866316261118167452e-01 3.000000000000000000e+00 5.200000000000000000e+01 1.000000000000000000e+00
7.766269839900031835e-01 3.211011088251293222e-01 1.300000000000000000e+01 1.320000000000000000e+02 1.000000000000000000e+00
6.036921652511668679e-01 2.676493879791060904e-01 1.500000000000000000e+01 4.900000000000000000e+01 1.000000000000000000e+00
5.461258481508969309e-01 9.022193950433060605e-01 1.000000000000000000e+00 1.710000000000000000e+02 1.000000000000000000e+00
7.925995396500120638e-01 5.312709515802823690e-01 1.900000000000000000e+01 4.100000000000000000e+01 1.000000000000000000e+00
1.008978630688023154e-01 5.243947853762332967e-01 1.000000000000000000e+01 3.200000000000000000e+01 2.000000000000000000e+00
6.555086423541649499e-01 6.888600780794670309e-01 1.000000000000000000e+01 1.320000000000000000e+02 2.000000000000000000e+00
9.193995716594265399e-01 1.260407944688565485e-01 3.000000000000000000e+00 6.300000000000000000e+01 2.000000000000000000e+00
9.828427986283859441e-02 1.255014284952886694e+00 1.500000000000000000e+01 1.240000000000000000e+02 2.000000000000000000e+00
1.014190069170386316e-01 4.928936098964668000e-01 6.000000000000000000e+00 6.000000000000000000e+01 2.000000000000000000e+00
8.662539594315554758e-01 6.241772391115817387e-01 5.000000000000000000e+00 5.600000000000000000e+01 2.000000000000000000e+00
5.552165508029036634e-01 1.744209768148820006e+00 1.100000000000000000e+01 1.500000000000000000e+01 2.000000000000000000e+00
6.113348217651700667e-01 5.729511888822697019e-01 6.000000000000000000e+00 2.000000000000000000e+01 2.000000000000000000e+00
1.508909684250872019e-01 1.750475074793670593e+00 1.800000000000000000e+01 7.300000000000000000e+01 2.000000000000000000e+00
7.317021565050125798e-01 3.528035145590423527e-01 1.500000000000000000e+01 3.400000000000000000e+01 2.000000000000000000e+00
8.400261596713973766e-01 1.857172938138983209e+00 1.700000000000000000e+01 1.280000000000000000e+02 2.000000000000000000e+00
8.115292240022309311e-01 3.379667874892448021e-01 1.500000000000000000e+01 1.690000000000000000e+02 2.000000000000000000e+00
5.124206898900374174e-01 1.859859873090593307e+00 1.600000000000000000e+01 1.900000000000000000e+02 2.000000000000000000e+00
7.474240832723386685e-01 1.504798118130815210e+00 1.500000000000000000e+01 5.500000000000000000e+01 2.000000000000000000e+00
7.906425016873976919e-01 1.497023384656793521e+00 1.600000000000000000e+01 1.460000000000000000e+02 2.000000000000000000e+00
2.734361769231872241e-01 1.814364816588421858e+00 1.300000000000000000e+01 7.400000000000000000e+01 2.000000000000000000e+00
7.979766900327466272e-01 6.373980308688936836e-01 2.000000000000000000e+01 1.840000000000000000e+02 2.000000000000000000e+00
7.405237973505328641e-01 1.995020733870635832e+00 1.100000000000000000e+01 1.400000000000000000e+02 2.000000000000000000e+00
5.549119349695142978e-01 1.404898893849521491e+00 2.000000000000000000e+01 3.000000000000000000e+01 2.000000000000000000e+00
3.183345402399663238e-01 2.229032056150829499e-01 8.000000000000000000e+00 1.460000000000000000e+02 2.000000000000000000e+00
8.313591984547884506e-01 1.631093559584774866e+00 1.800000000000000000e+01 1.950000000000000000e+02 2.000000000000000000e+00
1.467439812867965543e-01 1.778857318913791952e+00 1.700000000000000000e+01 1.500000000000000000e+01 2.000000000000000000e+00
8.989775339142870303e-01 1.768308852145100474e+00 1.400000000000000000e+01 9.700000000000000000e+01 2.000000000000000000e+00
4.574988664261879778e-01 5.040716032311419736e-01 1.600000000000000000e+01 6.000000000000000000e+01 2.000000000000000000e+00
3.740983560050743506e-01 6.022196638742266517e-01 1.700000000000000000e+01 1.410000000000000000e+02 2.000000000000000000e+00
4.483791974695238575e-02 1.105186835794062850e+00 8.000000000000000000e+00 4.500000000000000000e+01 2.000000000000000000e+00
9.520259449745755997e-01 1.989286355911582982e+00 7.000000000000000000e+00 1.220000000000000000e+02 2.000000000000000000e+00
6.713273384060862714e-01 1.044370770740535859e+00 1.800000000000000000e+01 9.300000000000000000e+01 2.000000000000000000e+00
8.586838753432766980e-02 7.000577753068152331e-01 1.200000000000000000e+01 1.600000000000000000e+01 2.000000000000000000e+00
7.284461470294568697e-01 2.082770052004777384e+00 5.000000000000000000e+00 8.800000000000000000e+01 2.000000000000000000e+00
9.263626395216316700e-01 1.639186816353143561e+00 1.200000000000000000e+01 1.850000000000000000e+02 2.000000000000000000e+00
5.199155884858263493e-02 1.921477106926566369e+00 1.700000000000000000e+01 1.350000000000000000e+02 2.000000000000000000e+00
3.029522804400336389e-01 1.183656009253749142e+00 3.000000000000000000e+00 1.570000000000000000e+02 2.000000000000000000e+00
4.457541996285185881e-01 1.037026013698045590e+00 1.300000000000000000e+01 9.900000000000000000e+01 2.000000000000000000e+00
3.695274405860232703e-01 1.790114654941306727e+00 1.600000000000000000e+01 8.000000000000000000e+01 2.000000000000000000e+00
7.331760912343875114e-02 2.400348446527666157e-01 5.000000000000000000e+00 5.100000000000000000e+01 2.000000000000000000e+00
4.953161412875798364e-01 5.178828034540455816e-01 9.000000000000000000e+00 6.000000000000000000e+00 2.000000000000000000e+00
7.634793075175326793e-01 6.745963227575716425e-01 1.000000000000000000e+01 1.670000000000000000e+02 2.000000000000000000e+00
6.808677822213975439e-01 7.509055811373589462e-01 5.000000000000000000e+00 1.260000000000000000e+02 2.000000000000000000e+00
2.740697290136631104e-01 1.337303480197018057e+00 1.200000000000000000e+01 1.960000000000000000e+02 2.000000000000000000e+00
5.080520586621671830e-01 2.003219191430127388e+00 1.000000000000000000e+01 6.500000000000000000e+01 2.000000000000000000e+00
8.211716837018013804e-01 1.172704883466986869e+00 7.000000000000000000e+00 1.370000000000000000e+02 2.000000000000000000e+00
6.822033159533114066e-01 6.350760528829818563e-01 1.100000000000000000e+01 4.200000000000000000e+01 2.000000000000000000e+00
4.582089401826150432e-01 1.506168438250921948e+00 1.100000000000000000e+01 1.100000000000000000e+01 2.000000000000000000e+00
4.625417301968682837e-01 7.471537197789260842e-01 4.000000000000000000e+00 2.800000000000000000e+01 2.000000000000000000e+00
8.049491710439053982e-01 1.937394143522492396e+00 1.600000000000000000e+01 1.500000000000000000e+02 2.000000000000000000e+00
5.249873452826279152e-01 6.757327343533999775e-01 1.800000000000000000e+01 1.210000000000000000e+02 2.000000000000000000e+00
9.014713058046426308e-01 1.077248758540513551e-01 8.000000000000000000e+00 1.400000000000000000e+02 2.000000000000000000e+00
9.459340984924432538e-01 1.396895037831514141e+00 1.500000000000000000e+01 1.630000000000000000e+02 2.000000000000000000e+00
6.576977041698698345e-01 4.533013079049560412e-01 3.000000000000000000e+00 9.200000000000000000e+01 2.000000000000000000e+00
6.669365561228935979e-01 3.235706128954077831e-01 1.200000000000000000e+01 1.010000000000000000e+02 3.000000000000000000e+00
5.897253568456561207e-02 1.238514302604238226e+00 9.000000000000000000e+00 4.100000000000000000e+01 3.000000000000000000e+00
6.767755494823431972e-01 1.913361211778620952e+00 1.400000000000000000e+01 2.000000000000000000e+02 3.000000000000000000e+00
5.574542120525678435e-01 3.244128594570844237e-01 8.000000000000000000e+00 5.000000000000000000e+00 3.000000000000000000e+00
5.543446742238791192e-01 6.129232847293742958e-01 1.900000000000000000e+01 2.100000000000000000e+01 3.000000000000000000e+00
6.135849220768909706e-01 3.596809192343374262e-01 1.700000000000000000e+01 1.700000000000000000e+02 3.000000000000000000e+00
4.011213264358980818e-02 1.634310473126644903e+00 8.000000000000000000e+00 5.100000000000000000e+01 3.000000000000000000e+00
3.032974377038772928e-01 9.005818962550350415e-01 1.700000000000000000e+01 1.650000000000000000e+02 3.000000000000000000e+00
7.424002589282254760e-01 1.201827589728653223e+00 8.000000000000000000e+00 3.200000000000000000e+01 3.000000000000000000e+00
3.855806449409863168e-01 2.005302948191449719e+00 3.000000000000000000e+00 1.950000000000000000e+02 3.000000000000000000e+00
3.951233524799188102e-01 5.714064588032939929e-01 8.000000000000000000e+00 2.500000000000000000e+01 3.000000000000000000e+00
8.758962141931357914e-01 8.086056708541152771e-01 1.400000000000000000e+01 1.150000000000000000e+02 3.000000000000000000e+00
8.153583937512313140e-01 1.291020940759173063e+00 1.500000000000000000e+01 1.220000000000000000e+02 3.000000000000000000e+00
4.838332500584118651e-02 2.799815973238143352e-01 1.400000000000000000e+01 1.830000000000000000e+02 3.000000000000000000e+00
7.668601690082921252e-01 7.180240547004631546e-01 1.800000000000000000e+01 1.450000000000000000e+02 3.000000000000000000e+00
2.172648766157624367e-01 8.803989043142373960e-01 2.000000000000000000e+00 1.040000000000000000e+02 3.000000000000000000e+00
9.658188110333342236e-01 5.157657802828962135e-01 1.500000000000000000e+01 1.150000000000000000e+02 3.000000000000000000e+00
9.904378334771576364e-01 1.724489900199128289e+00 1.500000000000000000e+01 4.300000000000000000e+01 3.000000000000000000e+00
2.396592243949476897e-01 7.568262445447243580e-01 1.500000000000000000e+01 6.900000000000000000e+01 3.000000000000000000e+00
8.766289142131709067e-01 1.036461599793256916e+00 1.600000000000000000e+01 1.240000000000000000e+02 3.000000000000000000e+00
2.118173385781518814e-01 2.315941704223762054e-01 1.000000000000000000e+01 8.600000000000000000e+01 3.000000000000000000e+00
2.133503281580008126e-01 1.600215831035049219e-01 8.000000000000000000e+00 9.000000000000000000e+00 3.000000000000000000e+00
2.176139873809653791e-01 5.224319076719908805e-01 1.100000000000000000e+01 1.450000000000000000e+02 3.000000000000000000e+00
7.311659773804323192e-01 2.216489065493253696e-01 8.000000000000000000e+00 8.000000000000000000e+00 3.000000000000000000e+00
8.611971415596970658e-01 1.795811161542685719e+00 1.100000000000000000e+01 1.770000000000000000e+02 3.000000000000000000e+00
5.998562843444998210e-02 4.139173087987298993e-01 2.000000000000000000e+00 1.020000000000000000e+02 3.000000000000000000e+00
8.058486372827634581e-01 1.601137669035630928e+00 9.000000000000000000e+00 5.300000000000000000e+01 3.000000000000000000e+00
6.311589194440436756e-01 7.609671653079056464e-01 4.000000000000000000e+00 2.800000000000000000e+01 3.000000000000000000e+00
9.914081942892557509e-01 1.685472602751036497e+00 1.000000000000000000e+01 4.800000000000000000e+01 3.000000000000000000e+00
8.799049632882814942e-01 9.978459946439034445e-01 6.000000000000000000e+00 1.400000000000000000e+01 3.000000000000000000e+00
2.042256285242419755e-01 1.579829617413288423e+00 4.000000000000000000e+00 5.100000000000000000e+01 3.000000000000000000e+00
5.302199143304064249e-02 1.659952233412550771e-01 1.000000000000000000e+00 1.020000000000000000e+02 3.000000000000000000e+00
8.548952673247132983e-02 1.600000143022774823e+00 6.000000000000000000e+00 1.740000000000000000e+02 3.000000000000000000e+00
9.681339344526772306e-02 1.275490808697282707e+00 6.000000000000000000e+00 1.280000000000000000e+02 3.000000000000000000e+00
7.600152304769129952e-01 1.808210598094341925e+00 1.000000000000000000e+00 1.840000000000000000e+02 3.000000000000000000e+00
8.244479535311877161e-01 1.885960126290043393e+00 1.200000000000000000e+01 4.000000000000000000e+01 3.000000000000000000e+00
5.870482665602737571e-01 1.370219198472976407e-01 1.800000000000000000e+01 2.100000000000000000e+01 3.000000000000000000e+00
5.145802107043667695e-01 7.833586427143747200e-01 8.000000000000000000e+00 1.600000000000000000e+02 3.000000000000000000e+00
1.816447234488093310e-01 1.187588625367356654e+00 1.300000000000000000e+01 2.000000000000000000e+02 3.000000000000000000e+00
3.187131617418980517e-02 6.586655942165572375e-01 2.000000000000000000e+01 1.710000000000000000e+02 3.000000000000000000e+00
4.414631876899024476e-01 1.919640671105808938e+00 1.500000000000000000e+01 1.840000000000000000e+02 3.000000000000000000e+00
9.390881729803919331e-01 1.332042204234669569e+00 1.000000000000000000e+00 5.200000000000000000e+01 3.000000000000000000e+00
1.003049526623466914e+00 1.753624003438725598e+00 1.100000000000000000e+01 1.060000000000000000e+02 3.000000000000000000e+00
4.823677493444706865e-01 9.825047292712406621e-01 6.000000000000000000e+00 1.730000000000000000e+02 3.000000000000000000e+00
6.826531939967899199e-01 9.873317783328229291e-01 1.300000000000000000e+01 1.210000000000000000e+02 3.000000000000000000e+00
9.621553292199291896e-01 4.256723494506783334e-01 1.700000000000000000e+01 1.210000000000000000e+02 3.000000000000000000e+00
3.595703098560730782e-01 1.651025803459682528e+00 8.000000000000000000e+00 1.470000000000000000e+02 3.000000000000000000e+00
9.625119462379041479e-01 8.675774062323050595e-01 1.500000000000000000e+01 4.400000000000000000e+01 3.000000000000000000e+00
3.580068899441105623e-01 2.165579865793220427e-01 1.900000000000000000e+01 1.000000000000000000e+02 3.000000000000000000e+00
8.709018116027019696e-01 1.242224725877820957e+00 6.000000000000000000e+00 1.480000000000000000e+02 3.000000000000000000e+00
6.571443489731512155e-01 2.798999347377152391e-01 9.000000000000000000e+00 1.620000000000000000e+02 4.000000000000000000e+00
7.214958299006115627e-01 1.976485393561675741e+00 4.000000000000000000e+00 1.540000000000000000e+02 4.000000000000000000e+00
2.046012120457083583e-01 6.490595972299807448e-01 1.500000000000000000e+01 2.900000000000000000e+01 4.000000000000000000e+00
8.902963140822739430e-01 3.652703902433841465e-01 4.000000000000000000e+00 6.000000000000000000e+00 4.000000000000000000e+00
7.936307092953384101e-01 1.789046221658858959e+00 1.700000000000000000e+01 1.420000000000000000e+02 4.000000000000000000e+00
1.792383363540810404e-01 1.842628075010574129e+00 1.500000000000000000e+01 7.400000000000000000e+01 4.000000000000000000e+00
6.274324488980086434e-01 2.301149547357218828e-01 2.000000000000000000e+00 1.500000000000000000e+02 4.000000000000000000e+00
6.055668329367304148e-01 6.141057029588522509e-01 1.000000000000000000e+01 1.130000000000000000e+02 4.000000000000000000e+00
6.282383630511758632e-01 1.180772291317129685e+00 1.900000000000000000e+01 1.800000000000000000e+01 4.000000000000000000e+00
8.059930770737889771e-01 1.733139317793978285e-01 1.600000000000000000e+01 8.500000000000000000e+01 4.000000000000000000e+00
7.969172542921645341e-01 1.527781718937747168e+00 1.200000000000000000e+01 2.800000000000000000e+01 4.000000000000000000e+00
7.685854071120068465e-01 7.896610760621206593e-01 1.800000000000000000e+01 1.800000000000000000e+02 4.000000000000000000e+00
4.273724418022447624e-01 1.733372834461543111e+00 2.000000000000000000e+01 5.000000000000000000e+00 4.000000000000000000e+00
8.075752292535149923e-01 1.059253387651863110e-01 7.000000000000000000e+00 1.200000000000000000e+02 4.000000000000000000e+00
3.166746473162842523e-01 9.233354781196069228e-01 7.000000000000000000e+00 1.520000000000000000e+02 4.000000000000000000e+00
7.607975827325784701e-01 4.529566111094972536e-01 1.700000000000000000e+01 1.540000000000000000e+02 4.000000000000000000e+00
1.459950313128057786e-01 6.572560510202097861e-01 4.000000000000000000e+00 6.500000000000000000e+01 4.000000000000000000e+00
9.167352016463191366e-02 2.238482920200405568e-01 2.000000000000000000e+00 5.000000000000000000e+00 4.000000000000000000e+00
4.071877275091805304e-01 8.421766735777117541e-01 5.000000000000000000e+00 5.700000000000000000e+01 4.000000000000000000e+00
3.137878035648845598e-01 6.870272560790696703e-01 9.000000000000000000e+00 1.330000000000000000e+02 4.000000000000000000e+00
7.503408438006797798e-01 1.946018196991732063e+00 2.000000000000000000e+00 8.300000000000000000e+01 4.000000000000000000e+00
2.465691723825842452e-01 1.016778119944195424e+00 2.000000000000000000e+00 2.200000000000000000e+01 4.000000000000000000e+00
6.788279459352029865e-02 1.220975632046543913e+00 1.900000000000000000e+01 2.500000000000000000e+01 4.000000000000000000e+00
8.371778540305561955e-02 1.730106850653802208e+00 1.100000000000000000e+01 1.100000000000000000e+02 4.000000000000000000e+00
4.204641249821322591e-01 8.919843949312818987e-01 8.000000000000000000e+00 1.690000000000000000e+02 4.000000000000000000e+00
4.077967264959726501e-01 4.725124028363457684e-01 1.800000000000000000e+01 8.800000000000000000e+01 4.000000000000000000e+00
4.617297293675397540e-01 1.203013337258694415e+00 1.900000000000000000e+01 1.370000000000000000e+02 4.000000000000000000e+00
3.320871712293941291e-01 2.887348846348406495e-01 1.400000000000000000e+01 1.700000000000000000e+01 4.000000000000000000e+00
1.708303148570464725e-01 1.671876057679622996e+00 1.700000000000000000e+01 1.670000000000000000e+02 4.000000000000000000e+00
8.261102538908349224e-01 1.145196129668833551e+00 1.900000000000000000e+01 9.100000000000000000e+01 4.000000000000000000e+00
3.544607351366509951e-01 9.997664233326105654e-01 2.000000000000000000e+01 1.030000000000000000e+02 4.000000000000000000e+00
5.279546526547733709e-01 1.117179610964921521e-01 1.000000000000000000e+01 7.300000000000000000e+01 4.000000000000000000e+00
9.183392149376070623e-01 9.132268539543514363e-01 1.700000000000000000e+01 5.600000000000000000e+01 4.000000000000000000e+00
6.177731889672536392e-01 1.438460424800125814e+00 1.600000000000000000e+01 9.700000000000000000e+01 4.000000000000000000e+00
8.272965316192468777e-01 2.012032746478948919e+00 7.000000000000000000e+00 1.940000000000000000e+02 4.000000000000000000e+00
6.450958688645348493e-01 1.620674175159350971e+00 1.800000000000000000e+01 1.990000000000000000e+02 4.000000000000000000e+00
5.468336014850502247e-01 8.890576130353237128e-01 1.500000000000000000e+01 2.800000000000000000e+01 4.000000000000000000e+00
1.385237009253414107e-02 1.061849308431542571e+00 1.800000000000000000e+01 1.820000000000000000e+02 4.000000000000000000e+00
9.558292995012750148e-02 1.110650067644689765e+00 1.200000000000000000e+01 1.540000000000000000e+02 4.000000000000000000e+00
4.838357012141952795e-01 1.167342361032010833e+00 1.900000000000000000e+01 1.360000000000000000e+02 4.000000000000000000e+00
6.598676579820138277e-02 4.876406311338313815e-01 2.000000000000000000e+00 2.900000000000000000e+01 4.000000000000000000e+00
6.798835232975743992e-01 4.382615040063139178e-01 1.600000000000000000e+01 1.810000000000000000e+02 4.000000000000000000e+00
7.837042135476544880e-02 3.267907473348398151e-01 8.000000000000000000e+00 1.070000000000000000e+02 4.000000000000000000e+00
1.006593546108886850e+00 1.151481476007902849e+00 1.900000000000000000e+01 7.900000000000000000e+01 4.000000000000000000e+00
2.450056145823387155e-01 1.229757267161406542e+00 4.000000000000000000e+00 2.100000000000000000e+01 4.000000000000000000e+00
2.946641968308082865e-02 2.098745044735148557e+00 1.600000000000000000e+01 1.260000000000000000e+02 4.000000000000000000e+00
7.981334708868039751e-01 1.759444148105712147e+00 1.500000000000000000e+01 6.000000000000000000e+00 4.000000000000000000e+00
3.495698648817900933e-01 2.607225480721614419e-01 1.900000000000000000e+01 1.530000000000000000e+02 4.000000000000000000e+00
1.091072294806787329e-01 2.087978872316632373e+00 8.000000000000000000e+00 1.610000000000000000e+02 4.000000000000000000e+00
2.658229696449505575e-01 1.244833850334380765e+00 7.000000000000000000e+00 8.800000000000000000e+01 4.000000000000000000e+00
