2.866796234474738858e-01 3.842727096837007528e-01 7.000000000000000000e+00 1.420000000000000000e+02 0.000000000000000000e+00
6.130809806387158556e-01 1.093803600271448850e+00 8.000000000000000000e+00 1.200000000000000000e+01 0.000000000000000000e+00
2.653033853716720847e-01 1.575390681881501553e+00 1.200000000000000000e+01 1.010000000000000000e+02 0.000000000000000000e+00
8.487406858158312861e-01 2.074449754124335854e+00 1.400000000000000000e+01 1.420000000000000000e+02 0.000000000000000000e+00
1.038463273600119668e-01 4.645221578142991747e-01 5.000000000000000000e+00 1.600000000000000000e+02 0.000000000000000000e+00
9.654612792719914349e-01 1.400133141087156918e+00 1.800000000000000000e+01 1.530000000000000000e+02 0.000000000000000000e+00
9.002179777410630468e-01 5.958344078858736070e-01 8.000000000000000000e+00 2.000000000000000000e+01 0.000000000000000000e+00
7.518393283229791724e-01 4.093518510758092921e-01 1.400000000000000000e+01 2.900000000000000000e+01 0.000000000000000000e+00
4.279726096930324547e-02 1.610327821919832925e+00 1.300000000000000000e+01 6.000000000000000000e+00 0.000000000000000000e+00
6.142541491180979474e-01 2.696720118783658693e-01 2.000000000000000000e+01 1.080000000000000000e+02 0.000000000000000000e+00
7.691902270340663650e-01 5.888893473089488184e-01 9.000000000000000000e+00 1.530000000000000000e+02 0.000000000000000000e+00
5.331847131740184986e-01 1.332625271337532835e+00 1.200000000000000000e+01 1.350000000000000000e+02 0.000000000000000000e+00
2.230519693022549044e-01 6.533313630322240551e-01 7.000000000000000000e+00 1.360000000000000000e+02 0.000000000000000000e+00
8.113095279641978630e-01 1.608345324433890777e+00 4.000000000000000000e+00 8.100000000000000000e+01 0.000000000000000000e+00
2.919803858876541813e-01 1.490071266430478270e+00 6.000000000000000000e+00 1.450000000000000000e+02 0.000000000000000000e+00
2.737115163624287417e-01 1.597802788782101135e+00 6.000000000000000000e+00 1.510000000000000000e+02 0.000000000000000000e+00
1.081202192537566859e-01 1.515393535994389751e+00 1.800000000000000000e+01 1.700000000000000000e+02 0.000000000000000000e+00
2.727376675734797251e-01 1.004193975206041645e-01 7.000000000000000000e+00 4.100000000000000000e+01 0.000000000000000000e+00
7.001679150023665255e-01 1.194170476006793269e+00 1.500000000000000000e+01 1.790000000000000000e+02 0.000000000000000000e+00
3.557038471621564169e-01 9.882535104597295339e-01 1.300000000000000000e+01 1.420000000000000000e+02 0.000000000000000000e+00
6.468399786411112018e-01 2.658387476907252411e-01 6.000000000000000000e+00 1.000000000000000000e+00 0.000000000000000000e+00
4.071585705498559360e-01 1.925481911101263544e+00 1.800000000000000000e+01 8.000000000000000000e+01 0.000000000000000000e+00
5.373957396105081274e-01 9.327254502469318753e-01 2.000000000000000000e+01 8.200000000000000000e+01 0.000000000000000000e+00
2.312392740246972389e-01 1.848849501005606077e+00 1.200000000000000000e+01 1.400000000000000000e+02 0.000000000000000000e+00
6.446370473717139005e-01 1.219179484877071173e+00 1.900000000000000000e+01 7.700000000000000000e+01 0.000000000000000000e+00
7.689745461357968548e-01 1.518881938339947946e-01 9.000000000000000000e+00 1.090000000000000000e+02 0.000000000000000000e+00
8.586271363865737027e-02 1.095779469993774624e+00 7.000000000000000000e+00 1.330000000000000000e+02 0.000000000000000000e+00
2.783572264761679377e-02 5.291031561619986556e-01 6.000000000000000000e+00 1.210000000000000000e+02 0.000000000000000000e+00
4.933504212933785826e-01 1.404101626221900823e+00 2.000000000000000000e+01 1.000000000000000000e+01 0.000000000000000000e+00
4.601630490251297223e-01 1.321015287730687771e+00 1.700000000000000000e+01 1.160000000000000000e+02 0.000000000000000000e+00
6.104351709989497277e-01 1.801023637438450287e+00 1.000000000000000000e+01 1.440000000000000000e+02 0.000000000000000000e+00
2.853876851834579176e-01 3.378519364746476183e-01 1.800000000000000000e+01 1.950000000000000000e+02 0.000000000000000000e+00
2.641499764835608666e-01 1.528982366945450755e+00 6.000000000000000000e+00 1.460000000000000000e+02 0.000000000000000000e+00
6.489101217575419245e-01 5.847323051109755143e-01 8.000000000000000000e+00 7.900000000000000000e+01 0.000000000000000000e+00
6.248176860359460072e-01 2.049206067931591768e+00 1.000000000000000000e+01 1.190000000000000000e+02 0.000000000000000000e+00
4.159200335643504776e-01 1.758463746953724760e+00 1.200000000000000000e+01 1.410000000000000000e+02 0.000000000000000000e+00
1.423416886039496898e-01 1.133531028200388979e+00 8.000000000000000000e+00 1.720000000000000000e+02 0.000000000000000000e+00
3.495611278362558139e-01 7.706608329388570100e-01 1.000000000000000000e+01 3.900000000000000000e+01 0.000000000000000000e+00
1.868270854760967215e-01 1.002528411172878497e+00 9.000000000000000000e+00 7.500000000000000000e+01 0.000000000000000000e+00
9.598535754883809057e-01 1.886827831568562708e+00 2.000000000000000000e+01 1.240000000000000000e+02 0.000000000000000000e+00
9.333995983603454727e-01 1.776773853919074997e-01 1.900000000000000000e+01 1.050000000000000000e+02 0.000000000000000000e+00
9.768193429392171279e-01 2.054214746326205321e-01 1.600000000000000000e+01 1.270000000000000000e+02 0.000000000000000000e+00
4.144260917428334023e-01 9.259538155267731385e-01 1.500000000000000000e+01 1.410000000000000000e+02 0.000000000000000000e+00
7.651258571858056134e-01 1.258795049376989272e+00 1.600000000000000000e+01 1.400000000000000000e+01 0.000000000000000000e+00
9.737877791178176645e-01 1.319941149162761507e+00 1.800000000000000000e+01 7.100000000000000000e+01 0.000000000000000000e+00
5.631199143245138039e-01 6.890318291538438666e-01 1.500000000000000000e+01 1.860000000000000000e+02 0.000000000000000000e+00
2.785959632017143139e-01 1.639983398592481878e+00 1.700000000000000000e+01 7.600000000000000000e+01 0.000000000000000000e+00
7.440243818333668324e-01 1.553405118705723231e-01 1.700000000000000000e+01 1.180000000000000000e+02 0.000000000000000000e+00
5.895238998782085238e-01 1.945120194130143032e+00 1.200000000000000000e+01 6.300000000000000000e+01 0.000000000000000000e+00
6.377946007177772714e-01 9.557840474868050107e-01 7.000000000000000000e+00 7.800000000000000000e+01 0.000000000000000000e+00
1.130823135935704465e-01 1.311484804141315408e+00 4.000000000000000000e+00 8.500000000000000000e+01 1.000000000000000000e+00
5.128713862868945483e-01 3.040043200232068754e-01 5.000000000000000000e+00 1.520000000000000000e+02 1.000000000000000000e+00
8.656045826509020102e-01 6.016943019981167984e-01 2.000000000000000000e+01 1.710000000000000000e+02 1.000000000000000000e+00
6.306110479098747668e-01 1.983257218882353401e+00 1.000000000000000000e+00 7.400000000000000000e+01 1.000000000000000000e+00
7.467608055424609370e-01 1.407632863008002166e+00 1.100000000000000000e+01 1.630000000000000000e+02 1.000000000000000000e+00
2.319962752727777744e-01 6.705837026841495740e-01 1.900000000000000000e+01 2.800000000000000000e+01 1.000000000000000000e+00
6.619774327819718529e-01 6.354110930381681177e-01 5.000000000000000000e+00 2.800000000000000000e+01 1.000000000000000000e+00
2.767335513622448673e-01 1.326260390971131020e+00 1.000000000000000000e+01 7.500000000000000000e+01 1.000000000000000000e+00
2.924901632538145363e-02 1.280839871048686129e+00 1.000000000000000000e+00 4.000000000000000000e+00 1.000000000000000000e+00
4.194320929685998456e-01 1.498479483402078483e+00 1.100000000000000000e+01 1.220000000000000000e+02 1.000000000000000000e+00
5.239418532163838682e-01 9.734291628144656761e-01 2.000000000000000000e+01 2.500000000000000000e+01 1.000000000000000000e+00
2.880147822746336600e-02 7.949517773311883806e-01 1.000000000000000000e+00 3.000000000000000000e+00 1.000000000000000000e+00
5.128721363198598393e-01 7.206245619088250676e-01 1.100000000000000000e+01 1.640000000000000000e+02 1.000000000000000000e+00
4.572372335584382608e-01 1.639120276557965161e-01 3.000000000000000000e+00 1.320000000000000000e+02 1.000000000000000000e+00
7.213822858590968057e-01 1.771593863130080049e+00 5.000000000000000000e+00 1.690000000000000000e+02 1.000000000000000000e+00
2.617742385115406911e-01 2.236040784335692477e-01 1.400000000000000000e+01 8.500000000000000000e+01 1.000000000000000000e+00
9.355953179573442968e-01 7.291661559055250263e-01 2.000000000000000000e+00 1.370000000000000000e+02 1.000000000000000000e+00
1.629515081446536451e-01 4.268946984395151079e-01 1.200000000000000000e+01 1.020000000000000000e+02 1.000000000000000000e+00
1.312437358252892539e-01 2.830142628874573463e-01 1.200000000000000000e+01 1.900000000000000000e+01 1.000000000000000000e+00
4.325812015307788361e-01 6.063515899227805983e-01 1.300000000000000000e+01 1.690000000000000000e+02 1.000000000000000000e+00
3.230004987250501003e-01 7.788939694028759186e-01 1.000000000000000000e+01 1.970000000000000000e+02 1.000000000000000000e+00
1.982669940344692350e-01 1.402595722420290514e+00 3.000000000000000000e+00 7.100000000000000000e+01 1.000000000000000000e+00
7.823143909159298026e-01 1.714899949574157256e+00 7.000000000000000000e+00 2.900000000000000000e+01 1.000000000000000000e+00
1.054033680158222713e-01 1.421015201755292390e+00 2.000000000000000000e+00 1.320000000000000000e+02 1.000000000000000000e+00
6.753199389352096960e-01 1.920846038393286825e+00 1.000000000000000000e+00 1.900000000000000000e+02 1.000000000000000000e+00
4.696107888543217257e-01 1.373701163682302662e+00 3.000000000000000000e+00 8.500000000000000000e+01 1.000000000000000000e+00
6.004652221207943397e-01 2.067649877025834027e+00 1.000000000000000000e+00 1.300000000000000000e+02 1.000000000000000000e+00
9.067915049519342796e-01 1.853017400862458475e+00 2.000000000000000000e+01 1.280000000000000000e+02 1.000000000000000000e+00
8.864264852085489421e-01 1.787272528003960081e+00 2.000000000000000000e+00 1.400000000000000000e+02 1.000000000000000000e+00
6.797092131439321783e-01 8.858076721159958700e-01 1.200000000000000000e+01 9.900000000000000000e+01 1.000000000000000000e+00
6.271102908576667856e-01 9.793189222808628136e-01 6.000000000000000000e+00 3.000000000000000000e+00 1.000000000000000000e+00
7.711016119812000857e-01 1.890842966841671968e+00 1.600000000000000000e+01 6.100000000000000000e+01 1.000000000000000000e+00
5.195674566710910547e-01 1.443212362827937856e+00 8.000000000000000000e+00 1.300000000000000000e+01 1.000000000000000000e+00
3.929860635145635550e-01 1.540655510664245886e+00 1.800000000000000000e+01 9.500000000000000000e+01 1.000000000000000000e+00
6.240151651204441929e-01 1.126801227504534264e+00 2.000000000000000000e+00 1.280000000000000000e+02 1.000000000000000000e+00
7.537488740399992393e-01 2.875275988427926643e-01 1.800000000000000000e+01 1.180000000000000000e+02 1.000000000000000000e+00
2.538242574525466644e-01 1.118407478929250021e-01 3.000000000000000000e+00 6.200000000000000000e+01 1.000000000000000000e+00
1.362386620496561784e-01 5.221115265317574083e-01 3.000000000000000000e+00 9.800000000000000000e+01 1.000000000000000000e+00
9.692621694726967219e-01 8.561908140900488240e-01 1.300000000000000000e+01 5.100000000000000000e+01 1.000000000000000000e+00
3.369472731679076238e-01 1.458104176102176519e-01 8.000000000000000000e+00 4.800000000000000000e+01 1.000000000000000000e+00
1.645872907932293128e-01 1.726917809090087186e+00 8.000000000000000000e+00 7.600000000000000000e+01 1.000000000000000000e+00
1.115880041268584172e-01 6.739001734959405576e-01 1.000000000000000000e+01 1.160000000000000000e+02 1.000000000000000000e+00
2.312364032145606263e-01 1.907537364724135875e-01 9.000000000000000000e+00 1.500000000000000000e+01 1.000000000000000000e+00
3.016593859543653666e-01 2.413763762372615196e-01 6.000000000000000000e+00 9.100000000000000000e+01 1.000000000000000000e+00
3.345843579814566232e-02 5.029263910835121143e-01 1.000000000000000000e+01 8.000000000000000000e+01 1.000000000000000000e+00
4.155554030009530608e-01 5.586905389747481854e-01 1.300000000000000000e+01 1.530000000000000000e+02 1.000000000000000000e+00
1.605055236242913103e-02 1.674079811922208005e+00 2.000000000000000000e+00 5.300000000000000000e+01 1.000000000000000000e+00
1.003060866480357527e+00 1.010216729273732295e+00 1.900000000000000000e+01 8.600000000000000000e+01 1.000000000000000000e+00
2.045153520791380686e-01 7.375856585541517019e-01 1.400000000000000000e+01 7.500000000000000000e+01 1.000000000000000000e+00
7.450346680746416927e-01 1.197669714682779052e+00 1.600000000000000000e+01 8.400000000000000000e+01 1.000000000000000000e+00
2.900912544587244124e-01 1.449713596335594268e+00 2.000000000000000000e+00 2.500000000000000000e+01 2.000000000000000000e+00
3.560954787122299070e-01 1.077121711241952662e+00 8.000000000000000000e+00 1.280000000000000000e+02 2.000000000000000000e+00
1.750733565804163394e-01 1.229460467832587778e+00 5.000000000000000000e+00 1.480000000000000000e+02 2.000000000000000000e+00
8.874782258414235514e-01 2.409643713758865824e-01 2.000000000000000000e+00 4.700000000000000000e+01 2.000000000000000000e+00
6.241046222266876109e-01 1.053497574999578967e+00 4.000000000000000000e+00 3.800000000000000000e+01 2.000000000000000000e+00
7.496013271562749214e-01 8.736892350226518333e-01 1.900000000000000000e+01 1.870000000000000000e+02 2.000000000000000000e+00
8.429810474684087396e-01 9.363401956452567232e-01 1.600000000000000000e+01 6.000000000000000000e+00 2.000000000000000000e+00
6.487667865310259296e-01 1.669269565489977625e+00 1.200000000000000000e+01 4.600000000000000000e+01 2.000000000000000000e+00
3.723544652525259124e-01 9.422438411153594151e-01 8.000000000000000000e+00 2.000000000000000000e+02 2.000000000000000000e+00
7.257696740898932075e-02 1.622702763605353704e+00 7.000000000000000000e+00 1.400000000000000000e+02 2.000000000000000000e+00
7.132588677089848339e-01 1.974198402122683493e+00 1.000000000000000000e+00 8.700000000000000000e+01 2.000000000000000000e+00
7.584096844306992269e-01 6.265777679075373863e-01 2.000000000000000000e+00 9.200000000000000000e+01 2.000000000000000000e+00
4.028468068553000547e-01 1.844045694983174277e+00 6.000000000000000000e+00 1.180000000000000000e+02 2.000000000000000000e+00
6.929927888601734587e-01 1.119672177140299818e-01 2.000000000000000000e+00 1.620000000000000000e+02 2.000000000000000000e+00
3.623376846094027437e-01 1.415809008007295144e+00 2.000000000000000000e+00 6.000000000000000000e+00 2.000000000000000000e+00
5.963680919053698792e-01 7.098366860122192756e-01 4.000000000000000000e+00 7.100000000000000000e+01 2.000000000000000000e+00
4.175676183441546785e-01 6.653048799951383208e-01 3.000000000000000000e+00 9.500000000000000000e+01 2.000000000000000000e+00
4.037690809854492802e-01 1.268081323965843055e+00 4.000000000000000000e+00 1.140000000000000000e+02 2.000000000000000000e+00
8.356786499344197594e-01 1.220906336757979327e+00 2.000000000000000000e+01 2.900000000000000000e+01 2.000000000000000000e+00
6.645766639355209504e-01 1.012664245323615875e+00 6.000000000000000000e+00 1.860000000000000000e+02 2.000000000000000000e+00
8.394669138601951186e-01 1.108994230290832661e+00 6.000000000000000000e+00 1.710000000000000000e+02 2.000000000000000000e+00
7.107966688350866313e-01 1.137713383448095250e+00 9.000000000000000000e+00 1.680000000000000000e+02 2.000000000000000000e+00
9.057245642563690469e-01 1.194062001401403394e+00 7.000000000000000000e+00 1.400000000000000000e+01 2.000000000000000000e+00
5.792794576056398137e-01 1.582223002285347402e+00 1.900000000000000000e+01 3.100000000000000000e+01 2.000000000000000000e+00
6.321022899575323706e-01 2.774450250555672293e-01 1.300000000000000000e+01 1.430000000000000000e+02 2.000000000000000000e+00
5.348150263396078685e-01 2.707861913099064433e-01 1.100000000000000000e+01 1.860000000000000000e+02 2.000000000000000000e+00
7.984164825693669254e-01 1.075910018019398340e+00 8.000000000000000000e+00 1.440000000000000000e+02 2.000000000000000000e+00
2.547559314698859545e-01 7.791992900920267084e-01 2.000000000000000000e+00 3.300000000000000000e+01 2.000000000000000000e+00
8.096320061391992784e-01 2.167592719315915295e-01 1.900000000000000000e+01 1.530000000000000000e+02 2.000000000000000000e+00
6.649046611253169869e-01 1.544172155832584714e+00 1.500000000000000000e+01 2.000000000000000000e+02 2.000000000000000000e+00
9.496894192372642429e-01 6.811447340752857516e-01 6.000000000000000000e+00 1.840000000000000000e+02 2.000000000000000000e+00
1.039003558411626255e-01 1.589802091521632654e+00 1.900000000000000000e+01 1.200000000000000000e+01 2.000000000000000000e+00
7.445381877950691951e-01 6.164212450133693677e-01 1.300000000000000000e+01 1.200000000000000000e+01 2.000000000000000000e+00
5.644130738711156114e-01 1.031557658719567838e+00 1.300000000000000000e+01 1.660000000000000000e+02 2.000000000000000000e+00
1.414192681914254734e-01 1.054640960715146625e-01 7.000000000000000000e+00 1.830000000000000000e+02 2.000000000000000000e+00
8.489079934144510009e-01 1.673494917074816124e+00 5.000000000000000000e+00 1.800000000000000000e+02 2.000000000000000000e+00
4.582893451461071965e-01 1.366016464687066723e+00 8.000000000000000000e+00 6.900000000000000000e+01 2.000000000000000000e+00
3.435611981179698127e-01 2.889531278861444674e-01 8.000000000000000000e+00 2.700000000000000000e+01 2.000000000000000000e+00
5.961894468638743172e-01 1.456305573452550517e+00 6.000000000000000000e+00 1.900000000000000000e+01 2.000000000000000000e+00
7.501465610655349003e-01 4.487023208127866036e-01 8.000000000000000000e+00 1.000000000000000000e+01 2.000000000000000000e+00
3.879551553686202414e-01 1.981943112472004387e+00 9.000000000000000000e+00 1.600000000000000000e+01 2.000000000000000000e+00
8.839929546100830926e-01 8.718861479156837513e-01 1.000000000000000000e+00 1.670000000000000000e+02 2.000000000000000000e+00
3.757459841071797424e-01 1.275280013071484753e+00 3.000000000000000000e+00 1.220000000000000000e+02 2.000000000000000000e+00
3.484528530002110047e-01 8.843678376559803711e-01 1.900000000000000000e+01 5.400000000000000000e+01 2.000000000000000000e+00
9.517675191253759381e-01 5.555734694750441571e-01 5.000000000000000000e+00 1.070000000000000000e+02 2.000000000000000000e+00
3.970316347839711879e-01 2.339421583111166714e-01 1.800000000000000000e+01 1.160000000000000000e+02 2.000000000000000000e+00
6.779384731870794489e-01 4.716865143520846404e-01 5.000000000000000000e+00 1.490000000000000000e+02 2.000000000000000000e+00
9.224956192622728590e-01 1.196920772452387149e+00 6.000000000000000000e+00 1.850000000000000000e+02 2.000000000000000000e+00
4.176593494062852407e-01 7.402409004934943360e-01 1.500000000000000000e+01 9.300000000000000000e+01 2.000000000000000000e+00
6.851186965712006138e-01 8.019431038471819262e-01 8.000000000000000000e+00 3.000000000000000000e+00 2.000000000000000000e+00
1.303313147773520718e-02 1.715990286288513023e+00 2.000000000000000000e+00 1.060000000000000000e+02 3.000000000000000000e+00
9.994538534187343837e-01 1.176653735269866274e+00 1.200000000000000000e+01 9.700000000000000000e+01 3.000000000000000000e+00
6.974932575191187256e-01 1.896215041866150530e+00 6.000000000000000000e+00 4.500000000000000000e+01 3.000000000000000000e+00
5.410458823911594717e-01 1.169418107045126831e+00 2.000000000000000000e+01 1.770000000000000000e+02 3.000000000000000000e+00
8.246254434158595270e-01 1.705947338001786884e+00 1.200000000000000000e+01 7.900000000000000000e+01 3.000000000000000000e+00
1.278437575819428851e-01 1.420723841057970560e+00 9.000000000000000000e+00 2.000000000000000000e+01 3.000000000000000000e+00
8.493531136500308554e-01 9.384391921839788653e-01 6.000000000000000000e+00 1.430000000000000000e+02 3.000000000000000000e+00
4.273048990627773547e-01 1.919025659484966395e+00 1.300000000000000000e+01 1.590000000000000000e+02 3.000000000000000000e+00
1.124619646864254280e-01 9.111540158108292209e-01 1.700000000000000000e+01 2.400000000000000000e+01 3.000000000000000000e+00
1.396052210932143822e-01 1.226816943444860808e+00 4.000000000000000000e+00 5.700000000000000000e+01 3.000000000000000000e+00
3.721135807868964918e-01 8.762313896203440811e-01 9.000000000000000000e+00 9.000000000000000000e+01 3.000000000000000000e+00
8.860584612438926477e-01 1.247064595939679776e+00 1.900000000000000000e+01 1.560000000000000000e+02 3.000000000000000000e+00
9.669642499248235490e-01 7.984487939328203110e-01 1.700000000000000000e+01 6.300000000000000000e+01 3.000000000000000000e+00
8.321009969654874494e-01 1.516553344832048067e+00 2.000000000000000000e+00 9.500000000000000000e+01 3.000000000000000000e+00
2.176677817431249551e-01 6.929534495472881028e-01 8.000000000000000000e+00 1.890000000000000000e+02 3.000000000000000000e+00
4.070593449151309606e-01 4.402112179503084866e-01 1.200000000000000000e+01 1.440000000000000000e+02 3.000000000000000000e+00
3.135192614112246590e-01 1.790829147062710458e+00 2.000000000000000000e+00 1.900000000000000000e+02 3.000000000000000000e+00
5.214792427021537335e-01 1.527335582815264881e-01 1.400000000000000000e+01 1.920000000000000000e+02 3.000000000000000000e+00
8.962770350659559071e-01 6.426688235427168161e-01 1.200000000000000000e+01 1.330000000000000000e+02 3.000000000000000000e+00
4.722413689094661499e-02 9.333169385748160130e-01 1.000000000000000000e+01 1.080000000000000000e+02 3.000000000000000000e+00
4.554184771011560162e-01 2.022862540559940747e+00 2.000000000000000000e+01 5.600000000000000000e+01 3.000000000000000000e+00
5.493920842556323514e-01 2.029129182804859877e+00 8.000000000000000000e+00 1.350000000000000000e+02 3.000000000000000000e+00
1.119961664737970514e-01 8.191583361622686299e-01 1.600000000000000000e+01 9.000000000000000000e+00 3.000000000000000000e+00
1.606277193877958531e-01 3.876440754292590496e-01 1.000000000000000000e+01 5.300000000000000000e+01 3.000000000000000000e+00
2.334280242319464183e-01 9.044707477971060117e-01 8.000000000000000000e+00 7.400000000000000000e+01 3.000000000000000000e+00
1.419043674045726844e-01 1.588325427780439725e+00 6.000000000000000000e+00 1.100000000000000000e+02 3.000000000000000000e+00
2.025795439896380667e-01 1.633974697641298990e+00 1.400000000000000000e+01 1.200000000000000000e+02 3.000000000000000000e+00
4.599389144325231049e-01 5.486600250995136152e-01 6.000000000000000000e+00 1.600000000000000000e+02 3.000000000000000000e+00
1.154802125315794598e-01 1.600325506001196052e+00 2.000000000000000000e+01 1.080000000000000000e+02 3.000000000000000000e+00
7.591567770840963458e-01 3.540450902675479350e-01 1.500000000000000000e+01 1.370000000000000000e+02 3.000000000000000000e+00
4.602908610700345848e-01 1.311699995794265217e+00 1.600000000000000000e+01 3.500000000000000000e+01 3.000000000000000000e+00
2.433965785649392366e-01 8.181181250860390941e-01 1.500000000000000000e+01 1.890000000000000000e+02 3.000000000000000000e+00
9.324235470553271510e-01 9.894562134230356909e-01 1.600000000000000000e+01 1.440000000000000000e+02 3.000000000000000000e+00
2.817183516941234450e-02 1.513929234995038176e+00 9.000000000000000000e+00 1.430000000000000000e+02 3.000000000000000000e+00
1.004293308461627676e+00 1.080002456264252120e-01 1.900000000000000000e+01 7.000000000000000000e+00 3.000000000000000000e+00
6.730109557944133902e-01 1.361629839337895886e-01 6.000000000000000000e+00 1.420000000000000000e+02 3.000000000000000000e+00
3.749408004351943990e-01 1.045677694780245082e+00 1.100000000000000000e+01 3.900000000000000000e+01 3.000000000000000000e+00
7.257866570526714245e-01 7.706616835814480426e-01 1.000000000000000000e+01 1.160000000000000000e+02 3.000000000000000000e+00
9.895998133763361793e-01 2.014630202418306926e+00 1.600000000000000000e+01 4.400000000000000000e+01 3.000000000000000000e+00
5.908616507431364573e-01 1.042303029596002295e+00 1.700000000000000000e+01 1.570000000000000000e+02 3.000000000000000000e+00
7.111797478481844959e-01 1.308353040473438922e+00 4.000000000000000000e+00 1.700000000000000000e+02 3.000000000000000000e+00
6.186919560688030062e-01 2.032113872055178183e-01 1.700000000000000000e+01 8.500000000000000000e+01 3.000000000000000000e+00
3.485746957954327652e-01 1.091234534420127300e+00 9.000000000000000000e+00 5.400000000000000000e+01 3.000000000000000000e+00
9.583890691507713777e-01 2.152926425267046862e-01 1.800000000000000000e+01 7.000000000000000000e+00 3.000000000000000000e+00
6.237236868755707819e-01 2.040838086413672148e+00 1.000000000000000000e+00 1.710000000000000000e+02 3.000000000000000000e+00
9.038674170613691938e-01 4.297455238217252615e-01 1.000000000000000000e+01 1.840000000000000000e+02 3.000000000000000000e+00
3.136552705196640201e-01 1.614830292354337393e+00 1.600000000000000000e+01 7.600000000000000000e+01 3.000000000000000000e+00
8.168631982048721873e-01 7.532346561562116571e-01 2.000000000000000000e+01 7.000000000000000000e+01 3.000000000000000000e+00
5.079304043895896958e-01 5.991270450018185700e-01 4.000000000000000000e+00 1.350000000000000000e+02 3.000000000000000000e+00
1.007622408548314086e+00 2.143711052749394386e-01 6.000000000000000000e+00 1.620000000000000000e+02 3.000000000000000000e+00
4.372179677550458443e-01 1.746411690352031254e+00 3.000000000000000000e+00 2.300000000000000000e+01 4.000000000000000000e+00
6.458867505564109823e-01 1.470158095438307555e+00 1.800000000000000000e+01 1.060000000000000000e+02 4.000000000000000000e+00
3.991679272336196016e-01 1.615274029634799158e+00 8.000000000000000000e+00 1.760000000000000000e+02 4.000000000000000000e+00
9.657434373715511056e-01 2.048082619867241050e+00 3.000000000000000000e+00 8.000000000000000000e+00 4.000000000000000000e+00
8.083501102094134971e-01 1.357243300812386588e-01 1.000000000000000000e+00 3.800000000000000000e+01 4.000000000000000000e+00
6.540466193043855681e-01 1.703058226159256672e-01 2.000000000000000000e+00 1.420000000000000000e+02 4.000000000000000000e+00
1.059312225779295534e-02 1.745166900032671942e+00 4.000000000000000000e+00 1.260000000000000000e+02 4.000000000000000000e+00
5.196723600592502157e-01 1.715010008068406311e+00 1.400000000000000000e+01 1.180000000000000000e+02 4.000000000000000000e+00
2.839707599703298335e-01 7.475629667455431226e-01 1.200000000000000000e+01 6.000000000000000000e+00 4.000000000000000000e+00
3.064417452671061026e-01 1.444517245448353915e+00 9.000000000000000000e+00 7.100000000000000000e+01 4.000000000000000000e+00
5.578591800376925258e-01 5.920896774775349369e-01 1.000000000000000000e+01 1.230000000000000000e+02 4.000000000000000000e+00
7.049911182236435758e-01 1.161603534885194078e+00 9.000000000000000000e+00 1.330000000000000000e+02 4.000000000000000000e+00
5.338388107139034888e-01 4.501628304081798371e-01 9.000000000000000000e+00 1.540000000000000000e+02 4.000000000000000000e+00
1.078127674544452214e-01 6.785753015934833376e-01 1.400000000000000000e+01 5.400000000000000000e+01 4.000000000000000000e+00
2.190731402044451270e-01 1.376721487407417177e+00 1.000000000000000000e+00 1.100000000000000000e+02 4.000000000000000000e+00
3.270254729471131494e-01 8.640494453881665260e-01 9.000000000000000000e+00 1.670000000000000000e+02 4.000000000000000000e+00
4.837343801093989537e-01 6.076518568585472790e-01 1.900000000000000000e+01 8.800000000000000000e+01 4.000000000000000000e+00
1.920041654330733039e-01 3.653342311704402823e-01 1.700000000000000000e+01 1.600000000000000000e+01 4.000000000000000000e+00
6.451860152342644428e-01 1.966692830664780622e+00 1.800000000000000000e+01 1.270000000000000000e+02 4.000000000000000000e+00
5.678652939789973625e-02 6.159778925012632245e-01 1.800000000000000000e+01 1.760000000000000000e+02 4.000000000000000000e+00
2.626062284148177328e-01 1.318164856951599351e+00 5.000000000000000000e+00 1.700000000000000000e+01 4.000000000000000000e+00
7.980757827486312239e-01 1.179221476903953070e+00 1.000000000000000000e+00 1.910000000000000000e+02 4.000000000000000000e+00
2.420743352948150351e-01 1.079003668246396819e+00 9.000000000000000000e+00 1.570000000000000000e+02 4.000000000000000000e+00
4.222705436664936363e-01 1.451170087897553307e+00 4.000000000000000000e+00 7.000000000000000000e+01 4.000000000000000000e+00
4.328745384278728237e-01 1.714506455075271996e+00 1.500000000000000000e+01 8.100000000000000000e+01 4.000000000000000000e+00
6.970486315420939549e-01 6.434083668410174317e-01 6.000000000000000000e+00 9.800000000000000000e+01 4.000000000000000000e+00
3.925167634431728780e-01 1.449468544043209794e+00 1.700000000000000000e+01 8.800000000000000000e+01 4.000000000000000000e+00
6.248089755359402808e-01 1.084005406664760862e+00 1.900000000000000000e+01 1.130000000000000000e+02 4.000000000000000000e+00
9.267799614409233389e-01 1.260715474897773802e+00 1.900000000000000000e+01 3.000000000000000000e+01 4.000000000000000000e+00
9.231068355271814241e-01 8.005487989400522642e-01 4.000000000000000000e+00 8.200000000000000000e+01 4.000000000000000000e+00
2.799479890264577886e-01 1.047335384940561331e+00 1.300000000000000000e+01 7.300000000000000000e+01 4.000000000000000000e+00
3.684388954847258590e-01 5.638896361810640245e-01 6.000000000000000000e+00 4.900000000000000000e+01 4.000000000000000000e+00
5.757510381633730301e-01 1.974146022731877004e+00 1.500000000000000000e+01 7.900000000000000000e+01 4.000000000000000000e+00
8.012318444331923972e-01 8.857602751188019541e-01 2.000000000000000000e+00 1.320000000000000000e+02 4.000000000000000000e+00
6.549132454507442525e-01 3.940968490786834755e-01 7.000000000000000000e+00 1.200000000000000000e+02 4.000000000000000000e+00
9.878279128131862707e-01 1.565026654940103068e+00 1.000000000000000000e+00 3.700000000000000000e+01 4.000000000000000000e+00
4.646624091849467231e-01 1.991927307232112199e+00 1.000000000000000000e+00 1.800000000000000000e+02 4.000000000000000000e+00
2.146708515026687358e-01 1.920838911295877693e+00 3.000000000000000000e+00 2.700000000000000000e+01 4.000000000000000000e+00
7.333962095282421378e-01 1.998594980838613644e+00 7.000000000000000000e+00 1.480000000000000000e+02 4.000000000000000000e+00
8.910787154417322276e-01 1.665005221369775024e+00 6.000000000000000000e+00 8.600000000000000000e+01 4.000000000000000000e+00
5.454799246864238116e-01 1.073048971262404505e+00 8.000000000000000000e+00 1.300000000000000000e+01 4.000000000000000000e+00
2.693229440268422037e-01 1.032065918806557292e+00 2.000000000000000000e+01 8.100000000000000000e+01 4.000000000000000000e+00
4.611178918774815338e-01 1.383993177383058715e+00 7.000000000000000000e+00 2.000000000000000000e+01 4.000000000000000000e+00
7.457990106112918349e-01 1.193993087110104545e+00 2.000000000000000000e+00 5.000000000000000000e+00 4.000000000000000000e+00
7.986771404619481540e-01 1.165269455721360314e+00 1.000000000000000000e+00 9.100000000000000000e+01 4.000000000000000000e+00
3.294340745639110501e-01 1.108439839013188044e-01 2.000000000000000000e+01 1.330000000000000000e+02 4.000000000000000000e+00
4.022191877970394680e-01 1.644003242328212766e-01 4.000000000000000000e+00 7.000000000000000000e+00 4.000000000000000000e+00
5.851507778936863025e-01 4.196934833994746539e-01 8.000000000000000000e+00 1.200000000000000000e+01 4.000000000000000000e+00
2.893600984601439885e-01 6.020606257438060327e-01 2.000000000000000000e+01 7.500000000000000000e+01 4.000000000000000000e+00
5.915642866128940636e-01 7.052044139749368279e-01 5.000000000000000000e+00 3.000000000000000000e+01 4.000000000000000000e+00
