-9.396621948490580678e+01
-1.327946614415706961e+02
-1.330951492215157828e+02
-1.330968198847378403e+02
-9.875239415142490884e+01
-1.324891485338072528e+02
-1.058989652134204533e+02
-9.590779365477725094e+01
-1.328040790884541877e+02
-9.100253581454612117e+01
-1.045378475739775297e+02
-1.323418393688578476e+02
-1.070929366525622299e+02
-1.330967772561352547e+02
-1.330919933761072684e+02
-1.330962532191951482e+02
-1.330930389956911597e+02
-9.150339388069284041e+01
-1.302933877849544899e+02
-1.236262429383603063e+02
-1.316094494065982303e+02
-1.330967986573711528e+02
-1.216033750332888701e+02
-1.330964880885164519e+02
-1.310597155794228286e+02
-9.284808589859760275e+01
-1.319889855422775895e+02
-1.152638406668157813e+02
-1.330766536955977415e+02
-1.324712426659130529e+02
-1.330968220718943087e+02
-9.209806743116105565e+01
-1.330935070290263980e+02
-1.042512832629319774e+02
-1.330968279269207244e+02
-1.330965626496935954e+02
-1.304106143347559623e+02
-1.157470760857391525e+02
-1.273010519289884002e+02
-1.330967857868814974e+02
-9.308484312264566540e+01
-9.166187783625983343e+01
-1.211078456195162119e+02
-1.330383185856687192e+02
-1.323655075728764530e+02
-1.089760666289802060e+02
-1.330957032025615945e+02
-9.407183538811958101e+01
-1.330968306778011936e+02
-1.226127743629776603e+02
-1.278293333401512513e+02
-8.985885130923414010e+01
-1.027540008497013702e+02
-1.278400550679337471e+02
-1.273712949382758524e+02
-1.105653779261919709e+02
-1.049190913528125009e+02
-1.277632134057167406e+02
-1.278202261866933469e+02
-1.278276156092057079e+02
-1.202938247929223223e+02
-1.278135858370313258e+02
-1.077726105142226203e+02
-8.805762961072154837e+01
-1.278399604860783541e+02
-8.762894898893200946e+01
-1.085418818452114778e+02
-9.494070153595008321e+01
-1.051894357591320386e+02
-1.024117799422821378e+02
-1.103721693142733642e+02
-1.278377722380468668e+02
-1.278399525893102719e+02
-1.278365974883447080e+02
-1.278400846680705740e+02
-1.278154091693605352e+02
-1.278400659261596672e+02
-1.278400968988618871e+02
-1.278400348102900494e+02
-1.159288930346164221e+02
-1.275211708461261253e+02
-1.278400507448634613e+02
-1.278361278488662407e+02
-1.278366639125957533e+02
-1.236236758888830138e+02
-8.916559317437815935e+01
-8.726311637596361948e+01
-9.990123054912680800e+01
-1.151638474523898594e+02
-8.813262455945312013e+01
-1.278396462488245504e+02
-1.076291579673674477e+02
-9.641512258491420084e+01
-8.789854205630027195e+01
-1.117628242665986420e+02
-1.001646166815570496e+02
-1.278284617764229125e+02
-1.203530924616307942e+02
-1.106705442322096786e+02
-1.253546176863491013e+02
-1.235599598453824228e+02
-1.180565454916147132e+02
-1.228929636277604516e+02
-9.010037846787423632e+01
-1.181807134349028843e+02
-1.118119118675265753e+02
-1.204993619310001094e+02
-1.235610441966994841e+02
-1.139304792315490715e+02
-1.235608008406941138e+02
-1.235615140687645379e+02
-1.009789880176453494e+02
-1.235614567812538809e+02
-8.905859967459689130e+01
-1.235517311908302958e+02
-1.044329608847871356e+02
-1.024024655915670223e+02
-1.222519864496642583e+02
-1.224390594731588919e+02
-1.162914424477334165e+02
-1.191048663290160619e+02
-1.196065750033138642e+02
-1.234040448357095414e+02
-1.235596453280706868e+02
-8.705857288233795543e+01
-8.695971762659681303e+01
-1.181211645841825089e+02
-1.110815240713817644e+02
-8.722824207073419700e+01
-1.233942209584621992e+02
-1.034372389149412470e+02
-1.234811983250589691e+02
-1.046382697945887656e+02
-1.167447010700033871e+02
-8.861249158505070511e+01
-1.235544124043219938e+02
-1.234264783981779061e+02
-8.846119599040254400e+01
-1.235603360914015099e+02
-9.823440818774054151e+01
-1.235613258930926293e+02
-1.121458726660893745e+02
-1.222771009487992018e+02
-1.123688790758484259e+02
-9.830996101915121699e+01
-8.642301895446935589e+01
-9.402130317704502716e+01
-1.208707216991997058e+02
-1.056515025841325581e+02
-1.223282895541008912e+02
-1.239375510308740473e+02
-1.210733027381518241e+02
-1.239421489919547952e+02
-1.207170708617367296e+02
-1.239418321253443054e+02
-1.239180362851811026e+02
-1.146561113433661347e+02
-1.239422910101783515e+02
-1.220162558475607710e+02
-1.239020024171034891e+02
-1.123600652405781517e+02
-1.221366090098523216e+02
-1.091006783438329677e+02
-1.239272567294276399e+02
-1.036042482553406643e+02
-9.201621725393034978e+01
-1.239422496971129988e+02
-9.010623120148567011e+01
-1.019341701928256896e+02
-1.209636059988825849e+02
-1.239423285299250637e+02
-1.239423006738860238e+02
-1.226091921769716606e+02
-9.263112115694846693e+01
-1.135354283402576101e+02
-1.239419136219945301e+02
-1.239411564620910724e+02
-9.691124845284704747e+01
-1.239403736061506436e+02
-8.870409050480859037e+01
-1.238783263431908921e+02
-1.094617692998524490e+02
-1.162864406809164421e+02
-1.239340644859678946e+02
-8.614865334593397961e+01
-8.721985338706568314e+01
-1.193220735218478552e+02
-1.076135767174423137e+02
-1.239422286887271554e+02
-1.176017096263139337e+02
-1.227244174930767855e+02
-8.667691229886061421e+01
-1.200482357417586456e+02
-8.770314940804708215e+01
-1.239422821733368920e+02
-9.182524937069740645e+01
-1.239406595491292933e+02
-1.068603894645795265e+02
-9.949727886428748036e+01
-8.606275632692405964e+01
-1.251433591099977463e+02
-1.250070846832505538e+02
-1.251413399081514228e+02
-1.251434934009481452e+02
-9.982381894139001588e+01
-8.921720121242142909e+01
-1.251326441086533947e+02
-1.251431737410392770e+02
-1.226523397305978591e+02
-1.251388076563171552e+02
-1.006941324832818907e+02
-1.220779002540770790e+02
-9.402130511607002461e+01
-1.098985094081112095e+02
-1.251411944602092632e+02
-1.134469097741412043e+02
-1.015701611737502645e+02
-1.042293689692163952e+02
-1.251434588475602254e+02
-1.040724208544750127e+02
-1.251313793827136323e+02
-1.223963067566266290e+02
-1.200927045719362098e+02
-1.251420533445448200e+02
-1.251431113920461513e+02
-1.034380986084939167e+02
-1.251117224577315028e+02
-1.203682313635937646e+02
-1.245300981685795847e+02
-1.109801979633259208e+02
-1.196791662202813455e+02
-1.000419235586874436e+02
-1.251434020686711648e+02
-1.145866999876175214e+02
-9.186721880424202880e+01
-1.251431585659744172e+02
-1.251434446532837086e+02
-1.251433044597819020e+02
-1.251434289183978024e+02
-1.251430981800124158e+02
-1.245644315728072371e+02
-1.190594760475228497e+02
-1.251394750033166758e+02
-1.251213569736253390e+02
-1.221521920188716877e+02
-9.573988532650949423e+01
-1.026873972471829006e+02
-9.807945775724292048e+01
-1.013444502248296999e+02
-1.087375077656129747e+02
