2.609236237449401585e-01 1.921916413452235128e-01 1.000000000000000000e+00 3.200000000000000000e+01 0.000000000000000000e+00
2.609236237449401585e-01 1.921916413452235128e-01 1.000000000000000000e+00 3.200000000000000000e+01 1.000000000000000000e+00
2.609236237449401585e-01 1.921916413452235128e-01 1.000000000000000000e+00 3.200000000000000000e+01 2.000000000000000000e+00
2.609236237449401585e-01 1.921916413452235128e-01 1.000000000000000000e+00 3.200000000000000000e+01 3.000000000000000000e+00
2.609236237449401585e-01 1.921916413452235128e-01 1.000000000000000000e+00 3.200000000000000000e+01 4.000000000000000000e+00
6.868162411105583898e-01 1.869389712895041245e-01 9.000000000000000000e+00 1.230000000000000000e+02 0.000000000000000000e+00
6.868162411105583898e-01 1.869389712895041245e-01 9.000000000000000000e+00 1.230000000000000000e+02 1.000000000000000000e+00
6.868162411105583898e-01 1.869389712895041245e-01 9.000000000000000000e+00 1.230000000000000000e+02 2.000000000000000000e+00
6.868162411105583898e-01 1.869389712895041245e-01 9.000000000000000000e+00 1.230000000000000000e+02 3.000000000000000000e+00
6.868162411105583898e-01 1.869389712895041245e-01 9.000000000000000000e+00 1.230000000000000000e+02 4.000000000000000000e+00
1.264237031665312871e-01 1.307731377897626279e+00 1.000000000000000000e+00 3.900000000000000000e+01 0.000000000000000000e+00
1.264237031665312871e-01 1.307731377897626279e+00 1.000000000000000000e+00 3.900000000000000000e+01 1.000000000000000000e+00
1.264237031665312871e-01 1.307731377897626279e+00 1.000000000000000000e+00 3.900000000000000000e+01 2.000000000000000000e+00
1.264237031665312871e-01 1.307731377897626279e+00 1.000000000000000000e+00 3.900000000000000000e+01 3.000000000000000000e+00
1.264237031665312871e-01 1.307731377897626279e+00 1.000000000000000000e+00 3.900000000000000000e+01 4.000000000000000000e+00
2.009306627797391442e-01 1.437031434520691597e+00 6.000000000000000000e+00 1.360000000000000000e+02 0.000000000000000000e+00
2.009306627797391442e-01 1.437031434520691597e+00 6.000000000000000000e+00 1.360000000000000000e+02 1.000000000000000000e+00
2.009306627797391442e-01 1.437031434520691597e+00 6.000000000000000000e+00 1.360000000000000000e+02 2.000000000000000000e+00
2.009306627797391442e-01 1.437031434520691597e+00 6.000000000000000000e+00 1.360000000000000000e+02 3.000000000000000000e+00
2.009306627797391442e-01 1.437031434520691597e+00 6.000000000000000000e+00 1.360000000000000000e+02 4.000000000000000000e+00
9.274478488708967072e-01 9.375601738986057976e-01 3.000000000000000000e+00 5.800000000000000000e+01 0.000000000000000000e+00
9.274478488708967072e-01 9.375601738986057976e-01 3.000000000000000000e+00 5.800000000000000000e+01 1.000000000000000000e+00
9.274478488708967072e-01 9.375601738986057976e-01 3.000000000000000000e+00 5.800000000000000000e+01 2.000000000000000000e+00
9.274478488708967072e-01 9.375601738986057976e-01 3.000000000000000000e+00 5.800000000000000000e+01 3.000000000000000000e+00
9.274478488708967072e-01 9.375601738986057976e-01 3.000000000000000000e+00 5.800000000000000000e+01 4.000000000000000000e+00
3.422598500477427308e-01 6.660672703434532549e-01 5.000000000000000000e+00 1.840000000000000000e+02 0.000000000000000000e+00
3.422598500477427308e-01 6.660672703434532549e-01 5.000000000000000000e+00 1.840000000000000000e+02 1.000000000000000000e+00
3.422598500477427308e-01 6.660672703434532549e-01 5.000000000000000000e+00 1.840000000000000000e+02 2.000000000000000000e+00
3.422598500477427308e-01 6.660672703434532549e-01 5.000000000000000000e+00 1.840000000000000000e+02 3.000000000000000000e+00
3.422598500477427308e-01 6.660672703434532549e-01 5.000000000000000000e+00 1.840000000000000000e+02 4.000000000000000000e+00
1.962822673982244082e-01 7.342209409732612935e-01 1.200000000000000000e+01 1.300000000000000000e+02 0.000000000000000000e+00
1.962822673982244082e-01 7.342209409732612935e-01 1.200000000000000000e+01 1.300000000000000000e+02 1.000000000000000000e+00
1.962822673982244082e-01 7.342209409732612935e-01 1.200000000000000000e+01 1.300000000000000000e+02 2.000000000000000000e+00
1.962822673982244082e-01 7.342209409732612935e-01 1.200000000000000000e+01 1.300000000000000000e+02 3.000000000000000000e+00
1.962822673982244082e-01 7.342209409732612935e-01 1.200000000000000000e+01 1.300000000000000000e+02 4.000000000000000000e+00
4.911686688157752556e-01 2.390409356232109650e-01 7.000000000000000000e+00 1.100000000000000000e+02 0.000000000000000000e+00
4.911686688157752556e-01 2.390409356232109650e-01 7.000000000000000000e+00 1.100000000000000000e+02 1.000000000000000000e+00
4.911686688157752556e-01 2.390409356232109650e-01 7.000000000000000000e+00 1.100000000000000000e+02 2.000000000000000000e+00
4.911686688157752556e-01 2.390409356232109650e-01 7.000000000000000000e+00 1.100000000000000000e+02 3.000000000000000000e+00
4.911686688157752556e-01 2.390409356232109650e-01 7.000000000000000000e+00 1.100000000000000000e+02 4.000000000000000000e+00
7.149825715783556523e-01 7.293538679590804152e-01 1.200000000000000000e+01 5.300000000000000000e+01 0.000000000000000000e+00
7.149825715783556523e-01 7.293538679590804152e-01 1.200000000000000000e+01 5.300000000000000000e+01 1.000000000000000000e+00
7.149825715783556523e-01 7.293538679590804152e-01 1.200000000000000000e+01 5.300000000000000000e+01 2.000000000000000000e+00
7.149825715783556523e-01 7.293538679590804152e-01 1.200000000000000000e+01 5.300000000000000000e+01 3.000000000000000000e+00
7.149825715783556523e-01 7.293538679590804152e-01 1.200000000000000000e+01 5.300000000000000000e+01 4.000000000000000000e+00
7.552823549192477781e-01 8.964255917664488704e-01 1.600000000000000000e+01 5.600000000000000000e+01 0.000000000000000000e+00
7.552823549192477781e-01 8.964255917664488704e-01 1.600000000000000000e+01 5.600000000000000000e+01 1.000000000000000000e+00
7.552823549192477781e-01 8.964255917664488704e-01 1.600000000000000000e+01 5.600000000000000000e+01 2.000000000000000000e+00
7.552823549192477781e-01 8.964255917664488704e-01 1.600000000000000000e+01 5.600000000000000000e+01 3.000000000000000000e+00
7.552823549192477781e-01 8.964255917664488704e-01 1.600000000000000000e+01 5.600000000000000000e+01 4.000000000000000000e+00
6.182264595230487769e-01 1.556912974770804148e+00 1.000000000000000000e+00 5.100000000000000000e+01 0.000000000000000000e+00
6.182264595230487769e-01 1.556912974770804148e+00 1.000000000000000000e+00 5.100000000000000000e+01 1.000000000000000000e+00
6.182264595230487769e-01 1.556912974770804148e+00 1.000000000000000000e+00 5.100000000000000000e+01 2.000000000000000000e+00
6.182264595230487769e-01 1.556912974770804148e+00 1.000000000000000000e+00 5.100000000000000000e+01 3.000000000000000000e+00
6.182264595230487769e-01 1.556912974770804148e+00 1.000000000000000000e+00 5.100000000000000000e+01 4.000000000000000000e+00
4.317580375664549219e-01 8.878164264955622498e-01 2.000000000000000000e+00 1.770000000000000000e+02 0.000000000000000000e+00
4.317580375664549219e-01 8.878164264955622498e-01 2.000000000000000000e+00 1.770000000000000000e+02 1.000000000000000000e+00
4.317580375664549219e-01 8.878164264955622498e-01 2.000000000000000000e+00 1.770000000000000000e+02 2.000000000000000000e+00
4.317580375664549219e-01 8.878164264955622498e-01 2.000000000000000000e+00 1.770000000000000000e+02 3.000000000000000000e+00
4.317580375664549219e-01 8.878164264955622498e-01 2.000000000000000000e+00 1.770000000000000000e+02 4.000000000000000000e+00
2.422225738004970541e-01 9.833292081555872199e-01 1.800000000000000000e+01 1.890000000000000000e+02 0.000000000000000000e+00
2.422225738004970541e-01 9.833292081555872199e-01 1.800000000000000000e+01 1.890000000000000000e+02 1.000000000000000000e+00
2.422225738004970541e-01 9.833292081555872199e-01 1.800000000000000000e+01 1.890000000000000000e+02 2.000000000000000000e+00
2.422225738004970541e-01 9.833292081555872199e-01 1.800000000000000000e+01 1.890000000000000000e+02 3.000000000000000000e+00
2.422225738004970541e-01 9.833292081555872199e-01 1.800000000000000000e+01 1.890000000000000000e+02 4.000000000000000000e+00
3.830213948313804240e-01 1.267212079456174312e+00 1.700000000000000000e+01 8.200000000000000000e+01 0.000000000000000000e+00
3.830213948313804240e-01 1.267212079456174312e+00 1.700000000000000000e+01 8.200000000000000000e+01 1.000000000000000000e+00
3.830213948313804240e-01 1.267212079456174312e+00 1.700000000000000000e+01 8.200000000000000000e+01 2.000000000000000000e+00
3.830213948313804240e-01 1.267212079456174312e+00 1.700000000000000000e+01 8.200000000000000000e+01 3.000000000000000000e+00
3.830213948313804240e-01 1.267212079456174312e+00 1.700000000000000000e+01 8.200000000000000000e+01 4.000000000000000000e+00
1.100313754945586447e-01 1.582703769551153883e+00 1.600000000000000000e+01 6.000000000000000000e+01 0.000000000000000000e+00
1.100313754945586447e-01 1.582703769551153883e+00 1.600000000000000000e+01 6.000000000000000000e+01 1.000000000000000000e+00
1.100313754945586447e-01 1.582703769551153883e+00 1.600000000000000000e+01 6.000000000000000000e+01 2.000000000000000000e+00
1.100313754945586447e-01 1.582703769551153883e+00 1.600000000000000000e+01 6.000000000000000000e+01 3.000000000000000000e+00
1.100313754945586447e-01 1.582703769551153883e+00 1.600000000000000000e+01 6.000000000000000000e+01 4.000000000000000000e+00
9.319793139001485149e-02 3.524478894128099116e-01 3.000000000000000000e+00 1.360000000000000000e+02 0.000000000000000000e+00
9.319793139001485149e-02 3.524478894128099116e-01 3.000000000000000000e+00 1.360000000000000000e+02 1.000000000000000000e+00
9.319793139001485149e-02 3.524478894128099116e-01 3.000000000000000000e+00 1.360000000000000000e+02 2.000000000000000000e+00
9.319793139001485149e-02 3.524478894128099116e-01 3.000000000000000000e+00 1.360000000000000000e+02 3.000000000000000000e+00
9.319793139001485149e-02 3.524478894128099116e-01 3.000000000000000000e+00 1.360000000000000000e+02 4.000000000000000000e+00
3.328915299988052245e-01 1.385854584970117820e+00 3.000000000000000000e+00 1.120000000000000000e+02 0.000000000000000000e+00
3.328915299988052245e-01 1.385854584970117820e+00 3.000000000000000000e+00 1.120000000000000000e+02 1.000000000000000000e+00
3.328915299988052245e-01 1.385854584970117820e+00 3.000000000000000000e+00 1.120000000000000000e+02 2.000000000000000000e+00
3.328915299988052245e-01 1.385854584970117820e+00 3.000000000000000000e+00 1.120000000000000000e+02 3.000000000000000000e+00
3.328915299988052245e-01 1.385854584970117820e+00 3.000000000000000000e+00 1.120000000000000000e+02 4.000000000000000000e+00
1.009471729718897981e+00 6.620033024841979197e-01 6.000000000000000000e+00 9.400000000000000000e+01 0.000000000000000000e+00
1.009471729718897981e+00 6.620033024841979197e-01 6.000000000000000000e+00 9.400000000000000000e+01 1.000000000000000000e+00
1.009471729718897981e+00 6.620033024841979197e-01 6.000000000000000000e+00 9.400000000000000000e+01 2.000000000000000000e+00
1.009471729718897981e+00 6.620033024841979197e-01 6.000000000000000000e+00 9.400000000000000000e+01 3.000000000000000000e+00
1.009471729718897981e+00 6.620033024841979197e-01 6.000000000000000000e+00 9.400000000000000000e+01 4.000000000000000000e+00
5.922246482306267046e-01 1.845202120728225648e+00 8.000000000000000000e+00 5.400000000000000000e+01 0.000000000000000000e+00
5.922246482306267046e-01 1.845202120728225648e+00 8.000000000000000000e+00 5.400000000000000000e+01 1.000000000000000000e+00
5.922246482306267046e-01 1.845202120728225648e+00 8.000000000000000000e+00 5.400000000000000000e+01 2.000000000000000000e+00
5.922246482306267046e-01 1.845202120728225648e+00 8.000000000000000000e+00 5.400000000000000000e+01 3.000000000000000000e+00
5.922246482306267046e-01 1.845202120728225648e+00 8.000000000000000000e+00 5.400000000000000000e+01 4.000000000000000000e+00
7.993392189715354812e-01 5.361753876249536477e-01 1.100000000000000000e+01 8.900000000000000000e+01 0.000000000000000000e+00
7.993392189715354812e-01 5.361753876249536477e-01 1.100000000000000000e+01 8.900000000000000000e+01 1.000000000000000000e+00
7.993392189715354812e-01 5.361753876249536477e-01 1.100000000000000000e+01 8.900000000000000000e+01 2.000000000000000000e+00
7.993392189715354812e-01 5.361753876249536477e-01 1.100000000000000000e+01 8.900000000000000000e+01 3.000000000000000000e+00
7.993392189715354812e-01 5.361753876249536477e-01 1.100000000000000000e+01 8.900000000000000000e+01 4.000000000000000000e+00
3.566221310932694566e-01 1.543001283313056415e+00 8.000000000000000000e+00 1.300000000000000000e+02 0.000000000000000000e+00
3.566221310932694566e-01 1.543001283313056415e+00 8.000000000000000000e+00 1.300000000000000000e+02 1.000000000000000000e+00
3.566221310932694566e-01 1.543001283313056415e+00 8.000000000000000000e+00 1.300000000000000000e+02 2.000000000000000000e+00
3.566221310932694566e-01 1.543001283313056415e+00 8.000000000000000000e+00 1.300000000000000000e+02 3.000000000000000000e+00
3.566221310932694566e-01 1.543001283313056415e+00 8.000000000000000000e+00 1.300000000000000000e+02 4.000000000000000000e+00
3.639183743278526784e-01 1.021368609263136218e+00 1.000000000000000000e+01 4.400000000000000000e+01 0.000000000000000000e+00
3.639183743278526784e-01 1.021368609263136218e+00 1.000000000000000000e+01 4.400000000000000000e+01 1.000000000000000000e+00
3.639183743278526784e-01 1.021368609263136218e+00 1.000000000000000000e+01 4.400000000000000000e+01 2.000000000000000000e+00
3.639183743278526784e-01 1.021368609263136218e+00 1.000000000000000000e+01 4.400000000000000000e+01 3.000000000000000000e+00
3.639183743278526784e-01 1.021368609263136218e+00 1.000000000000000000e+01 4.400000000000000000e+01 4.000000000000000000e+00
2.543976592187230379e-01 6.653264130736687987e-01 6.000000000000000000e+00 1.690000000000000000e+02 0.000000000000000000e+00
2.543976592187230379e-01 6.653264130736687987e-01 6.000000000000000000e+00 1.690000000000000000e+02 1.000000000000000000e+00
2.543976592187230379e-01 6.653264130736687987e-01 6.000000000000000000e+00 1.690000000000000000e+02 2.000000000000000000e+00
2.543976592187230379e-01 6.653264130736687987e-01 6.000000000000000000e+00 1.690000000000000000e+02 3.000000000000000000e+00
2.543976592187230379e-01 6.653264130736687987e-01 6.000000000000000000e+00 1.690000000000000000e+02 4.000000000000000000e+00
8.362814659996287148e-01 1.848743471534371352e+00 1.800000000000000000e+01 3.400000000000000000e+01 0.000000000000000000e+00
8.362814659996287148e-01 1.848743471534371352e+00 1.800000000000000000e+01 3.400000000000000000e+01 1.000000000000000000e+00
8.362814659996287148e-01 1.848743471534371352e+00 1.800000000000000000e+01 3.400000000000000000e+01 2.000000000000000000e+00
8.362814659996287148e-01 1.848743471534371352e+00 1.800000000000000000e+01 3.400000000000000000e+01 3.000000000000000000e+00
8.362814659996287148e-01 1.848743471534371352e+00 1.800000000000000000e+01 3.400000000000000000e+01 4.000000000000000000e+00
1.527690020659534520e-01 6.601436557572518682e-01 3.000000000000000000e+00 5.600000000000000000e+01 0.000000000000000000e+00
1.527690020659534520e-01 6.601436557572518682e-01 3.000000000000000000e+00 5.600000000000000000e+01 1.000000000000000000e+00
1.527690020659534520e-01 6.601436557572518682e-01 3.000000000000000000e+00 5.600000000000000000e+01 2.000000000000000000e+00
1.527690020659534520e-01 6.601436557572518682e-01 3.000000000000000000e+00 5.600000000000000000e+01 3.000000000000000000e+00
1.527690020659534520e-01 6.601436557572518682e-01 3.000000000000000000e+00 5.600000000000000000e+01 4.000000000000000000e+00
5.351691463615635413e-01 1.901715928998129579e+00 5.000000000000000000e+00 1.150000000000000000e+02 0.000000000000000000e+00
5.351691463615635413e-01 1.901715928998129579e+00 5.000000000000000000e+00 1.150000000000000000e+02 1.000000000000000000e+00
5.351691463615635413e-01 1.901715928998129579e+00 5.000000000000000000e+00 1.150000000000000000e+02 2.000000000000000000e+00
5.351691463615635413e-01 1.901715928998129579e+00 5.000000000000000000e+00 1.150000000000000000e+02 3.000000000000000000e+00
5.351691463615635413e-01 1.901715928998129579e+00 5.000000000000000000e+00 1.150000000000000000e+02 4.000000000000000000e+00
6.124569449665390186e-01 1.483591380164070550e+00 4.000000000000000000e+00 2.300000000000000000e+01 0.000000000000000000e+00
6.124569449665390186e-01 1.483591380164070550e+00 4.000000000000000000e+00 2.300000000000000000e+01 1.000000000000000000e+00
6.124569449665390186e-01 1.483591380164070550e+00 4.000000000000000000e+00 2.300000000000000000e+01 2.000000000000000000e+00
6.124569449665390186e-01 1.483591380164070550e+00 4.000000000000000000e+00 2.300000000000000000e+01 3.000000000000000000e+00
6.124569449665390186e-01 1.483591380164070550e+00 4.000000000000000000e+00 2.300000000000000000e+01 4.000000000000000000e+00
2.925949129900565771e-01 6.530149582154148868e-01 5.000000000000000000e+00 1.060000000000000000e+02 0.000000000000000000e+00
2.925949129900565771e-01 6.530149582154148868e-01 5.000000000000000000e+00 1.060000000000000000e+02 1.000000000000000000e+00
2.925949129900565771e-01 6.530149582154148868e-01 5.000000000000000000e+00 1.060000000000000000e+02 2.000000000000000000e+00
2.925949129900565771e-01 6.530149582154148868e-01 5.000000000000000000e+00 1.060000000000000000e+02 3.000000000000000000e+00
2.925949129900565771e-01 6.530149582154148868e-01 5.000000000000000000e+00 1.060000000000000000e+02 4.000000000000000000e+00
1.662870850090965025e-01 1.427576818609181286e+00 3.000000000000000000e+00 1.080000000000000000e+02 0.000000000000000000e+00
1.662870850090965025e-01 1.427576818609181286e+00 3.000000000000000000e+00 1.080000000000000000e+02 1.000000000000000000e+00
1.662870850090965025e-01 1.427576818609181286e+00 3.000000000000000000e+00 1.080000000000000000e+02 2.000000000000000000e+00
1.662870850090965025e-01 1.427576818609181286e+00 3.000000000000000000e+00 1.080000000000000000e+02 3.000000000000000000e+00
1.662870850090965025e-01 1.427576818609181286e+00 3.000000000000000000e+00 1.080000000000000000e+02 4.000000000000000000e+00
9.528084755784477222e-01 1.462642985364402071e+00 1.800000000000000000e+01 5.600000000000000000e+01 0.000000000000000000e+00
9.528084755784477222e-01 1.462642985364402071e+00 1.800000000000000000e+01 5.600000000000000000e+01 1.000000000000000000e+00
9.528084755784477222e-01 1.462642985364402071e+00 1.800000000000000000e+01 5.600000000000000000e+01 2.000000000000000000e+00
9.528084755784477222e-01 1.462642985364402071e+00 1.800000000000000000e+01 5.600000000000000000e+01 3.000000000000000000e+00
9.528084755784477222e-01 1.462642985364402071e+00 1.800000000000000000e+01 5.600000000000000000e+01 4.000000000000000000e+00
8.729827369083238420e-01 1.923013181134197058e+00 1.300000000000000000e+01 9.700000000000000000e+01 0.000000000000000000e+00
8.729827369083238420e-01 1.923013181134197058e+00 1.300000000000000000e+01 9.700000000000000000e+01 1.000000000000000000e+00
8.729827369083238420e-01 1.923013181134197058e+00 1.300000000000000000e+01 9.700000000000000000e+01 2.000000000000000000e+00
8.729827369083238420e-01 1.923013181134197058e+00 1.300000000000000000e+01 9.700000000000000000e+01 3.000000000000000000e+00
8.729827369083238420e-01 1.923013181134197058e+00 1.300000000000000000e+01 9.700000000000000000e+01 4.000000000000000000e+00
8.253404822787483441e-01 1.759495728330615627e+00 4.000000000000000000e+00 6.800000000000000000e+01 0.000000000000000000e+00
8.253404822787483441e-01 1.759495728330615627e+00 4.000000000000000000e+00 6.800000000000000000e+01 1.000000000000000000e+00
8.253404822787483441e-01 1.759495728330615627e+00 4.000000000000000000e+00 6.800000000000000000e+01 2.000000000000000000e+00
8.253404822787483441e-01 1.759495728330615627e+00 4.000000000000000000e+00 6.800000000000000000e+01 3.000000000000000000e+00
8.253404822787483441e-01 1.759495728330615627e+00 4.000000000000000000e+00 6.800000000000000000e+01 4.000000000000000000e+00
3.709704993740891438e-02 5.818954985310395012e-01 1.900000000000000000e+01 1.620000000000000000e+02 0.000000000000000000e+00
3.709704993740891438e-02 5.818954985310395012e-01 1.900000000000000000e+01 1.620000000000000000e+02 1.000000000000000000e+00
3.709704993740891438e-02 5.818954985310395012e-01 1.900000000000000000e+01 1.620000000000000000e+02 2.000000000000000000e+00
3.709704993740891438e-02 5.818954985310395012e-01 1.900000000000000000e+01 1.620000000000000000e+02 3.000000000000000000e+00
3.709704993740891438e-02 5.818954985310395012e-01 1.900000000000000000e+01 1.620000000000000000e+02 4.000000000000000000e+00
2.763268099557172341e-01 8.604228194987891820e-01 1.600000000000000000e+01 1.540000000000000000e+02 0.000000000000000000e+00
2.763268099557172341e-01 8.604228194987891820e-01 1.600000000000000000e+01 1.540000000000000000e+02 1.000000000000000000e+00
2.763268099557172341e-01 8.604228194987891820e-01 1.600000000000000000e+01 1.540000000000000000e+02 2.000000000000000000e+00
2.763268099557172341e-01 8.604228194987891820e-01 1.600000000000000000e+01 1.540000000000000000e+02 3.000000000000000000e+00
2.763268099557172341e-01 8.604228194987891820e-01 1.600000000000000000e+01 1.540000000000000000e+02 4.000000000000000000e+00
4.892516963366955185e-01 7.428381915604852503e-01 1.200000000000000000e+01 1.630000000000000000e+02 0.000000000000000000e+00
4.892516963366955185e-01 7.428381915604852503e-01 1.200000000000000000e+01 1.630000000000000000e+02 1.000000000000000000e+00
4.892516963366955185e-01 7.428381915604852503e-01 1.200000000000000000e+01 1.630000000000000000e+02 2.000000000000000000e+00
4.892516963366955185e-01 7.428381915604852503e-01 1.200000000000000000e+01 1.630000000000000000e+02 3.000000000000000000e+00
4.892516963366955185e-01 7.428381915604852503e-01 1.200000000000000000e+01 1.630000000000000000e+02 4.000000000000000000e+00
4.470563039829142937e-01 1.216538347782963214e+00 1.700000000000000000e+01 1.270000000000000000e+02 0.000000000000000000e+00
4.470563039829142937e-01 1.216538347782963214e+00 1.700000000000000000e+01 1.270000000000000000e+02 1.000000000000000000e+00
4.470563039829142937e-01 1.216538347782963214e+00 1.700000000000000000e+01 1.270000000000000000e+02 2.000000000000000000e+00
4.470563039829142937e-01 1.216538347782963214e+00 1.700000000000000000e+01 1.270000000000000000e+02 3.000000000000000000e+00
4.470563039829142937e-01 1.216538347782963214e+00 1.700000000000000000e+01 1.270000000000000000e+02 4.000000000000000000e+00
4.036504908486858723e-01 1.256525742149788405e+00 2.000000000000000000e+00 1.370000000000000000e+02 0.000000000000000000e+00
4.036504908486858723e-01 1.256525742149788405e+00 2.000000000000000000e+00 1.370000000000000000e+02 1.000000000000000000e+00
4.036504908486858723e-01 1.256525742149788405e+00 2.000000000000000000e+00 1.370000000000000000e+02 2.000000000000000000e+00
4.036504908486858723e-01 1.256525742149788405e+00 2.000000000000000000e+00 1.370000000000000000e+02 3.000000000000000000e+00
4.036504908486858723e-01 1.256525742149788405e+00 2.000000000000000000e+00 1.370000000000000000e+02 4.000000000000000000e+00
3.881194461038289800e-01 5.073933911115976469e-01 8.000000000000000000e+00 4.100000000000000000e+01 0.000000000000000000e+00
3.881194461038289800e-01 5.073933911115976469e-01 8.000000000000000000e+00 4.100000000000000000e+01 1.000000000000000000e+00
3.881194461038289800e-01 5.073933911115976469e-01 8.000000000000000000e+00 4.100000000000000000e+01 2.000000000000000000e+00
3.881194461038289800e-01 5.073933911115976469e-01 8.000000000000000000e+00 4.100000000000000000e+01 3.000000000000000000e+00
3.881194461038289800e-01 5.073933911115976469e-01 8.000000000000000000e+00 4.100000000000000000e+01 4.000000000000000000e+00
3.742211688976195827e-01 1.506045477732850690e+00 2.000000000000000000e+01 1.010000000000000000e+02 0.000000000000000000e+00
3.742211688976195827e-01 1.506045477732850690e+00 2.000000000000000000e+01 1.010000000000000000e+02 1.000000000000000000e+00
3.742211688976195827e-01 1.506045477732850690e+00 2.000000000000000000e+01 1.010000000000000000e+02 2.000000000000000000e+00
3.742211688976195827e-01 1.506045477732850690e+00 2.000000000000000000e+01 1.010000000000000000e+02 3.000000000000000000e+00
3.742211688976195827e-01 1.506045477732850690e+00 2.000000000000000000e+01 1.010000000000000000e+02 4.000000000000000000e+00
7.472671423033684368e-01 1.465173000385917357e+00 9.000000000000000000e+00 1.060000000000000000e+02 0.000000000000000000e+00
7.472671423033684368e-01 1.465173000385917357e+00 9.000000000000000000e+00 1.060000000000000000e+02 1.000000000000000000e+00
7.472671423033684368e-01 1.465173000385917357e+00 9.000000000000000000e+00 1.060000000000000000e+02 2.000000000000000000e+00
7.472671423033684368e-01 1.465173000385917357e+00 9.000000000000000000e+00 1.060000000000000000e+02 3.000000000000000000e+00
7.472671423033684368e-01 1.465173000385917357e+00 9.000000000000000000e+00 1.060000000000000000e+02 4.000000000000000000e+00
1.102089784902184760e-01 4.768922650027999088e-01 1.600000000000000000e+01 4.500000000000000000e+01 0.000000000000000000e+00
1.102089784902184760e-01 4.768922650027999088e-01 1.600000000000000000e+01 4.500000000000000000e+01 1.000000000000000000e+00
1.102089784902184760e-01 4.768922650027999088e-01 1.600000000000000000e+01 4.500000000000000000e+01 2.000000000000000000e+00
1.102089784902184760e-01 4.768922650027999088e-01 1.600000000000000000e+01 4.500000000000000000e+01 3.000000000000000000e+00
1.102089784902184760e-01 4.768922650027999088e-01 1.600000000000000000e+01 4.500000000000000000e+01 4.000000000000000000e+00
5.250007445952286078e-01 1.810792019661960239e+00 1.000000000000000000e+00 4.700000000000000000e+01 0.000000000000000000e+00
5.250007445952286078e-01 1.810792019661960239e+00 1.000000000000000000e+00 4.700000000000000000e+01 1.000000000000000000e+00
5.250007445952286078e-01 1.810792019661960239e+00 1.000000000000000000e+00 4.700000000000000000e+01 2.000000000000000000e+00
5.250007445952286078e-01 1.810792019661960239e+00 1.000000000000000000e+00 4.700000000000000000e+01 3.000000000000000000e+00
5.250007445952286078e-01 1.810792019661960239e+00 1.000000000000000000e+00 4.700000000000000000e+01 4.000000000000000000e+00
4.261042688922066918e-02 4.841161271176669390e-01 2.000000000000000000e+01 2.900000000000000000e+01 0.000000000000000000e+00
4.261042688922066918e-02 4.841161271176669390e-01 2.000000000000000000e+01 2.900000000000000000e+01 1.000000000000000000e+00
4.261042688922066918e-02 4.841161271176669390e-01 2.000000000000000000e+01 2.900000000000000000e+01 2.000000000000000000e+00
4.261042688922066918e-02 4.841161271176669390e-01 2.000000000000000000e+01 2.900000000000000000e+01 3.000000000000000000e+00
4.261042688922066918e-02 4.841161271176669390e-01 2.000000000000000000e+01 2.900000000000000000e+01 4.000000000000000000e+00
8.395698584610215010e-01 1.633479513024375329e+00 2.000000000000000000e+01 3.500000000000000000e+01 0.000000000000000000e+00
8.395698584610215010e-01 1.633479513024375329e+00 2.000000000000000000e+01 3.500000000000000000e+01 1.000000000000000000e+00
8.395698584610215010e-01 1.633479513024375329e+00 2.000000000000000000e+01 3.500000000000000000e+01 2.000000000000000000e+00
8.395698584610215010e-01 1.633479513024375329e+00 2.000000000000000000e+01 3.500000000000000000e+01 3.000000000000000000e+00
8.395698584610215010e-01 1.633479513024375329e+00 2.000000000000000000e+01 3.500000000000000000e+01 4.000000000000000000e+00
5.365877720641729631e-01 1.918780577670635923e+00 1.200000000000000000e+01 2.000000000000000000e+00 0.000000000000000000e+00
5.365877720641729631e-01 1.918780577670635923e+00 1.200000000000000000e+01 2.000000000000000000e+00 1.000000000000000000e+00
5.365877720641729631e-01 1.918780577670635923e+00 1.200000000000000000e+01 2.000000000000000000e+00 2.000000000000000000e+00
5.365877720641729631e-01 1.918780577670635923e+00 1.200000000000000000e+01 2.000000000000000000e+00 3.000000000000000000e+00
5.365877720641729631e-01 1.918780577670635923e+00 1.200000000000000000e+01 2.000000000000000000e+00 4.000000000000000000e+00
4.449233220368645769e-01 1.084855182615068081e+00 1.300000000000000000e+01 6.300000000000000000e+01 0.000000000000000000e+00
4.449233220368645769e-01 1.084855182615068081e+00 1.300000000000000000e+01 6.300000000000000000e+01 1.000000000000000000e+00
4.449233220368645769e-01 1.084855182615068081e+00 1.300000000000000000e+01 6.300000000000000000e+01 2.000000000000000000e+00
4.449233220368645769e-01 1.084855182615068081e+00 1.300000000000000000e+01 6.300000000000000000e+01 3.000000000000000000e+00
4.449233220368645769e-01 1.084855182615068081e+00 1.300000000000000000e+01 6.300000000000000000e+01 4.000000000000000000e+00
4.936819550767190812e-01 3.963221853780775072e-01 1.000000000000000000e+00 1.830000000000000000e+02 0.000000000000000000e+00
4.936819550767190812e-01 3.963221853780775072e-01 1.000000000000000000e+00 1.830000000000000000e+02 1.000000000000000000e+00
4.936819550767190812e-01 3.963221853780775072e-01 1.000000000000000000e+00 1.830000000000000000e+02 2.000000000000000000e+00
4.936819550767190812e-01 3.963221853780775072e-01 1.000000000000000000e+00 1.830000000000000000e+02 3.000000000000000000e+00
4.936819550767190812e-01 3.963221853780775072e-01 1.000000000000000000e+00 1.830000000000000000e+02 4.000000000000000000e+00
5.727444564229086099e-01 1.162403551729596751e+00 5.000000000000000000e+00 1.300000000000000000e+01 0.000000000000000000e+00
5.727444564229086099e-01 1.162403551729596751e+00 5.000000000000000000e+00 1.300000000000000000e+01 1.000000000000000000e+00
5.727444564229086099e-01 1.162403551729596751e+00 5.000000000000000000e+00 1.300000000000000000e+01 2.000000000000000000e+00
5.727444564229086099e-01 1.162403551729596751e+00 5.000000000000000000e+00 1.300000000000000000e+01 3.000000000000000000e+00
5.727444564229086099e-01 1.162403551729596751e+00 5.000000000000000000e+00 1.300000000000000000e+01 4.000000000000000000e+00
8.951189348102674970e-01 3.481341545687962613e-01 1.100000000000000000e+01 1.850000000000000000e+02 0.000000000000000000e+00
8.951189348102674970e-01 3.481341545687962613e-01 1.100000000000000000e+01 1.850000000000000000e+02 1.000000000000000000e+00
8.951189348102674970e-01 3.481341545687962613e-01 1.100000000000000000e+01 1.850000000000000000e+02 2.000000000000000000e+00
8.951189348102674970e-01 3.481341545687962613e-01 1.100000000000000000e+01 1.850000000000000000e+02 3.000000000000000000e+00
8.951189348102674970e-01 3.481341545687962613e-01 1.100000000000000000e+01 1.850000000000000000e+02 4.000000000000000000e+00
6.887044519220873739e-02 7.699891790908609535e-01 6.000000000000000000e+00 1.850000000000000000e+02 0.000000000000000000e+00
6.887044519220873739e-02 7.699891790908609535e-01 6.000000000000000000e+00 1.850000000000000000e+02 1.000000000000000000e+00
6.887044519220873739e-02 7.699891790908609535e-01 6.000000000000000000e+00 1.850000000000000000e+02 2.000000000000000000e+00
6.887044519220873739e-02 7.699891790908609535e-01 6.000000000000000000e+00 1.850000000000000000e+02 3.000000000000000000e+00
6.887044519220873739e-02 7.699891790908609535e-01 6.000000000000000000e+00 1.850000000000000000e+02 4.000000000000000000e+00
