7.813206432667459955e-01 1.415038987188030062e-01 1.600000000000000000e+01 1.230000000000000000e+02 0.000000000000000000e+00
6.436482349262754310e-01 1.597607765077223796e+00 4.000000000000000000e+00 1.540000000000000000e+02 0.000000000000000000e+00
5.085070123025904332e-01 5.495932910616952993e-01 6.000000000000000000e+00 2.000000000000000000e+02 0.000000000000000000e+00
2.080628647596239889e-01 1.621061424397917561e+00 4.000000000000000000e+00 5.900000000000000000e+01 0.000000000000000000e+00
1.791108365625354581e-01 2.766796283480205121e-01 4.000000000000000000e+00 1.650000000000000000e+02 0.000000000000000000e+00
6.953598183677972555e-01 2.006786692389872950e+00 3.000000000000000000e+00 1.610000000000000000e+02 0.000000000000000000e+00
1.394826632791445163e-02 1.124384526771553316e+00 1.900000000000000000e+01 1.800000000000000000e+02 0.000000000000000000e+00
8.226209616521135137e-01 1.325052133658776388e+00 5.000000000000000000e+00 1.360000000000000000e+02 0.000000000000000000e+00
7.317553174317995568e-01 6.837521363412663034e-01 1.200000000000000000e+01 1.810000000000000000e+02 0.000000000000000000e+00
9.277741225129434444e-01 1.529151566795381223e+00 1.000000000000000000e+00 1.010000000000000000e+02 0.000000000000000000e+00
5.525443680112612777e-01 3.843400952030538997e-01 1.300000000000000000e+01 3.100000000000000000e+01 0.000000000000000000e+00
3.833407600514692204e-01 1.448267230132690653e+00 1.100000000000000000e+01 1.170000000000000000e+02 0.000000000000000000e+00
4.518331744229960867e-01 9.680279866665874033e-01 1.600000000000000000e+01 7.700000000000000000e+01 0.000000000000000000e+00
6.277669784693171717e-01 1.126276485108781866e+00 1.100000000000000000e+01 6.700000000000000000e+01 0.000000000000000000e+00
6.603971819314672365e-01 1.302077906809088859e+00 7.000000000000000000e+00 2.700000000000000000e+01 0.000000000000000000e+00
8.152231968327464662e-01 1.143294304787268345e+00 1.500000000000000000e+01 1.140000000000000000e+02 0.000000000000000000e+00
9.186488808086682445e-01 7.384721779770905270e-01 1.900000000000000000e+01 3.900000000000000000e+01 0.000000000000000000e+00
1.004593492709073693e-01 7.014001132724067000e-01 8.000000000000000000e+00 1.980000000000000000e+02 0.000000000000000000e+00
1.239843618635497607e-01 1.757362652615353404e+00 4.000000000000000000e+00 1.300000000000000000e+01 0.000000000000000000e+00
5.689631938924976512e-02 1.352574296622785166e+00 2.000000000000000000e+00 6.700000000000000000e+01 0.000000000000000000e+00
5.575861559192435424e-01 1.738573991340137459e+00 1.500000000000000000e+01 1.000000000000000000e+00 0.000000000000000000e+00
2.089475396788122996e-01 1.813700604915466474e+00 1.700000000000000000e+01 1.090000000000000000e+02 0.000000000000000000e+00
3.616526394320879190e-01 1.609295383059714535e+00 1.700000000000000000e+01 1.440000000000000000e+02 0.000000000000000000e+00
3.059617068796787187e-01 1.867872959122372611e+00 1.000000000000000000e+01 1.270000000000000000e+02 0.000000000000000000e+00
3.355116378322487991e-01 4.300317954382969488e-01 5.000000000000000000e+00 1.700000000000000000e+02 0.000000000000000000e+00
4.025292439465872896e-01 2.869207491173005886e-01 1.000000000000000000e+00 1.330000000000000000e+02 0.000000000000000000e+00
8.311056578369284686e-01 4.023040392851277014e-01 1.000000000000000000e+01 5.200000000000000000e+01 0.000000000000000000e+00
3.941144486921995815e-01 1.988521424477602384e+00 4.000000000000000000e+00 1.840000000000000000e+02 0.000000000000000000e+00
9.976254749018722556e-01 1.012609094189568237e+00 8.000000000000000000e+00 3.900000000000000000e+01 0.000000000000000000e+00
8.361228438427398268e-01 6.027482684141186597e-01 1.300000000000000000e+01 1.870000000000000000e+02 0.000000000000000000e+00
6.073716482308842979e-01 1.905663520663254840e+00 1.000000000000000000e+00 1.220000000000000000e+02 0.000000000000000000e+00
5.445579488018150727e-01 1.280402725970845923e+00 1.500000000000000000e+01 1.850000000000000000e+02 0.000000000000000000e+00
4.928176722538734483e-02 8.143635172690725232e-01 1.800000000000000000e+01 1.740000000000000000e+02 0.000000000000000000e+00
8.961309015596417848e-02 7.109198366856365192e-01 2.000000000000000000e+01 2.500000000000000000e+01 0.000000000000000000e+00
3.407193119821320115e-01 1.647660592421191783e+00 1.700000000000000000e+01 1.250000000000000000e+02 0.000000000000000000e+00
4.995920868997726777e-02 9.589843568632766546e-01 8.000000000000000000e+00 1.410000000000000000e+02 0.000000000000000000e+00
3.249268718426883140e-01 1.372982286135089325e+00 7.000000000000000000e+00 1.080000000000000000e+02 0.000000000000000000e+00
3.563471500800330372e-01 1.861947124099888884e-01 3.000000000000000000e+00 9.000000000000000000e+01 0.000000000000000000e+00
8.899151745179160189e-01 1.626481174287362164e+00 8.000000000000000000e+00 1.090000000000000000e+02 0.000000000000000000e+00
8.880966427248583317e-01 9.350182876785338992e-01 2.000000000000000000e+00 5.600000000000000000e+01 0.000000000000000000e+00
6.155775643937567709e-01 1.126933254816576913e+00 1.000000000000000000e+00 1.600000000000000000e+01 0.000000000000000000e+00
6.078366479629736530e-01 6.244313222639005234e-01 5.000000000000000000e+00 4.200000000000000000e+01 0.000000000000000000e+00
3.108713089407072472e-01 1.507995641002121412e-01 6.000000000000000000e+00 1.680000000000000000e+02 0.000000000000000000e+00
3.130625606510347714e-01 5.841517508070547260e-01 3.000000000000000000e+00 1.640000000000000000e+02 0.000000000000000000e+00
5.675781886626442008e-01 1.231014039776335167e+00 1.900000000000000000e+01 9.000000000000000000e+00 0.000000000000000000e+00
4.851322474150505659e-01 6.855959525790181752e-01 9.000000000000000000e+00 6.700000000000000000e+01 0.000000000000000000e+00
7.425106069482444171e-02 2.057638291515285101e+00 2.000000000000000000e+01 1.340000000000000000e+02 0.000000000000000000e+00
3.497078436378636690e-01 1.090097261764908732e+00 1.400000000000000000e+01 1.530000000000000000e+02 0.000000000000000000e+00
9.870807259226818120e-01 9.815476498013330220e-01 8.000000000000000000e+00 4.000000000000000000e+01 0.000000000000000000e+00
3.282728054789512129e-01 1.139593971750760382e+00 2.000000000000000000e+00 2.100000000000000000e+01 0.000000000000000000e+00
5.881364298824675041e-01 1.807867501000972821e+00 1.700000000000000000e+01 1.180000000000000000e+02 1.000000000000000000e+00
7.809727353795002658e-02 1.029061615558665155e+00 8.000000000000000000e+00 1.600000000000000000e+02 1.000000000000000000e+00
7.919491186191484067e-01 1.537205620764500624e+00 1.100000000000000000e+01 9.200000000000000000e+01 1.000000000000000000e+00
5.960219800531758594e-01 1.741888264688157550e-01 2.000000000000000000e+00 1.450000000000000000e+02 1.000000000000000000e+00
3.606563912831329821e-01 1.226381368985490106e+00 1.500000000000000000e+01 1.670000000000000000e+02 1.000000000000000000e+00
3.097298724245628465e-01 1.124668306547098595e+00 1.200000000000000000e+01 1.560000000000000000e+02 1.000000000000000000e+00
6.834669252847205279e-01 4.183874667561869876e-01 1.300000000000000000e+01 9.300000000000000000e+01 1.000000000000000000e+00
6.047767015399762441e-02 7.756317741293589085e-01 1.800000000000000000e+01 4.100000000000000000e+01 1.000000000000000000e+00
1.180637727794525554e-01 4.578056171421808207e-01 1.700000000000000000e+01 5.300000000000000000e+01 1.000000000000000000e+00
8.958270961677057276e-01 8.307299424282316158e-01 1.000000000000000000e+01 1.620000000000000000e+02 1.000000000000000000e+00
2.287693491795367295e-01 1.604992340437205733e+00 3.000000000000000000e+00 1.290000000000000000e+02 1.000000000000000000e+00
1.168795843935691442e-01 1.589206481551121319e+00 1.300000000000000000e+01 1.860000000000000000e+02 1.000000000000000000e+00
4.797852934404944758e-01 1.296511342558218427e+00 1.000000000000000000e+01 5.300000000000000000e+01 1.000000000000000000e+00
1.576201922852976667e-01 4.680696441863024804e-01 4.000000000000000000e+00 1.950000000000000000e+02 1.000000000000000000e+00
6.550721264682418665e-01 1.972560125268111586e-01 8.000000000000000000e+00 5.100000000000000000e+01 1.000000000000000000e+00
2.586125078027694535e-01 1.184817032456008556e+00 1.000000000000000000e+01 1.030000000000000000e+02 1.000000000000000000e+00
2.367733432700092067e-01 8.628230698092641537e-01 1.300000000000000000e+01 2.700000000000000000e+01 1.000000000000000000e+00
9.322327869035462733e-01 1.950713745735553672e+00 6.000000000000000000e+00 2.100000000000000000e+01 1.000000000000000000e+00
5.767499245749999615e-01 1.166941769978005361e+00 8.000000000000000000e+00 3.100000000000000000e+01 1.000000000000000000e+00
2.486002463322811024e-02 2.055798526804009985e+00 9.000000000000000000e+00 4.500000000000000000e+01 1.000000000000000000e+00
5.830289040331858574e-01 1.683513992553248073e+00 1.900000000000000000e+01 1.120000000000000000e+02 1.000000000000000000e+00
5.715573602763689420e-01 1.854670483129869485e+00 6.000000000000000000e+00 1.830000000000000000e+02 1.000000000000000000e+00
5.941958285306755405e-01 1.517699652737910521e+00 6.000000000000000000e+00 1.880000000000000000e+02 1.000000000000000000e+00
1.585334513564585768e-01 9.569014779357928324e-01 1.000000000000000000e+01 2.000000000000000000e+02 1.000000000000000000e+00
7.038900663424116910e-01 3.092394890457063061e-01 1.000000000000000000e+01 1.760000000000000000e+02 1.000000000000000000e+00
4.496052377745904938e-01 4.324042954090673296e-01 5.000000000000000000e+00 1.930000000000000000e+02 1.000000000000000000e+00
5.169786292640473624e-01 1.738071728272425176e+00 7.000000000000000000e+00 1.730000000000000000e+02 1.000000000000000000e+00
1.001067347244385258e-01 1.700137501388290451e+00 1.800000000000000000e+01 1.980000000000000000e+02 1.000000000000000000e+00
5.751263539578045370e-01 1.278695423361214889e+00 2.000000000000000000e+00 1.420000000000000000e+02 1.000000000000000000e+00
2.081006572162689139e-01 9.722365106776685861e-01 7.000000000000000000e+00 2.000000000000000000e+00 1.000000000000000000e+00
3.059037622208373719e-01 1.751153518833553913e-01 3.000000000000000000e+00 1.820000000000000000e+02 1.000000000000000000e+00
4.068484037294627792e-02 1.006210000402466997e+00 1.400000000000000000e+01 6.900000000000000000e+01 1.000000000000000000e+00
7.548640769500677417e-01 1.214590812472793990e+00 2.000000000000000000e+00 1.170000000000000000e+02 1.000000000000000000e+00
3.951135995654865285e-01 4.361455950652372016e-01 5.000000000000000000e+00 8.600000000000000000e+01 1.000000000000000000e+00
8.482613207036928671e-01 1.298103594922985327e+00 1.900000000000000000e+01 8.300000000000000000e+01 1.000000000000000000e+00
7.927148182449711422e-01 1.797018363789429252e+00 1.700000000000000000e+01 1.100000000000000000e+02 1.000000000000000000e+00
6.131629758620348314e-01 1.662121234580564266e+00 1.500000000000000000e+01 4.000000000000000000e+00 1.000000000000000000e+00
6.257368760335693114e-01 1.423303823443099747e-01 1.900000000000000000e+01 1.650000000000000000e+02 1.000000000000000000e+00
7.604646104874910328e-01 4.520842665673877603e-01 5.000000000000000000e+00 1.300000000000000000e+02 1.000000000000000000e+00
4.685142062372730232e-01 1.126245415464490307e+00 3.000000000000000000e+00 1.340000000000000000e+02 1.000000000000000000e+00
4.940208902868258312e-01 1.788771589078695268e+00 1.000000000000000000e+01 4.300000000000000000e+01 1.000000000000000000e+00
1.848138948221194067e-01 1.292697502064998061e-01 4.000000000000000000e+00 2.500000000000000000e+01 1.000000000000000000e+00
8.587640718112321547e-01 1.585349154598868271e+00 9.000000000000000000e+00 2.700000000000000000e+01 1.000000000000000000e+00
4.666975353201722188e-01 9.337968140987554788e-01 1.800000000000000000e+01 1.700000000000000000e+01 1.000000000000000000e+00
1.267295109469632752e-01 7.773582659786794080e-01 5.000000000000000000e+00 3.700000000000000000e+01 1.000000000000000000e+00
1.046590407436530507e-01 1.531661745502628458e+00 1.600000000000000000e+01 1.980000000000000000e+02 1.000000000000000000e+00
8.708540441603861149e-02 5.119005167379450105e-01 2.000000000000000000e+01 1.780000000000000000e+02 1.000000000000000000e+00
5.837762314512021655e-01 6.876631104075360268e-01 3.000000000000000000e+00 1.930000000000000000e+02 1.000000000000000000e+00
6.657267427145981964e-01 1.707136695486439315e+00 2.000000000000000000e+01 1.500000000000000000e+02 1.000000000000000000e+00
3.612135029964087529e-01 2.868807538875340901e-01 1.000000000000000000e+00 1.230000000000000000e+02 1.000000000000000000e+00
8.233160836708041108e-01 1.669733436553893835e+00 4.000000000000000000e+00 3.500000000000000000e+01 2.000000000000000000e+00
4.034191124365154035e-01 1.828958387603906610e+00 1.100000000000000000e+01 1.600000000000000000e+01 2.000000000000000000e+00
3.940307681157324549e-01 6.146057744100076325e-01 4.000000000000000000e+00 1.870000000000000000e+02 2.000000000000000000e+00
8.394019198272358873e-01 1.572765407677126914e+00 8.000000000000000000e+00 3.700000000000000000e+01 2.000000000000000000e+00
5.176009080549593966e-01 1.388653230082834034e+00 9.000000000000000000e+00 1.870000000000000000e+02 2.000000000000000000e+00
2.231865653786481163e-01 1.891417897407116300e+00 6.000000000000000000e+00 1.580000000000000000e+02 2.000000000000000000e+00
9.759462515078151101e-01 7.340031246115762409e-01 1.300000000000000000e+01 1.830000000000000000e+02 2.000000000000000000e+00
8.755526182272831415e-01 7.205674138802379280e-01 7.000000000000000000e+00 1.710000000000000000e+02 2.000000000000000000e+00
3.526394543181709390e-02 1.983903155474572577e-01 1.100000000000000000e+01 1.390000000000000000e+02 2.000000000000000000e+00
1.946268380142655019e-01 2.380666832345081085e-01 6.000000000000000000e+00 8.300000000000000000e+01 2.000000000000000000e+00
2.674754234045431112e-01 1.927163463141349231e+00 1.700000000000000000e+01 8.100000000000000000e+01 2.000000000000000000e+00
4.678495119744104924e-01 3.604235789591897499e-01 1.300000000000000000e+01 4.300000000000000000e+01 2.000000000000000000e+00
8.198916654001786597e-01 9.069396809613320398e-01 5.000000000000000000e+00 1.790000000000000000e+02 2.000000000000000000e+00
3.443264498316411099e-02 1.813662085255505207e+00 1.500000000000000000e+01 1.000000000000000000e+00 2.000000000000000000e+00
2.842948190153962162e-01 1.518211928143981204e+00 2.000000000000000000e+01 3.100000000000000000e+01 2.000000000000000000e+00
3.657723428236633323e-01 1.688618123653068404e+00 8.000000000000000000e+00 6.700000000000000000e+01 2.000000000000000000e+00
8.546188611438505500e-01 1.176295034279916996e+00 1.700000000000000000e+01 8.600000000000000000e+01 2.000000000000000000e+00
5.690865164032583579e-01 3.450199628748397140e-01 2.000000000000000000e+01 1.780000000000000000e+02 2.000000000000000000e+00
3.876419185740802575e-01 9.574946582580853294e-01 5.000000000000000000e+00 1.010000000000000000e+02 2.000000000000000000e+00
5.212086462854653712e-01 1.883525139871388587e+00 5.000000000000000000e+00 2.000000000000000000e+00 2.000000000000000000e+00
3.102106115940130859e-01 8.928837577569009865e-01 1.000000000000000000e+01 1.360000000000000000e+02 2.000000000000000000e+00
8.032732330276141086e-01 9.245521547068012991e-01 1.600000000000000000e+01 8.900000000000000000e+01 2.000000000000000000e+00
1.948675499909123809e-01 1.780494632176781167e+00 1.400000000000000000e+01 1.730000000000000000e+02 2.000000000000000000e+00
5.792713997012884919e-01 2.201004111016392761e-01 1.200000000000000000e+01 1.910000000000000000e+02 2.000000000000000000e+00
9.989169741962011795e-01 5.575646664039305422e-01 1.700000000000000000e+01 5.800000000000000000e+01 2.000000000000000000e+00
6.247017129801696322e-01 8.360533616709188154e-01 1.600000000000000000e+01 1.100000000000000000e+02 2.000000000000000000e+00
8.127759363482464083e-01 1.355123705411257928e+00 1.800000000000000000e+01 4.000000000000000000e+01 2.000000000000000000e+00
8.312164761982603345e-01 6.765062775844327136e-01 1.000000000000000000e+01 8.500000000000000000e+01 2.000000000000000000e+00
2.847951315927687022e-01 1.302103782265020104e+00 4.000000000000000000e+00 3.000000000000000000e+00 2.000000000000000000e+00
9.485141972093374951e-01 1.514592618682874647e+00 1.200000000000000000e+01 1.520000000000000000e+02 2.000000000000000000e+00
2.734031649567575384e-01 3.446718422300100171e-01 1.100000000000000000e+01 5.700000000000000000e+01 2.000000000000000000e+00
4.687242291898636726e-01 2.049624998793338371e+00 1.100000000000000000e+01 1.500000000000000000e+01 2.000000000000000000e+00
6.905743744444446941e-01 4.865074645729220437e-01 5.000000000000000000e+00 3.800000000000000000e+01 2.000000000000000000e+00
5.673922716139500472e-02 2.005287873541247823e+00 6.000000000000000000e+00 1.260000000000000000e+02 2.000000000000000000e+00
8.686490154684265441e-01 1.755806351497142481e+00 5.000000000000000000e+00 7.800000000000000000e+01 2.000000000000000000e+00
9.739005228382828783e-01 1.297872898145349785e+00 2.000000000000000000e+01 1.530000000000000000e+02 2.000000000000000000e+00
9.409158358477515138e-01 3.935376285574535560e-01 1.500000000000000000e+01 1.900000000000000000e+01 2.000000000000000000e+00
1.239603087546922028e-01 8.440578043476688608e-01 8.000000000000000000e+00 5.000000000000000000e+01 2.000000000000000000e+00
7.765601265709067835e-01 7.422840629299188864e-01 2.000000000000000000e+00 1.220000000000000000e+02 2.000000000000000000e+00
6.480350813446267288e-01 1.184422033397577734e-01 1.400000000000000000e+01 1.650000000000000000e+02 2.000000000000000000e+00
5.534650384749160157e-01 7.755092937703670364e-01 1.500000000000000000e+01 2.300000000000000000e+01 2.000000000000000000e+00
9.080243088495153492e-01 1.981414076966446558e+00 1.000000000000000000e+01 1.870000000000000000e+02 2.000000000000000000e+00
3.941218491535694035e-01 8.922355846811939051e-01 4.000000000000000000e+00 6.000000000000000000e+01 2.000000000000000000e+00
9.072799448193480387e-01 2.176447362036940947e-01 8.000000000000000000e+00 5.000000000000000000e+01 2.000000000000000000e+00
4.153792884295690602e-01 3.603510812618248016e-01 1.400000000000000000e+01 2.100000000000000000e+01 2.000000000000000000e+00
9.696940892461757000e-02 1.667928573917975665e+00 1.900000000000000000e+01 9.200000000000000000e+01 2.000000000000000000e+00
3.145733553466201204e-01 1.268111745110538147e+00 6.000000000000000000e+00 4.900000000000000000e+01 2.000000000000000000e+00
8.884661784266630891e-01 1.861584121227081168e+00 4.000000000000000000e+00 1.120000000000000000e+02 2.000000000000000000e+00
6.109542072456763950e-01 1.390455491368066454e+00 2.000000000000000000e+00 5.000000000000000000e+00 2.000000000000000000e+00
6.662820283810620692e-02 6.949681939518436158e-01 1.100000000000000000e+01 5.800000000000000000e+01 2.000000000000000000e+00
7.017746075764665914e-01 4.780589057112706319e-01 4.000000000000000000e+00 9.200000000000000000e+01 3.000000000000000000e+00
8.130075367168978495e-01 1.129527499713425698e+00 2.000000000000000000e+01 2.300000000000000000e+01 3.000000000000000000e+00
7.672860403156147591e-01 4.555774972341958273e-01 3.000000000000000000e+00 1.780000000000000000e+02 3.000000000000000000e+00
9.262029129549274875e-02 1.064143939445717058e+00 2.000000000000000000e+01 9.900000000000000000e+01 3.000000000000000000e+00
5.388538793621261425e-01 1.492616543617994118e+00 6.000000000000000000e+00 1.010000000000000000e+02 3.000000000000000000e+00
2.147616140301962240e-01 1.442744659914726890e+00 9.000000000000000000e+00 4.100000000000000000e+01 3.000000000000000000e+00
8.032693253264205913e-01 1.834756250339221462e-01 2.000000000000000000e+01 2.500000000000000000e+01 3.000000000000000000e+00
9.733575057214909343e-01 2.050785434346665603e+00 1.000000000000000000e+01 1.080000000000000000e+02 3.000000000000000000e+00
5.606607842218150894e-01 2.298139648132192792e-01 4.000000000000000000e+00 1.050000000000000000e+02 3.000000000000000000e+00
3.552367898618574715e-01 1.408599376229905664e-01 2.000000000000000000e+00 1.700000000000000000e+01 3.000000000000000000e+00
8.108518097836160399e-01 5.158541962643027334e-01 1.500000000000000000e+01 7.100000000000000000e+01 3.000000000000000000e+00
1.532525109051819934e-01 1.499787969058505643e+00 1.500000000000000000e+01 1.130000000000000000e+02 3.000000000000000000e+00
6.794980601005472243e-02 6.132151336979930756e-01 1.000000000000000000e+00 4.000000000000000000e+00 3.000000000000000000e+00
5.203317845488449889e-01 2.090517569640511830e+00 9.000000000000000000e+00 6.700000000000000000e+01 3.000000000000000000e+00
1.565156793168016591e-01 9.990295551973528143e-01 1.900000000000000000e+01 6.600000000000000000e+01 3.000000000000000000e+00
6.114403761828062223e-01 2.945449882797602781e-01 5.000000000000000000e+00 6.100000000000000000e+01 3.000000000000000000e+00
2.987348805419752784e-01 1.541599803814814207e+00 1.000000000000000000e+01 1.770000000000000000e+02 3.000000000000000000e+00
5.608060640409487929e-01 1.777154030107774618e+00 1.200000000000000000e+01 1.920000000000000000e+02 3.000000000000000000e+00
5.903313514679765506e-01 4.691434732192522050e-01 1.400000000000000000e+01 1.380000000000000000e+02 3.000000000000000000e+00
6.255021170585407519e-01 1.873910176937220839e+00 1.900000000000000000e+01 1.380000000000000000e+02 3.000000000000000000e+00
5.267892778204419368e-01 1.352287338252846860e+00 1.500000000000000000e+01 7.600000000000000000e+01 3.000000000000000000e+00
5.150591175564611657e-01 1.919325153173108811e+00 1.600000000000000000e+01 8.400000000000000000e+01 3.000000000000000000e+00
4.233046555645703091e-01 1.170937432583446070e+00 7.000000000000000000e+00 4.000000000000000000e+00 3.000000000000000000e+00
3.526431255645265939e-01 3.591535542865201824e-01 1.500000000000000000e+01 1.570000000000000000e+02 3.000000000000000000e+00
6.728217513999887878e-01 1.971340003991299161e+00 8.000000000000000000e+00 4.800000000000000000e+01 3.000000000000000000e+00
6.227291819290540209e-01 1.785476998899528711e+00 1.300000000000000000e+01 1.610000000000000000e+02 3.000000000000000000e+00
2.279084362028427346e-01 1.906343479459843060e+00 2.000000000000000000e+01 5.000000000000000000e+01 3.000000000000000000e+00
1.976997711968574850e-02 5.516254533268695193e-01 1.300000000000000000e+01 5.200000000000000000e+01 3.000000000000000000e+00
1.420551272719868807e-01 1.915085893032102193e+00 6.000000000000000000e+00 4.000000000000000000e+00 3.000000000000000000e+00
9.202306366597630127e-01 1.262115814269809899e+00 1.600000000000000000e+01 1.320000000000000000e+02 3.000000000000000000e+00
9.749305252390537413e-02 3.337588791487963169e-01 7.000000000000000000e+00 1.750000000000000000e+02 3.000000000000000000e+00
7.810712553078544840e-01 1.565590537593044118e+00 8.000000000000000000e+00 1.900000000000000000e+02 3.000000000000000000e+00
9.712835693251219149e-02 8.149263962397693684e-01 6.000000000000000000e+00 2.600000000000000000e+01 3.000000000000000000e+00
7.832116217522615553e-01 3.629432032235121453e-01 1.300000000000000000e+01 1.930000000000000000e+02 3.000000000000000000e+00
5.478324338539740657e-01 1.609447132453898366e+00 1.300000000000000000e+01 1.270000000000000000e+02 3.000000000000000000e+00
2.825261759911351644e-01 1.233033991814656671e+00 5.000000000000000000e+00 1.730000000000000000e+02 3.000000000000000000e+00
4.866849707166619465e-01 1.213241385083678958e+00 1.100000000000000000e+01 2.800000000000000000e+01 3.000000000000000000e+00
4.507370574138011010e-01 1.487474728523823453e+00 1.000000000000000000e+01 3.800000000000000000e+01 3.000000000000000000e+00
7.282371803196472371e-01 1.612764715791197068e+00 1.600000000000000000e+01 1.230000000000000000e+02 3.000000000000000000e+00
4.732200901133908760e-02 1.457670793785962760e+00 1.300000000000000000e+01 3.800000000000000000e+01 3.000000000000000000e+00
4.872208009079344038e-01 3.003427753418642654e-01 2.000000000000000000e+00 1.920000000000000000e+02 3.000000000000000000e+00
6.241962337146903517e-01 1.775829017932392340e+00 1.200000000000000000e+01 9.900000000000000000e+01 3.000000000000000000e+00
7.438940376588334402e-01 7.431311654238145215e-01 1.500000000000000000e+01 1.920000000000000000e+02 3.000000000000000000e+00
7.785531108690034452e-02 1.746604741285450457e-01 6.000000000000000000e+00 1.400000000000000000e+01 3.000000000000000000e+00
5.691253039604821096e-01 4.217053985370956548e-01 1.500000000000000000e+01 1.580000000000000000e+02 3.000000000000000000e+00
2.778881857020918389e-01 5.714239128719938998e-01 1.500000000000000000e+01 4.700000000000000000e+01 3.000000000000000000e+00
2.934746161782730151e-02 4.033728487899582715e-01 2.000000000000000000e+01 6.900000000000000000e+01 3.000000000000000000e+00
4.390251313256176430e-02 2.063669716175756452e+00 5.000000000000000000e+00 1.480000000000000000e+02 3.000000000000000000e+00
3.704853101540587224e-01 1.750929057124033905e+00 2.000000000000000000e+01 9.800000000000000000e+01 3.000000000000000000e+00
4.222374085174552816e-01 6.063582926198797241e-01 1.100000000000000000e+01 1.890000000000000000e+02 3.000000000000000000e+00
2.467108764801604348e-01 1.646231198553427699e+00 1.000000000000000000e+00 2.900000000000000000e+01 4.000000000000000000e+00
6.812569051256316399e-01 1.512661770401334094e+00 1.900000000000000000e+01 1.600000000000000000e+01 4.000000000000000000e+00
8.631554131904021210e-01 1.144099133672015878e+00 1.700000000000000000e+01 1.720000000000000000e+02 4.000000000000000000e+00
4.527696533214512487e-01 1.207496882511007508e+00 6.000000000000000000e+00 1.400000000000000000e+02 4.000000000000000000e+00
6.619948484061100036e-01 1.677107748950480648e+00 7.000000000000000000e+00 3.000000000000000000e+01 4.000000000000000000e+00
9.022694516926879071e-01 7.182103173581074751e-01 3.000000000000000000e+00 9.200000000000000000e+01 4.000000000000000000e+00
1.456097722670692818e-01 1.601853303688374641e+00 1.600000000000000000e+01 7.000000000000000000e+01 4.000000000000000000e+00
5.368332215370757998e-01 1.669477161520948272e+00 1.600000000000000000e+01 5.500000000000000000e+01 4.000000000000000000e+00
4.399261028565722986e-01 1.777693175227052169e+00 1.000000000000000000e+01 1.710000000000000000e+02 4.000000000000000000e+00
5.473540254236295421e-01 6.008478663003485876e-01 1.000000000000000000e+01 1.010000000000000000e+02 4.000000000000000000e+00
6.889401144077376971e-02 2.838985698152952653e-01 1.000000000000000000e+00 1.780000000000000000e+02 4.000000000000000000e+00
1.841999431414463873e-01 9.785087011965506454e-01 1.600000000000000000e+01 1.220000000000000000e+02 4.000000000000000000e+00
8.209342250751058279e-01 1.920804247212669402e+00 1.300000000000000000e+01 6.400000000000000000e+01 4.000000000000000000e+00
5.860907120119877023e-01 6.823088595606984219e-01 1.600000000000000000e+01 1.500000000000000000e+01 4.000000000000000000e+00
6.617863717812155766e-01 1.375841401511136208e+00 8.000000000000000000e+00 7.700000000000000000e+01 4.000000000000000000e+00
5.135747397173305862e-01 2.031105431243592552e+00 1.900000000000000000e+01 1.700000000000000000e+02 4.000000000000000000e+00
8.166911496104902746e-01 1.957038712807234404e+00 8.000000000000000000e+00 6.500000000000000000e+01 4.000000000000000000e+00
6.239351266644379557e-01 2.064007832686202359e+00 1.700000000000000000e+01 6.900000000000000000e+01 4.000000000000000000e+00
7.249879558453261597e-01 1.173185428345821235e-01 1.000000000000000000e+01 1.550000000000000000e+02 4.000000000000000000e+00
2.981455809938111656e-01 1.782797315003642469e+00 1.900000000000000000e+01 4.100000000000000000e+01 4.000000000000000000e+00
4.531770870273473806e-01 4.460994469532072459e-01 1.300000000000000000e+01 1.700000000000000000e+02 4.000000000000000000e+00
1.245271122262635449e-01 1.695761192042461563e+00 9.000000000000000000e+00 1.390000000000000000e+02 4.000000000000000000e+00
6.589051514456137904e-01 1.103491996293992194e+00 2.000000000000000000e+00 5.200000000000000000e+01 4.000000000000000000e+00
2.956402082321651914e-01 1.373391656970783359e+00 9.000000000000000000e+00 2.000000000000000000e+02 4.000000000000000000e+00
3.783419053302234936e-01 1.179077086704503952e+00 1.200000000000000000e+01 4.700000000000000000e+01 4.000000000000000000e+00
7.720668019798758719e-01 1.779774962308761088e+00 1.800000000000000000e+01 9.000000000000000000e+00 4.000000000000000000e+00
1.149574120216879519e-01 1.121262616691831582e+00 5.000000000000000000e+00 1.350000000000000000e+02 4.000000000000000000e+00
6.554886627441757208e-01 4.061336285053182005e-01 4.000000000000000000e+00 1.110000000000000000e+02 4.000000000000000000e+00
1.175964910435977305e-02 2.034091506460100618e+00 1.300000000000000000e+01 1.300000000000000000e+02 4.000000000000000000e+00
8.178665332650922881e-01 6.481351787269430398e-01 1.400000000000000000e+01 3.800000000000000000e+01 4.000000000000000000e+00
2.890896070721259425e-01 3.413592828439563354e-01 1.300000000000000000e+01 8.900000000000000000e+01 4.000000000000000000e+00
4.906882649908570482e-01 1.964603957525125066e+00 3.000000000000000000e+00 7.300000000000000000e+01 4.000000000000000000e+00
9.249274257682685851e-01 5.877501919516220363e-01 1.600000000000000000e+01 1.220000000000000000e+02 4.000000000000000000e+00
4.048582964158738973e-01 2.040479060453177951e+00 1.100000000000000000e+01 1.000000000000000000e+01 4.000000000000000000e+00
2.856196336037614136e-01 1.975698881732827594e+00 7.000000000000000000e+00 1.880000000000000000e+02 4.000000000000000000e+00
7.790121570235064574e-01 1.869437376212121249e+00 1.000000000000000000e+01 1.050000000000000000e+02 4.000000000000000000e+00
8.810049752440003434e-01 3.929419184536301346e-01 1.500000000000000000e+01 1.560000000000000000e+02 4.000000000000000000e+00
7.991887879251763360e-01 1.918444491343019642e+00 1.700000000000000000e+01 1.620000000000000000e+02 4.000000000000000000e+00
8.481705485307050596e-01 1.524062372774324770e+00 1.500000000000000000e+01 4.500000000000000000e+01 4.000000000000000000e+00
3.173794185374644305e-01 8.075691095419786913e-01 1.300000000000000000e+01 1.040000000000000000e+02 4.000000000000000000e+00
2.463533952237783042e-01 2.796232781264510470e-01 1.300000000000000000e+01 1.430000000000000000e+02 4.000000000000000000e+00
2.044781743220381864e-01 1.331615750734233661e+00 1.000000000000000000e+01 1.800000000000000000e+02 4.000000000000000000e+00
9.420836755651093020e-01 1.482167899566219527e+00 1.100000000000000000e+01 7.900000000000000000e+01 4.000000000000000000e+00
5.728470467042563463e-01 6.275115908250844532e-01 3.000000000000000000e+00 1.230000000000000000e+02 4.000000000000000000e+00
5.371468808849665377e-01 1.708765829418168902e+00 9.000000000000000000e+00 1.300000000000000000e+01 4.000000000000000000e+00
3.050758939059986519e-01 4.666771011190017360e-01 1.200000000000000000e+01 1.040000000000000000e+02 4.000000000000000000e+00
2.973245950662061626e-02 1.586642463945099335e+00 1.400000000000000000e+01 1.680000000000000000e+02 4.000000000000000000e+00
4.829340418583660116e-02 9.673593379476971288e-01 9.000000000000000000e+00 1.310000000000000000e+02 4.000000000000000000e+00
8.420847613127486753e-01 1.269171169995154946e-01 1.400000000000000000e+01 1.100000000000000000e+01 4.000000000000000000e+00
5.193353915141386556e-01 1.059097400282505763e+00 1.700000000000000000e+01 1.890000000000000000e+02 4.000000000000000000e+00
