1.167382022553107163e-01 1.468685266557374858e+00 1.900000000000000000e+01 1.180000000000000000e+02 0.000000000000000000e+00
1.167382022553107163e-01 1.468685266557374858e+00 1.900000000000000000e+01 1.180000000000000000e+02 1.000000000000000000e+00
1.167382022553107163e-01 1.468685266557374858e+00 1.900000000000000000e+01 1.180000000000000000e+02 2.000000000000000000e+00
1.167382022553107163e-01 1.468685266557374858e+00 1.900000000000000000e+01 1.180000000000000000e+02 3.000000000000000000e+00
1.167382022553107163e-01 1.468685266557374858e+00 1.900000000000000000e+01 1.180000000000000000e+02 4.000000000000000000e+00
5.449626173910872007e-01 8.383741534999301637e-01 2.000000000000000000e+00 8.200000000000000000e+01 0.000000000000000000e+00
5.449626173910872007e-01 8.383741534999301637e-01 2.000000000000000000e+00 8.200000000000000000e+01 1.000000000000000000e+00
5.449626173910872007e-01 8.383741534999301637e-01 2.000000000000000000e+00 8.200000000000000000e+01 2.000000000000000000e+00
5.449626173910872007e-01 8.383741534999301637e-01 2.000000000000000000e+00 8.200000000000000000e+01 3.000000000000000000e+00
5.449626173910872007e-01 8.383741534999301637e-01 2.000000000000000000e+00 8.200000000000000000e+01 4.000000000000000000e+00
4.226146437264349798e-01 1.275694952050361319e+00 1.500000000000000000e+01 7.800000000000000000e+01 0.000000000000000000e+00
4.226146437264349798e-01 1.275694952050361319e+00 1.500000000000000000e+01 7.800000000000000000e+01 1.000000000000000000e+00
4.226146437264349798e-01 1.275694952050361319e+00 1.500000000000000000e+01 7.800000000000000000e+01 2.000000000000000000e+00
4.226146437264349798e-01 1.275694952050361319e+00 1.500000000000000000e+01 7.800000000000000000e+01 3.000000000000000000e+00
4.226146437264349798e-01 1.275694952050361319e+00 1.500000000000000000e+01 7.800000000000000000e+01 4.000000000000000000e+00
7.260737882919960917e-01 4.466680775487997801e-01 1.800000000000000000e+01 1.550000000000000000e+02 0.000000000000000000e+00
7.260737882919960917e-01 4.466680775487997801e-01 1.800000000000000000e+01 1.550000000000000000e+02 1.000000000000000000e+00
7.260737882919960917e-01 4.466680775487997801e-01 1.800000000000000000e+01 1.550000000000000000e+02 2.000000000000000000e+00
7.260737882919960917e-01 4.466680775487997801e-01 1.800000000000000000e+01 1.550000000000000000e+02 3.000000000000000000e+00
7.260737882919960917e-01 4.466680775487997801e-01 1.800000000000000000e+01 1.550000000000000000e+02 4.000000000000000000e+00
7.674229347027071435e-02 1.101357745353868101e+00 6.000000000000000000e+00 6.000000000000000000e+01 0.000000000000000000e+00
7.674229347027071435e-02 1.101357745353868101e+00 6.000000000000000000e+00 6.000000000000000000e+01 1.000000000000000000e+00
7.674229347027071435e-02 1.101357745353868101e+00 6.000000000000000000e+00 6.000000000000000000e+01 2.000000000000000000e+00
7.674229347027071435e-02 1.101357745353868101e+00 6.000000000000000000e+00 6.000000000000000000e+01 3.000000000000000000e+00
7.674229347027071435e-02 1.101357745353868101e+00 6.000000000000000000e+00 6.000000000000000000e+01 4.000000000000000000e+00
4.421471951833506608e-01 1.993351843769817888e+00 3.000000000000000000e+00 1.800000000000000000e+02 0.000000000000000000e+00
4.421471951833506608e-01 1.993351843769817888e+00 3.000000000000000000e+00 1.800000000000000000e+02 1.000000000000000000e+00
4.421471951833506608e-01 1.993351843769817888e+00 3.000000000000000000e+00 1.800000000000000000e+02 2.000000000000000000e+00
4.421471951833506608e-01 1.993351843769817888e+00 3.000000000000000000e+00 1.800000000000000000e+02 3.000000000000000000e+00
4.421471951833506608e-01 1.993351843769817888e+00 3.000000000000000000e+00 1.800000000000000000e+02 4.000000000000000000e+00
4.262598720764171345e-01 5.949393722724457545e-01 1.200000000000000000e+01 7.300000000000000000e+01 0.000000000000000000e+00
4.262598720764171345e-01 5.949393722724457545e-01 1.200000000000000000e+01 7.300000000000000000e+01 1.000000000000000000e+00
4.262598720764171345e-01 5.949393722724457545e-01 1.200000000000000000e+01 7.300000000000000000e+01 2.000000000000000000e+00
4.262598720764171345e-01 5.949393722724457545e-01 1.200000000000000000e+01 7.300000000000000000e+01 3.000000000000000000e+00
4.262598720764171345e-01 5.949393722724457545e-01 1.200000000000000000e+01 7.300000000000000000e+01 4.000000000000000000e+00
4.141418393741780335e-01 1.368518167967828214e+00 1.900000000000000000e+01 2.300000000000000000e+01 0.000000000000000000e+00
4.141418393741780335e-01 1.368518167967828214e+00 1.900000000000000000e+01 2.300000000000000000e+01 1.000000000000000000e+00
4.141418393741780335e-01 1.368518167967828214e+00 1.900000000000000000e+01 2.300000000000000000e+01 2.000000000000000000e+00
4.141418393741780335e-01 1.368518167967828214e+00 1.900000000000000000e+01 2.300000000000000000e+01 3.000000000000000000e+00
4.141418393741780335e-01 1.368518167967828214e+00 1.900000000000000000e+01 2.300000000000000000e+01 4.000000000000000000e+00
5.937632774740397856e-01 1.664208726414743600e+00 9.000000000000000000e+00 7.800000000000000000e+01 0.000000000000000000e+00
5.937632774740397856e-01 1.664208726414743600e+00 9.000000000000000000e+00 7.800000000000000000e+01 1.000000000000000000e+00
5.937632774740397856e-01 1.664208726414743600e+00 9.000000000000000000e+00 7.800000000000000000e+01 2.000000000000000000e+00
5.937632774740397856e-01 1.664208726414743600e+00 9.000000000000000000e+00 7.800000000000000000e+01 3.000000000000000000e+00
5.937632774740397856e-01 1.664208726414743600e+00 9.000000000000000000e+00 7.800000000000000000e+01 4.000000000000000000e+00
6.268701951335143852e-01 1.355533310319879448e+00 7.000000000000000000e+00 5.100000000000000000e+01 0.000000000000000000e+00
6.268701951335143852e-01 1.355533310319879448e+00 7.000000000000000000e+00 5.100000000000000000e+01 1.000000000000000000e+00
6.268701951335143852e-01 1.355533310319879448e+00 7.000000000000000000e+00 5.100000000000000000e+01 2.000000000000000000e+00
6.268701951335143852e-01 1.355533310319879448e+00 7.000000000000000000e+00 5.100000000000000000e+01 3.000000000000000000e+00
6.268701951335143852e-01 1.355533310319879448e+00 7.000000000000000000e+00 5.100000000000000000e+01 4.000000000000000000e+00
3.798691195444671154e-01 4.367534090093939669e-01 1.700000000000000000e+01 1.430000000000000000e+02 0.000000000000000000e+00
3.798691195444671154e-01 4.367534090093939669e-01 1.700000000000000000e+01 1.430000000000000000e+02 1.000000000000000000e+00
3.798691195444671154e-01 4.367534090093939669e-01 1.700000000000000000e+01 1.430000000000000000e+02 2.000000000000000000e+00
3.798691195444671154e-01 4.367534090093939669e-01 1.700000000000000000e+01 1.430000000000000000e+02 3.000000000000000000e+00
3.798691195444671154e-01 4.367534090093939669e-01 1.700000000000000000e+01 1.430000000000000000e+02 4.000000000000000000e+00
7.553210540003871820e-01 8.908321820677554959e-01 2.000000000000000000e+01 1.220000000000000000e+02 0.000000000000000000e+00
7.553210540003871820e-01 8.908321820677554959e-01 2.000000000000000000e+01 1.220000000000000000e+02 1.000000000000000000e+00
7.553210540003871820e-01 8.908321820677554959e-01 2.000000000000000000e+01 1.220000000000000000e+02 2.000000000000000000e+00
7.553210540003871820e-01 8.908321820677554959e-01 2.000000000000000000e+01 1.220000000000000000e+02 3.000000000000000000e+00
7.553210540003871820e-01 8.908321820677554959e-01 2.000000000000000000e+01 1.220000000000000000e+02 4.000000000000000000e+00
6.705338775383855587e-01 7.372885016692919402e-01 1.000000000000000000e+01 1.200000000000000000e+02 0.000000000000000000e+00
6.705338775383855587e-01 7.372885016692919402e-01 1.000000000000000000e+01 1.200000000000000000e+02 1.000000000000000000e+00
6.705338775383855587e-01 7.372885016692919402e-01 1.000000000000000000e+01 1.200000000000000000e+02 2.000000000000000000e+00
6.705338775383855587e-01 7.372885016692919402e-01 1.000000000000000000e+01 1.200000000000000000e+02 3.000000000000000000e+00
6.705338775383855587e-01 7.372885016692919402e-01 1.000000000000000000e+01 1.200000000000000000e+02 4.000000000000000000e+00
7.947110339570982729e-02 1.978048099341972732e-01 1.000000000000000000e+01 1.910000000000000000e+02 0.000000000000000000e+00
7.947110339570982729e-02 1.978048099341972732e-01 1.000000000000000000e+01 1.910000000000000000e+02 1.000000000000000000e+00
7.947110339570982729e-02 1.978048099341972732e-01 1.000000000000000000e+01 1.910000000000000000e+02 2.000000000000000000e+00
7.947110339570982729e-02 1.978048099341972732e-01 1.000000000000000000e+01 1.910000000000000000e+02 3.000000000000000000e+00
7.947110339570982729e-02 1.978048099341972732e-01 1.000000000000000000e+01 1.910000000000000000e+02 4.000000000000000000e+00
4.516463480319504731e-01 1.502891838023619808e+00 2.000000000000000000e+00 1.000000000000000000e+02 0.000000000000000000e+00
4.516463480319504731e-01 1.502891838023619808e+00 2.000000000000000000e+00 1.000000000000000000e+02 1.000000000000000000e+00
4.516463480319504731e-01 1.502891838023619808e+00 2.000000000000000000e+00 1.000000000000000000e+02 2.000000000000000000e+00
4.516463480319504731e-01 1.502891838023619808e+00 2.000000000000000000e+00 1.000000000000000000e+02 3.000000000000000000e+00
4.516463480319504731e-01 1.502891838023619808e+00 2.000000000000000000e+00 1.000000000000000000e+02 4.000000000000000000e+00
7.983727608915540674e-01 5.746700268265737543e-01 1.700000000000000000e+01 2.900000000000000000e+01 0.000000000000000000e+00
7.983727608915540674e-01 5.746700268265737543e-01 1.700000000000000000e+01 2.900000000000000000e+01 1.000000000000000000e+00
7.983727608915540674e-01 5.746700268265737543e-01 1.700000000000000000e+01 2.900000000000000000e+01 2.000000000000000000e+00
7.983727608915540674e-01 5.746700268265737543e-01 1.700000000000000000e+01 2.900000000000000000e+01 3.000000000000000000e+00
7.983727608915540674e-01 5.746700268265737543e-01 1.700000000000000000e+01 2.900000000000000000e+01 4.000000000000000000e+00
6.610930750848753590e-01 1.840985172927490865e+00 4.000000000000000000e+00 1.810000000000000000e+02 0.000000000000000000e+00
6.610930750848753590e-01 1.840985172927490865e+00 4.000000000000000000e+00 1.810000000000000000e+02 1.000000000000000000e+00
6.610930750848753590e-01 1.840985172927490865e+00 4.000000000000000000e+00 1.810000000000000000e+02 2.000000000000000000e+00
6.610930750848753590e-01 1.840985172927490865e+00 4.000000000000000000e+00 1.810000000000000000e+02 3.000000000000000000e+00
6.610930750848753590e-01 1.840985172927490865e+00 4.000000000000000000e+00 1.810000000000000000e+02 4.000000000000000000e+00
2.204881536580931556e-01 3.597824105786099347e-01 2.000000000000000000e+00 1.580000000000000000e+02 0.000000000000000000e+00
2.204881536580931556e-01 3.597824105786099347e-01 2.000000000000000000e+00 1.580000000000000000e+02 1.000000000000000000e+00
2.204881536580931556e-01 3.597824105786099347e-01 2.000000000000000000e+00 1.580000000000000000e+02 2.000000000000000000e+00
2.204881536580931556e-01 3.597824105786099347e-01 2.000000000000000000e+00 1.580000000000000000e+02 3.000000000000000000e+00
2.204881536580931556e-01 3.597824105786099347e-01 2.000000000000000000e+00 1.580000000000000000e+02 4.000000000000000000e+00
8.155108178097811855e-01 1.801373543055152793e-01 1.100000000000000000e+01 8.000000000000000000e+00 0.000000000000000000e+00
8.155108178097811855e-01 1.801373543055152793e-01 1.100000000000000000e+01 8.000000000000000000e+00 1.000000000000000000e+00
8.155108178097811855e-01 1.801373543055152793e-01 1.100000000000000000e+01 8.000000000000000000e+00 2.000000000000000000e+00
8.155108178097811855e-01 1.801373543055152793e-01 1.100000000000000000e+01 8.000000000000000000e+00 3.000000000000000000e+00
8.155108178097811855e-01 1.801373543055152793e-01 1.100000000000000000e+01 8.000000000000000000e+00 4.000000000000000000e+00
3.710520200452299688e-01 1.452349711068935401e+00 4.000000000000000000e+00 1.000000000000000000e+00 0.000000000000000000e+00
3.710520200452299688e-01 1.452349711068935401e+00 4.000000000000000000e+00 1.000000000000000000e+00 1.000000000000000000e+00
3.710520200452299688e-01 1.452349711068935401e+00 4.000000000000000000e+00 1.000000000000000000e+00 2.000000000000000000e+00
3.710520200452299688e-01 1.452349711068935401e+00 4.000000000000000000e+00 1.000000000000000000e+00 3.000000000000000000e+00
3.710520200452299688e-01 1.452349711068935401e+00 4.000000000000000000e+00 1.000000000000000000e+00 4.000000000000000000e+00
8.372632405353878093e-01 9.729869884790932621e-01 1.300000000000000000e+01 1.960000000000000000e+02 0.000000000000000000e+00
8.372632405353878093e-01 9.729869884790932621e-01 1.300000000000000000e+01 1.960000000000000000e+02 1.000000000000000000e+00
8.372632405353878093e-01 9.729869884790932621e-01 1.300000000000000000e+01 1.960000000000000000e+02 2.000000000000000000e+00
8.372632405353878093e-01 9.729869884790932621e-01 1.300000000000000000e+01 1.960000000000000000e+02 3.000000000000000000e+00
8.372632405353878093e-01 9.729869884790932621e-01 1.300000000000000000e+01 1.960000000000000000e+02 4.000000000000000000e+00
8.900261017034503952e-02 2.870758866988937230e-01 1.800000000000000000e+01 5.100000000000000000e+01 0.000000000000000000e+00
8.900261017034503952e-02 2.870758866988937230e-01 1.800000000000000000e+01 5.100000000000000000e+01 1.000000000000000000e+00
8.900261017034503952e-02 2.870758866988937230e-01 1.800000000000000000e+01 5.100000000000000000e+01 2.000000000000000000e+00
8.900261017034503952e-02 2.870758866988937230e-01 1.800000000000000000e+01 5.100000000000000000e+01 3.000000000000000000e+00
8.900261017034503952e-02 2.870758866988937230e-01 1.800000000000000000e+01 5.100000000000000000e+01 4.000000000000000000e+00
7.023806444164730767e-01 1.689642609379777172e+00 1.900000000000000000e+01 1.100000000000000000e+02 0.000000000000000000e+00
7.023806444164730767e-01 1.689642609379777172e+00 1.900000000000000000e+01 1.100000000000000000e+02 1.000000000000000000e+00
7.023806444164730767e-01 1.689642609379777172e+00 1.900000000000000000e+01 1.100000000000000000e+02 2.000000000000000000e+00
7.023806444164730767e-01 1.689642609379777172e+00 1.900000000000000000e+01 1.100000000000000000e+02 3.000000000000000000e+00
7.023806444164730767e-01 1.689642609379777172e+00 1.900000000000000000e+01 1.100000000000000000e+02 4.000000000000000000e+00
3.323707370816423312e-01 8.548254682664461201e-01 1.000000000000000000e+01 1.040000000000000000e+02 0.000000000000000000e+00
3.323707370816423312e-01 8.548254682664461201e-01 1.000000000000000000e+01 1.040000000000000000e+02 1.000000000000000000e+00
3.323707370816423312e-01 8.548254682664461201e-01 1.000000000000000000e+01 1.040000000000000000e+02 2.000000000000000000e+00
3.323707370816423312e-01 8.548254682664461201e-01 1.000000000000000000e+01 1.040000000000000000e+02 3.000000000000000000e+00
3.323707370816423312e-01 8.548254682664461201e-01 1.000000000000000000e+01 1.040000000000000000e+02 4.000000000000000000e+00
7.428546427461181212e-01 6.529758659834986601e-01 1.000000000000000000e+00 7.900000000000000000e+01 0.000000000000000000e+00
7.428546427461181212e-01 6.529758659834986601e-01 1.000000000000000000e+00 7.900000000000000000e+01 1.000000000000000000e+00
7.428546427461181212e-01 6.529758659834986601e-01 1.000000000000000000e+00 7.900000000000000000e+01 2.000000000000000000e+00
7.428546427461181212e-01 6.529758659834986601e-01 1.000000000000000000e+00 7.900000000000000000e+01 3.000000000000000000e+00
7.428546427461181212e-01 6.529758659834986601e-01 1.000000000000000000e+00 7.900000000000000000e+01 4.000000000000000000e+00
2.521168302969423181e-01 6.422575087344412070e-01 2.000000000000000000e+00 1.150000000000000000e+02 0.000000000000000000e+00
2.521168302969423181e-01 6.422575087344412070e-01 2.000000000000000000e+00 1.150000000000000000e+02 1.000000000000000000e+00
2.521168302969423181e-01 6.422575087344412070e-01 2.000000000000000000e+00 1.150000000000000000e+02 2.000000000000000000e+00
2.521168302969423181e-01 6.422575087344412070e-01 2.000000000000000000e+00 1.150000000000000000e+02 3.000000000000000000e+00
2.521168302969423181e-01 6.422575087344412070e-01 2.000000000000000000e+00 1.150000000000000000e+02 4.000000000000000000e+00
1.733690796734335127e-01 1.944179469671808713e-01 5.000000000000000000e+00 4.000000000000000000e+01 0.000000000000000000e+00
1.733690796734335127e-01 1.944179469671808713e-01 5.000000000000000000e+00 4.000000000000000000e+01 1.000000000000000000e+00
1.733690796734335127e-01 1.944179469671808713e-01 5.000000000000000000e+00 4.000000000000000000e+01 2.000000000000000000e+00
1.733690796734335127e-01 1.944179469671808713e-01 5.000000000000000000e+00 4.000000000000000000e+01 3.000000000000000000e+00
1.733690796734335127e-01 1.944179469671808713e-01 5.000000000000000000e+00 4.000000000000000000e+01 4.000000000000000000e+00
8.458047334441610721e-01 1.888241764049280125e+00 9.000000000000000000e+00 1.610000000000000000e+02 0.000000000000000000e+00
8.458047334441610721e-01 1.888241764049280125e+00 9.000000000000000000e+00 1.610000000000000000e+02 1.000000000000000000e+00
8.458047334441610721e-01 1.888241764049280125e+00 9.000000000000000000e+00 1.610000000000000000e+02 2.000000000000000000e+00
8.458047334441610721e-01 1.888241764049280125e+00 9.000000000000000000e+00 1.610000000000000000e+02 3.000000000000000000e+00
8.458047334441610721e-01 1.888241764049280125e+00 9.000000000000000000e+00 1.610000000000000000e+02 4.000000000000000000e+00
6.080183879513761935e-01 8.089992296869293886e-01 1.900000000000000000e+01 1.160000000000000000e+02 0.000000000000000000e+00
6.080183879513761935e-01 8.089992296869293886e-01 1.900000000000000000e+01 1.160000000000000000e+02 1.000000000000000000e+00
6.080183879513761935e-01 8.089992296869293886e-01 1.900000000000000000e+01 1.160000000000000000e+02 2.000000000000000000e+00
6.080183879513761935e-01 8.089992296869293886e-01 1.900000000000000000e+01 1.160000000000000000e+02 3.000000000000000000e+00
6.080183879513761935e-01 8.089992296869293886e-01 1.900000000000000000e+01 1.160000000000000000e+02 4.000000000000000000e+00
8.737436102967176266e-02 4.477298523716711776e-01 1.000000000000000000e+00 1.000000000000000000e+00 0.000000000000000000e+00
8.737436102967176266e-02 4.477298523716711776e-01 1.000000000000000000e+00 1.000000000000000000e+00 1.000000000000000000e+00
8.737436102967176266e-02 4.477298523716711776e-01 1.000000000000000000e+00 1.000000000000000000e+00 2.000000000000000000e+00
8.737436102967176266e-02 4.477298523716711776e-01 1.000000000000000000e+00 1.000000000000000000e+00 3.000000000000000000e+00
8.737436102967176266e-02 4.477298523716711776e-01 1.000000000000000000e+00 1.000000000000000000e+00 4.000000000000000000e+00
1.887389631817083524e-01 9.360395984139734393e-01 1.600000000000000000e+01 1.820000000000000000e+02 0.000000000000000000e+00
1.887389631817083524e-01 9.360395984139734393e-01 1.600000000000000000e+01 1.820000000000000000e+02 1.000000000000000000e+00
1.887389631817083524e-01 9.360395984139734393e-01 1.600000000000000000e+01 1.820000000000000000e+02 2.000000000000000000e+00
1.887389631817083524e-01 9.360395984139734393e-01 1.600000000000000000e+01 1.820000000000000000e+02 3.000000000000000000e+00
1.887389631817083524e-01 9.360395984139734393e-01 1.600000000000000000e+01 1.820000000000000000e+02 4.000000000000000000e+00
9.036652430730690577e-01 6.225783415776912078e-01 2.000000000000000000e+01 1.440000000000000000e+02 0.000000000000000000e+00
9.036652430730690577e-01 6.225783415776912078e-01 2.000000000000000000e+01 1.440000000000000000e+02 1.000000000000000000e+00
9.036652430730690577e-01 6.225783415776912078e-01 2.000000000000000000e+01 1.440000000000000000e+02 2.000000000000000000e+00
9.036652430730690577e-01 6.225783415776912078e-01 2.000000000000000000e+01 1.440000000000000000e+02 3.000000000000000000e+00
9.036652430730690577e-01 6.225783415776912078e-01 2.000000000000000000e+01 1.440000000000000000e+02 4.000000000000000000e+00
6.572036551866299314e-01 1.888822215780884717e+00 2.000000000000000000e+00 1.560000000000000000e+02 0.000000000000000000e+00
6.572036551866299314e-01 1.888822215780884717e+00 2.000000000000000000e+00 1.560000000000000000e+02 1.000000000000000000e+00
6.572036551866299314e-01 1.888822215780884717e+00 2.000000000000000000e+00 1.560000000000000000e+02 2.000000000000000000e+00
6.572036551866299314e-01 1.888822215780884717e+00 2.000000000000000000e+00 1.560000000000000000e+02 3.000000000000000000e+00
6.572036551866299314e-01 1.888822215780884717e+00 2.000000000000000000e+00 1.560000000000000000e+02 4.000000000000000000e+00
5.820190542538976608e-01 3.051268224488833392e-01 1.700000000000000000e+01 9.000000000000000000e+00 0.000000000000000000e+00
5.820190542538976608e-01 3.051268224488833392e-01 1.700000000000000000e+01 9.000000000000000000e+00 1.000000000000000000e+00
5.820190542538976608e-01 3.051268224488833392e-01 1.700000000000000000e+01 9.000000000000000000e+00 2.000000000000000000e+00
5.820190542538976608e-01 3.051268224488833392e-01 1.700000000000000000e+01 9.000000000000000000e+00 3.000000000000000000e+00
5.820190542538976608e-01 3.051268224488833392e-01 1.700000000000000000e+01 9.000000000000000000e+00 4.000000000000000000e+00
6.278807104915690163e-01 1.348179125622043006e+00 7.000000000000000000e+00 1.740000000000000000e+02 0.000000000000000000e+00
6.278807104915690163e-01 1.348179125622043006e+00 7.000000000000000000e+00 1.740000000000000000e+02 1.000000000000000000e+00
6.278807104915690163e-01 1.348179125622043006e+00 7.000000000000000000e+00 1.740000000000000000e+02 2.000000000000000000e+00
6.278807104915690163e-01 1.348179125622043006e+00 7.000000000000000000e+00 1.740000000000000000e+02 3.000000000000000000e+00
6.278807104915690163e-01 1.348179125622043006e+00 7.000000000000000000e+00 1.740000000000000000e+02 4.000000000000000000e+00
7.073631685098515920e-01 1.514172652578465783e+00 4.000000000000000000e+00 8.000000000000000000e+00 0.000000000000000000e+00
7.073631685098515920e-01 1.514172652578465783e+00 4.000000000000000000e+00 8.000000000000000000e+00 1.000000000000000000e+00
7.073631685098515920e-01 1.514172652578465783e+00 4.000000000000000000e+00 8.000000000000000000e+00 2.000000000000000000e+00
7.073631685098515920e-01 1.514172652578465783e+00 4.000000000000000000e+00 8.000000000000000000e+00 3.000000000000000000e+00
7.073631685098515920e-01 1.514172652578465783e+00 4.000000000000000000e+00 8.000000000000000000e+00 4.000000000000000000e+00
3.064376340365977391e-01 7.491525951223435564e-01 1.300000000000000000e+01 9.000000000000000000e+01 0.000000000000000000e+00
3.064376340365977391e-01 7.491525951223435564e-01 1.300000000000000000e+01 9.000000000000000000e+01 1.000000000000000000e+00
3.064376340365977391e-01 7.491525951223435564e-01 1.300000000000000000e+01 9.000000000000000000e+01 2.000000000000000000e+00
3.064376340365977391e-01 7.491525951223435564e-01 1.300000000000000000e+01 9.000000000000000000e+01 3.000000000000000000e+00
3.064376340365977391e-01 7.491525951223435564e-01 1.300000000000000000e+01 9.000000000000000000e+01 4.000000000000000000e+00
2.846788981738238578e-01 1.233458870451040523e+00 1.400000000000000000e+01 2.000000000000000000e+00 0.000000000000000000e+00
2.846788981738238578e-01 1.233458870451040523e+00 1.400000000000000000e+01 2.000000000000000000e+00 1.000000000000000000e+00
2.846788981738238578e-01 1.233458870451040523e+00 1.400000000000000000e+01 2.000000000000000000e+00 2.000000000000000000e+00
2.846788981738238578e-01 1.233458870451040523e+00 1.400000000000000000e+01 2.000000000000000000e+00 3.000000000000000000e+00
2.846788981738238578e-01 1.233458870451040523e+00 1.400000000000000000e+01 2.000000000000000000e+00 4.000000000000000000e+00
8.854228003606122444e-02 9.952310079393226205e-01 1.000000000000000000e+00 1.800000000000000000e+02 0.000000000000000000e+00
8.854228003606122444e-02 9.952310079393226205e-01 1.000000000000000000e+00 1.800000000000000000e+02 1.000000000000000000e+00
8.854228003606122444e-02 9.952310079393226205e-01 1.000000000000000000e+00 1.800000000000000000e+02 2.000000000000000000e+00
8.854228003606122444e-02 9.952310079393226205e-01 1.000000000000000000e+00 1.800000000000000000e+02 3.000000000000000000e+00
8.854228003606122444e-02 9.952310079393226205e-01 1.000000000000000000e+00 1.800000000000000000e+02 4.000000000000000000e+00
8.341693323458748699e-01 1.768364949221326921e+00 1.400000000000000000e+01 1.700000000000000000e+01 0.000000000000000000e+00
8.341693323458748699e-01 1.768364949221326921e+00 1.400000000000000000e+01 1.700000000000000000e+01 1.000000000000000000e+00
8.341693323458748699e-01 1.768364949221326921e+00 1.400000000000000000e+01 1.700000000000000000e+01 2.000000000000000000e+00
8.341693323458748699e-01 1.768364949221326921e+00 1.400000000000000000e+01 1.700000000000000000e+01 3.000000000000000000e+00
8.341693323458748699e-01 1.768364949221326921e+00 1.400000000000000000e+01 1.700000000000000000e+01 4.000000000000000000e+00
4.082669162677184937e-01 8.287363512343249861e-01 4.000000000000000000e+00 1.130000000000000000e+02 0.000000000000000000e+00
4.082669162677184937e-01 8.287363512343249861e-01 4.000000000000000000e+00 1.130000000000000000e+02 1.000000000000000000e+00
4.082669162677184937e-01 8.287363512343249861e-01 4.000000000000000000e+00 1.130000000000000000e+02 2.000000000000000000e+00
4.082669162677184937e-01 8.287363512343249861e-01 4.000000000000000000e+00 1.130000000000000000e+02 3.000000000000000000e+00
4.082669162677184937e-01 8.287363512343249861e-01 4.000000000000000000e+00 1.130000000000000000e+02 4.000000000000000000e+00
1.802911669832820696e-01 3.618780720212683155e-01 5.000000000000000000e+00 1.430000000000000000e+02 0.000000000000000000e+00
1.802911669832820696e-01 3.618780720212683155e-01 5.000000000000000000e+00 1.430000000000000000e+02 1.000000000000000000e+00
1.802911669832820696e-01 3.618780720212683155e-01 5.000000000000000000e+00 1.430000000000000000e+02 2.000000000000000000e+00
1.802911669832820696e-01 3.618780720212683155e-01 5.000000000000000000e+00 1.430000000000000000e+02 3.000000000000000000e+00
1.802911669832820696e-01 3.618780720212683155e-01 5.000000000000000000e+00 1.430000000000000000e+02 4.000000000000000000e+00
2.082017060784543405e-01 1.089603540582704033e+00 8.000000000000000000e+00 1.780000000000000000e+02 0.000000000000000000e+00
2.082017060784543405e-01 1.089603540582704033e+00 8.000000000000000000e+00 1.780000000000000000e+02 1.000000000000000000e+00
2.082017060784543405e-01 1.089603540582704033e+00 8.000000000000000000e+00 1.780000000000000000e+02 2.000000000000000000e+00
2.082017060784543405e-01 1.089603540582704033e+00 8.000000000000000000e+00 1.780000000000000000e+02 3.000000000000000000e+00
2.082017060784543405e-01 1.089603540582704033e+00 8.000000000000000000e+00 1.780000000000000000e+02 4.000000000000000000e+00
7.489541165703388348e-01 3.811861448337366953e-01 2.000000000000000000e+01 1.420000000000000000e+02 0.000000000000000000e+00
7.489541165703388348e-01 3.811861448337366953e-01 2.000000000000000000e+01 1.420000000000000000e+02 1.000000000000000000e+00
7.489541165703388348e-01 3.811861448337366953e-01 2.000000000000000000e+01 1.420000000000000000e+02 2.000000000000000000e+00
7.489541165703388348e-01 3.811861448337366953e-01 2.000000000000000000e+01 1.420000000000000000e+02 3.000000000000000000e+00
7.489541165703388348e-01 3.811861448337366953e-01 2.000000000000000000e+01 1.420000000000000000e+02 4.000000000000000000e+00
1.342629738526576189e-01 4.659210409830486510e-01 1.000000000000000000e+01 5.500000000000000000e+01 0.000000000000000000e+00
1.342629738526576189e-01 4.659210409830486510e-01 1.000000000000000000e+01 5.500000000000000000e+01 1.000000000000000000e+00
1.342629738526576189e-01 4.659210409830486510e-01 1.000000000000000000e+01 5.500000000000000000e+01 2.000000000000000000e+00
1.342629738526576189e-01 4.659210409830486510e-01 1.000000000000000000e+01 5.500000000000000000e+01 3.000000000000000000e+00
1.342629738526576189e-01 4.659210409830486510e-01 1.000000000000000000e+01 5.500000000000000000e+01 4.000000000000000000e+00
7.603266830309657331e-01 1.637438650298457254e+00 1.900000000000000000e+01 9.000000000000000000e+01 0.000000000000000000e+00
7.603266830309657331e-01 1.637438650298457254e+00 1.900000000000000000e+01 9.000000000000000000e+01 1.000000000000000000e+00
7.603266830309657331e-01 1.637438650298457254e+00 1.900000000000000000e+01 9.000000000000000000e+01 2.000000000000000000e+00
7.603266830309657331e-01 1.637438650298457254e+00 1.900000000000000000e+01 9.000000000000000000e+01 3.000000000000000000e+00
7.603266830309657331e-01 1.637438650298457254e+00 1.900000000000000000e+01 9.000000000000000000e+01 4.000000000000000000e+00
8.326374961652672768e-01 1.400040914826796712e+00 4.000000000000000000e+00 1.830000000000000000e+02 0.000000000000000000e+00
8.326374961652672768e-01 1.400040914826796712e+00 4.000000000000000000e+00 1.830000000000000000e+02 1.000000000000000000e+00
8.326374961652672768e-01 1.400040914826796712e+00 4.000000000000000000e+00 1.830000000000000000e+02 2.000000000000000000e+00
8.326374961652672768e-01 1.400040914826796712e+00 4.000000000000000000e+00 1.830000000000000000e+02 3.000000000000000000e+00
8.326374961652672768e-01 1.400040914826796712e+00 4.000000000000000000e+00 1.830000000000000000e+02 4.000000000000000000e+00
9.013218354716572289e-01 1.734412781464830688e+00 3.000000000000000000e+00 2.600000000000000000e+01 0.000000000000000000e+00
9.013218354716572289e-01 1.734412781464830688e+00 3.000000000000000000e+00 2.600000000000000000e+01 1.000000000000000000e+00
9.013218354716572289e-01 1.734412781464830688e+00 3.000000000000000000e+00 2.600000000000000000e+01 2.000000000000000000e+00
9.013218354716572289e-01 1.734412781464830688e+00 3.000000000000000000e+00 2.600000000000000000e+01 3.000000000000000000e+00
9.013218354716572289e-01 1.734412781464830688e+00 3.000000000000000000e+00 2.600000000000000000e+01 4.000000000000000000e+00
6.584510757465770192e-01 3.801063840901613977e-01 1.900000000000000000e+01 1.900000000000000000e+02 0.000000000000000000e+00
6.584510757465770192e-01 3.801063840901613977e-01 1.900000000000000000e+01 1.900000000000000000e+02 1.000000000000000000e+00
6.584510757465770192e-01 3.801063840901613977e-01 1.900000000000000000e+01 1.900000000000000000e+02 2.000000000000000000e+00
6.584510757465770192e-01 3.801063840901613977e-01 1.900000000000000000e+01 1.900000000000000000e+02 3.000000000000000000e+00
6.584510757465770192e-01 3.801063840901613977e-01 1.900000000000000000e+01 1.900000000000000000e+02 4.000000000000000000e+00
4.812315020909181396e-01 5.541470589058722362e-01 9.000000000000000000e+00 7.100000000000000000e+01 0.000000000000000000e+00
4.812315020909181396e-01 5.541470589058722362e-01 9.000000000000000000e+00 7.100000000000000000e+01 1.000000000000000000e+00
4.812315020909181396e-01 5.541470589058722362e-01 9.000000000000000000e+00 7.100000000000000000e+01 2.000000000000000000e+00
4.812315020909181396e-01 5.541470589058722362e-01 9.000000000000000000e+00 7.100000000000000000e+01 3.000000000000000000e+00
4.812315020909181396e-01 5.541470589058722362e-01 9.000000000000000000e+00 7.100000000000000000e+01 4.000000000000000000e+00
