6.785861218884463308e-02
1.300000000000000000e+01
9.053041445218043548e-02
9.000000000000000000e+00
5.720721316497495712e-02
9.000000000000000000e+00
7.039281205497426031e-02
1.200000000000000000e+01
7.897982631157496325e-02
6.000000000000000000e+00
5.762908897936099700e-02
1.300000000000000000e+01
4.722055109695588032e-02
1.300000000000000000e+01
4.411201864629595015e-02
1.500000000000000000e+01
7.751548010293049518e-02
6.000000000000000000e+00
5.256529915599270075e-02
7.000000000000000000e+00
