2.515058823727089193e-02 1.741786468477938055e+00 7.000000000000000000e+00 5.000000000000000000e+00 0.000000000000000000e+00
8.225225823762166710e-01 4.390222317544559827e-01 5.000000000000000000e+00 9.000000000000000000e+00 0.000000000000000000e+00
3.160981746655975311e-01 1.982520172831690353e+00 5.000000000000000000e+00 1.600000000000000000e+02 0.000000000000000000e+00
6.319302709294719600e-01 8.189099243531473560e-01 4.000000000000000000e+00 1.350000000000000000e+02 0.000000000000000000e+00
9.360256124710389924e-01 4.471329982369586231e-01 1.900000000000000000e+01 1.930000000000000000e+02 0.000000000000000000e+00
5.355835872087156835e-01 1.873327048090953850e+00 3.000000000000000000e+00 5.500000000000000000e+01 0.000000000000000000e+00
4.380553027366685948e-01 5.600570042124722869e-01 3.000000000000000000e+00 6.400000000000000000e+01 0.000000000000000000e+00
8.287985660354125761e-01 8.272353219537688096e-01 4.000000000000000000e+00 1.080000000000000000e+02 0.000000000000000000e+00
1.487838107630596873e-01 1.972531436444360908e+00 3.000000000000000000e+00 1.880000000000000000e+02 0.000000000000000000e+00
8.158026341245348811e-02 4.098270692034445828e-01 1.500000000000000000e+01 4.800000000000000000e+01 0.000000000000000000e+00
4.495516854005092711e-01 7.235788882834920388e-01 1.200000000000000000e+01 1.560000000000000000e+02 0.000000000000000000e+00
8.991786179360656828e-01 8.889315230287418990e-01 1.300000000000000000e+01 8.300000000000000000e+01 0.000000000000000000e+00
9.583421489899335288e-01 4.451780640649788401e-01 5.000000000000000000e+00 3.000000000000000000e+01 0.000000000000000000e+00
1.446323017258487331e-01 1.668004914758476565e+00 1.400000000000000000e+01 1.980000000000000000e+02 0.000000000000000000e+00
2.104033076670530633e-01 1.176216280592980334e+00 1.100000000000000000e+01 2.800000000000000000e+01 0.000000000000000000e+00
6.347678537629229678e-02 6.155664951280029884e-01 7.000000000000000000e+00 1.680000000000000000e+02 0.000000000000000000e+00
3.532833725874110486e-01 4.817234530477524368e-01 6.000000000000000000e+00 6.400000000000000000e+01 0.000000000000000000e+00
5.159571546656986918e-01 1.400277030403348721e+00 1.700000000000000000e+01 1.850000000000000000e+02 0.000000000000000000e+00
2.083830256140141168e-01 9.083227268856944869e-01 1.700000000000000000e+01 9.800000000000000000e+01 0.000000000000000000e+00
4.341089743785123689e-01 3.849271431009927413e-01 1.900000000000000000e+01 6.300000000000000000e+01 0.000000000000000000e+00
8.139347266708754081e-01 2.699070446226309317e-01 1.000000000000000000e+00 4.900000000000000000e+01 0.000000000000000000e+00
5.018583586541304209e-01 2.022792385773167112e+00 1.300000000000000000e+01 1.890000000000000000e+02 0.000000000000000000e+00
3.962209724214453832e-01 1.227464254485535422e+00 1.500000000000000000e+01 9.800000000000000000e+01 0.000000000000000000e+00
3.319951006526210974e-02 2.818086366134345822e-01 1.600000000000000000e+01 3.000000000000000000e+00 0.000000000000000000e+00
5.853808188942076773e-01 1.539155210060432655e+00 1.000000000000000000e+01 1.080000000000000000e+02 0.000000000000000000e+00
2.268352799103479089e-01 7.601728667779498183e-01 3.000000000000000000e+00 1.290000000000000000e+02 0.000000000000000000e+00
8.335111513804027705e-01 1.137540522815890354e+00 1.500000000000000000e+01 2.500000000000000000e+01 0.000000000000000000e+00
8.460331697402825313e-01 1.531692192695360388e+00 1.500000000000000000e+01 1.190000000000000000e+02 0.000000000000000000e+00
3.368619905620990895e-01 1.370861208322359248e+00 2.000000000000000000e+00 5.000000000000000000e+00 0.000000000000000000e+00
6.261982482981666154e-01 8.505271067560701281e-01 1.000000000000000000e+01 3.700000000000000000e+01 0.000000000000000000e+00
7.745742707302818442e-01 1.868536892898165158e+00 1.100000000000000000e+01 1.840000000000000000e+02 0.000000000000000000e+00
5.925643862670525452e-01 2.093062664443547494e+00 3.000000000000000000e+00 1.210000000000000000e+02 0.000000000000000000e+00
3.520501818374970338e-01 1.574179739481437468e-01 3.000000000000000000e+00 1.180000000000000000e+02 0.000000000000000000e+00
9.595891651316577897e-02 8.991728544374141263e-01 7.000000000000000000e+00 1.100000000000000000e+02 0.000000000000000000e+00
3.240356162374202764e-01 2.069317739140150270e+00 7.000000000000000000e+00 6.400000000000000000e+01 0.000000000000000000e+00
2.779390692042500444e-01 1.457401337745731773e+00 3.000000000000000000e+00 1.220000000000000000e+02 0.000000000000000000e+00
8.775537913036486337e-01 1.079629171946340671e+00 1.000000000000000000e+00 7.900000000000000000e+01 0.000000000000000000e+00
3.432260595731494862e-02 1.627528083418109672e-01 1.800000000000000000e+01 2.800000000000000000e+01 0.000000000000000000e+00
6.492185465867357230e-01 1.521727843901791444e-01 1.900000000000000000e+01 3.900000000000000000e+01 0.000000000000000000e+00
2.728778945298889758e-01 3.695162368829171262e-01 2.000000000000000000e+01 1.730000000000000000e+02 0.000000000000000000e+00
6.014190710371158238e-02 7.876144892836870470e-01 1.500000000000000000e+01 8.700000000000000000e+01 0.000000000000000000e+00
2.351920330236904055e-01 6.051825674453951143e-01 2.000000000000000000e+00 7.600000000000000000e+01 0.000000000000000000e+00
6.607665171836590856e-01 1.439363560907528372e+00 5.000000000000000000e+00 1.800000000000000000e+02 0.000000000000000000e+00
2.740487212091339275e-01 5.137413872747612631e-01 2.000000000000000000e+00 1.910000000000000000e+02 0.000000000000000000e+00
9.971697537106760656e-01 5.363724303322706666e-01 9.000000000000000000e+00 1.640000000000000000e+02 0.000000000000000000e+00
6.584935564828459098e-01 1.686525422715106082e+00 3.000000000000000000e+00 1.560000000000000000e+02 0.000000000000000000e+00
7.689158157926294646e-01 8.663009533532458617e-01 1.900000000000000000e+01 4.000000000000000000e+01 0.000000000000000000e+00
7.190483688883547719e-01 9.502753895074319557e-01 6.000000000000000000e+00 1.190000000000000000e+02 0.000000000000000000e+00
7.720334726287808591e-01 1.177867078952951341e-01 2.000000000000000000e+01 1.660000000000000000e+02 0.000000000000000000e+00
3.007821197063532681e-01 8.343454272225651058e-01 2.000000000000000000e+01 7.400000000000000000e+01 0.000000000000000000e+00
5.142369932117851761e-01 1.321109455711110714e+00 3.000000000000000000e+00 1.310000000000000000e+02 1.000000000000000000e+00
8.123610077207539248e-01 1.060310810732473019e+00 2.000000000000000000e+00 9.000000000000000000e+00 1.000000000000000000e+00
2.465024139325657782e-01 1.334451961981678370e+00 7.000000000000000000e+00 1.720000000000000000e+02 1.000000000000000000e+00
8.547683042542197906e-01 9.085049642386534563e-01 1.600000000000000000e+01 5.400000000000000000e+01 1.000000000000000000e+00
5.337480465640388472e-01 1.989234252869884978e+00 1.700000000000000000e+01 1.530000000000000000e+02 1.000000000000000000e+00
1.280711364836969457e-01 1.605045404257718911e+00 3.000000000000000000e+00 1.090000000000000000e+02 1.000000000000000000e+00
2.003651860272401830e-01 2.523998274520603546e-01 2.000000000000000000e+01 9.900000000000000000e+01 1.000000000000000000e+00
1.928381844771823728e-01 1.299494579483057688e+00 5.000000000000000000e+00 9.700000000000000000e+01 1.000000000000000000e+00
2.625166581456568338e-01 1.728766704255150666e+00 4.000000000000000000e+00 1.080000000000000000e+02 1.000000000000000000e+00
8.072753861970810574e-01 3.515258930968404583e-01 1.600000000000000000e+01 1.560000000000000000e+02 1.000000000000000000e+00
9.662643439300574455e-01 1.848534396405803415e+00 1.000000000000000000e+00 1.390000000000000000e+02 1.000000000000000000e+00
2.841555397371502423e-01 1.503153069143916554e+00 4.000000000000000000e+00 5.900000000000000000e+01 1.000000000000000000e+00
2.972674056707029777e-01 1.051008997665945133e+00 1.000000000000000000e+01 9.500000000000000000e+01 1.000000000000000000e+00
2.976736416990797274e-01 1.401372618215832366e+00 8.000000000000000000e+00 1.750000000000000000e+02 1.000000000000000000e+00
9.326749202193846955e-01 8.927853325403999341e-01 2.000000000000000000e+01 2.200000000000000000e+01 1.000000000000000000e+00
2.315364657664089609e-01 1.124906509512681785e+00 1.000000000000000000e+01 9.800000000000000000e+01 1.000000000000000000e+00
8.020012402203680058e-01 5.780519932480502332e-01 6.000000000000000000e+00 6.000000000000000000e+00 1.000000000000000000e+00
5.159744653640522261e-01 2.023138119944224711e-01 1.500000000000000000e+01 2.600000000000000000e+01 1.000000000000000000e+00
2.461799110056639428e-01 3.406467952900548157e-01 4.000000000000000000e+00 1.440000000000000000e+02 1.000000000000000000e+00
3.768738853317813442e-01 1.175202330826254693e+00 1.500000000000000000e+01 9.300000000000000000e+01 1.000000000000000000e+00
6.228366073000020098e-01 1.880811142929909474e+00 2.000000000000000000e+00 2.600000000000000000e+01 1.000000000000000000e+00
5.052884631120730941e-01 6.713836924548718388e-01 3.000000000000000000e+00 2.700000000000000000e+01 1.000000000000000000e+00
4.373639931392333535e-01 1.554270888684539775e+00 2.000000000000000000e+00 1.090000000000000000e+02 1.000000000000000000e+00
9.233959190870357769e-01 1.715217991803848818e+00 1.800000000000000000e+01 5.400000000000000000e+01 1.000000000000000000e+00
2.686640120721683206e-02 1.133806326188172342e+00 1.200000000000000000e+01 1.950000000000000000e+02 1.000000000000000000e+00
3.558717499147472374e-01 1.081780269685459261e+00 2.000000000000000000e+00 9.400000000000000000e+01 1.000000000000000000e+00
2.949642523509085068e-01 9.491699242344692200e-01 7.000000000000000000e+00 1.140000000000000000e+02 1.000000000000000000e+00
7.335237722557698126e-01 1.855440254413077972e-01 1.000000000000000000e+00 1.300000000000000000e+01 1.000000000000000000e+00
1.192168679049516594e-01 1.125364571336262554e+00 1.600000000000000000e+01 1.790000000000000000e+02 1.000000000000000000e+00
8.900411532446790286e-01 3.501863373131123280e-01 1.100000000000000000e+01 8.300000000000000000e+01 1.000000000000000000e+00
1.846976478152053680e-01 7.607546386464268950e-01 8.000000000000000000e+00 1.400000000000000000e+01 1.000000000000000000e+00
8.154257868854262181e-01 1.222294008672235366e+00 3.000000000000000000e+00 6.300000000000000000e+01 1.000000000000000000e+00
2.538545523340551141e-02 1.344832893433562104e-01 1.900000000000000000e+01 1.800000000000000000e+02 1.000000000000000000e+00
1.293158774074902873e-01 1.790276639198144837e+00 1.900000000000000000e+01 1.950000000000000000e+02 1.000000000000000000e+00
5.113710675039819797e-01 1.919801299776857872e+00 4.000000000000000000e+00 1.450000000000000000e+02 1.000000000000000000e+00
1.009544020100916484e+00 8.790994515592250869e-01 1.000000000000000000e+01 1.190000000000000000e+02 1.000000000000000000e+00
2.151268273094208289e-02 1.251470844897518975e-01 9.000000000000000000e+00 3.000000000000000000e+01 1.000000000000000000e+00
3.130764098443772347e-01 6.163823172440140441e-01 1.400000000000000000e+01 1.430000000000000000e+02 1.000000000000000000e+00
5.256470532243189275e-01 1.501123937544532883e+00 1.200000000000000000e+01 8.000000000000000000e+00 1.000000000000000000e+00
7.751178401025220488e-01 3.564528805876349127e-01 1.000000000000000000e+01 9.800000000000000000e+01 1.000000000000000000e+00
3.076283479507737617e-01 8.080776394912526639e-01 2.000000000000000000e+01 9.600000000000000000e+01 1.000000000000000000e+00
4.438221861504013654e-01 1.775591834527245449e+00 3.000000000000000000e+00 1.870000000000000000e+02 1.000000000000000000e+00
1.585334603647058360e-01 1.132544757616131159e+00 1.000000000000000000e+00 4.000000000000000000e+00 1.000000000000000000e+00
8.364623164725415450e-01 4.637451820566148575e-01 1.900000000000000000e+01 1.960000000000000000e+02 1.000000000000000000e+00
8.443186982427485221e-01 2.642292518046535088e-01 1.500000000000000000e+01 2.200000000000000000e+01 1.000000000000000000e+00
1.314630163226321313e-01 2.078068798826975261e+00 5.000000000000000000e+00 2.800000000000000000e+01 1.000000000000000000e+00
7.844744743354710170e-01 1.104923480824669291e+00 6.000000000000000000e+00 5.800000000000000000e+01 1.000000000000000000e+00
6.983028846166740022e-01 9.700216298479277244e-01 1.400000000000000000e+01 2.900000000000000000e+01 1.000000000000000000e+00
9.443752864622654286e-01 7.539054500229162015e-01 1.600000000000000000e+01 1.650000000000000000e+02 1.000000000000000000e+00
9.736239076780058843e-01 1.393761068131393055e-01 8.000000000000000000e+00 1.590000000000000000e+02 1.000000000000000000e+00
1.584941256015216515e-01 9.943149426887251119e-01 2.000000000000000000e+00 1.380000000000000000e+02 2.000000000000000000e+00
4.974210041169402352e-01 1.630983766182100503e+00 1.500000000000000000e+01 1.370000000000000000e+02 2.000000000000000000e+00
8.563530391174516421e-01 1.714467048827753859e-01 7.000000000000000000e+00 5.800000000000000000e+01 2.000000000000000000e+00
8.053415952836077141e-01 1.395328378561840665e+00 6.000000000000000000e+00 2.300000000000000000e+01 2.000000000000000000e+00
8.971060540274834461e-01 9.395414323168705950e-01 1.900000000000000000e+01 9.000000000000000000e+00 2.000000000000000000e+00
2.667499794309028394e-01 1.581886045540521479e+00 1.600000000000000000e+01 1.650000000000000000e+02 2.000000000000000000e+00
4.907072654084879693e-01 1.893940435092042796e+00 1.600000000000000000e+01 2.400000000000000000e+01 2.000000000000000000e+00
8.108119916283250683e-01 4.894083637505485251e-01 1.000000000000000000e+00 4.700000000000000000e+01 2.000000000000000000e+00
3.828148599086661497e-01 9.675722204041637964e-01 1.100000000000000000e+01 3.700000000000000000e+01 2.000000000000000000e+00
1.851021968384779504e-01 1.438940868123539385e+00 1.100000000000000000e+01 9.700000000000000000e+01 2.000000000000000000e+00
3.617303052574634137e-01 1.614678038295210616e+00 5.000000000000000000e+00 6.800000000000000000e+01 2.000000000000000000e+00
6.449002893258188873e-01 1.260534257893504595e+00 1.100000000000000000e+01 4.500000000000000000e+01 2.000000000000000000e+00
9.823339061229401370e-01 1.106374730207201562e+00 6.000000000000000000e+00 1.650000000000000000e+02 2.000000000000000000e+00
9.354584732908806100e-01 7.445097501167662335e-01 1.100000000000000000e+01 8.900000000000000000e+01 2.000000000000000000e+00
3.526410750866042498e-01 1.423358130528939558e+00 1.000000000000000000e+00 5.200000000000000000e+01 2.000000000000000000e+00
4.442013289743047544e-01 1.514850793991346090e-01 1.600000000000000000e+01 1.680000000000000000e+02 2.000000000000000000e+00
7.558672610113862378e-01 2.930240971608694123e-01 1.600000000000000000e+01 3.100000000000000000e+01 2.000000000000000000e+00
8.186747877775938376e-01 1.754927807329505596e+00 3.000000000000000000e+00 1.900000000000000000e+02 2.000000000000000000e+00
4.248355059174490495e-02 1.647362452876307781e+00 2.000000000000000000e+01 1.780000000000000000e+02 2.000000000000000000e+00
4.143874147883174625e-02 1.448752381637554931e+00 2.000000000000000000e+01 4.400000000000000000e+01 2.000000000000000000e+00
5.723936692133384518e-01 1.903896355364923965e+00 1.400000000000000000e+01 6.000000000000000000e+00 2.000000000000000000e+00
9.655271393318518580e-01 1.866362242622587875e+00 9.000000000000000000e+00 1.230000000000000000e+02 2.000000000000000000e+00
7.759628401412220489e-02 3.113470799287666457e-01 2.000000000000000000e+00 7.100000000000000000e+01 2.000000000000000000e+00
4.955034297406349930e-01 1.959586551362139328e+00 1.800000000000000000e+01 5.200000000000000000e+01 2.000000000000000000e+00
1.751272617142417970e-02 7.958234780499414684e-01 7.000000000000000000e+00 2.600000000000000000e+01 2.000000000000000000e+00
2.788462986600088733e-01 4.444839622701185489e-01 1.400000000000000000e+01 6.800000000000000000e+01 2.000000000000000000e+00
6.471093140357367934e-01 9.413048447018718123e-01 2.000000000000000000e+01 1.920000000000000000e+02 2.000000000000000000e+00
7.852445445343751995e-01 1.381865181116325392e+00 1.700000000000000000e+01 5.600000000000000000e+01 2.000000000000000000e+00
5.605242797336073418e-02 1.889636182385777241e+00 3.000000000000000000e+00 1.000000000000000000e+01 2.000000000000000000e+00
3.738082848855591722e-01 1.668790248330613624e+00 2.000000000000000000e+01 3.200000000000000000e+01 2.000000000000000000e+00
4.470253914391141281e-01 1.518705749508892089e-01 8.000000000000000000e+00 3.200000000000000000e+01 2.000000000000000000e+00
6.900029336478620268e-01 1.336356469319252227e+00 1.800000000000000000e+01 1.950000000000000000e+02 2.000000000000000000e+00
2.622598262509803213e-01 1.386173205223682592e+00 1.500000000000000000e+01 1.670000000000000000e+02 2.000000000000000000e+00
9.675933534960291516e-01 1.009716847097448245e+00 8.000000000000000000e+00 7.400000000000000000e+01 2.000000000000000000e+00
9.164977125052207185e-01 6.028865461691573779e-01 1.800000000000000000e+01 8.300000000000000000e+01 2.000000000000000000e+00
6.495267501469360605e-01 2.288871784214216165e-01 1.700000000000000000e+01 1.370000000000000000e+02 2.000000000000000000e+00
9.822116160501221938e-01 5.968816248904206256e-01 1.800000000000000000e+01 9.900000000000000000e+01 2.000000000000000000e+00
6.091965423172781557e-01 7.421674298040209505e-01 1.500000000000000000e+01 6.900000000000000000e+01 2.000000000000000000e+00
5.271107162492136844e-01 9.096700767041149271e-01 1.100000000000000000e+01 2.300000000000000000e+01 2.000000000000000000e+00
1.113538208935116319e-01 1.755818385843891161e+00 7.000000000000000000e+00 8.800000000000000000e+01 2.000000000000000000e+00
5.813061456893170442e-01 3.590261758251694912e-01 1.400000000000000000e+01 1.740000000000000000e+02 2.000000000000000000e+00
8.867097940364703224e-01 1.055640965746053705e+00 8.000000000000000000e+00 1.770000000000000000e+02 2.000000000000000000e+00
1.747029045289127253e-02 1.838910048678157994e+00 9.000000000000000000e+00 3.000000000000000000e+01 2.000000000000000000e+00
1.616678686143813160e-01 1.214599171232806363e+00 1.300000000000000000e+01 1.240000000000000000e+02 2.000000000000000000e+00
2.104350906484290240e-01 7.622144581392166218e-01 2.000000000000000000e+00 7.100000000000000000e+01 2.000000000000000000e+00
2.036630004419720530e-01 6.076177402876180578e-01 1.900000000000000000e+01 7.400000000000000000e+01 2.000000000000000000e+00
3.164254792776716174e-01 1.751522449146089011e+00 1.500000000000000000e+01 1.580000000000000000e+02 2.000000000000000000e+00
6.419918523408675304e-01 1.617524213877777450e+00 8.000000000000000000e+00 1.040000000000000000e+02 2.000000000000000000e+00
5.794461685231899056e-02 6.916550674710765234e-01 1.200000000000000000e+01 1.230000000000000000e+02 2.000000000000000000e+00
8.182525685336639043e-01 1.006769708503010285e+00 8.000000000000000000e+00 4.600000000000000000e+01 2.000000000000000000e+00
8.795333995587066855e-01 1.920514541934011943e+00 7.000000000000000000e+00 1.700000000000000000e+02 3.000000000000000000e+00
9.697108865874218830e-01 6.430585584892506423e-01 8.000000000000000000e+00 3.300000000000000000e+01 3.000000000000000000e+00
7.697536434678937667e-01 2.031804328877055088e+00 1.000000000000000000e+01 3.600000000000000000e+01 3.000000000000000000e+00
6.590837051926335954e-01 2.616351969727838123e-01 1.300000000000000000e+01 8.900000000000000000e+01 3.000000000000000000e+00
6.561513669142203797e-01 2.357849911735569182e-01 1.600000000000000000e+01 1.740000000000000000e+02 3.000000000000000000e+00
8.619504657778921386e-01 1.368248072852273234e+00 4.000000000000000000e+00 1.270000000000000000e+02 3.000000000000000000e+00
9.595427762648464087e-01 8.563401271991012420e-01 4.000000000000000000e+00 9.100000000000000000e+01 3.000000000000000000e+00
7.899636496862736390e-01 1.221204089636575674e+00 1.200000000000000000e+01 1.510000000000000000e+02 3.000000000000000000e+00
1.930621770259074443e-01 8.833432700091766732e-01 4.000000000000000000e+00 1.470000000000000000e+02 3.000000000000000000e+00
7.022011841556323741e-01 1.619396475290830306e+00 7.000000000000000000e+00 2.500000000000000000e+01 3.000000000000000000e+00
7.086584921896431355e-02 2.740570510935954607e-01 2.000000000000000000e+01 5.800000000000000000e+01 3.000000000000000000e+00
7.467908833177341332e-01 1.958025812614341499e+00 9.000000000000000000e+00 9.700000000000000000e+01 3.000000000000000000e+00
1.614243999730933243e-01 9.365780814286212008e-01 9.000000000000000000e+00 8.500000000000000000e+01 3.000000000000000000e+00
1.509046623898286921e-01 1.348685280633893147e+00 5.000000000000000000e+00 1.580000000000000000e+02 3.000000000000000000e+00
3.315598105942805240e-01 1.080395713706207017e+00 1.900000000000000000e+01 1.120000000000000000e+02 3.000000000000000000e+00
4.023860679414780622e-02 1.732979020810549331e+00 4.000000000000000000e+00 1.350000000000000000e+02 3.000000000000000000e+00
4.004026177005258758e-01 5.132530423973763467e-01 9.000000000000000000e+00 1.800000000000000000e+02 3.000000000000000000e+00
6.603116235164531167e-01 2.005068502238599726e-01 8.000000000000000000e+00 1.230000000000000000e+02 3.000000000000000000e+00
1.004678596993006101e+00 1.538666002862406623e+00 1.700000000000000000e+01 1.120000000000000000e+02 3.000000000000000000e+00
6.794621303901234866e-01 1.403380042251925808e+00 1.000000000000000000e+00 9.400000000000000000e+01 3.000000000000000000e+00
7.350177377907850251e-02 6.269554294602462940e-01 1.500000000000000000e+01 1.570000000000000000e+02 3.000000000000000000e+00
6.085686167776221955e-01 7.418866348910085895e-01 1.800000000000000000e+01 1.570000000000000000e+02 3.000000000000000000e+00
6.464178718835213999e-01 2.078596011974600088e+00 1.900000000000000000e+01 9.700000000000000000e+01 3.000000000000000000e+00
7.905963796164467983e-01 1.917631464275791675e+00 1.300000000000000000e+01 1.950000000000000000e+02 3.000000000000000000e+00
5.110350646293163601e-01 1.986998359098438360e+00 1.800000000000000000e+01 1.170000000000000000e+02 3.000000000000000000e+00
6.696831550688702173e-01 1.060776157990360735e+00 3.000000000000000000e+00 3.100000000000000000e+01 3.000000000000000000e+00
4.194816773441355923e-02 1.164048553403403741e+00 8.000000000000000000e+00 1.130000000000000000e+02 3.000000000000000000e+00
5.148531027249350078e-01 4.804718858095656797e-01 7.000000000000000000e+00 4.500000000000000000e+01 3.000000000000000000e+00
4.711720021226583482e-02 1.472275514032241051e-01 1.600000000000000000e+01 1.120000000000000000e+02 3.000000000000000000e+00
3.790928394712029803e-01 1.210852982181486182e+00 7.000000000000000000e+00 1.630000000000000000e+02 3.000000000000000000e+00
3.956077448565263888e-01 1.221374522769108628e+00 7.000000000000000000e+00 7.000000000000000000e+01 3.000000000000000000e+00
8.683753424877440619e-01 1.534883007305830882e-01 8.000000000000000000e+00 1.550000000000000000e+02 3.000000000000000000e+00
6.520237221043930775e-01 7.620345417139898769e-01 7.000000000000000000e+00 6.200000000000000000e+01 3.000000000000000000e+00
9.177215571348237289e-01 3.373922170438744539e-01 2.000000000000000000e+01 1.340000000000000000e+02 3.000000000000000000e+00
1.272301050993419613e-01 6.733600862912815233e-01 7.000000000000000000e+00 1.770000000000000000e+02 3.000000000000000000e+00
8.303181565682175025e-01 1.860328908871846210e+00 8.000000000000000000e+00 2.600000000000000000e+01 3.000000000000000000e+00
9.280598389177147078e-01 4.826517880599899835e-01 1.500000000000000000e+01 1.320000000000000000e+02 3.000000000000000000e+00
7.521601445863548285e-01 1.425814299730787660e+00 1.900000000000000000e+01 5.300000000000000000e+01 3.000000000000000000e+00
5.349756801200417078e-01 1.933294655511609283e+00 8.000000000000000000e+00 8.000000000000000000e+01 3.000000000000000000e+00
3.067914909823725722e-01 1.637090438194993336e+00 1.400000000000000000e+01 8.400000000000000000e+01 3.000000000000000000e+00
6.974733644506693198e-01 9.359183767518061137e-01 1.000000000000000000e+00 1.990000000000000000e+02 3.000000000000000000e+00
4.424892009210267263e-01 1.031721387727276396e+00 9.000000000000000000e+00 7.700000000000000000e+01 3.000000000000000000e+00
2.519446026990989490e-02 1.505781630394564807e+00 2.000000000000000000e+01 1.910000000000000000e+02 3.000000000000000000e+00
2.350731977255359623e-02 6.379490256784007274e-01 1.300000000000000000e+01 1.910000000000000000e+02 3.000000000000000000e+00
2.622336636683825217e-01 3.343539433512082715e-01 2.000000000000000000e+00 1.160000000000000000e+02 3.000000000000000000e+00
9.693907375188360875e-01 4.108733763194033495e-01 9.000000000000000000e+00 1.520000000000000000e+02 3.000000000000000000e+00
5.127304988125249707e-01 1.953913424791093423e+00 1.100000000000000000e+01 1.130000000000000000e+02 3.000000000000000000e+00
5.510029178276306672e-01 3.630679116659535355e-01 2.000000000000000000e+01 8.600000000000000000e+01 3.000000000000000000e+00
8.116875517482907698e-01 7.173987049355473600e-01 7.000000000000000000e+00 9.900000000000000000e+01 3.000000000000000000e+00
3.864881276698133306e-01 1.704069217866094776e+00 3.000000000000000000e+00 1.600000000000000000e+01 3.000000000000000000e+00
6.549277916245156428e-01 7.533911057936367728e-01 5.000000000000000000e+00 1.600000000000000000e+01 4.000000000000000000e+00
9.246691090533374346e-01 1.291495338637206336e+00 1.100000000000000000e+01 1.570000000000000000e+02 4.000000000000000000e+00
7.078847727230515030e-01 1.090107576729107741e+00 1.600000000000000000e+01 1.940000000000000000e+02 4.000000000000000000e+00
2.006091169023175302e-01 1.403768052008196987e+00 1.800000000000000000e+01 1.090000000000000000e+02 4.000000000000000000e+00
5.574535551679669076e-01 3.200563238244052977e-01 8.000000000000000000e+00 1.600000000000000000e+01 4.000000000000000000e+00
2.269090148511170302e-01 1.435088108780059601e-01 2.000000000000000000e+01 1.810000000000000000e+02 4.000000000000000000e+00
9.341873324898222197e-01 1.103999520642902965e+00 1.700000000000000000e+01 3.800000000000000000e+01 4.000000000000000000e+00
5.736133880233199589e-01 1.375493940074767052e-01 6.000000000000000000e+00 1.070000000000000000e+02 4.000000000000000000e+00
8.479517626434015520e-01 1.370606801451014434e+00 7.000000000000000000e+00 1.300000000000000000e+01 4.000000000000000000e+00
4.552672137660788154e-01 2.112390450175309076e-01 2.000000000000000000e+01 1.760000000000000000e+02 4.000000000000000000e+00
8.385112213490585054e-02 1.916073594708149974e+00 5.000000000000000000e+00 1.700000000000000000e+01 4.000000000000000000e+00
1.009341054362357104e+00 2.438668657074164747e-01 4.000000000000000000e+00 3.400000000000000000e+01 4.000000000000000000e+00
9.267841908785291460e-01 3.136012826219963801e-01 5.000000000000000000e+00 5.500000000000000000e+01 4.000000000000000000e+00
3.197038590990692875e-01 8.880140346812809282e-01 8.000000000000000000e+00 5.300000000000000000e+01 4.000000000000000000e+00
2.862624040677471671e-01 1.196233062462303876e+00 6.000000000000000000e+00 1.460000000000000000e+02 4.000000000000000000e+00
2.270106728893526160e-01 5.099451550810317757e-01 6.000000000000000000e+00 1.000000000000000000e+01 4.000000000000000000e+00
6.860884737636202546e-01 9.387108078498230812e-01 9.000000000000000000e+00 1.530000000000000000e+02 4.000000000000000000e+00
1.427506377453545694e-01 1.033363759196002540e+00 7.000000000000000000e+00 5.500000000000000000e+01 4.000000000000000000e+00
4.938040404439465458e-01 1.895182042601205596e+00 7.000000000000000000e+00 9.100000000000000000e+01 4.000000000000000000e+00
8.975194024824461048e-01 1.411682822667797099e+00 1.000000000000000000e+01 8.000000000000000000e+01 4.000000000000000000e+00
4.563647875024015033e-01 1.659263867952624205e-01 1.200000000000000000e+01 5.700000000000000000e+01 4.000000000000000000e+00
1.815472582705518478e-01 1.950103986778922716e+00 1.600000000000000000e+01 8.800000000000000000e+01 4.000000000000000000e+00
4.731430232928460766e-01 1.524050919720305153e+00 1.200000000000000000e+01 3.700000000000000000e+01 4.000000000000000000e+00
1.364491961538560026e-02 1.792284970764799645e+00 3.000000000000000000e+00 1.430000000000000000e+02 4.000000000000000000e+00
2.759949349052476242e-01 1.026016744479150811e+00 4.000000000000000000e+00 1.760000000000000000e+02 4.000000000000000000e+00
3.903031636933742554e-01 7.161136298260267763e-01 7.000000000000000000e+00 4.400000000000000000e+01 4.000000000000000000e+00
3.253025189202712886e-01 1.880470392723373241e+00 8.000000000000000000e+00 1.200000000000000000e+02 4.000000000000000000e+00
5.448559184311970727e-01 1.753181856060739507e+00 1.500000000000000000e+01 1.000000000000000000e+00 4.000000000000000000e+00
3.838939248276594940e-01 7.873991821184388451e-01 1.000000000000000000e+00 8.600000000000000000e+01 4.000000000000000000e+00
4.618238070312121746e-01 1.281928038245107315e-01 1.900000000000000000e+01 5.500000000000000000e+01 4.000000000000000000e+00
3.836472502036187837e-01 7.875254928502583018e-01 5.000000000000000000e+00 8.000000000000000000e+01 4.000000000000000000e+00
1.005339380657866988e+00 6.272308640649920664e-01 1.000000000000000000e+00 1.630000000000000000e+02 4.000000000000000000e+00
9.301754571339902744e-02 2.044784218935513209e+00 2.000000000000000000e+00 1.180000000000000000e+02 4.000000000000000000e+00
7.777117967812964272e-01 3.913549739573242148e-01 9.000000000000000000e+00 5.000000000000000000e+01 4.000000000000000000e+00
6.564159972751281158e-01 1.167015660814262112e+00 2.000000000000000000e+00 3.600000000000000000e+01 4.000000000000000000e+00
8.149319222411698371e-01 1.125786741990667972e+00 1.200000000000000000e+01 1.700000000000000000e+02 4.000000000000000000e+00
9.948657303645623839e-01 1.318180404063941547e+00 1.000000000000000000e+00 5.000000000000000000e+01 4.000000000000000000e+00
2.744080713845636899e-01 1.718536436578980364e+00 1.400000000000000000e+01 1.920000000000000000e+02 4.000000000000000000e+00
6.606761813035474384e-01 1.100507872505865237e+00 1.500000000000000000e+01 6.400000000000000000e+01 4.000000000000000000e+00
6.174365229843600256e-01 1.883920374456213187e+00 1.700000000000000000e+01 1.180000000000000000e+02 4.000000000000000000e+00
5.692230301963483452e-01 1.074014427915840564e+00 1.000000000000000000e+01 1.960000000000000000e+02 4.000000000000000000e+00
5.972465065407002172e-01 8.244171897838409313e-01 7.000000000000000000e+00 4.000000000000000000e+00 4.000000000000000000e+00
4.339339669550388301e-01 4.104304564627611063e-01 1.400000000000000000e+01 2.500000000000000000e+01 4.000000000000000000e+00
8.485416134634902185e-01 1.266962228178752925e+00 6.000000000000000000e+00 1.540000000000000000e+02 4.000000000000000000e+00
2.592516350099274280e-01 1.072332322695333628e+00 1.200000000000000000e+01 1.010000000000000000e+02 4.000000000000000000e+00
2.209520800358797388e-01 8.883792590530562583e-01 1.100000000000000000e+01 5.300000000000000000e+01 4.000000000000000000e+00
4.636442334479116134e-01 1.051034047832677842e+00 4.000000000000000000e+00 8.700000000000000000e+01 4.000000000000000000e+00
6.408336491446511296e-01 3.453053576986176987e-01 1.900000000000000000e+01 1.820000000000000000e+02 4.000000000000000000e+00
1.313401399396112446e-01 1.569938853986681648e+00 1.700000000000000000e+01 1.950000000000000000e+02 4.000000000000000000e+00
1.247081299541109439e-01 1.979272372248595868e+00 1.200000000000000000e+01 1.020000000000000000e+02 4.000000000000000000e+00
