6.173897981214142572e-01 1.636688221219547046e+00 1.000000000000000000e+00 1.500000000000000000e+02 0.000000000000000000e+00
7.818497729620154102e-01 1.475108969909099788e+00 1.300000000000000000e+01 7.200000000000000000e+01 0.000000000000000000e+00
1.008182024476861782e+00 1.266790271164447645e+00 1.700000000000000000e+01 1.670000000000000000e+02 0.000000000000000000e+00
9.023898483169409124e-01 5.391078476040075396e-01 2.000000000000000000e+00 1.140000000000000000e+02 0.000000000000000000e+00
8.393295147012378443e-01 7.532258298709330058e-01 1.500000000000000000e+01 1.600000000000000000e+01 0.000000000000000000e+00
7.516772951983481388e-01 4.916302891153511156e-01 1.300000000000000000e+01 1.700000000000000000e+02 0.000000000000000000e+00
5.713859017196162293e-01 1.507276358776453995e-01 1.400000000000000000e+01 1.310000000000000000e+02 0.000000000000000000e+00
4.338633860434112366e-01 1.075467891121450192e-01 9.000000000000000000e+00 1.420000000000000000e+02 0.000000000000000000e+00
9.034984426845207306e-01 2.893111917512828368e-01 1.100000000000000000e+01 1.950000000000000000e+02 0.000000000000000000e+00
6.231712421595049234e-01 1.583477949196502088e+00 9.000000000000000000e+00 8.500000000000000000e+01 0.000000000000000000e+00
5.011402999914917888e-01 9.334868738027010115e-01 1.200000000000000000e+01 1.320000000000000000e+02 0.000000000000000000e+00
8.364801817210001378e-01 9.233252758811564265e-01 1.900000000000000000e+01 4.900000000000000000e+01 0.000000000000000000e+00
4.767289291509952953e-01 3.759659139099488234e-01 1.700000000000000000e+01 7.700000000000000000e+01 0.000000000000000000e+00
4.836060645771999428e-02 3.084757829879599678e-01 1.600000000000000000e+01 1.130000000000000000e+02 0.000000000000000000e+00
3.898597136437312871e-01 1.504709146811415765e+00 1.400000000000000000e+01 4.800000000000000000e+01 0.000000000000000000e+00
6.476369446440706223e-01 9.027195629777019503e-01 1.100000000000000000e+01 1.940000000000000000e+02 0.000000000000000000e+00
1.000216002545922134e+00 1.453635519014439881e+00 1.000000000000000000e+01 1.380000000000000000e+02 0.000000000000000000e+00
5.117796644318551857e-01 1.873260915163748264e+00 1.400000000000000000e+01 1.520000000000000000e+02 0.000000000000000000e+00
5.207251002504001969e-01 8.801743648677077259e-01 1.000000000000000000e+00 7.000000000000000000e+00 0.000000000000000000e+00
3.835807067485145216e-01 1.831237880362503567e+00 1.100000000000000000e+01 1.240000000000000000e+02 0.000000000000000000e+00
3.441073817841658888e-01 1.169299214465666648e+00 3.000000000000000000e+00 7.900000000000000000e+01 0.000000000000000000e+00
7.378705588991721909e-01 5.507517233375619492e-01 8.000000000000000000e+00 1.690000000000000000e+02 0.000000000000000000e+00
6.616508503784955808e-01 1.097582794590815425e+00 1.900000000000000000e+01 1.580000000000000000e+02 0.000000000000000000e+00
9.524188555810436663e-01 6.564827179928242051e-01 1.900000000000000000e+01 1.000000000000000000e+00 0.000000000000000000e+00
6.366366612231886268e-01 1.046490571990981389e+00 1.000000000000000000e+01 1.580000000000000000e+02 0.000000000000000000e+00
6.113737484646371012e-01 4.720060191460525578e-01 2.000000000000000000e+00 1.810000000000000000e+02 0.000000000000000000e+00
1.601891092407865536e-01 1.593734187899651600e+00 6.000000000000000000e+00 3.500000000000000000e+01 0.000000000000000000e+00
2.934061444694842091e-01 1.676433828313212970e+00 6.000000000000000000e+00 1.690000000000000000e+02 0.000000000000000000e+00
3.809418501118041478e-01 2.430137834820086662e-01 1.800000000000000000e+01 1.790000000000000000e+02 0.000000000000000000e+00
9.780326745936883670e-01 4.956126707527549469e-01 9.000000000000000000e+00 1.370000000000000000e+02 0.000000000000000000e+00
8.635236648971396090e-01 1.690314075045494580e+00 2.000000000000000000e+00 1.240000000000000000e+02 0.000000000000000000e+00
3.112245390025289993e-01 9.413168515803697067e-01 1.600000000000000000e+01 9.000000000000000000e+00 0.000000000000000000e+00
3.996981381937014105e-02 8.095479246899833781e-01 4.000000000000000000e+00 7.000000000000000000e+00 0.000000000000000000e+00
1.651505443314053023e-01 6.171054774487673145e-01 7.000000000000000000e+00 1.900000000000000000e+01 0.000000000000000000e+00
4.645176601745408806e-01 2.046848660808355369e+00 7.000000000000000000e+00 9.700000000000000000e+01 0.000000000000000000e+00
8.588140167892104326e-01 1.536185747152566616e+00 1.700000000000000000e+01 1.880000000000000000e+02 0.000000000000000000e+00
6.478709162147250344e-01 1.541194615284608993e+00 3.000000000000000000e+00 1.250000000000000000e+02 0.000000000000000000e+00
6.140671798425887395e-01 1.953870867079706475e+00 1.900000000000000000e+01 1.000000000000000000e+00 0.000000000000000000e+00
7.856211174478697767e-01 8.709764131769676121e-01 1.700000000000000000e+01 3.700000000000000000e+01 0.000000000000000000e+00
6.370346552683601171e-01 1.027326758333753753e+00 1.000000000000000000e+01 1.170000000000000000e+02 0.000000000000000000e+00
4.381064112741677175e-01 1.036552342075627076e+00 9.000000000000000000e+00 1.990000000000000000e+02 0.000000000000000000e+00
4.821371343980874746e-01 1.176351966646071778e+00 1.200000000000000000e+01 4.400000000000000000e+01 0.000000000000000000e+00
6.247388320209397161e-01 1.897194344645340758e+00 2.000000000000000000e+01 1.820000000000000000e+02 0.000000000000000000e+00
3.961874498628809027e-01 1.406126158449885644e+00 1.800000000000000000e+01 7.800000000000000000e+01 0.000000000000000000e+00
3.346967271316239056e-01 1.361839939917727227e+00 2.000000000000000000e+01 9.600000000000000000e+01 0.000000000000000000e+00
6.346345869867989764e-01 1.277780531113958062e+00 1.900000000000000000e+01 1.630000000000000000e+02 0.000000000000000000e+00
6.651543507007444678e-01 9.894795707283051689e-01 1.100000000000000000e+01 1.790000000000000000e+02 0.000000000000000000e+00
2.411402743873427568e-01 9.276797184105277649e-01 1.000000000000000000e+00 6.700000000000000000e+01 0.000000000000000000e+00
6.988833366142731263e-02 1.868216768007461281e+00 1.400000000000000000e+01 1.310000000000000000e+02 0.000000000000000000e+00
6.148554880836044623e-01 1.104410365908392366e+00 1.200000000000000000e+01 3.500000000000000000e+01 0.000000000000000000e+00
9.732292993284595850e-01 7.185447970267854201e-01 7.000000000000000000e+00 1.300000000000000000e+01 1.000000000000000000e+00
9.251609270884593172e-01 1.328171110318249637e+00 1.700000000000000000e+01 1.820000000000000000e+02 1.000000000000000000e+00
2.252646649648304411e-01 1.066450694307337077e+00 4.000000000000000000e+00 5.700000000000000000e+01 1.000000000000000000e+00
4.063278021524334704e-01 1.334560963422517510e+00 1.400000000000000000e+01 6.000000000000000000e+00 1.000000000000000000e+00
7.124487903941160161e-01 4.636917108610588700e-01 1.000000000000000000e+01 1.500000000000000000e+01 1.000000000000000000e+00
4.046351970561502531e-01 1.467937405755275648e+00 1.200000000000000000e+01 1.680000000000000000e+02 1.000000000000000000e+00
2.900676129374907264e-01 1.532161433220183389e+00 1.400000000000000000e+01 1.020000000000000000e+02 1.000000000000000000e+00
4.787036008007738985e-01 1.147983448696580755e+00 7.000000000000000000e+00 2.600000000000000000e+01 1.000000000000000000e+00
1.021357022515972796e-01 1.711207859454824565e+00 1.700000000000000000e+01 1.940000000000000000e+02 1.000000000000000000e+00
4.211988086108077178e-01 1.593360507478604804e+00 6.000000000000000000e+00 1.010000000000000000e+02 1.000000000000000000e+00
5.439200098119438831e-01 8.219287110666294582e-01 1.800000000000000000e+01 1.140000000000000000e+02 1.000000000000000000e+00
3.116319061794542433e-01 2.075331727429778894e+00 1.600000000000000000e+01 6.600000000000000000e+01 1.000000000000000000e+00
4.301238463299841275e-01 7.148699616952832736e-01 1.300000000000000000e+01 5.200000000000000000e+01 1.000000000000000000e+00
3.147757495841848607e-01 1.558743681148790250e+00 4.000000000000000000e+00 1.800000000000000000e+01 1.000000000000000000e+00
9.945146843601511133e-01 1.628130334435658799e+00 7.000000000000000000e+00 1.120000000000000000e+02 1.000000000000000000e+00
5.625508010596343977e-01 1.496370644465662147e+00 7.000000000000000000e+00 1.230000000000000000e+02 1.000000000000000000e+00
6.612351510455829473e-01 1.411901855470183653e+00 1.200000000000000000e+01 9.000000000000000000e+00 1.000000000000000000e+00
5.116096916163992425e-01 1.489799209992650697e+00 3.000000000000000000e+00 1.440000000000000000e+02 1.000000000000000000e+00
7.331778397903631062e-01 1.574814948743586296e+00 1.800000000000000000e+01 4.300000000000000000e+01 1.000000000000000000e+00
2.645925872785576116e-01 1.942037835429574477e-01 1.000000000000000000e+00 1.250000000000000000e+02 1.000000000000000000e+00
6.647002222771044577e-01 1.803894429559398382e+00 1.100000000000000000e+01 1.700000000000000000e+01 1.000000000000000000e+00
8.828973078383531847e-01 2.576035611951535964e-01 5.000000000000000000e+00 9.000000000000000000e+00 1.000000000000000000e+00
3.730915589139361943e-01 2.863122220789559025e-01 1.200000000000000000e+01 5.000000000000000000e+01 1.000000000000000000e+00
4.725194544887978410e-01 1.271627827635138264e+00 4.000000000000000000e+00 1.070000000000000000e+02 1.000000000000000000e+00
5.986054229026919193e-01 1.486146576268000175e+00 1.000000000000000000e+01 5.900000000000000000e+01 1.000000000000000000e+00
1.006052399193413827e+00 2.727222994086931918e-01 1.300000000000000000e+01 1.630000000000000000e+02 1.000000000000000000e+00
6.061555669136575036e-02 1.174441141146614687e+00 1.900000000000000000e+01 1.740000000000000000e+02 1.000000000000000000e+00
9.970739261341876603e-01 1.854632111330399180e+00 1.800000000000000000e+01 1.260000000000000000e+02 1.000000000000000000e+00
8.323962717110243437e-02 8.987213735451516916e-01 4.000000000000000000e+00 8.700000000000000000e+01 1.000000000000000000e+00
7.601146498622475267e-01 3.371583001392083334e-01 7.000000000000000000e+00 1.840000000000000000e+02 1.000000000000000000e+00
3.963678976988236347e-01 9.442491343110116508e-01 8.000000000000000000e+00 3.000000000000000000e+00 1.000000000000000000e+00
4.267846332428957279e-01 2.088585924557667894e+00 1.500000000000000000e+01 2.200000000000000000e+01 1.000000000000000000e+00
6.205689183050470126e-01 1.195240452707304613e+00 1.300000000000000000e+01 5.200000000000000000e+01 1.000000000000000000e+00
6.128085521108697087e-01 2.353832329713233806e-01 4.000000000000000000e+00 4.700000000000000000e+01 1.000000000000000000e+00
1.009083722683798978e+00 1.688956864768160093e+00 1.700000000000000000e+01 9.000000000000000000e+01 1.000000000000000000e+00
6.185252249521244056e-02 1.048023380371225333e+00 1.300000000000000000e+01 3.800000000000000000e+01 1.000000000000000000e+00
6.393904339661898861e-01 1.438856127683304065e+00 1.600000000000000000e+01 5.400000000000000000e+01 1.000000000000000000e+00
6.264600157509230272e-01 2.017622309485819498e-01 6.000000000000000000e+00 6.800000000000000000e+01 1.000000000000000000e+00
4.365704244231747300e-01 6.606629461664242919e-01 1.000000000000000000e+01 2.000000000000000000e+02 1.000000000000000000e+00
9.061906318617840572e-01 1.800713524206977167e+00 1.000000000000000000e+01 3.200000000000000000e+01 1.000000000000000000e+00
4.020283838792598763e-01 9.195282788083937175e-01 2.000000000000000000e+01 7.200000000000000000e+01 1.000000000000000000e+00
4.636980109551599449e-01 1.228195231209100013e+00 3.000000000000000000e+00 1.640000000000000000e+02 1.000000000000000000e+00
4.608348125566295028e-01 2.007606852885398308e+00 6.000000000000000000e+00 1.500000000000000000e+01 1.000000000000000000e+00
7.603980080598832236e-01 2.797042386762370603e-01 1.200000000000000000e+01 1.800000000000000000e+01 1.000000000000000000e+00
9.781743588786183385e-02 1.111118988955537512e+00 1.800000000000000000e+01 1.500000000000000000e+02 1.000000000000000000e+00
3.001327441597945178e-01 1.211664580132372659e+00 1.100000000000000000e+01 6.000000000000000000e+00 1.000000000000000000e+00
6.533034400901710503e-01 1.691564132138081211e+00 8.000000000000000000e+00 1.180000000000000000e+02 1.000000000000000000e+00
7.067443596193959676e-01 4.813089761411856182e-01 1.900000000000000000e+01 1.300000000000000000e+01 1.000000000000000000e+00
6.960110550500038240e-01 1.452315709809685329e-01 1.400000000000000000e+01 1.050000000000000000e+02 1.000000000000000000e+00
9.229584068207026260e-01 1.335864638486491618e+00 1.200000000000000000e+01 4.000000000000000000e+00 1.000000000000000000e+00
7.881978859134073367e-01 2.052981460209878595e+00 2.000000000000000000e+01 6.600000000000000000e+01 2.000000000000000000e+00
8.544215998624472563e-01 4.194830349199997199e-01 5.000000000000000000e+00 3.800000000000000000e+01 2.000000000000000000e+00
3.335728705514056092e-01 2.717920922687461216e-01 8.000000000000000000e+00 1.870000000000000000e+02 2.000000000000000000e+00
3.818339716767238379e-01 1.319245627831847401e+00 2.000000000000000000e+00 1.940000000000000000e+02 2.000000000000000000e+00
3.064072388844951006e-02 6.070383245981619824e-01 1.900000000000000000e+01 5.200000000000000000e+01 2.000000000000000000e+00
8.159196076153140131e-01 2.638054896519469450e-01 1.000000000000000000e+00 1.200000000000000000e+01 2.000000000000000000e+00
8.454515723163908980e-01 9.897539464804155918e-01 1.400000000000000000e+01 1.290000000000000000e+02 2.000000000000000000e+00
1.572521646600576889e-02 1.832460697840452735e+00 1.000000000000000000e+00 5.300000000000000000e+01 2.000000000000000000e+00
5.054882079663908234e-01 2.076098565572900068e+00 6.000000000000000000e+00 5.300000000000000000e+01 2.000000000000000000e+00
8.719645014070357414e-01 1.369136103455717235e+00 1.400000000000000000e+01 1.420000000000000000e+02 2.000000000000000000e+00
4.970041852154415407e-01 1.203104321636841112e+00 2.000000000000000000e+00 5.200000000000000000e+01 2.000000000000000000e+00
9.709891758091112601e-01 1.921157925391064891e+00 1.500000000000000000e+01 4.400000000000000000e+01 2.000000000000000000e+00
4.411913830164688743e-01 2.029259369983394290e+00 1.600000000000000000e+01 1.200000000000000000e+01 2.000000000000000000e+00
1.964391398560314528e-01 1.040072122756686479e+00 1.900000000000000000e+01 1.610000000000000000e+02 2.000000000000000000e+00
5.590220112397671359e-01 1.384273728709831008e+00 8.000000000000000000e+00 1.800000000000000000e+01 2.000000000000000000e+00
4.399577927098800023e-01 1.173503981897964898e+00 1.300000000000000000e+01 8.900000000000000000e+01 2.000000000000000000e+00
5.517679855932104971e-01 2.059695624721694429e+00 3.000000000000000000e+00 9.000000000000000000e+00 2.000000000000000000e+00
3.800191078504397968e-01 1.881415963357343957e+00 5.000000000000000000e+00 1.520000000000000000e+02 2.000000000000000000e+00
9.382235682282340505e-01 6.493113426371072139e-01 1.000000000000000000e+00 1.580000000000000000e+02 2.000000000000000000e+00
8.928300022593256280e-01 1.027702304859673621e+00 1.900000000000000000e+01 7.000000000000000000e+01 2.000000000000000000e+00
2.834280701910785183e-01 1.443720745618777501e+00 2.000000000000000000e+00 4.900000000000000000e+01 2.000000000000000000e+00
7.287260686502707863e-01 1.707001086793249467e+00 1.000000000000000000e+01 1.280000000000000000e+02 2.000000000000000000e+00
8.871325319751909022e-02 1.020754221986538202e+00 2.000000000000000000e+01 9.100000000000000000e+01 2.000000000000000000e+00
5.521817363905782150e-01 2.009661195500635600e+00 5.000000000000000000e+00 1.290000000000000000e+02 2.000000000000000000e+00
5.337304549269140663e-01 1.177804847885800532e+00 8.000000000000000000e+00 4.000000000000000000e+01 2.000000000000000000e+00
6.706663171440552240e-01 1.073887311448065374e+00 6.000000000000000000e+00 1.600000000000000000e+02 2.000000000000000000e+00
7.183944336441729916e-01 1.572450698494192611e+00 8.000000000000000000e+00 7.600000000000000000e+01 2.000000000000000000e+00
5.685389427603614321e-01 4.121557482811705198e-01 1.700000000000000000e+01 5.900000000000000000e+01 2.000000000000000000e+00
1.733243291116726148e-01 1.516386090467059855e+00 7.000000000000000000e+00 1.550000000000000000e+02 2.000000000000000000e+00
2.889997525088804781e-02 7.195355148711827242e-01 4.000000000000000000e+00 1.290000000000000000e+02 2.000000000000000000e+00
8.640070661150331954e-01 1.928511838390224886e+00 1.400000000000000000e+01 6.900000000000000000e+01 2.000000000000000000e+00
3.533576623823131424e-01 1.568081229179923985e+00 1.400000000000000000e+01 1.600000000000000000e+02 2.000000000000000000e+00
6.304142570570723247e-01 5.357504142055190544e-01 1.200000000000000000e+01 4.000000000000000000e+01 2.000000000000000000e+00
7.611353947593841873e-01 1.902528087422863612e+00 1.200000000000000000e+01 2.400000000000000000e+01 2.000000000000000000e+00
4.651859232346967632e-01 1.129761801762923623e+00 1.600000000000000000e+01 6.000000000000000000e+00 2.000000000000000000e+00
4.064479636816525909e-01 1.310767565153410530e+00 1.600000000000000000e+01 2.300000000000000000e+01 2.000000000000000000e+00
1.842654813506663380e-01 1.359400564804034151e+00 1.000000000000000000e+01 1.410000000000000000e+02 2.000000000000000000e+00
1.739645538633691757e-01 8.138891437326426503e-01 1.200000000000000000e+01 1.860000000000000000e+02 2.000000000000000000e+00
2.960864576237196566e-01 1.856192321176755478e+00 7.000000000000000000e+00 8.000000000000000000e+00 2.000000000000000000e+00
1.664897718886684252e-01 7.704173660980920824e-01 2.000000000000000000e+00 7.200000000000000000e+01 2.000000000000000000e+00
3.034705357722089492e-01 4.097296717517796560e-01 2.000000000000000000e+01 1.200000000000000000e+01 2.000000000000000000e+00
7.676780069737684231e-01 3.022746662459573352e-01 1.200000000000000000e+01 1.220000000000000000e+02 2.000000000000000000e+00
6.099502505690720389e-01 2.020513230938495663e+00 2.000000000000000000e+01 1.400000000000000000e+01 2.000000000000000000e+00
9.837076707117935470e-01 1.677190759191497849e+00 1.300000000000000000e+01 2.400000000000000000e+01 2.000000000000000000e+00
9.675071217674232615e-01 1.420561111771676321e+00 1.300000000000000000e+01 3.000000000000000000e+01 2.000000000000000000e+00
7.867068950287152695e-01 1.390213162822379722e+00 1.900000000000000000e+01 3.700000000000000000e+01 2.000000000000000000e+00
8.343203500840000730e-01 7.918105708214749905e-01 1.700000000000000000e+01 3.400000000000000000e+01 2.000000000000000000e+00
1.191619878606985615e-02 5.282963622349553523e-01 8.000000000000000000e+00 1.500000000000000000e+01 2.000000000000000000e+00
8.710195649445685584e-01 1.498483027556411828e+00 1.000000000000000000e+00 8.100000000000000000e+01 2.000000000000000000e+00
3.525126318752936916e-01 5.333821700347328720e-01 1.600000000000000000e+01 1.510000000000000000e+02 2.000000000000000000e+00
9.842046451587441735e-01 2.002505022047935235e+00 1.000000000000000000e+00 1.900000000000000000e+01 3.000000000000000000e+00
2.459096798256844574e-01 2.507645114287816446e-01 1.200000000000000000e+01 1.670000000000000000e+02 3.000000000000000000e+00
7.559791350761834172e-01 5.592198263712314654e-01 1.800000000000000000e+01 1.900000000000000000e+02 3.000000000000000000e+00
4.708328825885365054e-01 1.561736219594732189e+00 7.000000000000000000e+00 1.050000000000000000e+02 3.000000000000000000e+00
3.625912955202825749e-01 1.438867685060156498e+00 1.500000000000000000e+01 1.520000000000000000e+02 3.000000000000000000e+00
4.834971072632634481e-01 5.650274698896916581e-01 6.000000000000000000e+00 1.300000000000000000e+02 3.000000000000000000e+00
8.005386108798131506e-01 3.225162373805864346e-01 1.900000000000000000e+01 1.050000000000000000e+02 3.000000000000000000e+00
5.377623763190032546e-01 2.076022136481904923e+00 6.000000000000000000e+00 9.800000000000000000e+01 3.000000000000000000e+00
5.670408389621889311e-01 9.862094477280473059e-01 5.000000000000000000e+00 1.460000000000000000e+02 3.000000000000000000e+00
5.395391003144777570e-02 1.521270871794227153e+00 1.400000000000000000e+01 3.700000000000000000e+01 3.000000000000000000e+00
7.585225285055174904e-01 8.000018680877681865e-01 1.100000000000000000e+01 5.700000000000000000e+01 3.000000000000000000e+00
6.266504935051808722e-01 2.541417161018916238e-01 4.000000000000000000e+00 1.520000000000000000e+02 3.000000000000000000e+00
3.396242639749039727e-01 3.328923959349227024e-01 1.800000000000000000e+01 1.610000000000000000e+02 3.000000000000000000e+00
3.869017881063923081e-01 1.927194504139832232e-01 1.300000000000000000e+01 1.390000000000000000e+02 3.000000000000000000e+00
4.117234431772046621e-01 1.797186960740664752e+00 5.000000000000000000e+00 3.300000000000000000e+01 3.000000000000000000e+00
3.997903284988448824e-01 1.307918241957573668e+00 1.500000000000000000e+01 1.070000000000000000e+02 3.000000000000000000e+00
7.291968161514577051e-01 1.329413939240312814e+00 4.000000000000000000e+00 6.900000000000000000e+01 3.000000000000000000e+00
5.329269037680738758e-02 1.621916150782444499e-01 1.400000000000000000e+01 4.300000000000000000e+01 3.000000000000000000e+00
7.933900668138404999e-01 1.420526979113020838e+00 1.200000000000000000e+01 1.250000000000000000e+02 3.000000000000000000e+00
2.225824778620253408e-01 2.109270004368478946e-01 1.000000000000000000e+01 1.960000000000000000e+02 3.000000000000000000e+00
8.136860817730630080e-01 2.325880633711669143e-01 1.500000000000000000e+01 9.000000000000000000e+00 3.000000000000000000e+00
8.835872651163966252e-01 1.932664403475983450e+00 4.000000000000000000e+00 8.300000000000000000e+01 3.000000000000000000e+00
1.985268109261446590e-01 2.094773251782503731e+00 1.000000000000000000e+01 1.230000000000000000e+02 3.000000000000000000e+00
7.515659474758831227e-01 1.873561597568075499e+00 1.100000000000000000e+01 5.900000000000000000e+01 3.000000000000000000e+00
8.426900475896299536e-01 1.056992956152644103e+00 4.000000000000000000e+00 1.310000000000000000e+02 3.000000000000000000e+00
7.686695905173915877e-01 3.716436894399509638e-01 1.300000000000000000e+01 2.100000000000000000e+01 3.000000000000000000e+00
1.550832525524594718e-01 1.616735563674260190e+00 1.700000000000000000e+01 1.750000000000000000e+02 3.000000000000000000e+00
6.351841408666972777e-01 3.938404282103747933e-01 1.100000000000000000e+01 1.030000000000000000e+02 3.000000000000000000e+00
9.266505466703650606e-01 1.740814170657553339e-01 1.400000000000000000e+01 1.600000000000000000e+01 3.000000000000000000e+00
2.080804936487190560e-01 1.235765721027299036e-01 4.000000000000000000e+00 8.400000000000000000e+01 3.000000000000000000e+00
8.278055102562877909e-01 2.057798838212175685e+00 1.400000000000000000e+01 1.870000000000000000e+02 3.000000000000000000e+00
7.820530456377939865e-01 1.060344514611524680e+00 1.200000000000000000e+01 4.700000000000000000e+01 3.000000000000000000e+00
7.557150104491680009e-01 4.149945105744307083e-01 2.000000000000000000e+01 1.500000000000000000e+01 3.000000000000000000e+00
3.320848190726954918e-01 1.071649137139720542e+00 1.100000000000000000e+01 1.320000000000000000e+02 3.000000000000000000e+00
6.489570857533404347e-01 1.179575255639348175e+00 1.700000000000000000e+01 1.720000000000000000e+02 3.000000000000000000e+00
8.237883650272328495e-01 1.140875383839247359e+00 8.000000000000000000e+00 1.220000000000000000e+02 3.000000000000000000e+00
2.130959144726529697e-01 1.030558479476683775e+00 1.800000000000000000e+01 1.050000000000000000e+02 3.000000000000000000e+00
1.275401659039770985e-01 1.284534640329240585e+00 8.000000000000000000e+00 2.000000000000000000e+01 3.000000000000000000e+00
5.955023551536900994e-01 1.562743272309398135e+00 5.000000000000000000e+00 9.600000000000000000e+01 3.000000000000000000e+00
2.076695984362474379e-01 3.024584415970993367e-01 1.400000000000000000e+01 9.400000000000000000e+01 3.000000000000000000e+00
5.018634111203560400e-01 3.221362603474572373e-01 4.000000000000000000e+00 1.520000000000000000e+02 3.000000000000000000e+00
4.827286286328820175e-01 4.987926624580741874e-01 1.300000000000000000e+01 1.190000000000000000e+02 3.000000000000000000e+00
5.512884369850571398e-01 6.288887920196241099e-01 1.400000000000000000e+01 9.200000000000000000e+01 3.000000000000000000e+00
4.891649940046702838e-01 1.386716087520273533e+00 1.700000000000000000e+01 1.380000000000000000e+02 3.000000000000000000e+00
9.446780854732412802e-01 1.656227672689869479e+00 1.300000000000000000e+01 2.300000000000000000e+01 3.000000000000000000e+00
3.874154759937310510e-01 9.274676560630176203e-01 1.700000000000000000e+01 1.550000000000000000e+02 3.000000000000000000e+00
5.270332486725136656e-01 1.587682398483817592e-01 7.000000000000000000e+00 7.300000000000000000e+01 3.000000000000000000e+00
8.183548436340148946e-01 1.617194129391253954e+00 8.000000000000000000e+00 5.600000000000000000e+01 3.000000000000000000e+00
4.604661927828390677e-01 1.608638312403309012e+00 2.000000000000000000e+01 4.600000000000000000e+01 3.000000000000000000e+00
7.572053256988453551e-01 1.224293285711842982e-01 1.800000000000000000e+01 4.000000000000000000e+01 3.000000000000000000e+00
7.392726647995502276e-01 2.345658144855923555e-01 6.000000000000000000e+00 1.480000000000000000e+02 4.000000000000000000e+00
6.532546104391685482e-01 1.922185920026401096e+00 1.500000000000000000e+01 1.120000000000000000e+02 4.000000000000000000e+00
9.938550423468132111e-01 6.127949659582522246e-01 1.200000000000000000e+01 1.510000000000000000e+02 4.000000000000000000e+00
8.003483231456506308e-01 9.169785373008657592e-01 1.200000000000000000e+01 1.180000000000000000e+02 4.000000000000000000e+00
7.327777315330582519e-01 1.647841461876330627e+00 1.000000000000000000e+00 6.900000000000000000e+01 4.000000000000000000e+00
5.965428496113300838e-01 1.637879204499241015e-01 1.100000000000000000e+01 1.310000000000000000e+02 4.000000000000000000e+00
6.937089698134570881e-01 1.858094425730032917e+00 4.000000000000000000e+00 6.800000000000000000e+01 4.000000000000000000e+00
9.357197609834319030e-01 1.133680224796254299e+00 3.000000000000000000e+00 4.400000000000000000e+01 4.000000000000000000e+00
7.088581495348811323e-01 1.313566949139627793e+00 7.000000000000000000e+00 1.750000000000000000e+02 4.000000000000000000e+00
2.803336789287171893e-01 4.284072054098985172e-01 7.000000000000000000e+00 1.900000000000000000e+01 4.000000000000000000e+00
7.388148187204125472e-01 1.524974427650096498e+00 1.500000000000000000e+01 1.250000000000000000e+02 4.000000000000000000e+00
2.373934774300140438e-01 1.790221693198316422e-01 1.100000000000000000e+01 1.140000000000000000e+02 4.000000000000000000e+00
6.208932840264780317e-01 4.876420789991265936e-01 7.000000000000000000e+00 6.600000000000000000e+01 4.000000000000000000e+00
4.025553299727474554e-01 1.756495020831239762e+00 3.000000000000000000e+00 1.000000000000000000e+02 4.000000000000000000e+00
1.324836764093269004e-01 1.761422265004674470e+00 1.400000000000000000e+01 1.000000000000000000e+00 4.000000000000000000e+00
4.391674663148369406e-01 5.528217509774534522e-01 1.000000000000000000e+01 1.970000000000000000e+02 4.000000000000000000e+00
4.888583852048612455e-01 5.504376804006628765e-01 5.000000000000000000e+00 8.000000000000000000e+01 4.000000000000000000e+00
4.345748857608255217e-02 1.263004053025526263e-01 1.500000000000000000e+01 1.720000000000000000e+02 4.000000000000000000e+00
1.316251692921965866e-01 9.061915788748281519e-01 1.100000000000000000e+01 1.840000000000000000e+02 4.000000000000000000e+00
5.511439276973124635e-01 6.950802644381818274e-01 4.000000000000000000e+00 2.400000000000000000e+01 4.000000000000000000e+00
2.884310978181744423e-01 2.041778547441366776e+00 3.000000000000000000e+00 1.050000000000000000e+02 4.000000000000000000e+00
1.166965855029577920e-01 1.199897559908527978e+00 1.800000000000000000e+01 1.270000000000000000e+02 4.000000000000000000e+00
8.473541069631276290e-01 2.857967485818629916e-01 8.000000000000000000e+00 1.930000000000000000e+02 4.000000000000000000e+00
6.071237688409082400e-01 1.138645983055457167e+00 8.000000000000000000e+00 1.510000000000000000e+02 4.000000000000000000e+00
5.919400631845821437e-01 3.753091804697229472e-01 1.100000000000000000e+01 1.150000000000000000e+02 4.000000000000000000e+00
6.363389136080285224e-01 5.548064084574179100e-01 1.900000000000000000e+01 9.300000000000000000e+01 4.000000000000000000e+00
8.969146576204940491e-01 1.775532391053143311e+00 7.000000000000000000e+00 1.830000000000000000e+02 4.000000000000000000e+00
2.139445135448558161e-02 1.297923361733625436e+00 1.300000000000000000e+01 1.480000000000000000e+02 4.000000000000000000e+00
5.819802431639939932e-01 1.405819209420807514e+00 1.600000000000000000e+01 6.000000000000000000e+01 4.000000000000000000e+00
8.261697391518723066e-01 1.712948173134851038e+00 1.700000000000000000e+01 1.990000000000000000e+02 4.000000000000000000e+00
1.471480316998473592e-01 2.540760832110778855e-01 1.500000000000000000e+01 1.520000000000000000e+02 4.000000000000000000e+00
2.349207954667169584e-01 1.004446612582382548e+00 4.000000000000000000e+00 5.200000000000000000e+01 4.000000000000000000e+00
1.844523347849724715e-01 6.231890922500703534e-01 1.300000000000000000e+01 1.260000000000000000e+02 4.000000000000000000e+00
9.986356931584050578e-01 1.134281994510195180e+00 1.000000000000000000e+00 8.800000000000000000e+01 4.000000000000000000e+00
2.799471541259992424e-01 1.649190092025632381e+00 4.000000000000000000e+00 1.120000000000000000e+02 4.000000000000000000e+00
1.291118688628442035e-01 1.258534334874271965e-01 3.000000000000000000e+00 1.640000000000000000e+02 4.000000000000000000e+00
4.995703225139068726e-01 8.177749340221874830e-01 1.000000000000000000e+01 1.480000000000000000e+02 4.000000000000000000e+00
6.505837545865010840e-01 8.556081328876111725e-01 1.000000000000000000e+01 9.400000000000000000e+01 4.000000000000000000e+00
1.400524409861467756e-01 1.109838318745658636e+00 9.000000000000000000e+00 1.950000000000000000e+02 4.000000000000000000e+00
1.996005620024557947e-01 1.634906808012891011e+00 1.000000000000000000e+00 1.460000000000000000e+02 4.000000000000000000e+00
4.290734565164971981e-01 1.661983302746946833e+00 2.000000000000000000e+00 4.000000000000000000e+01 4.000000000000000000e+00
1.360968807436114814e-01 7.871514155325066708e-01 3.000000000000000000e+00 2.600000000000000000e+01 4.000000000000000000e+00
7.822237092621204813e-01 1.644648081367830583e+00 6.000000000000000000e+00 1.300000000000000000e+01 4.000000000000000000e+00
4.683546496398667269e-01 3.473774360060576383e-01 1.100000000000000000e+01 1.870000000000000000e+02 4.000000000000000000e+00
3.234506529464791225e-01 1.640520331255067576e+00 1.700000000000000000e+01 7.000000000000000000e+01 4.000000000000000000e+00
1.843462538947746587e-01 1.824727477323505598e+00 1.600000000000000000e+01 3.700000000000000000e+01 4.000000000000000000e+00
1.787624732902217684e-01 3.015036354241754646e-01 1.000000000000000000e+00 1.170000000000000000e+02 4.000000000000000000e+00
7.820983564217749429e-01 1.949297773863306382e+00 3.000000000000000000e+00 1.670000000000000000e+02 4.000000000000000000e+00
3.626362426586104276e-02 1.731485194453843413e+00 1.600000000000000000e+01 1.540000000000000000e+02 4.000000000000000000e+00
2.221846918857376396e-01 2.040780828135758951e-01 1.100000000000000000e+01 1.010000000000000000e+02 4.000000000000000000e+00
