4.040475991166841974e-01 7.649282326212644145e-01 5.000000000000000000e+00 3.200000000000000000e+01 0.000000000000000000e+00
4.315287247740690058e-01 2.014982773535574978e+00 1.000000000000000000e+00 7.000000000000000000e+01 0.000000000000000000e+00
5.659305950605379998e-01 1.548082205459128113e+00 4.000000000000000000e+00 1.160000000000000000e+02 0.000000000000000000e+00
7.296225976157820758e-01 4.119016184199207897e-01 8.000000000000000000e+00 1.020000000000000000e+02 0.000000000000000000e+00
8.425646605789508525e-01 1.768288078962945820e+00 9.000000000000000000e+00 1.180000000000000000e+02 0.000000000000000000e+00
2.365271143249503272e-01 1.645784365871302557e-01 8.000000000000000000e+00 1.490000000000000000e+02 0.000000000000000000e+00
4.171776084629278403e-01 8.637167174729095676e-01 1.100000000000000000e+01 2.600000000000000000e+01 0.000000000000000000e+00
1.271118028034145218e-02 1.001463184585795974e+00 6.000000000000000000e+00 3.400000000000000000e+01 0.000000000000000000e+00
2.767106557468542727e-01 8.413660376374917371e-01 4.000000000000000000e+00 9.400000000000000000e+01 0.000000000000000000e+00
6.565669823453120779e-01 6.516285388108492560e-01 2.000000000000000000e+00 1.140000000000000000e+02 0.000000000000000000e+00
5.746994903544530020e-01 1.226315194035360490e+00 6.000000000000000000e+00 9.800000000000000000e+01 0.000000000000000000e+00
7.150734026889059569e-01 1.377120842964588476e+00 1.800000000000000000e+01 8.800000000000000000e+01 0.000000000000000000e+00
4.206181406158322478e-01 3.776808432674884086e-01 4.000000000000000000e+00 1.140000000000000000e+02 0.000000000000000000e+00
6.122971974845974330e-01 2.002227092359055938e+00 1.000000000000000000e+01 3.000000000000000000e+00 0.000000000000000000e+00
2.676868678276813629e-01 1.497013181819895067e+00 6.000000000000000000e+00 1.610000000000000000e+02 0.000000000000000000e+00
9.573797594270698763e-01 2.021027342229015034e+00 1.000000000000000000e+00 3.400000000000000000e+01 0.000000000000000000e+00
3.696107220930023862e-01 1.785375694906901511e+00 1.000000000000000000e+00 1.050000000000000000e+02 0.000000000000000000e+00
4.378931809031753053e-01 1.390106675828143068e+00 1.400000000000000000e+01 8.300000000000000000e+01 0.000000000000000000e+00
8.449007957999046248e-01 1.314855453131262841e+00 1.800000000000000000e+01 1.950000000000000000e+02 0.000000000000000000e+00
5.659416217309015673e-01 2.112196730763410690e-01 1.300000000000000000e+01 1.430000000000000000e+02 0.000000000000000000e+00
7.878199046470742983e-01 8.285810515678410093e-01 1.000000000000000000e+01 1.490000000000000000e+02 0.000000000000000000e+00
2.864371185274771497e-02 1.346108999909409576e+00 5.000000000000000000e+00 1.700000000000000000e+01 0.000000000000000000e+00
9.249809156207341454e-01 5.646493835762939062e-01 1.400000000000000000e+01 1.130000000000000000e+02 0.000000000000000000e+00
1.403369089796666636e-01 5.811297311854698444e-01 7.000000000000000000e+00 1.050000000000000000e+02 0.000000000000000000e+00
3.197043698259136590e-01 1.033630428196171014e+00 8.000000000000000000e+00 8.100000000000000000e+01 0.000000000000000000e+00
7.790297074768460783e-01 6.020931492899440629e-01 2.000000000000000000e+01 1.780000000000000000e+02 0.000000000000000000e+00
3.805108079329367898e-01 1.028155579926051777e+00 1.000000000000000000e+00 1.470000000000000000e+02 0.000000000000000000e+00
7.028192805247793773e-01 1.800950973448371739e+00 1.100000000000000000e+01 1.920000000000000000e+02 0.000000000000000000e+00
8.099000223142099886e-01 1.624234036141669169e+00 1.700000000000000000e+01 2.100000000000000000e+01 0.000000000000000000e+00
9.807241685152088273e-01 2.748073369686091505e-01 6.000000000000000000e+00 5.400000000000000000e+01 0.000000000000000000e+00
6.720038892634069283e-01 2.056684378461354434e+00 7.000000000000000000e+00 1.850000000000000000e+02 0.000000000000000000e+00
7.670780596051034461e-01 1.279428375890924841e+00 1.100000000000000000e+01 1.970000000000000000e+02 0.000000000000000000e+00
5.995958627018517229e-01 2.066455130983107846e+00 1.700000000000000000e+01 2.900000000000000000e+01 0.000000000000000000e+00
9.701266237532635284e-01 1.550102261978891116e+00 1.000000000000000000e+01 1.900000000000000000e+01 0.000000000000000000e+00
5.638834348084516002e-01 1.046625174770737354e+00 1.300000000000000000e+01 1.930000000000000000e+02 0.000000000000000000e+00
1.781636727204696236e-01 6.195339081340213161e-01 9.000000000000000000e+00 2.100000000000000000e+01 0.000000000000000000e+00
9.630457483456776879e-01 1.286157866269664440e+00 1.000000000000000000e+01 1.700000000000000000e+02 0.000000000000000000e+00
9.863231650129993255e-01 7.276393440571878868e-01 3.000000000000000000e+00 6.800000000000000000e+01 0.000000000000000000e+00
7.892048629547157024e-01 1.322823101530692158e+00 1.100000000000000000e+01 3.300000000000000000e+01 0.000000000000000000e+00
6.550625210714483559e-01 1.997247050845158134e-01 1.400000000000000000e+01 1.200000000000000000e+01 0.000000000000000000e+00
8.938709775767615662e-02 4.641040147324843046e-01 1.900000000000000000e+01 9.900000000000000000e+01 0.000000000000000000e+00
1.020333669330689558e-01 1.788911921283437900e+00 1.500000000000000000e+01 7.500000000000000000e+01 0.000000000000000000e+00
1.189012033494297599e-01 3.501648884536673334e-01 1.000000000000000000e+01 7.800000000000000000e+01 0.000000000000000000e+00
9.926856228632845447e-01 4.287946996877231021e-01 2.000000000000000000e+01 5.900000000000000000e+01 0.000000000000000000e+00
3.466954786271461142e-01 1.296866200710676154e+00 7.000000000000000000e+00 3.600000000000000000e+01 0.000000000000000000e+00
6.301893192737912930e-01 2.036050407841541343e+00 1.400000000000000000e+01 3.600000000000000000e+01 0.000000000000000000e+00
5.211831864889647781e-01 1.056126222635248801e+00 1.500000000000000000e+01 5.900000000000000000e+01 0.000000000000000000e+00
3.904582532754372615e-01 7.490713450053060329e-01 1.300000000000000000e+01 1.870000000000000000e+02 0.000000000000000000e+00
2.792706709989146718e-01 5.622733261347191425e-01 5.000000000000000000e+00 1.300000000000000000e+01 0.000000000000000000e+00
5.897771785451035864e-01 1.075862926082235882e+00 1.100000000000000000e+01 1.510000000000000000e+02 0.000000000000000000e+00
5.877747735816984953e-01 6.368199923309539878e-01 6.000000000000000000e+00 1.440000000000000000e+02 1.000000000000000000e+00
5.396410696399513984e-01 9.632908963633367572e-01 2.000000000000000000e+00 1.440000000000000000e+02 1.000000000000000000e+00
2.476447076595666985e-01 1.040085918709651391e+00 2.000000000000000000e+01 1.570000000000000000e+02 1.000000000000000000e+00
2.857241764268303452e-01 7.167764570790885470e-01 3.000000000000000000e+00 7.800000000000000000e+01 1.000000000000000000e+00
6.624326474673262188e-01 7.999018858816334676e-01 1.400000000000000000e+01 7.000000000000000000e+01 1.000000000000000000e+00
9.165179453439264989e-01 1.270716174253016195e+00 1.700000000000000000e+01 1.450000000000000000e+02 1.000000000000000000e+00
8.703595797578718152e-01 1.361253447443380615e+00 2.000000000000000000e+00 1.750000000000000000e+02 1.000000000000000000e+00
3.897217364304039061e-02 1.803744654068283770e+00 1.200000000000000000e+01 6.000000000000000000e+00 1.000000000000000000e+00
9.464057698491521453e-01 2.597612351351413773e-01 1.100000000000000000e+01 3.100000000000000000e+01 1.000000000000000000e+00
7.518448903608060396e-01 5.442015898753661540e-01 6.000000000000000000e+00 1.670000000000000000e+02 1.000000000000000000e+00
6.177529374938420803e-01 1.494478788381553125e+00 3.000000000000000000e+00 4.300000000000000000e+01 1.000000000000000000e+00
8.590925331576025892e-01 8.521280452203617850e-01 8.000000000000000000e+00 1.360000000000000000e+02 1.000000000000000000e+00
9.434254599867419877e-01 1.330187048814404971e+00 2.000000000000000000e+00 1.550000000000000000e+02 1.000000000000000000e+00
6.339572785875290384e-01 1.339743815583876119e+00 9.000000000000000000e+00 1.550000000000000000e+02 1.000000000000000000e+00
7.208277826299326341e-01 1.431432190021136863e+00 8.000000000000000000e+00 1.740000000000000000e+02 1.000000000000000000e+00
6.643960583346615323e-01 1.323039403294792971e+00 1.200000000000000000e+01 2.800000000000000000e+01 1.000000000000000000e+00
8.142997910955313001e-01 5.791226135007995213e-01 1.500000000000000000e+01 3.400000000000000000e+01 1.000000000000000000e+00
8.765925946953833092e-01 6.418577401079909039e-01 1.600000000000000000e+01 1.270000000000000000e+02 1.000000000000000000e+00
8.788463422895169685e-01 1.014958509128089048e+00 1.900000000000000000e+01 1.090000000000000000e+02 1.000000000000000000e+00
3.196219943409968067e-01 9.286351227673971254e-01 1.800000000000000000e+01 1.000000000000000000e+01 1.000000000000000000e+00
8.525243043188355241e-01 6.330093893770299962e-01 3.000000000000000000e+00 1.620000000000000000e+02 1.000000000000000000e+00
9.886035331187371655e-01 2.019840330462619793e+00 1.900000000000000000e+01 1.150000000000000000e+02 1.000000000000000000e+00
3.296363821633585545e-01 1.143334583107577851e+00 1.800000000000000000e+01 2.500000000000000000e+01 1.000000000000000000e+00
6.006714526311822677e-01 1.583770970816996970e-01 1.400000000000000000e+01 1.900000000000000000e+01 1.000000000000000000e+00
5.561682917492468681e-01 9.803769784339401161e-01 2.000000000000000000e+01 1.900000000000000000e+02 1.000000000000000000e+00
2.906782192351553551e-01 1.661241832719061673e+00 1.100000000000000000e+01 9.700000000000000000e+01 1.000000000000000000e+00
4.745640391857030432e-02 1.740130838251258361e+00 1.700000000000000000e+01 1.800000000000000000e+02 1.000000000000000000e+00
3.577836402200087473e-01 6.249473336288938752e-01 2.000000000000000000e+01 1.810000000000000000e+02 1.000000000000000000e+00
8.938936862204900358e-01 1.468687964999230600e+00 2.000000000000000000e+00 1.390000000000000000e+02 1.000000000000000000e+00
2.813939713611017801e-01 1.886074450061594243e+00 8.000000000000000000e+00 1.300000000000000000e+02 1.000000000000000000e+00
1.932059542403984365e-01 9.154333375996795974e-01 1.500000000000000000e+01 1.830000000000000000e+02 1.000000000000000000e+00
5.927291146329591864e-01 1.147171244248709421e+00 1.300000000000000000e+01 1.000000000000000000e+02 1.000000000000000000e+00
8.331079298273648126e-01 6.916407008433532733e-01 1.700000000000000000e+01 2.000000000000000000e+01 1.000000000000000000e+00
1.300754307109233121e-01 1.253890476555211242e+00 4.000000000000000000e+00 1.270000000000000000e+02 1.000000000000000000e+00
8.216175011550513885e-01 2.016915467544081686e+00 1.600000000000000000e+01 8.000000000000000000e+00 1.000000000000000000e+00
1.251523298822957431e-01 2.256752733628603347e-01 3.000000000000000000e+00 1.740000000000000000e+02 1.000000000000000000e+00
1.008351487333855268e+00 1.937147400704480216e+00 1.100000000000000000e+01 1.000000000000000000e+02 1.000000000000000000e+00
2.789433781246531963e-01 1.848916569926531084e+00 8.000000000000000000e+00 7.300000000000000000e+01 1.000000000000000000e+00
1.890503773829674827e-01 9.814428272139156251e-01 1.800000000000000000e+01 5.400000000000000000e+01 1.000000000000000000e+00
7.467918820822474490e-01 1.709639800608712124e+00 1.300000000000000000e+01 1.900000000000000000e+02 1.000000000000000000e+00
6.645613267735396290e-01 2.091139784158923653e+00 1.700000000000000000e+01 1.400000000000000000e+02 1.000000000000000000e+00
5.438955294747351843e-01 1.169842512191702211e+00 1.300000000000000000e+01 2.900000000000000000e+01 1.000000000000000000e+00
5.265021729341390344e-01 1.804657913179003703e+00 6.000000000000000000e+00 1.050000000000000000e+02 1.000000000000000000e+00
4.072005351067230494e-01 1.872302213197697629e+00 9.000000000000000000e+00 1.100000000000000000e+02 1.000000000000000000e+00
5.652138706951744807e-01 1.768287866698555755e+00 9.000000000000000000e+00 1.600000000000000000e+02 1.000000000000000000e+00
2.890733234389515349e-01 1.136821098512499795e+00 6.000000000000000000e+00 6.500000000000000000e+01 1.000000000000000000e+00
1.374778720833617074e-01 2.131669363785547999e-01 3.000000000000000000e+00 2.300000000000000000e+01 1.000000000000000000e+00
8.675116915866147860e-01 1.053324501344500730e+00 9.000000000000000000e+00 1.080000000000000000e+02 1.000000000000000000e+00
7.066281090361580253e-01 5.994402745240875463e-01 4.000000000000000000e+00 4.200000000000000000e+01 1.000000000000000000e+00
3.486243259622912039e-01 5.497783672394999099e-01 8.000000000000000000e+00 1.190000000000000000e+02 1.000000000000000000e+00
9.465296649712109378e-01 9.449079403399464061e-01 7.000000000000000000e+00 3.400000000000000000e+01 2.000000000000000000e+00
2.073656777834701481e-01 1.330725823256499185e-01 2.000000000000000000e+01 1.890000000000000000e+02 2.000000000000000000e+00
2.522490295749747480e-01 1.670559771827692108e+00 2.000000000000000000e+01 1.560000000000000000e+02 2.000000000000000000e+00
7.522010940158443404e-01 1.879779424176456493e+00 1.000000000000000000e+00 6.300000000000000000e+01 2.000000000000000000e+00
3.461982166822171747e-01 1.332705129605156191e+00 1.900000000000000000e+01 3.100000000000000000e+01 2.000000000000000000e+00
8.616163108162617768e-01 1.876403015388216300e+00 1.600000000000000000e+01 9.500000000000000000e+01 2.000000000000000000e+00
5.025874386659393567e-01 3.603512003192715918e-01 1.000000000000000000e+01 1.600000000000000000e+02 2.000000000000000000e+00
7.939711289893133239e-01 1.111397355168267431e+00 1.500000000000000000e+01 8.900000000000000000e+01 2.000000000000000000e+00
7.863085190625200838e-01 1.148285765712206141e-01 1.100000000000000000e+01 1.600000000000000000e+01 2.000000000000000000e+00
2.218147249454166525e-01 2.404817654342593924e-01 1.800000000000000000e+01 3.900000000000000000e+01 2.000000000000000000e+00
5.981287072790664183e-01 8.095205563225656986e-01 7.000000000000000000e+00 9.000000000000000000e+00 2.000000000000000000e+00
8.018011478157170968e-01 1.002105990402059721e+00 7.000000000000000000e+00 5.100000000000000000e+01 2.000000000000000000e+00
4.617871219018486739e-01 1.335148181113336774e+00 1.900000000000000000e+01 1.600000000000000000e+01 2.000000000000000000e+00
3.302377489751632256e-01 1.270839965055950982e+00 1.600000000000000000e+01 1.600000000000000000e+01 2.000000000000000000e+00
9.734556222420048810e-01 6.852678571386418005e-01 5.000000000000000000e+00 8.600000000000000000e+01 2.000000000000000000e+00
9.017338508302195910e-02 1.296885836872794906e+00 6.000000000000000000e+00 1.570000000000000000e+02 2.000000000000000000e+00
3.176262706512589240e-01 2.050095569298762577e+00 5.000000000000000000e+00 2.200000000000000000e+01 2.000000000000000000e+00
8.999746569002485541e-02 8.237846760049311046e-01 1.700000000000000000e+01 6.400000000000000000e+01 2.000000000000000000e+00
7.919520944949507424e-01 2.019065873735095273e+00 1.800000000000000000e+01 1.640000000000000000e+02 2.000000000000000000e+00
1.881028920525665837e-01 8.287042092053024112e-01 1.300000000000000000e+01 2.000000000000000000e+02 2.000000000000000000e+00
4.825966366386900130e-01 1.146035996270620361e+00 7.000000000000000000e+00 1.400000000000000000e+02 2.000000000000000000e+00
3.412826606990574385e-01 1.205755880371743194e+00 5.000000000000000000e+00 9.900000000000000000e+01 2.000000000000000000e+00
8.029244524356786705e-01 1.157509357242744397e+00 9.000000000000000000e+00 1.590000000000000000e+02 2.000000000000000000e+00
4.597750545252297094e-01 1.303195963811083491e+00 2.000000000000000000e+00 1.950000000000000000e+02 2.000000000000000000e+00
3.035730116257279176e-01 1.408646592576480450e-01 3.000000000000000000e+00 9.800000000000000000e+01 2.000000000000000000e+00
5.143989823313817045e-01 3.233153484596155147e-01 1.400000000000000000e+01 1.920000000000000000e+02 2.000000000000000000e+00
7.905042912954094447e-01 5.322907775309541067e-01 1.900000000000000000e+01 1.320000000000000000e+02 2.000000000000000000e+00
6.914000284508200478e-01 1.874418769407624641e+00 1.500000000000000000e+01 9.900000000000000000e+01 2.000000000000000000e+00
7.721852814061500592e-01 1.010179765389136008e+00 1.100000000000000000e+01 3.800000000000000000e+01 2.000000000000000000e+00
1.242470341578866128e-01 2.018768766751958932e+00 7.000000000000000000e+00 1.370000000000000000e+02 2.000000000000000000e+00
2.295248433498104923e-01 1.798083837975927413e+00 1.700000000000000000e+01 4.200000000000000000e+01 2.000000000000000000e+00
6.751271279754779142e-01 6.158179509824325271e-01 2.000000000000000000e+00 1.180000000000000000e+02 2.000000000000000000e+00
9.723119928502023113e-01 1.610380303480715813e+00 8.000000000000000000e+00 1.710000000000000000e+02 2.000000000000000000e+00
7.365573223205625908e-01 4.669766689794597747e-01 9.000000000000000000e+00 8.400000000000000000e+01 2.000000000000000000e+00
9.631646378040508161e-01 8.749763861963854028e-01 1.700000000000000000e+01 1.640000000000000000e+02 2.000000000000000000e+00
7.154485785697567435e-01 1.423732774864156392e+00 1.800000000000000000e+01 6.300000000000000000e+01 2.000000000000000000e+00
9.690712645600486619e-01 3.259990400373024011e-01 1.200000000000000000e+01 1.040000000000000000e+02 2.000000000000000000e+00
7.739898463969675513e-01 1.835477191841025091e+00 1.500000000000000000e+01 2.000000000000000000e+00 2.000000000000000000e+00
1.043170953871557088e-01 3.236893116326310382e-01 2.000000000000000000e+00 1.990000000000000000e+02 2.000000000000000000e+00
3.525017384397880482e-01 1.055704353319730560e+00 1.700000000000000000e+01 1.990000000000000000e+02 2.000000000000000000e+00
9.989474469305557047e-01 1.628475294131297213e+00 1.300000000000000000e+01 1.690000000000000000e+02 2.000000000000000000e+00
7.959920825658931554e-01 9.423947771568895737e-01 2.000000000000000000e+00 1.470000000000000000e+02 2.000000000000000000e+00
3.834712543019734854e-01 1.521809312809043746e+00 1.300000000000000000e+01 1.010000000000000000e+02 2.000000000000000000e+00
9.516484254832899836e-01 1.266301103008326268e-01 1.100000000000000000e+01 1.140000000000000000e+02 2.000000000000000000e+00
1.337668231314074196e-01 1.235071747007145115e-01 1.000000000000000000e+01 8.700000000000000000e+01 2.000000000000000000e+00
1.123993569627833450e-01 2.099805031092546681e+00 1.600000000000000000e+01 3.600000000000000000e+01 2.000000000000000000e+00
6.287713834990236172e-01 7.523956488296043021e-01 1.400000000000000000e+01 1.400000000000000000e+02 2.000000000000000000e+00
1.821091298234989164e-01 1.207772971633707337e+00 1.000000000000000000e+01 1.670000000000000000e+02 2.000000000000000000e+00
4.595588239893750870e-01 8.058420510823093297e-01 5.000000000000000000e+00 4.200000000000000000e+01 2.000000000000000000e+00
4.777764151795489411e-01 1.560594668562945486e+00 1.600000000000000000e+01 5.200000000000000000e+01 2.000000000000000000e+00
8.719782805279103766e-01 1.539181157402622180e+00 1.400000000000000000e+01 1.570000000000000000e+02 3.000000000000000000e+00
5.405837901567697168e-01 1.384772609097135065e+00 1.500000000000000000e+01 1.550000000000000000e+02 3.000000000000000000e+00
5.433417057836054109e-01 1.666559903185378611e+00 1.300000000000000000e+01 5.000000000000000000e+00 3.000000000000000000e+00
8.157631162830760729e-01 1.484918252096819824e+00 4.000000000000000000e+00 1.400000000000000000e+01 3.000000000000000000e+00
9.148587869069976231e-01 9.058627969166684890e-01 1.900000000000000000e+01 6.000000000000000000e+01 3.000000000000000000e+00
3.568632958743706007e-01 8.407015182345941584e-01 1.600000000000000000e+01 4.500000000000000000e+01 3.000000000000000000e+00
6.421873599255162324e-01 2.006598449647812643e+00 1.300000000000000000e+01 1.180000000000000000e+02 3.000000000000000000e+00
1.439319628929102146e-01 8.219416196247085749e-01 4.000000000000000000e+00 8.500000000000000000e+01 3.000000000000000000e+00
7.013289941455493892e-01 1.987888835900905926e+00 1.400000000000000000e+01 1.970000000000000000e+02 3.000000000000000000e+00
8.713228342888308386e-01 1.337935054155808601e+00 4.000000000000000000e+00 1.400000000000000000e+02 3.000000000000000000e+00
7.336710574277988117e-01 2.094046359036517480e+00 2.000000000000000000e+01 1.220000000000000000e+02 3.000000000000000000e+00
9.666228383010945224e-01 1.617241595781778285e+00 1.700000000000000000e+01 4.300000000000000000e+01 3.000000000000000000e+00
9.383171487565716840e-01 1.777402622900291773e-01 9.000000000000000000e+00 4.700000000000000000e+01 3.000000000000000000e+00
9.108562877507878630e-01 5.999381467961385495e-01 8.000000000000000000e+00 4.400000000000000000e+01 3.000000000000000000e+00
2.946288228609825754e-01 1.908243443389904925e+00 1.300000000000000000e+01 1.840000000000000000e+02 3.000000000000000000e+00
1.008472333263514376e+00 1.750359370932172975e+00 1.600000000000000000e+01 1.760000000000000000e+02 3.000000000000000000e+00
1.552861634699935767e-01 8.518689911805455983e-01 3.000000000000000000e+00 9.500000000000000000e+01 3.000000000000000000e+00
8.874992469819619201e-01 1.353034707012546134e+00 1.800000000000000000e+01 9.600000000000000000e+01 3.000000000000000000e+00
7.995144356949454023e-01 7.668319156214350452e-01 6.000000000000000000e+00 2.500000000000000000e+01 3.000000000000000000e+00
7.344210374358490778e-01 1.240130832612596157e+00 1.000000000000000000e+00 1.800000000000000000e+02 3.000000000000000000e+00
2.029081466989618443e-01 1.665464923681555298e+00 1.000000000000000000e+00 2.500000000000000000e+01 3.000000000000000000e+00
7.213476011962751677e-01 2.013116020860101330e+00 1.300000000000000000e+01 1.550000000000000000e+02 3.000000000000000000e+00
7.941284618283426244e-01 1.642528535725779948e+00 1.000000000000000000e+01 1.860000000000000000e+02 3.000000000000000000e+00
8.884618201852483299e-01 4.399049937190745441e-01 2.000000000000000000e+01 1.920000000000000000e+02 3.000000000000000000e+00
6.618072660643147254e-01 1.080349961646053902e+00 3.000000000000000000e+00 1.830000000000000000e+02 3.000000000000000000e+00
9.757661776886086269e-01 1.821289655140962083e+00 1.700000000000000000e+01 7.100000000000000000e+01 3.000000000000000000e+00
3.171308553079912329e-01 6.421850558986467172e-01 1.700000000000000000e+01 7.200000000000000000e+01 3.000000000000000000e+00
5.981986646250273543e-01 9.688222426378526597e-01 1.000000000000000000e+00 5.800000000000000000e+01 3.000000000000000000e+00
1.386012672162493242e-01 1.210369367751232161e+00 1.600000000000000000e+01 5.100000000000000000e+01 3.000000000000000000e+00
5.752324843496311457e-01 4.358346144154857660e-01 2.000000000000000000e+01 6.000000000000000000e+01 3.000000000000000000e+00
4.640396733457095024e-01 5.936255391797079506e-01 1.200000000000000000e+01 1.810000000000000000e+02 3.000000000000000000e+00
8.524733590523360105e-01 1.701671559384238641e+00 5.000000000000000000e+00 2.600000000000000000e+01 3.000000000000000000e+00
5.441975149783074839e-01 1.059585951989434394e+00 1.400000000000000000e+01 6.000000000000000000e+00 3.000000000000000000e+00
6.018062384808508386e-02 3.568113231889101788e-01 8.000000000000000000e+00 7.600000000000000000e+01 3.000000000000000000e+00
2.616977011384514773e-01 1.320199587923537587e-01 1.500000000000000000e+01 2.700000000000000000e+01 3.000000000000000000e+00
9.588061640084187820e-01 1.282355375525000118e+00 1.100000000000000000e+01 1.510000000000000000e+02 3.000000000000000000e+00
6.691569971245047155e-01 3.247622406514359961e-01 1.100000000000000000e+01 1.410000000000000000e+02 3.000000000000000000e+00
7.258682666835934993e-01 1.342318507165485064e+00 1.600000000000000000e+01 1.310000000000000000e+02 3.000000000000000000e+00
5.146312053391771668e-01 9.928836163660282876e-01 1.800000000000000000e+01 1.780000000000000000e+02 3.000000000000000000e+00
4.917137651843239005e-02 9.192598278859575034e-01 3.000000000000000000e+00 1.630000000000000000e+02 3.000000000000000000e+00
5.917809632308212997e-01 9.346474334414479612e-01 1.700000000000000000e+01 8.500000000000000000e+01 3.000000000000000000e+00
3.097993073247061746e-01 9.890757684059766630e-01 1.700000000000000000e+01 1.860000000000000000e+02 3.000000000000000000e+00
1.778677543002117334e-01 1.104146920241433127e+00 1.800000000000000000e+01 1.700000000000000000e+02 3.000000000000000000e+00
9.324364082720741909e-01 1.031439529171620073e+00 1.000000000000000000e+01 7.500000000000000000e+01 3.000000000000000000e+00
1.070379641907479445e-01 1.807987247201487069e+00 1.900000000000000000e+01 9.800000000000000000e+01 3.000000000000000000e+00
9.255072802227769235e-02 1.104997430849300244e+00 1.000000000000000000e+01 8.000000000000000000e+00 3.000000000000000000e+00
7.899927072033093856e-01 2.009207398312495396e+00 1.500000000000000000e+01 1.430000000000000000e+02 3.000000000000000000e+00
3.732732719831981516e-01 1.502082213144269485e+00 1.000000000000000000e+00 2.000000000000000000e+01 3.000000000000000000e+00
2.229150668587801531e-01 2.047650301738446643e+00 1.300000000000000000e+01 3.700000000000000000e+01 3.000000000000000000e+00
8.566492887648323451e-02 9.505959022541851100e-01 1.000000000000000000e+00 8.100000000000000000e+01 3.000000000000000000e+00
8.220483568668022212e-01 1.689962017388846105e+00 8.000000000000000000e+00 1.940000000000000000e+02 4.000000000000000000e+00
1.048376806092849861e-01 1.966021169697736326e+00 1.800000000000000000e+01 3.100000000000000000e+01 4.000000000000000000e+00
5.729879510287869682e-01 9.019332671076282226e-01 1.300000000000000000e+01 5.500000000000000000e+01 4.000000000000000000e+00
3.316561666116790014e-02 1.734303683736847068e+00 5.000000000000000000e+00 1.530000000000000000e+02 4.000000000000000000e+00
7.762615025760736254e-01 1.251090364179201941e+00 5.000000000000000000e+00 1.540000000000000000e+02 4.000000000000000000e+00
9.873067560095643014e-01 7.451832841751829806e-01 1.100000000000000000e+01 2.000000000000000000e+02 4.000000000000000000e+00
5.401756371339828666e-01 2.498039772629069566e-01 1.400000000000000000e+01 2.900000000000000000e+01 4.000000000000000000e+00
5.484105037654471992e-01 1.364275824020012851e-01 1.600000000000000000e+01 1.740000000000000000e+02 4.000000000000000000e+00
9.786063363079814392e-01 1.697762680685794612e+00 1.300000000000000000e+01 5.000000000000000000e+01 4.000000000000000000e+00
6.171751318019582655e-01 1.595645096045914757e+00 5.000000000000000000e+00 4.000000000000000000e+00 4.000000000000000000e+00
6.245586213602626335e-01 1.632559777758540775e+00 1.200000000000000000e+01 1.600000000000000000e+01 4.000000000000000000e+00
4.490618092764568914e-01 8.232722245808429262e-01 1.000000000000000000e+01 1.710000000000000000e+02 4.000000000000000000e+00
1.046183367018217319e-01 1.635972707900353429e+00 1.300000000000000000e+01 5.400000000000000000e+01 4.000000000000000000e+00
6.533811454451662337e-01 9.247158683107959964e-01 1.200000000000000000e+01 8.000000000000000000e+00 4.000000000000000000e+00
6.546727874596967034e-01 5.385935124806021657e-01 1.800000000000000000e+01 4.000000000000000000e+00 4.000000000000000000e+00
8.210267810908460362e-01 2.685290150043183610e-01 1.000000000000000000e+00 3.000000000000000000e+01 4.000000000000000000e+00
4.036668660424012067e-01 7.834543373312253811e-01 1.000000000000000000e+01 1.800000000000000000e+01 4.000000000000000000e+00
8.523650039892761709e-01 2.038061671125517726e+00 7.000000000000000000e+00 1.400000000000000000e+01 4.000000000000000000e+00
2.066428045134082181e-01 8.142208568197132346e-01 9.000000000000000000e+00 1.400000000000000000e+02 4.000000000000000000e+00
3.644647247922521149e-01 1.723859762855035616e+00 1.600000000000000000e+01 1.490000000000000000e+02 4.000000000000000000e+00
2.002690857100410948e-01 1.302556616381187027e+00 6.000000000000000000e+00 1.860000000000000000e+02 4.000000000000000000e+00
2.258584817887338003e-01 1.171303635986999048e+00 6.000000000000000000e+00 4.100000000000000000e+01 4.000000000000000000e+00
8.895376079727739249e-01 1.411569390734331852e+00 1.900000000000000000e+01 7.300000000000000000e+01 4.000000000000000000e+00
9.928520381338916678e-01 1.474209486671603120e+00 1.800000000000000000e+01 1.730000000000000000e+02 4.000000000000000000e+00
4.908577126443186556e-01 9.127173560703664146e-01 1.300000000000000000e+01 8.900000000000000000e+01 4.000000000000000000e+00
6.955971582630630090e-01 1.585810416296592251e+00 1.100000000000000000e+01 1.200000000000000000e+02 4.000000000000000000e+00
1.915854923685955669e-01 6.068975291821275819e-01 1.500000000000000000e+01 1.850000000000000000e+02 4.000000000000000000e+00
8.015514560400625876e-02 5.217419715821615123e-01 2.000000000000000000e+00 1.100000000000000000e+01 4.000000000000000000e+00
3.137752187630754586e-01 9.392382924205192607e-01 4.000000000000000000e+00 9.000000000000000000e+01 4.000000000000000000e+00
4.176629477110073152e-01 4.566979242904288805e-01 5.000000000000000000e+00 3.700000000000000000e+01 4.000000000000000000e+00
3.473672136769655888e-02 1.845050343753851019e+00 5.000000000000000000e+00 1.300000000000000000e+02 4.000000000000000000e+00
5.440738770681067260e-01 3.314162061095552447e-01 3.000000000000000000e+00 4.100000000000000000e+01 4.000000000000000000e+00
9.983525362952094806e-01 1.330707704009712833e+00 1.200000000000000000e+01 1.480000000000000000e+02 4.000000000000000000e+00
1.134532427178642638e-01 8.051164383876617814e-01 9.000000000000000000e+00 6.000000000000000000e+00 4.000000000000000000e+00
1.879528307133171428e-01 1.668337121369281917e+00 7.000000000000000000e+00 9.200000000000000000e+01 4.000000000000000000e+00
8.084079132864007144e-01 8.243554794800848073e-01 1.000000000000000000e+00 9.000000000000000000e+01 4.000000000000000000e+00
1.245430701210819974e-01 1.160825836539038092e-01 1.500000000000000000e+01 1.850000000000000000e+02 4.000000000000000000e+00
5.036862823128439581e-01 8.577124558559577894e-01 4.000000000000000000e+00 1.060000000000000000e+02 4.000000000000000000e+00
7.229149431103017998e-01 1.131327366327206319e+00 1.100000000000000000e+01 1.100000000000000000e+01 4.000000000000000000e+00
9.922988363873982420e-01 5.142847732784648906e-01 1.600000000000000000e+01 4.100000000000000000e+01 4.000000000000000000e+00
7.337188165889936275e-01 1.705805128496911571e+00 1.000000000000000000e+00 5.100000000000000000e+01 4.000000000000000000e+00
8.235521399007181831e-01 1.008743164665403036e+00 1.400000000000000000e+01 6.400000000000000000e+01 4.000000000000000000e+00
6.073311992133811205e-02 1.465692586158979793e+00 2.000000000000000000e+00 8.600000000000000000e+01 4.000000000000000000e+00
7.430496756895885735e-01 8.371867442185957353e-01 1.400000000000000000e+01 1.840000000000000000e+02 4.000000000000000000e+00
5.854822734878876167e-01 1.753801158188826204e+00 1.000000000000000000e+00 1.010000000000000000e+02 4.000000000000000000e+00
2.675028380354759622e-02 9.835556373967427879e-01 2.000000000000000000e+00 1.670000000000000000e+02 4.000000000000000000e+00
1.917227701274059476e-02 1.489253220175074111e+00 1.900000000000000000e+01 1.780000000000000000e+02 4.000000000000000000e+00
4.089154054726505949e-01 5.043550515080977847e-01 9.000000000000000000e+00 1.560000000000000000e+02 4.000000000000000000e+00
4.155790181348186785e-01 1.188681540704084938e+00 2.000000000000000000e+00 2.700000000000000000e+01 4.000000000000000000e+00
2.487013489583007608e-01 3.612434228688282678e-01 7.000000000000000000e+00 7.400000000000000000e+01 4.000000000000000000e+00
