7.483023498001427631e-01 1.760167730401821284e+00 1.100000000000000000e+01 8.800000000000000000e+01 0.000000000000000000e+00
8.471866988278489163e-01 1.957934787083640105e+00 1.900000000000000000e+01 8.600000000000000000e+01 0.000000000000000000e+00
2.448553560860632361e-01 2.082048979345038353e-01 7.000000000000000000e+00 5.800000000000000000e+01 0.000000000000000000e+00
4.835965946737693644e-01 1.045937211667617106e+00 1.600000000000000000e+01 1.150000000000000000e+02 0.000000000000000000e+00
1.802961273135916809e-01 1.900541463394004982e+00 2.000000000000000000e+01 7.300000000000000000e+01 0.000000000000000000e+00
9.537423430475679975e-01 4.445842051831959685e-01 2.000000000000000000e+01 3.500000000000000000e+01 0.000000000000000000e+00
6.904580671651245893e-01 1.143954342852364414e+00 1.400000000000000000e+01 7.900000000000000000e+01 0.000000000000000000e+00
3.414425429523103989e-02 1.599564664061425168e+00 6.000000000000000000e+00 1.300000000000000000e+02 0.000000000000000000e+00
2.398525183707512776e-01 1.118665951761496302e+00 4.000000000000000000e+00 4.400000000000000000e+01 0.000000000000000000e+00
9.357043865995974263e-01 8.006171847411073239e-01 1.000000000000000000e+00 3.600000000000000000e+01 0.000000000000000000e+00
8.387498340446631895e-01 9.700671199080627138e-01 9.000000000000000000e+00 1.020000000000000000e+02 0.000000000000000000e+00
9.422271791774451399e-01 1.958538484454104500e+00 7.000000000000000000e+00 1.990000000000000000e+02 0.000000000000000000e+00
4.830904303160606927e-01 1.733638322083258076e+00 1.700000000000000000e+01 9.000000000000000000e+01 0.000000000000000000e+00
1.806748772703435924e-01 9.088555035078015321e-01 5.000000000000000000e+00 1.840000000000000000e+02 0.000000000000000000e+00
1.762924558786381768e-01 1.689952626244756173e+00 1.400000000000000000e+01 4.500000000000000000e+01 0.000000000000000000e+00
7.116785952599973264e-01 9.866551563541513525e-01 1.400000000000000000e+01 7.000000000000000000e+00 0.000000000000000000e+00
2.831708286221131798e-01 1.851668850438918268e+00 7.000000000000000000e+00 1.690000000000000000e+02 0.000000000000000000e+00
5.356180869986645332e-01 1.702329405535741191e+00 1.000000000000000000e+01 9.100000000000000000e+01 0.000000000000000000e+00
2.835095887901440959e-01 1.668580235740785067e+00 3.000000000000000000e+00 7.700000000000000000e+01 0.000000000000000000e+00
2.705937836216635306e-01 1.249738006641333499e+00 2.000000000000000000e+00 7.400000000000000000e+01 0.000000000000000000e+00
7.954999342968683829e-01 1.052830114464434086e+00 6.000000000000000000e+00 3.500000000000000000e+01 0.000000000000000000e+00
2.006201263240798838e-01 1.811507029614066955e+00 1.100000000000000000e+01 9.300000000000000000e+01 0.000000000000000000e+00
7.058231868744140325e-01 2.010701750526938947e-01 6.000000000000000000e+00 7.800000000000000000e+01 0.000000000000000000e+00
8.692739488349027210e-01 5.195448060757562603e-01 1.900000000000000000e+01 1.100000000000000000e+02 0.000000000000000000e+00
6.666610757288046196e-01 1.874565540860179791e+00 3.000000000000000000e+00 1.090000000000000000e+02 0.000000000000000000e+00
7.495718255504778271e-02 1.473527180791286639e+00 5.000000000000000000e+00 6.000000000000000000e+01 0.000000000000000000e+00
1.511437464210684256e-01 1.588961428844075652e+00 1.700000000000000000e+01 4.300000000000000000e+01 0.000000000000000000e+00
5.441576802300137627e-01 2.728496297591761488e-01 1.100000000000000000e+01 1.540000000000000000e+02 0.000000000000000000e+00
2.654056079095933329e-01 1.537500464468257944e+00 1.100000000000000000e+01 1.370000000000000000e+02 0.000000000000000000e+00
9.555966869629943794e-01 1.928955605169815346e+00 3.000000000000000000e+00 1.590000000000000000e+02 0.000000000000000000e+00
9.172736552181988134e-01 1.660712656228501061e+00 1.100000000000000000e+01 2.500000000000000000e+01 0.000000000000000000e+00
1.012654307762296119e-01 5.482444049387421581e-01 6.000000000000000000e+00 1.280000000000000000e+02 0.000000000000000000e+00
7.702334065700690013e-01 2.052682465173373050e+00 1.200000000000000000e+01 9.500000000000000000e+01 0.000000000000000000e+00
8.723615043430218430e-01 1.970170997417349579e+00 1.900000000000000000e+01 1.180000000000000000e+02 0.000000000000000000e+00
4.754129468892576149e-01 6.059845622715290814e-01 6.000000000000000000e+00 1.870000000000000000e+02 0.000000000000000000e+00
8.558208101909681176e-01 1.035390401825508067e-01 7.000000000000000000e+00 7.100000000000000000e+01 0.000000000000000000e+00
4.243442571606957925e-01 1.497502641608730256e+00 1.200000000000000000e+01 2.800000000000000000e+01 0.000000000000000000e+00
8.935213550014710071e-01 1.292717249902827881e+00 1.500000000000000000e+01 2.700000000000000000e+01 0.000000000000000000e+00
6.896625903167314942e-01 1.665165472286890269e+00 1.200000000000000000e+01 7.900000000000000000e+01 0.000000000000000000e+00
1.475995770708168342e-01 1.365842907616882318e+00 1.100000000000000000e+01 1.300000000000000000e+02 0.000000000000000000e+00
5.733577158996370216e-01 1.281777479412639753e+00 1.600000000000000000e+01 1.040000000000000000e+02 0.000000000000000000e+00
3.151643099705858653e-01 2.068222438591197143e+00 1.000000000000000000e+01 1.500000000000000000e+02 0.000000000000000000e+00
5.936839593027208872e-01 5.046363339989751173e-01 3.000000000000000000e+00 1.110000000000000000e+02 0.000000000000000000e+00
6.429024681988360079e-01 1.639113822530068765e+00 1.000000000000000000e+00 1.530000000000000000e+02 0.000000000000000000e+00
3.785099652098180556e-01 9.735058755295201705e-01 7.000000000000000000e+00 1.650000000000000000e+02 0.000000000000000000e+00
5.216643438523774767e-01 2.720092085267845627e-01 1.800000000000000000e+01 2.700000000000000000e+01 0.000000000000000000e+00
2.088911182433148550e-01 1.754363842466289736e+00 1.500000000000000000e+01 7.500000000000000000e+01 0.000000000000000000e+00
1.358436958154979335e-01 1.892082086599236490e+00 2.000000000000000000e+00 1.290000000000000000e+02 0.000000000000000000e+00
9.695862693588604975e-01 1.387307068801950205e+00 1.100000000000000000e+01 9.100000000000000000e+01 0.000000000000000000e+00
6.259882586755882716e-01 3.842226675052512475e-01 1.400000000000000000e+01 3.600000000000000000e+01 0.000000000000000000e+00
7.740756406183122440e-01 5.674047313546696225e-01 4.000000000000000000e+00 7.200000000000000000e+01 1.000000000000000000e+00
7.753682510489652291e-01 1.397594963751846553e+00 1.600000000000000000e+01 5.600000000000000000e+01 1.000000000000000000e+00
5.462816577850573285e-01 1.680535830509675144e+00 2.000000000000000000e+01 1.860000000000000000e+02 1.000000000000000000e+00
2.743783530597243558e-01 1.722526381579167820e+00 9.000000000000000000e+00 1.050000000000000000e+02 1.000000000000000000e+00
5.926697973369209754e-02 2.060916541173969385e+00 1.300000000000000000e+01 1.890000000000000000e+02 1.000000000000000000e+00
1.236497541329309863e-01 9.218953132090200731e-01 1.600000000000000000e+01 5.300000000000000000e+01 1.000000000000000000e+00
9.875115722693809106e-01 1.748898168213240512e+00 1.000000000000000000e+01 3.600000000000000000e+01 1.000000000000000000e+00
4.702343081062037022e-01 1.769698049330009404e+00 3.000000000000000000e+00 6.900000000000000000e+01 1.000000000000000000e+00
3.274684557599604195e-01 1.129597812179117255e+00 8.000000000000000000e+00 1.190000000000000000e+02 1.000000000000000000e+00
2.753517401040971729e-02 2.028099099179284437e+00 5.000000000000000000e+00 1.040000000000000000e+02 1.000000000000000000e+00
5.684132334137889098e-01 1.964190599863528508e+00 1.100000000000000000e+01 1.550000000000000000e+02 1.000000000000000000e+00
9.198307626657801217e-01 1.189107963828418990e+00 2.000000000000000000e+00 1.370000000000000000e+02 1.000000000000000000e+00
8.289388888566622260e-01 1.498261593682376880e+00 1.000000000000000000e+00 1.390000000000000000e+02 1.000000000000000000e+00
8.405600579657869220e-01 1.118068163104923407e+00 1.000000000000000000e+01 1.380000000000000000e+02 1.000000000000000000e+00
9.141076229388807040e-01 2.142554606369230508e-01 6.000000000000000000e+00 7.000000000000000000e+01 1.000000000000000000e+00
8.979829979699642806e-01 4.663278699831076013e-01 1.300000000000000000e+01 9.000000000000000000e+01 1.000000000000000000e+00
6.250113398276017085e-01 7.863196223257827855e-01 1.300000000000000000e+01 1.670000000000000000e+02 1.000000000000000000e+00
2.295746793797142082e-01 1.741956843420533252e+00 1.300000000000000000e+01 1.330000000000000000e+02 1.000000000000000000e+00
2.686583054978587404e-01 1.038727815156342604e+00 5.000000000000000000e+00 1.030000000000000000e+02 1.000000000000000000e+00
4.504998646169244836e-01 1.973791411533242501e-01 3.000000000000000000e+00 8.000000000000000000e+00 1.000000000000000000e+00
8.286045888621550171e-02 1.779183160773085470e+00 1.600000000000000000e+01 3.800000000000000000e+01 1.000000000000000000e+00
8.503505644948591291e-01 1.242939060064998102e+00 1.000000000000000000e+01 6.700000000000000000e+01 1.000000000000000000e+00
3.661903613095865984e-01 7.121656415155991349e-01 1.600000000000000000e+01 1.640000000000000000e+02 1.000000000000000000e+00
6.305775655058564189e-01 1.060064852649249545e+00 1.100000000000000000e+01 1.120000000000000000e+02 1.000000000000000000e+00
8.046388269128996740e-01 1.820450803213891078e+00 1.900000000000000000e+01 2.100000000000000000e+01 1.000000000000000000e+00
3.050368918307992949e-01 1.543449578864993788e+00 9.000000000000000000e+00 1.100000000000000000e+01 1.000000000000000000e+00
8.698069841679806347e-01 2.099656933132591607e+00 4.000000000000000000e+00 1.810000000000000000e+02 1.000000000000000000e+00
7.787581937536530718e-01 1.200169601127062668e-01 1.500000000000000000e+01 9.500000000000000000e+01 1.000000000000000000e+00
7.364172035571066033e-01 3.219227278440369711e-01 1.000000000000000000e+00 1.320000000000000000e+02 1.000000000000000000e+00
4.739614748447118497e-01 3.923004069653849291e-01 1.200000000000000000e+01 1.250000000000000000e+02 1.000000000000000000e+00
9.218469551881475210e-01 2.878886436686379779e-01 1.600000000000000000e+01 6.000000000000000000e+00 1.000000000000000000e+00
4.970829791043173546e-02 1.772404306030455512e+00 1.100000000000000000e+01 5.800000000000000000e+01 1.000000000000000000e+00
7.566117299276319264e-01 8.591506971356775990e-01 2.000000000000000000e+01 5.800000000000000000e+01 1.000000000000000000e+00
9.703206490167795017e-01 1.619001645490803831e+00 1.200000000000000000e+01 1.170000000000000000e+02 1.000000000000000000e+00
5.877164715901675995e-01 2.007273979464636593e+00 1.400000000000000000e+01 1.770000000000000000e+02 1.000000000000000000e+00
9.485526472026938050e-02 1.148718564447510193e+00 1.100000000000000000e+01 1.600000000000000000e+02 1.000000000000000000e+00
8.741149640707105428e-01 2.742481085821183440e-01 1.100000000000000000e+01 9.900000000000000000e+01 1.000000000000000000e+00
5.548257079727610952e-01 1.329267841485730184e+00 1.900000000000000000e+01 1.020000000000000000e+02 1.000000000000000000e+00
4.450364366970418484e-01 7.354615207678804056e-01 1.800000000000000000e+01 8.000000000000000000e+00 1.000000000000000000e+00
5.868466173322082202e-01 1.961047317935141310e+00 1.800000000000000000e+01 1.600000000000000000e+01 1.000000000000000000e+00
4.109310439398854431e-01 8.432461565817040983e-01 1.400000000000000000e+01 1.770000000000000000e+02 1.000000000000000000e+00
1.350152918203538777e-01 2.065563850880113517e+00 1.700000000000000000e+01 4.500000000000000000e+01 1.000000000000000000e+00
6.114000284623833936e-01 4.486239631017784335e-01 1.500000000000000000e+01 9.900000000000000000e+01 1.000000000000000000e+00
9.146661810734131315e-01 4.153953433575209298e-01 9.000000000000000000e+00 3.000000000000000000e+00 1.000000000000000000e+00
3.490757773527310981e-01 2.720166381468248629e-01 7.000000000000000000e+00 5.900000000000000000e+01 1.000000000000000000e+00
1.869191592654292355e-01 2.084439684650547076e+00 1.000000000000000000e+00 6.200000000000000000e+01 1.000000000000000000e+00
6.280467085492156265e-01 5.468575878757616637e-01 1.000000000000000000e+01 1.800000000000000000e+01 1.000000000000000000e+00
7.323464395320965492e-01 2.016707650895888992e+00 1.200000000000000000e+01 7.300000000000000000e+01 1.000000000000000000e+00
4.120177248831767836e-01 1.667454384033214998e+00 1.700000000000000000e+01 9.000000000000000000e+01 1.000000000000000000e+00
5.199293113506718855e-01 1.117510176826350010e+00 1.700000000000000000e+01 1.850000000000000000e+02 1.000000000000000000e+00
7.997621994679828816e-01 2.039877314194050495e+00 3.000000000000000000e+00 1.510000000000000000e+02 2.000000000000000000e+00
6.756584191418826268e-01 1.399090662743579738e+00 1.800000000000000000e+01 1.140000000000000000e+02 2.000000000000000000e+00
4.451451307858809159e-01 2.046741108415220722e+00 1.200000000000000000e+01 1.900000000000000000e+01 2.000000000000000000e+00
7.000427321876772080e-01 3.477532346754231840e-01 4.000000000000000000e+00 1.900000000000000000e+01 2.000000000000000000e+00
1.901058250141406392e-01 1.750195879403188659e+00 7.000000000000000000e+00 7.000000000000000000e+00 2.000000000000000000e+00
9.342503848224823493e-01 1.913729503781074426e+00 6.000000000000000000e+00 6.000000000000000000e+01 2.000000000000000000e+00
7.235354220889962384e-01 2.086333151313706225e+00 1.000000000000000000e+00 1.750000000000000000e+02 2.000000000000000000e+00
9.854224215264990594e-01 1.663551112804265986e-01 1.100000000000000000e+01 1.620000000000000000e+02 2.000000000000000000e+00
9.877823566875726380e-01 4.189678432733100477e-01 1.000000000000000000e+01 7.600000000000000000e+01 2.000000000000000000e+00
2.535845943882099052e-01 4.269752274909114353e-01 4.000000000000000000e+00 1.460000000000000000e+02 2.000000000000000000e+00
6.496221695532887475e-02 4.193010931176127665e-01 1.400000000000000000e+01 1.580000000000000000e+02 2.000000000000000000e+00
3.716581627624633288e-01 1.050687873982671272e+00 4.000000000000000000e+00 9.900000000000000000e+01 2.000000000000000000e+00
5.844531244124887559e-01 1.753291447557915994e+00 4.000000000000000000e+00 1.840000000000000000e+02 2.000000000000000000e+00
8.614185993421394905e-01 1.009503049968947463e+00 8.000000000000000000e+00 1.260000000000000000e+02 2.000000000000000000e+00
4.371798924665371011e-01 1.835691824882358658e-01 1.200000000000000000e+01 2.200000000000000000e+01 2.000000000000000000e+00
7.798765566869656496e-01 1.085873000545308331e+00 8.000000000000000000e+00 9.600000000000000000e+01 2.000000000000000000e+00
9.663542343193115558e-01 5.093419724145878957e-01 1.300000000000000000e+01 1.900000000000000000e+02 2.000000000000000000e+00
5.324767161018335582e-01 4.486731649605667505e-01 1.700000000000000000e+01 1.870000000000000000e+02 2.000000000000000000e+00
9.908905108954013663e-01 1.851409540223661887e+00 5.000000000000000000e+00 1.370000000000000000e+02 2.000000000000000000e+00
8.490712153585566746e-01 1.216390994141971937e+00 1.700000000000000000e+01 2.500000000000000000e+01 2.000000000000000000e+00
4.336367591323883053e-01 1.064388954868934756e-01 1.400000000000000000e+01 1.540000000000000000e+02 2.000000000000000000e+00
7.044031168224882400e-01 3.014237692274571723e-01 1.800000000000000000e+01 9.400000000000000000e+01 2.000000000000000000e+00
6.497028064211899379e-01 5.232620378581759324e-01 1.700000000000000000e+01 3.000000000000000000e+00 2.000000000000000000e+00
7.525670925459951865e-01 2.446627868222372160e-01 1.700000000000000000e+01 1.050000000000000000e+02 2.000000000000000000e+00
4.728894321858446714e-01 3.762656005058934161e-01 5.000000000000000000e+00 1.190000000000000000e+02 2.000000000000000000e+00
8.705486627953608059e-01 1.537558759478752535e+00 1.000000000000000000e+00 1.770000000000000000e+02 2.000000000000000000e+00
6.442042415444025893e-01 7.672328270957139429e-01 5.000000000000000000e+00 8.000000000000000000e+01 2.000000000000000000e+00
7.266531416798374110e-01 5.982631253468863042e-01 2.000000000000000000e+00 1.820000000000000000e+02 2.000000000000000000e+00
4.769411172184436776e-01 3.705222324439160220e-01 7.000000000000000000e+00 7.000000000000000000e+01 2.000000000000000000e+00
7.441919241469109325e-01 1.702361485454936707e+00 8.000000000000000000e+00 1.520000000000000000e+02 2.000000000000000000e+00
1.580978792132045063e-01 1.090731437916945046e+00 7.000000000000000000e+00 2.000000000000000000e+00 2.000000000000000000e+00
9.752926965305124263e-01 5.804788904353735957e-01 1.800000000000000000e+01 7.900000000000000000e+01 2.000000000000000000e+00
5.421083841141637327e-01 7.050109628294435327e-01 7.000000000000000000e+00 1.190000000000000000e+02 2.000000000000000000e+00
7.913114051468382593e-02 7.982490201459876422e-01 1.000000000000000000e+00 4.800000000000000000e+01 2.000000000000000000e+00
4.167719237219124490e-02 5.700864847331678087e-01 1.000000000000000000e+01 6.200000000000000000e+01 2.000000000000000000e+00
1.413400806818965183e-01 1.385492253878695790e+00 1.700000000000000000e+01 5.800000000000000000e+01 2.000000000000000000e+00
7.695199129054551834e-01 1.793943034260348623e+00 1.100000000000000000e+01 5.600000000000000000e+01 2.000000000000000000e+00
5.900854482116701244e-02 9.270235600057897818e-01 6.000000000000000000e+00 1.730000000000000000e+02 2.000000000000000000e+00
7.227674742317631296e-01 2.044022304713255078e+00 7.000000000000000000e+00 3.700000000000000000e+01 2.000000000000000000e+00
4.602572842289825994e-01 1.144864609766945707e+00 1.900000000000000000e+01 8.000000000000000000e+01 2.000000000000000000e+00
3.782378779743473807e-01 1.229225092778435391e+00 1.100000000000000000e+01 1.320000000000000000e+02 2.000000000000000000e+00
6.890526950182780386e-01 1.573253163615325745e+00 7.000000000000000000e+00 1.870000000000000000e+02 2.000000000000000000e+00
4.119920389145236700e-02 4.969316475019337487e-01 3.000000000000000000e+00 2.900000000000000000e+01 2.000000000000000000e+00
3.380260782411000919e-01 5.771978374327492167e-01 7.000000000000000000e+00 1.530000000000000000e+02 2.000000000000000000e+00
2.772188941028455034e-01 1.893831163426994424e+00 1.000000000000000000e+01 5.700000000000000000e+01 2.000000000000000000e+00
3.292923058781060258e-02 8.940718765025338355e-01 3.000000000000000000e+00 1.480000000000000000e+02 2.000000000000000000e+00
6.092404609008604810e-01 9.660740367072174761e-01 9.000000000000000000e+00 1.460000000000000000e+02 2.000000000000000000e+00
1.005254409703511431e+00 3.102091112874497680e-01 8.000000000000000000e+00 1.960000000000000000e+02 2.000000000000000000e+00
6.832538386043361944e-01 2.000240618051880581e+00 1.800000000000000000e+01 9.900000000000000000e+01 2.000000000000000000e+00
5.933276046842619333e-01 1.454885125846325566e+00 1.000000000000000000e+00 4.800000000000000000e+01 2.000000000000000000e+00
8.395526685142900014e-01 2.096478495626263427e+00 6.000000000000000000e+00 6.300000000000000000e+01 3.000000000000000000e+00
6.047361323193007898e-01 1.948043041440696621e+00 1.700000000000000000e+01 1.000000000000000000e+01 3.000000000000000000e+00
8.619450170361933061e-01 6.772776728564861015e-01 1.000000000000000000e+01 1.470000000000000000e+02 3.000000000000000000e+00
4.686515484289057731e-01 9.615284577997927906e-01 8.000000000000000000e+00 1.410000000000000000e+02 3.000000000000000000e+00
5.592658299277717404e-01 9.202950749401804798e-01 8.000000000000000000e+00 1.720000000000000000e+02 3.000000000000000000e+00
9.592543882985605785e-01 1.705085374678326771e+00 1.700000000000000000e+01 4.900000000000000000e+01 3.000000000000000000e+00
4.561981921459374867e-01 8.565086386965258258e-01 1.800000000000000000e+01 8.100000000000000000e+01 3.000000000000000000e+00
7.383849100255063247e-01 9.231245043393973004e-01 1.600000000000000000e+01 1.270000000000000000e+02 3.000000000000000000e+00
8.362573397374731821e-01 2.040778662300796464e-01 7.000000000000000000e+00 2.600000000000000000e+01 3.000000000000000000e+00
1.514617624169269927e-01 1.876215767419457503e+00 1.000000000000000000e+01 2.900000000000000000e+01 3.000000000000000000e+00
4.401625909225829192e-01 1.402823041121030512e+00 1.700000000000000000e+01 9.800000000000000000e+01 3.000000000000000000e+00
6.999119649999495651e-01 1.160429403314957586e+00 7.000000000000000000e+00 5.400000000000000000e+01 3.000000000000000000e+00
4.955979821839265886e-01 8.865776533461858788e-01 5.000000000000000000e+00 1.460000000000000000e+02 3.000000000000000000e+00
2.416653116915431498e-01 1.730064573781724624e+00 5.000000000000000000e+00 8.800000000000000000e+01 3.000000000000000000e+00
5.773437051973522305e-01 7.362538429125756734e-01 1.000000000000000000e+01 6.100000000000000000e+01 3.000000000000000000e+00
3.572807760294656187e-01 5.273721684065929560e-01 7.000000000000000000e+00 7.600000000000000000e+01 3.000000000000000000e+00
3.491447709395660848e-01 9.844682208597032025e-01 9.000000000000000000e+00 1.900000000000000000e+01 3.000000000000000000e+00
3.533061070721698060e-01 1.542795749963439711e+00 6.000000000000000000e+00 9.500000000000000000e+01 3.000000000000000000e+00
1.655903647066285789e-01 3.147921790537070441e-01 6.000000000000000000e+00 1.380000000000000000e+02 3.000000000000000000e+00
4.294703703005572359e-01 8.635355201071902576e-01 7.000000000000000000e+00 1.600000000000000000e+02 3.000000000000000000e+00
2.192624935832931249e-02 7.972658895523180300e-01 1.400000000000000000e+01 6.000000000000000000e+01 3.000000000000000000e+00
1.054082150363338938e-01 1.300498858480805042e+00 5.000000000000000000e+00 1.360000000000000000e+02 3.000000000000000000e+00
8.893471483301053082e-01 2.873162065364064377e-01 1.800000000000000000e+01 1.850000000000000000e+02 3.000000000000000000e+00
8.235044124182432090e-02 7.741829295684933276e-01 1.100000000000000000e+01 1.770000000000000000e+02 3.000000000000000000e+00
1.266307426507028433e-01 1.877821408729844599e+00 1.800000000000000000e+01 1.270000000000000000e+02 3.000000000000000000e+00
4.305918074709470522e-01 9.070899552189620740e-01 4.000000000000000000e+00 3.200000000000000000e+01 3.000000000000000000e+00
4.834280458803560387e-01 1.578884173503738664e+00 7.000000000000000000e+00 2.000000000000000000e+01 3.000000000000000000e+00
9.514643103713288363e-01 1.604514663033963728e+00 2.000000000000000000e+00 3.900000000000000000e+01 3.000000000000000000e+00
1.762301941838533281e-01 8.890272549534493640e-01 1.000000000000000000e+01 1.380000000000000000e+02 3.000000000000000000e+00
3.701618682341811795e-01 6.491980189470950569e-01 1.100000000000000000e+01 1.160000000000000000e+02 3.000000000000000000e+00
8.579677943396187834e-01 1.596345576387411536e-01 1.300000000000000000e+01 6.700000000000000000e+01 3.000000000000000000e+00
3.275778368149030451e-01 5.492829972980445286e-01 1.100000000000000000e+01 1.730000000000000000e+02 3.000000000000000000e+00
7.926258517329467512e-01 7.707378262282474912e-01 1.300000000000000000e+01 1.520000000000000000e+02 3.000000000000000000e+00
8.882780322301494502e-01 7.566305680335055905e-01 1.000000000000000000e+00 5.800000000000000000e+01 3.000000000000000000e+00
7.167727404485823017e-01 1.751158759960086631e+00 1.200000000000000000e+01 3.000000000000000000e+01 3.000000000000000000e+00
8.411971645875567782e-01 1.024115906156063183e+00 1.300000000000000000e+01 9.200000000000000000e+01 3.000000000000000000e+00
1.136664859485913247e-02 7.036429547266634943e-01 1.500000000000000000e+01 1.400000000000000000e+02 3.000000000000000000e+00
9.325215031491728146e-01 2.010638600473019899e+00 9.000000000000000000e+00 1.620000000000000000e+02 3.000000000000000000e+00
1.333809254795880195e-01 2.478881246421996976e-01 7.000000000000000000e+00 9.400000000000000000e+01 3.000000000000000000e+00
4.648793592068630742e-01 1.092466442985231101e+00 1.800000000000000000e+01 1.890000000000000000e+02 3.000000000000000000e+00
7.217418932471003634e-01 8.912560616371628663e-01 1.700000000000000000e+01 5.700000000000000000e+01 3.000000000000000000e+00
5.829519517659181860e-01 4.184040528693063754e-01 1.700000000000000000e+01 3.900000000000000000e+01 3.000000000000000000e+00
9.061174210147891761e-02 1.271602124318498284e+00 1.000000000000000000e+01 2.900000000000000000e+01 3.000000000000000000e+00
2.475439058442686635e-01 8.675290779723753287e-01 9.000000000000000000e+00 1.090000000000000000e+02 3.000000000000000000e+00
3.822436442131055268e-01 1.184314615220899203e+00 4.000000000000000000e+00 1.160000000000000000e+02 3.000000000000000000e+00
2.052407991488560679e-01 1.341233568367808715e+00 1.000000000000000000e+01 1.640000000000000000e+02 3.000000000000000000e+00
8.177379449002256662e-01 1.817953539545403840e+00 1.800000000000000000e+01 6.200000000000000000e+01 3.000000000000000000e+00
5.186376491839516517e-02 9.447243722543031685e-01 1.400000000000000000e+01 1.070000000000000000e+02 3.000000000000000000e+00
2.929658306837487070e-01 1.973150576167707948e+00 1.100000000000000000e+01 6.800000000000000000e+01 3.000000000000000000e+00
2.071158769766937580e-01 9.228800819265506883e-01 4.000000000000000000e+00 1.240000000000000000e+02 3.000000000000000000e+00
3.634079672553118812e-01 3.168675852378547431e-01 2.000000000000000000e+01 2.000000000000000000e+01 4.000000000000000000e+00
6.138269119979228305e-01 1.690740543596082501e+00 1.800000000000000000e+01 1.930000000000000000e+02 4.000000000000000000e+00
2.590393220752397196e-01 9.476485531588582090e-01 9.000000000000000000e+00 2.000000000000000000e+01 4.000000000000000000e+00
8.161550151126614194e-01 3.775301637809472810e-01 8.000000000000000000e+00 9.600000000000000000e+01 4.000000000000000000e+00
9.584517192042543154e-01 1.393073995464373382e+00 3.000000000000000000e+00 9.000000000000000000e+00 4.000000000000000000e+00
7.721749349099191750e-01 7.889869013036888701e-01 1.900000000000000000e+01 8.900000000000000000e+01 4.000000000000000000e+00
8.318122796985483181e-01 1.897770847421539120e+00 1.700000000000000000e+01 1.300000000000000000e+02 4.000000000000000000e+00
7.537243463318390457e-01 8.291844037554726432e-01 1.400000000000000000e+01 1.330000000000000000e+02 4.000000000000000000e+00
5.751110844217371953e-01 1.973944160250390711e-01 2.000000000000000000e+00 1.960000000000000000e+02 4.000000000000000000e+00
9.286613524580695778e-01 1.708239339211671259e+00 1.800000000000000000e+01 7.000000000000000000e+01 4.000000000000000000e+00
2.627369075266171999e-02 1.723651554259410856e+00 1.700000000000000000e+01 1.110000000000000000e+02 4.000000000000000000e+00
7.906891423738290348e-01 1.279013245072950999e+00 1.200000000000000000e+01 7.700000000000000000e+01 4.000000000000000000e+00
4.982559983036759926e-02 1.409846269198606672e+00 4.000000000000000000e+00 1.200000000000000000e+02 4.000000000000000000e+00
9.243383770344417716e-01 7.056552091946565186e-01 2.000000000000000000e+00 1.260000000000000000e+02 4.000000000000000000e+00
9.795235264643964435e-01 8.957545297094900993e-01 1.900000000000000000e+01 8.000000000000000000e+01 4.000000000000000000e+00
1.739381997967645033e-01 1.167442125533447950e+00 2.000000000000000000e+01 5.000000000000000000e+01 4.000000000000000000e+00
6.734853276783019371e-01 1.398882500681860819e+00 3.000000000000000000e+00 4.000000000000000000e+00 4.000000000000000000e+00
1.134559795404469357e-01 3.055033696108734320e-01 9.000000000000000000e+00 1.150000000000000000e+02 4.000000000000000000e+00
5.440866272455634894e-02 3.299633424547970817e-01 7.000000000000000000e+00 5.900000000000000000e+01 4.000000000000000000e+00
2.762984391363989545e-01 1.253626508446849419e+00 1.900000000000000000e+01 1.920000000000000000e+02 4.000000000000000000e+00
7.795891872404302481e-01 1.330489207007576669e+00 1.800000000000000000e+01 1.550000000000000000e+02 4.000000000000000000e+00
4.522515104442155209e-01 2.916374152848820733e-01 4.000000000000000000e+00 4.700000000000000000e+01 4.000000000000000000e+00
1.749321509675261233e-01 5.401909270626495951e-01 8.000000000000000000e+00 1.910000000000000000e+02 4.000000000000000000e+00
9.421015829955691201e-01 1.351061189225423398e+00 2.000000000000000000e+01 9.900000000000000000e+01 4.000000000000000000e+00
8.719299756345554320e-01 1.075786285302330780e+00 2.000000000000000000e+00 1.690000000000000000e+02 4.000000000000000000e+00
4.065806690673843260e-01 1.208597280813356711e+00 1.500000000000000000e+01 1.870000000000000000e+02 4.000000000000000000e+00
3.321615352798888976e-01 6.810597679882474109e-01 1.700000000000000000e+01 1.720000000000000000e+02 4.000000000000000000e+00
3.882123587676094001e-01 1.397803158478262198e+00 1.900000000000000000e+01 5.900000000000000000e+01 4.000000000000000000e+00
2.022721611757615640e-02 3.455257146198170703e-01 7.000000000000000000e+00 1.000000000000000000e+01 4.000000000000000000e+00
5.148729087522889714e-01 1.633593890219749989e+00 1.800000000000000000e+01 2.000000000000000000e+00 4.000000000000000000e+00
1.447349401955380088e-01 1.725691550341065916e+00 1.100000000000000000e+01 1.940000000000000000e+02 4.000000000000000000e+00
6.425967963649180381e-02 2.479565661829813694e-01 2.000000000000000000e+00 1.060000000000000000e+02 4.000000000000000000e+00
4.833710581976657927e-01 2.024223970218104185e+00 1.300000000000000000e+01 1.390000000000000000e+02 4.000000000000000000e+00
2.819546092643236967e-01 1.451895385887049139e+00 1.300000000000000000e+01 1.700000000000000000e+01 4.000000000000000000e+00
6.991393569148446341e-01 1.829986652440603656e+00 6.000000000000000000e+00 1.990000000000000000e+02 4.000000000000000000e+00
9.440394735258740289e-01 1.969480483374382196e+00 1.100000000000000000e+01 1.390000000000000000e+02 4.000000000000000000e+00
7.088006232704371357e-01 1.470117560219858233e-01 1.500000000000000000e+01 1.490000000000000000e+02 4.000000000000000000e+00
4.251670989974655201e-01 1.193820678628240373e+00 1.500000000000000000e+01 1.730000000000000000e+02 4.000000000000000000e+00
9.102137251022305309e-01 1.739624127897985373e+00 1.400000000000000000e+01 3.400000000000000000e+01 4.000000000000000000e+00
1.040303588059313528e-01 1.437226843825966105e+00 8.000000000000000000e+00 3.000000000000000000e+00 4.000000000000000000e+00
5.651594494706487781e-01 1.560191932489683797e+00 8.000000000000000000e+00 1.310000000000000000e+02 4.000000000000000000e+00
2.055948328763611554e-01 9.214676562927625048e-01 1.600000000000000000e+01 1.940000000000000000e+02 4.000000000000000000e+00
5.843260284187506981e-01 5.884599838154133122e-01 9.000000000000000000e+00 1.620000000000000000e+02 4.000000000000000000e+00
5.197677764160597569e-01 8.018222550176873353e-01 1.000000000000000000e+00 7.400000000000000000e+01 4.000000000000000000e+00
7.666480293374777766e-01 2.440834963116095546e-01 1.800000000000000000e+01 2.400000000000000000e+01 4.000000000000000000e+00
9.432953372691035288e-01 4.972277568092936528e-01 1.700000000000000000e+01 4.000000000000000000e+01 4.000000000000000000e+00
7.559451447347055320e-01 3.800290057219019024e-01 2.000000000000000000e+01 1.540000000000000000e+02 4.000000000000000000e+00
9.406022814970389501e-01 4.313485741251948946e-01 1.700000000000000000e+01 1.650000000000000000e+02 4.000000000000000000e+00
3.947215208034547951e-01 1.835580792574917242e+00 3.000000000000000000e+00 4.500000000000000000e+01 4.000000000000000000e+00
2.648985183998163739e-01 1.686342878131656509e+00 1.100000000000000000e+01 3.200000000000000000e+01 4.000000000000000000e+00
