-1.055217533971489701e+02
-1.330968382015150837e+02
-1.084031026163977884e+02
-1.330959146135459150e+02
-1.076729811484018029e+02
-1.330949584557167782e+02
-1.316262176490193099e+02
-1.330968367179872871e+02
-1.306296582212926012e+02
-1.149995851831056655e+02
-1.289407177872138845e+02
-1.330967652454204995e+02
-1.330968126576414932e+02
-1.330968026345237831e+02
-1.321397425878226102e+02
-9.382224487909785182e+01
-1.330968391895284242e+02
-1.330973644614917930e+02
-1.330967914490229305e+02
-1.330968658454213198e+02
-8.968445408520828721e+01
-1.195729151435749031e+02
-1.330967355551312608e+02
-9.266139790358199946e+01
-9.680580125848140938e+01
-1.329910401280305052e+02
-1.319549439850661656e+02
-1.330966384752407237e+02
-9.748684535330333745e+01
-1.330965592561077813e+02
-1.111952891051003860e+02
-9.968330678366446307e+01
-1.264707370669574118e+02
-9.102687461352863352e+01
-1.330921119109154063e+02
-9.824434658051292502e+01
-8.957665844803115363e+01
-9.586109209261348951e+01
-1.008551136154832761e+02
-1.330963317797159107e+02
-9.266040995575851014e+01
-1.330578160790108484e+02
-1.330737665260352287e+02
-1.247680353095196608e+02
-1.083325842842017579e+02
-1.048610430495806156e+02
-1.269130346466584598e+02
-9.037300982052917675e+01
-1.330657667732262439e+02
-9.462148987598142469e+01
-9.092941891576194280e+01
-1.162800110610597670e+02
-1.278321569823056763e+02
-1.277183827491604120e+02
-1.278398579712132488e+02
-9.516938723678229906e+01
-9.803467437991189115e+01
-1.056520303737795530e+02
-1.269293695003086810e+02
-1.278395734877596510e+02
-1.051377010051732128e+02
-1.091039907256088384e+02
-9.534396963042860307e+01
-1.046913853536998147e+02
-1.277629658705544387e+02
-8.913427623915633546e+01
-9.029561859239461796e+01
-1.278401694903450618e+02
-1.278347664933849046e+02
-9.666257351813240462e+01
-1.276702502510445072e+02
-9.557963739167550443e+01
-8.817683020650734704e+01
-9.946254336744362945e+01
-9.741013255906611334e+01
-9.031677157938639766e+01
-1.278397750548647878e+02
-9.104206371005932397e+01
-1.251609189645190838e+02
-1.278340368735813684e+02
-1.161933842450169010e+02
-8.822395305391579257e+01
-1.278394643930306813e+02
-1.278392879874646155e+02
-1.278401262087468098e+02
-1.110962604933237259e+02
-1.278400907309050325e+02
-1.278400793142778582e+02
-1.261333120943311030e+02
-1.245586029398268835e+02
-1.250174595660505048e+02
-1.278400610076853212e+02
-8.975166525529401440e+01
-1.262896575049756791e+02
-9.550362220613527597e+01
-1.243744364775122051e+02
-1.208516729151434674e+02
-1.019646565554533879e+02
-1.278389095544690406e+02
-8.739099785418468969e+01
-1.158406228565835931e+02
-1.235588712673090299e+02
-1.220351853262500015e+02
-1.235614229859082798e+02
-1.125961898032293647e+02
-1.235604102770714121e+02
-9.957521324338100044e+01
-1.234371386299536226e+02
-1.126022630423147604e+02
-1.210951167845049952e+02
-9.045169372280214759e+01
-9.953299799279410820e+01
-8.538217440185975704e+01
-1.184907987597008372e+02
-8.973457907830943725e+01
-1.044893875880430869e+02
-1.233774613791313897e+02
-1.235481089314461229e+02
-1.228222525226248365e+02
-1.235615183399241630e+02
-1.235158449240400387e+02
-1.230770298662902178e+02
-9.031817503792780144e+01
-1.100857410023143217e+02
-1.235610933030195184e+02
-1.235476987175608343e+02
-1.227743595628334958e+02
-1.220309176107741536e+02
-1.197612377352854480e+02
-1.235614799797522636e+02
-1.208332811683467725e+02
-1.235614832983912095e+02
-1.235609790796679448e+02
-1.233023456744367223e+02
-1.156679549084011853e+02
-1.235615113930230677e+02
-1.206689705993070589e+02
-1.074179557567153722e+02
-1.235610205836973989e+02
-1.235605539099583439e+02
-1.051971263212004573e+02
-1.212411024800213966e+02
-1.234778624525072530e+02
-1.009240950695385948e+02
-9.286354951505786914e+01
-1.203466047860270578e+02
-9.364356441618522808e+01
-9.448187870643486974e+01
-1.235614405036230750e+02
-1.231321641315075794e+02
-1.239367370612408621e+02
-8.602932737812663788e+01
-1.228039264714368812e+02
-1.234820826367472506e+02
-1.239418960543321475e+02
-1.075663149097150040e+02
-1.239422102027924524e+02
-9.293246635551122381e+01
-1.203084700443623660e+02
-1.231679783061297826e+02
-1.239421422768076013e+02
-1.019104225577586220e+02
-1.236339231300319881e+02
-1.025985984118254777e+02
-1.238932630893592801e+02
-1.211950891402989328e+02
-1.239421783407503170e+02
-1.239100796290702391e+02
-1.239202961133768923e+02
-9.385809614236102050e+01
-1.223540677839126403e+02
-1.239422953535614482e+02
-1.239424938018935762e+02
-1.220353450818928849e+02
-1.239420312937233604e+02
-1.235474176473829004e+02
-1.233526686279254676e+02
-1.115112547703525934e+02
-1.239419513854023762e+02
-1.239422928977114395e+02
-8.923108061667295487e+01
-1.038618205321033798e+02
-1.238416155391629303e+02
-9.195963320591398826e+01
-1.025126112323683856e+02
-8.572839517401440901e+01
-8.565905705070353804e+01
-1.239420611817695601e+02
-1.239364036953912063e+02
-8.543357932059767279e+01
-1.238482513190313625e+02
-1.206528260999549360e+02
-8.822844070605158606e+01
-1.239421844170341984e+02
-1.239323039214544622e+02
-1.239422225330767162e+02
-1.173062207811715467e+02
-1.239422693129438926e+02
-8.545097292697307978e+01
-1.239416776747927855e+02
-1.251360342304207478e+02
-1.178487076106074767e+02
-1.148655494664716343e+02
-1.203383629701410058e+02
-8.816439176083828499e+01
-1.246683700332749964e+02
-1.251433453082761815e+02
-1.092339221512726937e+02
-1.247842319829987332e+02
-1.108592512928517237e+02
-1.182863214086694086e+02
-1.249984718689820511e+02
-1.251429495885317351e+02
-9.857536397396219741e+01
-9.485770818478523836e+01
-8.863767463672515134e+01
-1.237229566156930787e+02
-1.251434084263347160e+02
-1.251432984942619129e+02
-9.829556739659422249e+01
-1.246834181358278357e+02
-1.238276128327331804e+02
-8.959908481790405688e+01
-1.245553055559517759e+02
-1.251427635068083788e+02
-8.600919845292025911e+01
-1.251421450155053776e+02
-1.023892276841624920e+02
-9.177665116990006311e+01
-1.251226822764773203e+02
-1.251357601934296468e+02
-1.251421469374508462e+02
-8.872841770384920324e+01
-1.025717992089624886e+02
-9.128464539116177434e+01
-9.998991747206324021e+01
-1.251431806287787651e+02
-1.112743243778960363e+02
-1.016876366118554529e+02
-1.251154906471122672e+02
-1.250631254352095709e+02
-1.033628919297518109e+02
-1.251432204891973043e+02
-1.251153868442754344e+02
-1.251374410759553228e+02
-1.251412234065456488e+02
-1.251434658526336108e+02
-1.251353195997754568e+02
-9.064352855606317405e+01
-1.035492173378656418e+02
