-1.330553201747063667e+02
-1.198231682802510818e+02
-1.045906085710124529e+02
-1.121329018008845111e+02
-9.189506332014811107e+01
-1.325940778598129555e+02
-1.138147884230620264e+02
-1.330968230633385758e+02
-1.081721870852563114e+02
-1.330970446363198789e+02
-1.132408779640606866e+02
-1.289182002680466894e+02
-1.330967910462431121e+02
-1.047808724712283208e+02
-1.082066701811083504e+02
-1.173581462046512343e+02
-1.330966179166435950e+02
-1.142104573350679004e+02
-1.330899168411379776e+02
-9.595785250111643450e+01
-1.138268510629405057e+02
-1.280292208326135608e+02
-1.209109455927876837e+02
-1.330909870051716837e+02
-1.090825790024989601e+02
-9.904267444458686498e+01
-1.016454402439569691e+02
-1.330967814250790013e+02
-1.330960094126105844e+02
-1.330967916164158851e+02
-9.515710500073970479e+01
-1.330957227234979996e+02
-9.084784844410191340e+01
-1.140213861318799928e+02
-1.179503472233473218e+02
-1.326764901120706384e+02
-1.330966407188888070e+02
-8.957010994898743661e+01
-1.330930490587323902e+02
-1.181923370258420221e+02
-9.217315124587622677e+01
-1.200023873267085150e+02
-1.079360833753989226e+02
-1.066172435519075634e+02
-1.026524424301017433e+02
-1.330908822276528554e+02
-1.194166864718248604e+02
-1.330966887699030679e+02
-1.330924197466871988e+02
-9.320739506425749710e+01
-9.643623691828491928e+01
-8.720878797078972866e+01
-1.080115868281995120e+02
-1.073251937069805280e+02
-1.278401450162445485e+02
-1.278401107401748504e+02
-1.106857337399937506e+02
-1.278400750039855041e+02
-1.012905579209444511e+02
-1.131071576886788108e+02
-9.481098110771770848e+01
-1.277176295369252443e+02
-1.109137404836578753e+02
-1.278398427675456475e+02
-1.278399574542223434e+02
-1.278402752150313830e+02
-1.278401370994918693e+02
-1.067524931056327233e+02
-1.134870080084347421e+02
-8.982951220338222242e+01
-1.097384806124946266e+02
-1.278396381357937059e+02
-1.278401480454430157e+02
-1.278401213420659417e+02
-1.278399740923589434e+02
-9.907782419532652796e+01
-1.278378148650825636e+02
-1.278401165294474708e+02
-1.274852850554428301e+02
-1.278076598952041678e+02
-8.836739090812800157e+01
-1.278401745631656325e+02
-1.143586402924785261e+02
-1.118106173883763717e+02
-1.278400041754918419e+02
-1.259123449057901496e+02
-1.278401016804521646e+02
-1.278308291229590878e+02
-1.270061211293453312e+02
-1.277146944833334175e+02
-1.278257341281246084e+02
-1.278394428023035942e+02
-1.263117327504286465e+02
-1.278402519404173034e+02
-1.035411160274804843e+02
-1.278392260361622164e+02
-9.214551243345405851e+01
-1.142738552513658874e+02
-1.276746022038783366e+02
-1.187322281749897428e+02
-1.235615079404056331e+02
-9.179499695093717548e+01
-1.091515393797396314e+02
-1.235607794050488621e+02
-1.234596074548812226e+02
-1.224269974864998716e+02
-1.017130099401358621e+02
-1.071468866168250713e+02
-9.869220248286295316e+01
-8.664216012999762029e+01
-1.235615013058124418e+02
-1.235615302781643265e+02
-1.235615347157215780e+02
-1.234050160484171386e+02
-8.634051569825990669e+01
-8.725501846567905773e+01
-1.235598472520284190e+02
-1.189322314804869904e+02
-9.198461796247153188e+01
-1.234228323299724934e+02
-9.067092175081469918e+01
-1.228542723847976958e+02
-1.196726819200510761e+02
-8.694135931608856538e+01
-1.235486798830535093e+02
-1.122785617635076392e+02
-1.234936532127115925e+02
-1.035541861108280983e+02
-1.235439102379577605e+02
-1.235615279929686920e+02
-1.234945740198338768e+02
-1.095013882213360858e+02
-1.235615497380806858e+02
-9.607901716140381154e+01
-1.033924878115334707e+02
-1.202531873039892787e+02
-9.972957743040811351e+01
-1.142095602485318864e+02
-1.153486731178319644e+02
-1.132464565706856661e+02
-1.235615048885059934e+02
-1.235610805361766893e+02
-1.228653623758103350e+02
-1.232067680267313818e+02
-1.234316096586070159e+02
-1.232524321098043174e+02
-1.233151400298866633e+02
-1.222029537181916936e+02
-1.227067527175846635e+02
-1.235536669753836634e+02
-1.238198229483125061e+02
-1.239422895596606224e+02
-1.239389083607583188e+02
-9.987935468423893326e+01
-1.217348508873070898e+02
-1.058672272347018293e+02
-1.078576480612290140e+02
-8.544988840903288008e+01
-1.239422821269662336e+02
-8.630081624526022210e+01
-1.213378586186051962e+02
-1.239422893123497147e+02
-1.091227943777646914e+02
-9.930541984131865263e+01
-1.237578008118517090e+02
-1.218475028139831977e+02
-9.509231473531339418e+01
-8.816339951466059688e+01
-1.238779251770424850e+02
-1.198030953871786863e+02
-1.239374768119964045e+02
-1.239418543847089893e+02
-1.239412105472305115e+02
-1.239421951494962713e+02
-1.079908799628375391e+02
-1.119442082851514613e+02
-1.239411299184659470e+02
-1.039030944101250213e+02
-1.043273815839124410e+02
-8.908385336882025740e+01
-1.239422939209242003e+02
-1.134895858012846475e+02
-9.052705636771651143e+01
-1.239422812932077420e+02
-1.207755662353231969e+02
-1.005797911419964379e+02
-1.239422096890118183e+02
-1.239414286307412709e+02
-1.239422163732461115e+02
-1.239422432921714687e+02
-1.239150955704828334e+02
-1.154824483053868249e+02
-1.044344902214624256e+02
-1.063764905983097435e+02
-1.239414439756136233e+02
-1.238219242075917919e+02
-8.621735098969993771e+01
-1.239422711691484835e+02
-1.239422849015736858e+02
-1.239271194135677518e+02
-1.247918406952461794e+02
-1.250762319017391491e+02
-1.105276390227143821e+02
-9.601656354752734046e+01
-1.128492926535790843e+02
-1.235258183797596701e+02
-1.251110330119656027e+02
-1.249386652587579221e+02
-1.229032241112929142e+02
-1.000097638121955299e+02
-1.249733647370272251e+02
-8.836697568050742291e+01
-1.248511426485069364e+02
-1.251434550466212130e+02
-1.249676775393222812e+02
-1.164039779918104216e+02
-1.250581944407993262e+02
-1.037059559834732028e+02
-1.215647745168492406e+02
-1.009828368198374164e+02
-1.251401686001078133e+02
-1.251433043885417931e+02
-9.061432533214932050e+01
-1.109993580150500350e+02
-1.251344401290271406e+02
-1.251434316696965965e+02
-1.251387142762910401e+02
-1.251434710064528701e+02
-1.102140826812294705e+02
-1.206384714203582860e+02
-1.249804791637116068e+02
-1.249910109242989336e+02
-1.251333238808929593e+02
-8.816813940149462780e+01
-1.251433563953133756e+02
-1.178240071344670383e+02
-1.251433584144513844e+02
-1.207715919564759730e+02
-1.251434466917066288e+02
-1.251044920404111451e+02
-1.244592187618708010e+02
-1.248241614516618796e+02
-1.153846606727197326e+02
-1.217974719307380411e+02
-1.251433405937506080e+02
-1.251433455551547809e+02
-1.233781014779852399e+02
-1.251402282403106341e+02
-1.147273880755947459e+02
-1.224195473266718182e+02
