5.805316251454067933e-01 6.365195516278018273e-01 2.000000000000000000e+00 1.630000000000000000e+02 0.000000000000000000e+00
5.805316251454067933e-01 6.365195516278018273e-01 2.000000000000000000e+00 1.630000000000000000e+02 1.000000000000000000e+00
5.805316251454067933e-01 6.365195516278018273e-01 2.000000000000000000e+00 1.630000000000000000e+02 2.000000000000000000e+00
5.805316251454067933e-01 6.365195516278018273e-01 2.000000000000000000e+00 1.630000000000000000e+02 3.000000000000000000e+00
5.805316251454067933e-01 6.365195516278018273e-01 2.000000000000000000e+00 1.630000000000000000e+02 4.000000000000000000e+00
6.152952376255275135e-01 2.697127552249011240e-01 1.000000000000000000e+01 8.400000000000000000e+01 0.000000000000000000e+00
6.152952376255275135e-01 2.697127552249011240e-01 1.000000000000000000e+01 8.400000000000000000e+01 1.000000000000000000e+00
6.152952376255275135e-01 2.697127552249011240e-01 1.000000000000000000e+01 8.400000000000000000e+01 2.000000000000000000e+00
6.152952376255275135e-01 2.697127552249011240e-01 1.000000000000000000e+01 8.400000000000000000e+01 3.000000000000000000e+00
6.152952376255275135e-01 2.697127552249011240e-01 1.000000000000000000e+01 8.400000000000000000e+01 4.000000000000000000e+00
9.836543517880430576e-01 1.132678503832555306e+00 7.000000000000000000e+00 1.600000000000000000e+01 0.000000000000000000e+00
9.836543517880430576e-01 1.132678503832555306e+00 7.000000000000000000e+00 1.600000000000000000e+01 1.000000000000000000e+00
9.836543517880430576e-01 1.132678503832555306e+00 7.000000000000000000e+00 1.600000000000000000e+01 2.000000000000000000e+00
9.836543517880430576e-01 1.132678503832555306e+00 7.000000000000000000e+00 1.600000000000000000e+01 3.000000000000000000e+00
9.836543517880430576e-01 1.132678503832555306e+00 7.000000000000000000e+00 1.600000000000000000e+01 4.000000000000000000e+00
8.989893296549172907e-01 2.947847980247294553e-01 8.000000000000000000e+00 8.000000000000000000e+01 0.000000000000000000e+00
8.989893296549172907e-01 2.947847980247294553e-01 8.000000000000000000e+00 8.000000000000000000e+01 1.000000000000000000e+00
8.989893296549172907e-01 2.947847980247294553e-01 8.000000000000000000e+00 8.000000000000000000e+01 2.000000000000000000e+00
8.989893296549172907e-01 2.947847980247294553e-01 8.000000000000000000e+00 8.000000000000000000e+01 3.000000000000000000e+00
8.989893296549172907e-01 2.947847980247294553e-01 8.000000000000000000e+00 8.000000000000000000e+01 4.000000000000000000e+00
9.909037230224181092e-02 1.368517638619243526e-01 1.900000000000000000e+01 9.000000000000000000e+01 0.000000000000000000e+00
9.909037230224181092e-02 1.368517638619243526e-01 1.900000000000000000e+01 9.000000000000000000e+01 1.000000000000000000e+00
9.909037230224181092e-02 1.368517638619243526e-01 1.900000000000000000e+01 9.000000000000000000e+01 2.000000000000000000e+00
9.909037230224181092e-02 1.368517638619243526e-01 1.900000000000000000e+01 9.000000000000000000e+01 3.000000000000000000e+00
9.909037230224181092e-02 1.368517638619243526e-01 1.900000000000000000e+01 9.000000000000000000e+01 4.000000000000000000e+00
7.942540163200240144e-01 1.443881675090014360e-01 1.300000000000000000e+01 3.400000000000000000e+01 0.000000000000000000e+00
7.942540163200240144e-01 1.443881675090014360e-01 1.300000000000000000e+01 3.400000000000000000e+01 1.000000000000000000e+00
7.942540163200240144e-01 1.443881675090014360e-01 1.300000000000000000e+01 3.400000000000000000e+01 2.000000000000000000e+00
7.942540163200240144e-01 1.443881675090014360e-01 1.300000000000000000e+01 3.400000000000000000e+01 3.000000000000000000e+00
7.942540163200240144e-01 1.443881675090014360e-01 1.300000000000000000e+01 3.400000000000000000e+01 4.000000000000000000e+00
1.719525151400420615e-01 9.489918459087819391e-01 9.000000000000000000e+00 1.870000000000000000e+02 0.000000000000000000e+00
1.719525151400420615e-01 9.489918459087819391e-01 9.000000000000000000e+00 1.870000000000000000e+02 1.000000000000000000e+00
1.719525151400420615e-01 9.489918459087819391e-01 9.000000000000000000e+00 1.870000000000000000e+02 2.000000000000000000e+00
1.719525151400420615e-01 9.489918459087819391e-01 9.000000000000000000e+00 1.870000000000000000e+02 3.000000000000000000e+00
1.719525151400420615e-01 9.489918459087819391e-01 9.000000000000000000e+00 1.870000000000000000e+02 4.000000000000000000e+00
2.385196387072169300e-01 4.554869078615185751e-01 2.000000000000000000e+01 1.900000000000000000e+01 0.000000000000000000e+00
2.385196387072169300e-01 4.554869078615185751e-01 2.000000000000000000e+01 1.900000000000000000e+01 1.000000000000000000e+00
2.385196387072169300e-01 4.554869078615185751e-01 2.000000000000000000e+01 1.900000000000000000e+01 2.000000000000000000e+00
2.385196387072169300e-01 4.554869078615185751e-01 2.000000000000000000e+01 1.900000000000000000e+01 3.000000000000000000e+00
2.385196387072169300e-01 4.554869078615185751e-01 2.000000000000000000e+01 1.900000000000000000e+01 4.000000000000000000e+00
8.786107849666346947e-01 7.681654968507892756e-01 1.200000000000000000e+01 7.100000000000000000e+01 0.000000000000000000e+00
8.786107849666346947e-01 7.681654968507892756e-01 1.200000000000000000e+01 7.100000000000000000e+01 1.000000000000000000e+00
8.786107849666346947e-01 7.681654968507892756e-01 1.200000000000000000e+01 7.100000000000000000e+01 2.000000000000000000e+00
8.786107849666346947e-01 7.681654968507892756e-01 1.200000000000000000e+01 7.100000000000000000e+01 3.000000000000000000e+00
8.786107849666346947e-01 7.681654968507892756e-01 1.200000000000000000e+01 7.100000000000000000e+01 4.000000000000000000e+00
8.143732557657475946e-01 1.024915479930653461e+00 1.600000000000000000e+01 1.970000000000000000e+02 0.000000000000000000e+00
8.143732557657475946e-01 1.024915479930653461e+00 1.600000000000000000e+01 1.970000000000000000e+02 1.000000000000000000e+00
8.143732557657475946e-01 1.024915479930653461e+00 1.600000000000000000e+01 1.970000000000000000e+02 2.000000000000000000e+00
8.143732557657475946e-01 1.024915479930653461e+00 1.600000000000000000e+01 1.970000000000000000e+02 3.000000000000000000e+00
8.143732557657475946e-01 1.024915479930653461e+00 1.600000000000000000e+01 1.970000000000000000e+02 4.000000000000000000e+00
3.855519047915144659e-01 1.399106507507061004e+00 8.000000000000000000e+00 1.820000000000000000e+02 0.000000000000000000e+00
3.855519047915144659e-01 1.399106507507061004e+00 8.000000000000000000e+00 1.820000000000000000e+02 1.000000000000000000e+00
3.855519047915144659e-01 1.399106507507061004e+00 8.000000000000000000e+00 1.820000000000000000e+02 2.000000000000000000e+00
3.855519047915144659e-01 1.399106507507061004e+00 8.000000000000000000e+00 1.820000000000000000e+02 3.000000000000000000e+00
3.855519047915144659e-01 1.399106507507061004e+00 8.000000000000000000e+00 1.820000000000000000e+02 4.000000000000000000e+00
4.514349430180879530e-01 4.327318823765416989e-01 1.800000000000000000e+01 6.000000000000000000e+01 0.000000000000000000e+00
4.514349430180879530e-01 4.327318823765416989e-01 1.800000000000000000e+01 6.000000000000000000e+01 1.000000000000000000e+00
4.514349430180879530e-01 4.327318823765416989e-01 1.800000000000000000e+01 6.000000000000000000e+01 2.000000000000000000e+00
4.514349430180879530e-01 4.327318823765416989e-01 1.800000000000000000e+01 6.000000000000000000e+01 3.000000000000000000e+00
4.514349430180879530e-01 4.327318823765416989e-01 1.800000000000000000e+01 6.000000000000000000e+01 4.000000000000000000e+00
5.020773513300323954e-01 1.686748633256260010e+00 9.000000000000000000e+00 1.040000000000000000e+02 0.000000000000000000e+00
5.020773513300323954e-01 1.686748633256260010e+00 9.000000000000000000e+00 1.040000000000000000e+02 1.000000000000000000e+00
5.020773513300323954e-01 1.686748633256260010e+00 9.000000000000000000e+00 1.040000000000000000e+02 2.000000000000000000e+00
5.020773513300323954e-01 1.686748633256260010e+00 9.000000000000000000e+00 1.040000000000000000e+02 3.000000000000000000e+00
5.020773513300323954e-01 1.686748633256260010e+00 9.000000000000000000e+00 1.040000000000000000e+02 4.000000000000000000e+00
1.086940414014204576e-01 6.620851954194429956e-01 1.400000000000000000e+01 4.600000000000000000e+01 0.000000000000000000e+00
1.086940414014204576e-01 6.620851954194429956e-01 1.400000000000000000e+01 4.600000000000000000e+01 1.000000000000000000e+00
1.086940414014204576e-01 6.620851954194429956e-01 1.400000000000000000e+01 4.600000000000000000e+01 2.000000000000000000e+00
1.086940414014204576e-01 6.620851954194429956e-01 1.400000000000000000e+01 4.600000000000000000e+01 3.000000000000000000e+00
1.086940414014204576e-01 6.620851954194429956e-01 1.400000000000000000e+01 4.600000000000000000e+01 4.000000000000000000e+00
4.065265388741302610e-01 1.720009763459631635e+00 6.000000000000000000e+00 1.530000000000000000e+02 0.000000000000000000e+00
4.065265388741302610e-01 1.720009763459631635e+00 6.000000000000000000e+00 1.530000000000000000e+02 1.000000000000000000e+00
4.065265388741302610e-01 1.720009763459631635e+00 6.000000000000000000e+00 1.530000000000000000e+02 2.000000000000000000e+00
4.065265388741302610e-01 1.720009763459631635e+00 6.000000000000000000e+00 1.530000000000000000e+02 3.000000000000000000e+00
4.065265388741302610e-01 1.720009763459631635e+00 6.000000000000000000e+00 1.530000000000000000e+02 4.000000000000000000e+00
1.623301000974773922e-01 8.478745657209000308e-01 1.800000000000000000e+01 6.800000000000000000e+01 0.000000000000000000e+00
1.623301000974773922e-01 8.478745657209000308e-01 1.800000000000000000e+01 6.800000000000000000e+01 1.000000000000000000e+00
1.623301000974773922e-01 8.478745657209000308e-01 1.800000000000000000e+01 6.800000000000000000e+01 2.000000000000000000e+00
1.623301000974773922e-01 8.478745657209000308e-01 1.800000000000000000e+01 6.800000000000000000e+01 3.000000000000000000e+00
1.623301000974773922e-01 8.478745657209000308e-01 1.800000000000000000e+01 6.800000000000000000e+01 4.000000000000000000e+00
9.552125048975225186e-01 1.291495703895313651e+00 1.900000000000000000e+01 1.980000000000000000e+02 0.000000000000000000e+00
9.552125048975225186e-01 1.291495703895313651e+00 1.900000000000000000e+01 1.980000000000000000e+02 1.000000000000000000e+00
9.552125048975225186e-01 1.291495703895313651e+00 1.900000000000000000e+01 1.980000000000000000e+02 2.000000000000000000e+00
9.552125048975225186e-01 1.291495703895313651e+00 1.900000000000000000e+01 1.980000000000000000e+02 3.000000000000000000e+00
9.552125048975225186e-01 1.291495703895313651e+00 1.900000000000000000e+01 1.980000000000000000e+02 4.000000000000000000e+00
7.380060273184635422e-01 5.247765783992474065e-01 4.000000000000000000e+00 5.700000000000000000e+01 0.000000000000000000e+00
7.380060273184635422e-01 5.247765783992474065e-01 4.000000000000000000e+00 5.700000000000000000e+01 1.000000000000000000e+00
7.380060273184635422e-01 5.247765783992474065e-01 4.000000000000000000e+00 5.700000000000000000e+01 2.000000000000000000e+00
7.380060273184635422e-01 5.247765783992474065e-01 4.000000000000000000e+00 5.700000000000000000e+01 3.000000000000000000e+00
7.380060273184635422e-01 5.247765783992474065e-01 4.000000000000000000e+00 5.700000000000000000e+01 4.000000000000000000e+00
3.397422175413952194e-01 3.392111322003180662e-01 1.500000000000000000e+01 1.800000000000000000e+02 0.000000000000000000e+00
3.397422175413952194e-01 3.392111322003180662e-01 1.500000000000000000e+01 1.800000000000000000e+02 1.000000000000000000e+00
3.397422175413952194e-01 3.392111322003180662e-01 1.500000000000000000e+01 1.800000000000000000e+02 2.000000000000000000e+00
3.397422175413952194e-01 3.392111322003180662e-01 1.500000000000000000e+01 1.800000000000000000e+02 3.000000000000000000e+00
3.397422175413952194e-01 3.392111322003180662e-01 1.500000000000000000e+01 1.800000000000000000e+02 4.000000000000000000e+00
1.915343120923551634e-01 5.328472068950472762e-01 7.000000000000000000e+00 1.270000000000000000e+02 0.000000000000000000e+00
1.915343120923551634e-01 5.328472068950472762e-01 7.000000000000000000e+00 1.270000000000000000e+02 1.000000000000000000e+00
1.915343120923551634e-01 5.328472068950472762e-01 7.000000000000000000e+00 1.270000000000000000e+02 2.000000000000000000e+00
1.915343120923551634e-01 5.328472068950472762e-01 7.000000000000000000e+00 1.270000000000000000e+02 3.000000000000000000e+00
1.915343120923551634e-01 5.328472068950472762e-01 7.000000000000000000e+00 1.270000000000000000e+02 4.000000000000000000e+00
1.353932238134605281e-01 2.020690521613750512e+00 1.800000000000000000e+01 1.110000000000000000e+02 0.000000000000000000e+00
1.353932238134605281e-01 2.020690521613750512e+00 1.800000000000000000e+01 1.110000000000000000e+02 1.000000000000000000e+00
1.353932238134605281e-01 2.020690521613750512e+00 1.800000000000000000e+01 1.110000000000000000e+02 2.000000000000000000e+00
1.353932238134605281e-01 2.020690521613750512e+00 1.800000000000000000e+01 1.110000000000000000e+02 3.000000000000000000e+00
1.353932238134605281e-01 2.020690521613750512e+00 1.800000000000000000e+01 1.110000000000000000e+02 4.000000000000000000e+00
7.267710239285586349e-01 4.855111705075204620e-01 7.000000000000000000e+00 2.900000000000000000e+01 0.000000000000000000e+00
7.267710239285586349e-01 4.855111705075204620e-01 7.000000000000000000e+00 2.900000000000000000e+01 1.000000000000000000e+00
7.267710239285586349e-01 4.855111705075204620e-01 7.000000000000000000e+00 2.900000000000000000e+01 2.000000000000000000e+00
7.267710239285586349e-01 4.855111705075204620e-01 7.000000000000000000e+00 2.900000000000000000e+01 3.000000000000000000e+00
7.267710239285586349e-01 4.855111705075204620e-01 7.000000000000000000e+00 2.900000000000000000e+01 4.000000000000000000e+00
1.034323758762183271e-01 2.151972857012153517e-01 1.800000000000000000e+01 2.300000000000000000e+01 0.000000000000000000e+00
1.034323758762183271e-01 2.151972857012153517e-01 1.800000000000000000e+01 2.300000000000000000e+01 1.000000000000000000e+00
1.034323758762183271e-01 2.151972857012153517e-01 1.800000000000000000e+01 2.300000000000000000e+01 2.000000000000000000e+00
1.034323758762183271e-01 2.151972857012153517e-01 1.800000000000000000e+01 2.300000000000000000e+01 3.000000000000000000e+00
1.034323758762183271e-01 2.151972857012153517e-01 1.800000000000000000e+01 2.300000000000000000e+01 4.000000000000000000e+00
8.582362753599535876e-02 1.444119385353729301e+00 1.600000000000000000e+01 1.170000000000000000e+02 0.000000000000000000e+00
8.582362753599535876e-02 1.444119385353729301e+00 1.600000000000000000e+01 1.170000000000000000e+02 1.000000000000000000e+00
8.582362753599535876e-02 1.444119385353729301e+00 1.600000000000000000e+01 1.170000000000000000e+02 2.000000000000000000e+00
8.582362753599535876e-02 1.444119385353729301e+00 1.600000000000000000e+01 1.170000000000000000e+02 3.000000000000000000e+00
8.582362753599535876e-02 1.444119385353729301e+00 1.600000000000000000e+01 1.170000000000000000e+02 4.000000000000000000e+00
3.124214656386042899e-01 1.030446127408417567e+00 2.000000000000000000e+01 1.530000000000000000e+02 0.000000000000000000e+00
3.124214656386042899e-01 1.030446127408417567e+00 2.000000000000000000e+01 1.530000000000000000e+02 1.000000000000000000e+00
3.124214656386042899e-01 1.030446127408417567e+00 2.000000000000000000e+01 1.530000000000000000e+02 2.000000000000000000e+00
3.124214656386042899e-01 1.030446127408417567e+00 2.000000000000000000e+01 1.530000000000000000e+02 3.000000000000000000e+00
3.124214656386042899e-01 1.030446127408417567e+00 2.000000000000000000e+01 1.530000000000000000e+02 4.000000000000000000e+00
2.432349597898338933e-01 1.068733677863755505e+00 1.500000000000000000e+01 2.500000000000000000e+01 0.000000000000000000e+00
2.432349597898338933e-01 1.068733677863755505e+00 1.500000000000000000e+01 2.500000000000000000e+01 1.000000000000000000e+00
2.432349597898338933e-01 1.068733677863755505e+00 1.500000000000000000e+01 2.500000000000000000e+01 2.000000000000000000e+00
2.432349597898338933e-01 1.068733677863755505e+00 1.500000000000000000e+01 2.500000000000000000e+01 3.000000000000000000e+00
2.432349597898338933e-01 1.068733677863755505e+00 1.500000000000000000e+01 2.500000000000000000e+01 4.000000000000000000e+00
8.384300919629641413e-01 3.895649088769798096e-01 2.000000000000000000e+01 1.490000000000000000e+02 0.000000000000000000e+00
8.384300919629641413e-01 3.895649088769798096e-01 2.000000000000000000e+01 1.490000000000000000e+02 1.000000000000000000e+00
8.384300919629641413e-01 3.895649088769798096e-01 2.000000000000000000e+01 1.490000000000000000e+02 2.000000000000000000e+00
8.384300919629641413e-01 3.895649088769798096e-01 2.000000000000000000e+01 1.490000000000000000e+02 3.000000000000000000e+00
8.384300919629641413e-01 3.895649088769798096e-01 2.000000000000000000e+01 1.490000000000000000e+02 4.000000000000000000e+00
4.774289045334126902e-01 1.328000933722969512e-01 8.000000000000000000e+00 1.500000000000000000e+02 0.000000000000000000e+00
4.774289045334126902e-01 1.328000933722969512e-01 8.000000000000000000e+00 1.500000000000000000e+02 1.000000000000000000e+00
4.774289045334126902e-01 1.328000933722969512e-01 8.000000000000000000e+00 1.500000000000000000e+02 2.000000000000000000e+00
4.774289045334126902e-01 1.328000933722969512e-01 8.000000000000000000e+00 1.500000000000000000e+02 3.000000000000000000e+00
4.774289045334126902e-01 1.328000933722969512e-01 8.000000000000000000e+00 1.500000000000000000e+02 4.000000000000000000e+00
3.576209002146809590e-01 9.264418135810964516e-01 1.200000000000000000e+01 1.350000000000000000e+02 0.000000000000000000e+00
3.576209002146809590e-01 9.264418135810964516e-01 1.200000000000000000e+01 1.350000000000000000e+02 1.000000000000000000e+00
3.576209002146809590e-01 9.264418135810964516e-01 1.200000000000000000e+01 1.350000000000000000e+02 2.000000000000000000e+00
3.576209002146809590e-01 9.264418135810964516e-01 1.200000000000000000e+01 1.350000000000000000e+02 3.000000000000000000e+00
3.576209002146809590e-01 9.264418135810964516e-01 1.200000000000000000e+01 1.350000000000000000e+02 4.000000000000000000e+00
2.719716222468765432e-01 8.535764000778202076e-01 1.000000000000000000e+00 5.900000000000000000e+01 0.000000000000000000e+00
2.719716222468765432e-01 8.535764000778202076e-01 1.000000000000000000e+00 5.900000000000000000e+01 1.000000000000000000e+00
2.719716222468765432e-01 8.535764000778202076e-01 1.000000000000000000e+00 5.900000000000000000e+01 2.000000000000000000e+00
2.719716222468765432e-01 8.535764000778202076e-01 1.000000000000000000e+00 5.900000000000000000e+01 3.000000000000000000e+00
2.719716222468765432e-01 8.535764000778202076e-01 1.000000000000000000e+00 5.900000000000000000e+01 4.000000000000000000e+00
2.836821964623418291e-01 1.910565930824979830e+00 2.000000000000000000e+01 1.960000000000000000e+02 0.000000000000000000e+00
2.836821964623418291e-01 1.910565930824979830e+00 2.000000000000000000e+01 1.960000000000000000e+02 1.000000000000000000e+00
2.836821964623418291e-01 1.910565930824979830e+00 2.000000000000000000e+01 1.960000000000000000e+02 2.000000000000000000e+00
2.836821964623418291e-01 1.910565930824979830e+00 2.000000000000000000e+01 1.960000000000000000e+02 3.000000000000000000e+00
2.836821964623418291e-01 1.910565930824979830e+00 2.000000000000000000e+01 1.960000000000000000e+02 4.000000000000000000e+00
6.647276544632040041e-02 1.365308987167231702e+00 1.700000000000000000e+01 7.200000000000000000e+01 0.000000000000000000e+00
6.647276544632040041e-02 1.365308987167231702e+00 1.700000000000000000e+01 7.200000000000000000e+01 1.000000000000000000e+00
6.647276544632040041e-02 1.365308987167231702e+00 1.700000000000000000e+01 7.200000000000000000e+01 2.000000000000000000e+00
6.647276544632040041e-02 1.365308987167231702e+00 1.700000000000000000e+01 7.200000000000000000e+01 3.000000000000000000e+00
6.647276544632040041e-02 1.365308987167231702e+00 1.700000000000000000e+01 7.200000000000000000e+01 4.000000000000000000e+00
8.789923073265584197e-01 8.537231182862480283e-01 6.000000000000000000e+00 5.600000000000000000e+01 0.000000000000000000e+00
8.789923073265584197e-01 8.537231182862480283e-01 6.000000000000000000e+00 5.600000000000000000e+01 1.000000000000000000e+00
8.789923073265584197e-01 8.537231182862480283e-01 6.000000000000000000e+00 5.600000000000000000e+01 2.000000000000000000e+00
8.789923073265584197e-01 8.537231182862480283e-01 6.000000000000000000e+00 5.600000000000000000e+01 3.000000000000000000e+00
8.789923073265584197e-01 8.537231182862480283e-01 6.000000000000000000e+00 5.600000000000000000e+01 4.000000000000000000e+00
7.906676458829206000e-01 1.020211122973408102e+00 1.700000000000000000e+01 1.900000000000000000e+01 0.000000000000000000e+00
7.906676458829206000e-01 1.020211122973408102e+00 1.700000000000000000e+01 1.900000000000000000e+01 1.000000000000000000e+00
7.906676458829206000e-01 1.020211122973408102e+00 1.700000000000000000e+01 1.900000000000000000e+01 2.000000000000000000e+00
7.906676458829206000e-01 1.020211122973408102e+00 1.700000000000000000e+01 1.900000000000000000e+01 3.000000000000000000e+00
7.906676458829206000e-01 1.020211122973408102e+00 1.700000000000000000e+01 1.900000000000000000e+01 4.000000000000000000e+00
4.268253391259976270e-01 1.828170626134929311e+00 1.600000000000000000e+01 7.700000000000000000e+01 0.000000000000000000e+00
4.268253391259976270e-01 1.828170626134929311e+00 1.600000000000000000e+01 7.700000000000000000e+01 1.000000000000000000e+00
4.268253391259976270e-01 1.828170626134929311e+00 1.600000000000000000e+01 7.700000000000000000e+01 2.000000000000000000e+00
4.268253391259976270e-01 1.828170626134929311e+00 1.600000000000000000e+01 7.700000000000000000e+01 3.000000000000000000e+00
4.268253391259976270e-01 1.828170626134929311e+00 1.600000000000000000e+01 7.700000000000000000e+01 4.000000000000000000e+00
3.673464933723841197e-01 1.352762296371763373e+00 1.600000000000000000e+01 9.800000000000000000e+01 0.000000000000000000e+00
3.673464933723841197e-01 1.352762296371763373e+00 1.600000000000000000e+01 9.800000000000000000e+01 1.000000000000000000e+00
3.673464933723841197e-01 1.352762296371763373e+00 1.600000000000000000e+01 9.800000000000000000e+01 2.000000000000000000e+00
3.673464933723841197e-01 1.352762296371763373e+00 1.600000000000000000e+01 9.800000000000000000e+01 3.000000000000000000e+00
3.673464933723841197e-01 1.352762296371763373e+00 1.600000000000000000e+01 9.800000000000000000e+01 4.000000000000000000e+00
2.705627445373365303e-01 2.015290483762195439e+00 1.400000000000000000e+01 1.010000000000000000e+02 0.000000000000000000e+00
2.705627445373365303e-01 2.015290483762195439e+00 1.400000000000000000e+01 1.010000000000000000e+02 1.000000000000000000e+00
2.705627445373365303e-01 2.015290483762195439e+00 1.400000000000000000e+01 1.010000000000000000e+02 2.000000000000000000e+00
2.705627445373365303e-01 2.015290483762195439e+00 1.400000000000000000e+01 1.010000000000000000e+02 3.000000000000000000e+00
2.705627445373365303e-01 2.015290483762195439e+00 1.400000000000000000e+01 1.010000000000000000e+02 4.000000000000000000e+00
2.341845600951965034e-01 1.480956093706873089e+00 9.000000000000000000e+00 9.000000000000000000e+01 0.000000000000000000e+00
2.341845600951965034e-01 1.480956093706873089e+00 9.000000000000000000e+00 9.000000000000000000e+01 1.000000000000000000e+00
2.341845600951965034e-01 1.480956093706873089e+00 9.000000000000000000e+00 9.000000000000000000e+01 2.000000000000000000e+00
2.341845600951965034e-01 1.480956093706873089e+00 9.000000000000000000e+00 9.000000000000000000e+01 3.000000000000000000e+00
2.341845600951965034e-01 1.480956093706873089e+00 9.000000000000000000e+00 9.000000000000000000e+01 4.000000000000000000e+00
5.278494479338036172e-01 6.298634703793269951e-01 1.500000000000000000e+01 2.700000000000000000e+01 0.000000000000000000e+00
5.278494479338036172e-01 6.298634703793269951e-01 1.500000000000000000e+01 2.700000000000000000e+01 1.000000000000000000e+00
5.278494479338036172e-01 6.298634703793269951e-01 1.500000000000000000e+01 2.700000000000000000e+01 2.000000000000000000e+00
5.278494479338036172e-01 6.298634703793269951e-01 1.500000000000000000e+01 2.700000000000000000e+01 3.000000000000000000e+00
5.278494479338036172e-01 6.298634703793269951e-01 1.500000000000000000e+01 2.700000000000000000e+01 4.000000000000000000e+00
1.918274930852442717e-01 1.068001171297477070e+00 1.000000000000000000e+00 8.300000000000000000e+01 0.000000000000000000e+00
1.918274930852442717e-01 1.068001171297477070e+00 1.000000000000000000e+00 8.300000000000000000e+01 1.000000000000000000e+00
1.918274930852442717e-01 1.068001171297477070e+00 1.000000000000000000e+00 8.300000000000000000e+01 2.000000000000000000e+00
1.918274930852442717e-01 1.068001171297477070e+00 1.000000000000000000e+00 8.300000000000000000e+01 3.000000000000000000e+00
1.918274930852442717e-01 1.068001171297477070e+00 1.000000000000000000e+00 8.300000000000000000e+01 4.000000000000000000e+00
3.377532417687246769e-01 5.552417413960107906e-01 1.800000000000000000e+01 2.100000000000000000e+01 0.000000000000000000e+00
3.377532417687246769e-01 5.552417413960107906e-01 1.800000000000000000e+01 2.100000000000000000e+01 1.000000000000000000e+00
3.377532417687246769e-01 5.552417413960107906e-01 1.800000000000000000e+01 2.100000000000000000e+01 2.000000000000000000e+00
3.377532417687246769e-01 5.552417413960107906e-01 1.800000000000000000e+01 2.100000000000000000e+01 3.000000000000000000e+00
3.377532417687246769e-01 5.552417413960107906e-01 1.800000000000000000e+01 2.100000000000000000e+01 4.000000000000000000e+00
1.001255374282225663e+00 1.128054800579400274e-01 1.800000000000000000e+01 2.900000000000000000e+01 0.000000000000000000e+00
1.001255374282225663e+00 1.128054800579400274e-01 1.800000000000000000e+01 2.900000000000000000e+01 1.000000000000000000e+00
1.001255374282225663e+00 1.128054800579400274e-01 1.800000000000000000e+01 2.900000000000000000e+01 2.000000000000000000e+00
1.001255374282225663e+00 1.128054800579400274e-01 1.800000000000000000e+01 2.900000000000000000e+01 3.000000000000000000e+00
1.001255374282225663e+00 1.128054800579400274e-01 1.800000000000000000e+01 2.900000000000000000e+01 4.000000000000000000e+00
5.591280817107315837e-01 2.669197203872185620e-01 1.900000000000000000e+01 1.740000000000000000e+02 0.000000000000000000e+00
5.591280817107315837e-01 2.669197203872185620e-01 1.900000000000000000e+01 1.740000000000000000e+02 1.000000000000000000e+00
5.591280817107315837e-01 2.669197203872185620e-01 1.900000000000000000e+01 1.740000000000000000e+02 2.000000000000000000e+00
5.591280817107315837e-01 2.669197203872185620e-01 1.900000000000000000e+01 1.740000000000000000e+02 3.000000000000000000e+00
5.591280817107315837e-01 2.669197203872185620e-01 1.900000000000000000e+01 1.740000000000000000e+02 4.000000000000000000e+00
5.153472227917921256e-01 1.013736297183635227e+00 5.000000000000000000e+00 1.590000000000000000e+02 0.000000000000000000e+00
5.153472227917921256e-01 1.013736297183635227e+00 5.000000000000000000e+00 1.590000000000000000e+02 1.000000000000000000e+00
5.153472227917921256e-01 1.013736297183635227e+00 5.000000000000000000e+00 1.590000000000000000e+02 2.000000000000000000e+00
5.153472227917921256e-01 1.013736297183635227e+00 5.000000000000000000e+00 1.590000000000000000e+02 3.000000000000000000e+00
5.153472227917921256e-01 1.013736297183635227e+00 5.000000000000000000e+00 1.590000000000000000e+02 4.000000000000000000e+00
2.392082635548651304e-01 1.413287869263325724e+00 3.000000000000000000e+00 3.800000000000000000e+01 0.000000000000000000e+00
2.392082635548651304e-01 1.413287869263325724e+00 3.000000000000000000e+00 3.800000000000000000e+01 1.000000000000000000e+00
2.392082635548651304e-01 1.413287869263325724e+00 3.000000000000000000e+00 3.800000000000000000e+01 2.000000000000000000e+00
2.392082635548651304e-01 1.413287869263325724e+00 3.000000000000000000e+00 3.800000000000000000e+01 3.000000000000000000e+00
2.392082635548651304e-01 1.413287869263325724e+00 3.000000000000000000e+00 3.800000000000000000e+01 4.000000000000000000e+00
8.995743310675180515e-01 1.930911298467300252e+00 7.000000000000000000e+00 4.600000000000000000e+01 0.000000000000000000e+00
8.995743310675180515e-01 1.930911298467300252e+00 7.000000000000000000e+00 4.600000000000000000e+01 1.000000000000000000e+00
8.995743310675180515e-01 1.930911298467300252e+00 7.000000000000000000e+00 4.600000000000000000e+01 2.000000000000000000e+00
8.995743310675180515e-01 1.930911298467300252e+00 7.000000000000000000e+00 4.600000000000000000e+01 3.000000000000000000e+00
8.995743310675180515e-01 1.930911298467300252e+00 7.000000000000000000e+00 4.600000000000000000e+01 4.000000000000000000e+00
1.461126230635500199e-02 1.791872461381161852e+00 1.300000000000000000e+01 1.380000000000000000e+02 0.000000000000000000e+00
1.461126230635500199e-02 1.791872461381161852e+00 1.300000000000000000e+01 1.380000000000000000e+02 1.000000000000000000e+00
1.461126230635500199e-02 1.791872461381161852e+00 1.300000000000000000e+01 1.380000000000000000e+02 2.000000000000000000e+00
1.461126230635500199e-02 1.791872461381161852e+00 1.300000000000000000e+01 1.380000000000000000e+02 3.000000000000000000e+00
1.461126230635500199e-02 1.791872461381161852e+00 1.300000000000000000e+01 1.380000000000000000e+02 4.000000000000000000e+00
6.189690015086876107e-01 1.920209369248796760e-01 1.200000000000000000e+01 6.700000000000000000e+01 0.000000000000000000e+00
6.189690015086876107e-01 1.920209369248796760e-01 1.200000000000000000e+01 6.700000000000000000e+01 1.000000000000000000e+00
6.189690015086876107e-01 1.920209369248796760e-01 1.200000000000000000e+01 6.700000000000000000e+01 2.000000000000000000e+00
6.189690015086876107e-01 1.920209369248796760e-01 1.200000000000000000e+01 6.700000000000000000e+01 3.000000000000000000e+00
6.189690015086876107e-01 1.920209369248796760e-01 1.200000000000000000e+01 6.700000000000000000e+01 4.000000000000000000e+00
1.933519774984476802e-01 1.901096114047453822e+00 7.000000000000000000e+00 9.400000000000000000e+01 0.000000000000000000e+00
1.933519774984476802e-01 1.901096114047453822e+00 7.000000000000000000e+00 9.400000000000000000e+01 1.000000000000000000e+00
1.933519774984476802e-01 1.901096114047453822e+00 7.000000000000000000e+00 9.400000000000000000e+01 2.000000000000000000e+00
1.933519774984476802e-01 1.901096114047453822e+00 7.000000000000000000e+00 9.400000000000000000e+01 3.000000000000000000e+00
1.933519774984476802e-01 1.901096114047453822e+00 7.000000000000000000e+00 9.400000000000000000e+01 4.000000000000000000e+00
1.732412976271264782e-01 3.723525032319708883e-01 6.000000000000000000e+00 1.710000000000000000e+02 0.000000000000000000e+00
1.732412976271264782e-01 3.723525032319708883e-01 6.000000000000000000e+00 1.710000000000000000e+02 1.000000000000000000e+00
1.732412976271264782e-01 3.723525032319708883e-01 6.000000000000000000e+00 1.710000000000000000e+02 2.000000000000000000e+00
1.732412976271264782e-01 3.723525032319708883e-01 6.000000000000000000e+00 1.710000000000000000e+02 3.000000000000000000e+00
1.732412976271264782e-01 3.723525032319708883e-01 6.000000000000000000e+00 1.710000000000000000e+02 4.000000000000000000e+00
