-1.330948211001498862e+02
-1.311148268437277693e+02
-1.329892324458810435e+02
-9.114795683844100438e+01
-9.473624603543882472e+01
-1.330161542493983404e+02
-1.330968545735593977e+02
-1.326054000174920304e+02
-1.268525205696312099e+02
-9.611597163911795860e+01
-9.007544438556891464e+01
-9.764374540826396753e+01
-1.330720670582173568e+02
-1.330974032335367099e+02
-1.330904707917142673e+02
-1.127741863050041076e+02
-1.330967850384465692e+02
-1.330967640791741644e+02
-1.330960487907740060e+02
-1.256096589168392654e+02
-1.330964673747943436e+02
-1.330968152276777801e+02
-1.220703358032356789e+02
-1.185121266181404565e+02
-9.254344480839030496e+01
-1.330729350530075692e+02
-9.398268789405645407e+01
-1.015762246552458521e+02
-1.327320939308231118e+02
-9.144923311548687650e+01
-1.330965894675604204e+02
-1.131887403663240548e+02
-1.273432219458041885e+02
-1.250149736119958988e+02
-1.321914887819210094e+02
-1.237894398525209567e+02
-1.330964152248654955e+02
-1.330966610240488137e+02
-1.330936348604139425e+02
-1.330135455467078316e+02
-1.330965102924454584e+02
-1.242331189046576867e+02
-1.330967612661144130e+02
-1.147347515057277576e+02
-1.141314747919963253e+02
-1.209765169939779952e+02
-1.330968388885700335e+02
-1.007328433118821494e+02
-1.330968513258856660e+02
-1.330365396603918953e+02
-1.270182728568571235e+02
-1.269986295547463868e+02
-8.816925308813527806e+01
-1.278401745458406253e+02
-9.842383752240925787e+01
-1.165738758795223760e+02
-9.996216681062519172e+01
-1.276563372743163711e+02
-1.122017923658348479e+02
-9.199125889783327636e+01
-1.165655795960607151e+02
-1.036080382081879350e+02
-1.278397714951794057e+02
-1.277859011125167257e+02
-1.278251331730004807e+02
-8.794774743542171791e+01
-1.101412083452960644e+02
-8.782721739131585537e+01
-1.274724516706648814e+02
-1.098061570451382067e+02
-1.278400391877936499e+02
-9.531662966541574633e+01
-1.013840027205610284e+02
-1.250791895756898668e+02
-1.278395851920605395e+02
-1.277182134473447945e+02
-1.278399270610469927e+02
-1.069377719534971334e+02
-1.278398943761044109e+02
-1.111753818018481610e+02
-1.269799242331537670e+02
-1.277279932279159738e+02
-1.278400718216493317e+02
-9.054943441914147684e+01
-1.174767236761427966e+02
-8.946292861389920859e+01
-1.088128789122545896e+02
-1.278400714048258067e+02
-1.239769309668432982e+02
-1.278402594777641781e+02
-1.278400986752584458e+02
-1.278336820812713768e+02
-1.278404587164758226e+02
-1.278400406544648575e+02
-1.271531539759371441e+02
-1.035949766821642015e+02
-1.278399876751602875e+02
-1.181326080078212897e+02
-1.278400330163345302e+02
-1.278391706005222517e+02
-1.235614485463775907e+02
-9.813405299096612566e+01
-1.235019442666227292e+02
-1.227005984656895095e+02
-1.025753878887930739e+02
-1.222354593442073423e+02
-9.130812136682185098e+01
-1.235614621053384070e+02
-1.010321464066321226e+02
-1.192443048766782283e+02
-1.227467973467281297e+02
-1.165470937913503917e+02
-1.235537328583059917e+02
-8.618017399504279297e+01
-8.931064754601672462e+01
-1.032011215747092479e+02
-8.810816243318745933e+01
-1.132072880092805320e+02
-1.164478363396922873e+02
-1.235138066392669884e+02
-1.066842034263716386e+02
-9.380900078228054895e+01
-8.806384961271396605e+01
-1.235614710299179251e+02
-1.220731360605462328e+02
-1.230211154655504089e+02
-8.904382212373280936e+01
-1.170745114774780262e+02
-9.673394521217450404e+01
-9.120994605989579895e+01
-8.900003822142411991e+01
-1.157597448579944341e+02
-9.512291389805362485e+01
-1.235599516137332614e+02
-1.235594061350040533e+02
-1.235385200184389021e+02
-1.038984905390551603e+02
-1.235414522446765915e+02
-1.227895477323246922e+02
-1.235597631210311675e+02
-9.359901044624159283e+01
-1.235615004728247186e+02
-1.149391522761477233e+02
-9.198224941897163376e+01
-9.354579680342430947e+01
-1.210562946069162962e+02
-1.195951545466070769e+02
-1.235482549594628949e+02
-1.235614096585857453e+02
-1.014144922501642583e+02
-9.876713683366200769e+01
-8.767159228219881584e+01
-1.239422750875025798e+02
-1.239422375650310926e+02
-1.238907137755257111e+02
-1.239359007595922861e+02
-1.148142426979610491e+02
-1.237533790045542332e+02
-1.166172480324856338e+02
-1.239422758200514778e+02
-1.238008466509470651e+02
-1.239422976206677447e+02
-1.239423357109270967e+02
-1.239420777141616128e+02
-1.092256518153423457e+02
-1.239418186475324717e+02
-9.256643190077322458e+01
-8.713415880669631974e+01
-1.138267323603039216e+02
-1.077883875424820843e+02
-1.239422657233279352e+02
-1.234059114519933615e+02
-8.532224087314320116e+01
-1.239298032630903492e+02
-8.680844585887894027e+01
-1.233517132698332119e+02
-1.239353700998789378e+02
-1.239422699966224997e+02
-1.021559586618109989e+02
-1.239377269089218601e+02
-1.111230330944628690e+02
-1.238335333089677874e+02
-1.230059613382428267e+02
-1.239422896825290508e+02
-1.214402881765387292e+02
-1.239422822822099590e+02
-9.332180346858636710e+01
-1.101042399050401173e+02
-1.035155429999522312e+02
-9.280896779130347340e+01
-1.157341608000082829e+02
-1.006407566663464621e+02
-1.239422253358886081e+02
-1.239422189326909489e+02
-8.838487711958413229e+01
-1.204185292475572737e+02
-1.239422920307219727e+02
-1.239403534715533510e+02
-1.221172769187088818e+02
-1.138598256825787018e+02
-1.251433024464085833e+02
-1.249089555937704858e+02
-1.251433386523640934e+02
-1.251430128048129262e+02
-8.984222842570787293e+01
-9.007950210192647944e+01
-1.221502711825606582e+02
-1.251434185816004714e+02
-1.251430915273361961e+02
-1.251292900385321758e+02
-1.081818630268479637e+02
-1.251434464449634447e+02
-1.216646554260669859e+02
-9.401409560987910652e+01
-1.239323766716675266e+02
-1.251427078606171222e+02
-1.251434199144916022e+02
-1.251414364229363088e+02
-1.094354721248111701e+02
-1.124718614988993153e+02
-1.251434237648016534e+02
-1.251435206298061757e+02
-1.251428067368852481e+02
-1.251432993101501836e+02
-1.157748948200479191e+02
-1.250658854086163814e+02
-1.218362476197576711e+02
-1.126270924361972590e+02
-8.723679215860776992e+01
-1.223575617293645905e+02
-1.096989512639151769e+02
-1.251428836328410910e+02
-1.251177900558545559e+02
-1.251339853607916837e+02
-9.723338934303073700e+01
-1.142687480400713156e+02
-1.213501219198555674e+02
-1.116729983992203756e+02
-1.251431352635412821e+02
-8.825197083678484944e+01
-1.251128297787834924e+02
-9.675135679204612416e+01
-1.228766242599475476e+02
-1.251433903265739076e+02
-1.251434810132230950e+02
-9.995128326743902392e+01
-1.105894223546932267e+02
-1.054348360978001296e+02
-8.873508363458189763e+01
-1.245163538305139213e+02
