2.332910791535388606e-01 1.146326682801352304e+00 7.000000000000000000e+00 1.970000000000000000e+02 0.000000000000000000e+00
2.332910791535388606e-01 1.146326682801352304e+00 7.000000000000000000e+00 1.970000000000000000e+02 1.000000000000000000e+00
2.332910791535388606e-01 1.146326682801352304e+00 7.000000000000000000e+00 1.970000000000000000e+02 2.000000000000000000e+00
2.332910791535388606e-01 1.146326682801352304e+00 7.000000000000000000e+00 1.970000000000000000e+02 3.000000000000000000e+00
2.332910791535388606e-01 1.146326682801352304e+00 7.000000000000000000e+00 1.970000000000000000e+02 4.000000000000000000e+00
5.607014565811810902e-01 1.912039002656126530e-01 1.900000000000000000e+01 1.560000000000000000e+02 0.000000000000000000e+00
5.607014565811810902e-01 1.912039002656126530e-01 1.900000000000000000e+01 1.560000000000000000e+02 1.000000000000000000e+00
5.607014565811810902e-01 1.912039002656126530e-01 1.900000000000000000e+01 1.560000000000000000e+02 2.000000000000000000e+00
5.607014565811810902e-01 1.912039002656126530e-01 1.900000000000000000e+01 1.560000000000000000e+02 3.000000000000000000e+00
5.607014565811810902e-01 1.912039002656126530e-01 1.900000000000000000e+01 1.560000000000000000e+02 4.000000000000000000e+00
3.707288353477726783e-01 5.461618833825775399e-01 1.800000000000000000e+01 1.400000000000000000e+01 0.000000000000000000e+00
3.707288353477726783e-01 5.461618833825775399e-01 1.800000000000000000e+01 1.400000000000000000e+01 1.000000000000000000e+00
3.707288353477726783e-01 5.461618833825775399e-01 1.800000000000000000e+01 1.400000000000000000e+01 2.000000000000000000e+00
3.707288353477726783e-01 5.461618833825775399e-01 1.800000000000000000e+01 1.400000000000000000e+01 3.000000000000000000e+00
3.707288353477726783e-01 5.461618833825775399e-01 1.800000000000000000e+01 1.400000000000000000e+01 4.000000000000000000e+00
6.987261618213564951e-01 4.274628500017984001e-01 6.000000000000000000e+00 1.190000000000000000e+02 0.000000000000000000e+00
6.987261618213564951e-01 4.274628500017984001e-01 6.000000000000000000e+00 1.190000000000000000e+02 1.000000000000000000e+00
6.987261618213564951e-01 4.274628500017984001e-01 6.000000000000000000e+00 1.190000000000000000e+02 2.000000000000000000e+00
6.987261618213564951e-01 4.274628500017984001e-01 6.000000000000000000e+00 1.190000000000000000e+02 3.000000000000000000e+00
6.987261618213564951e-01 4.274628500017984001e-01 6.000000000000000000e+00 1.190000000000000000e+02 4.000000000000000000e+00
8.032486680550031399e-02 1.982021720491672134e+00 1.700000000000000000e+01 1.010000000000000000e+02 0.000000000000000000e+00
8.032486680550031399e-02 1.982021720491672134e+00 1.700000000000000000e+01 1.010000000000000000e+02 1.000000000000000000e+00
8.032486680550031399e-02 1.982021720491672134e+00 1.700000000000000000e+01 1.010000000000000000e+02 2.000000000000000000e+00
8.032486680550031399e-02 1.982021720491672134e+00 1.700000000000000000e+01 1.010000000000000000e+02 3.000000000000000000e+00
8.032486680550031399e-02 1.982021720491672134e+00 1.700000000000000000e+01 1.010000000000000000e+02 4.000000000000000000e+00
5.736813802348252889e-01 2.559846787799741064e-01 2.000000000000000000e+00 7.300000000000000000e+01 0.000000000000000000e+00
5.736813802348252889e-01 2.559846787799741064e-01 2.000000000000000000e+00 7.300000000000000000e+01 1.000000000000000000e+00
5.736813802348252889e-01 2.559846787799741064e-01 2.000000000000000000e+00 7.300000000000000000e+01 2.000000000000000000e+00
5.736813802348252889e-01 2.559846787799741064e-01 2.000000000000000000e+00 7.300000000000000000e+01 3.000000000000000000e+00
5.736813802348252889e-01 2.559846787799741064e-01 2.000000000000000000e+00 7.300000000000000000e+01 4.000000000000000000e+00
7.326405111248398550e-01 4.169043470463328349e-01 1.100000000000000000e+01 1.620000000000000000e+02 0.000000000000000000e+00
7.326405111248398550e-01 4.169043470463328349e-01 1.100000000000000000e+01 1.620000000000000000e+02 1.000000000000000000e+00
7.326405111248398550e-01 4.169043470463328349e-01 1.100000000000000000e+01 1.620000000000000000e+02 2.000000000000000000e+00
7.326405111248398550e-01 4.169043470463328349e-01 1.100000000000000000e+01 1.620000000000000000e+02 3.000000000000000000e+00
7.326405111248398550e-01 4.169043470463328349e-01 1.100000000000000000e+01 1.620000000000000000e+02 4.000000000000000000e+00
2.602813067440233885e-01 6.869745122043949825e-01 3.000000000000000000e+00 1.520000000000000000e+02 0.000000000000000000e+00
2.602813067440233885e-01 6.869745122043949825e-01 3.000000000000000000e+00 1.520000000000000000e+02 1.000000000000000000e+00
2.602813067440233885e-01 6.869745122043949825e-01 3.000000000000000000e+00 1.520000000000000000e+02 2.000000000000000000e+00
2.602813067440233885e-01 6.869745122043949825e-01 3.000000000000000000e+00 1.520000000000000000e+02 3.000000000000000000e+00
2.602813067440233885e-01 6.869745122043949825e-01 3.000000000000000000e+00 1.520000000000000000e+02 4.000000000000000000e+00
7.066107142085948922e-01 1.028528176080303558e+00 1.200000000000000000e+01 2.900000000000000000e+01 0.000000000000000000e+00
7.066107142085948922e-01 1.028528176080303558e+00 1.200000000000000000e+01 2.900000000000000000e+01 1.000000000000000000e+00
7.066107142085948922e-01 1.028528176080303558e+00 1.200000000000000000e+01 2.900000000000000000e+01 2.000000000000000000e+00
7.066107142085948922e-01 1.028528176080303558e+00 1.200000000000000000e+01 2.900000000000000000e+01 3.000000000000000000e+00
7.066107142085948922e-01 1.028528176080303558e+00 1.200000000000000000e+01 2.900000000000000000e+01 4.000000000000000000e+00
2.250621437143395243e-01 9.936525241593151536e-01 1.100000000000000000e+01 1.000000000000000000e+02 0.000000000000000000e+00
2.250621437143395243e-01 9.936525241593151536e-01 1.100000000000000000e+01 1.000000000000000000e+02 1.000000000000000000e+00
2.250621437143395243e-01 9.936525241593151536e-01 1.100000000000000000e+01 1.000000000000000000e+02 2.000000000000000000e+00
2.250621437143395243e-01 9.936525241593151536e-01 1.100000000000000000e+01 1.000000000000000000e+02 3.000000000000000000e+00
2.250621437143395243e-01 9.936525241593151536e-01 1.100000000000000000e+01 1.000000000000000000e+02 4.000000000000000000e+00
1.308787515389568945e-01 1.935374015489450095e+00 1.700000000000000000e+01 5.900000000000000000e+01 0.000000000000000000e+00
1.308787515389568945e-01 1.935374015489450095e+00 1.700000000000000000e+01 5.900000000000000000e+01 1.000000000000000000e+00
1.308787515389568945e-01 1.935374015489450095e+00 1.700000000000000000e+01 5.900000000000000000e+01 2.000000000000000000e+00
1.308787515389568945e-01 1.935374015489450095e+00 1.700000000000000000e+01 5.900000000000000000e+01 3.000000000000000000e+00
1.308787515389568945e-01 1.935374015489450095e+00 1.700000000000000000e+01 5.900000000000000000e+01 4.000000000000000000e+00
5.764463287191955443e-01 1.044038631483854562e+00 1.400000000000000000e+01 1.840000000000000000e+02 0.000000000000000000e+00
5.764463287191955443e-01 1.044038631483854562e+00 1.400000000000000000e+01 1.840000000000000000e+02 1.000000000000000000e+00
5.764463287191955443e-01 1.044038631483854562e+00 1.400000000000000000e+01 1.840000000000000000e+02 2.000000000000000000e+00
5.764463287191955443e-01 1.044038631483854562e+00 1.400000000000000000e+01 1.840000000000000000e+02 3.000000000000000000e+00
5.764463287191955443e-01 1.044038631483854562e+00 1.400000000000000000e+01 1.840000000000000000e+02 4.000000000000000000e+00
3.245664246472115266e-01 1.864314594732522645e-01 2.000000000000000000e+00 6.900000000000000000e+01 0.000000000000000000e+00
3.245664246472115266e-01 1.864314594732522645e-01 2.000000000000000000e+00 6.900000000000000000e+01 1.000000000000000000e+00
3.245664246472115266e-01 1.864314594732522645e-01 2.000000000000000000e+00 6.900000000000000000e+01 2.000000000000000000e+00
3.245664246472115266e-01 1.864314594732522645e-01 2.000000000000000000e+00 6.900000000000000000e+01 3.000000000000000000e+00
3.245664246472115266e-01 1.864314594732522645e-01 2.000000000000000000e+00 6.900000000000000000e+01 4.000000000000000000e+00
7.624449169599730736e-01 1.186538087742636138e+00 1.000000000000000000e+01 9.600000000000000000e+01 0.000000000000000000e+00
7.624449169599730736e-01 1.186538087742636138e+00 1.000000000000000000e+01 9.600000000000000000e+01 1.000000000000000000e+00
7.624449169599730736e-01 1.186538087742636138e+00 1.000000000000000000e+01 9.600000000000000000e+01 2.000000000000000000e+00
7.624449169599730736e-01 1.186538087742636138e+00 1.000000000000000000e+01 9.600000000000000000e+01 3.000000000000000000e+00
7.624449169599730736e-01 1.186538087742636138e+00 1.000000000000000000e+01 9.600000000000000000e+01 4.000000000000000000e+00
7.771904257147006501e-01 1.680897532431573804e+00 1.700000000000000000e+01 1.160000000000000000e+02 0.000000000000000000e+00
7.771904257147006501e-01 1.680897532431573804e+00 1.700000000000000000e+01 1.160000000000000000e+02 1.000000000000000000e+00
7.771904257147006501e-01 1.680897532431573804e+00 1.700000000000000000e+01 1.160000000000000000e+02 2.000000000000000000e+00
7.771904257147006501e-01 1.680897532431573804e+00 1.700000000000000000e+01 1.160000000000000000e+02 3.000000000000000000e+00
7.771904257147006501e-01 1.680897532431573804e+00 1.700000000000000000e+01 1.160000000000000000e+02 4.000000000000000000e+00
8.222137937463012969e-02 1.419431668815695158e+00 3.000000000000000000e+00 1.000000000000000000e+01 0.000000000000000000e+00
8.222137937463012969e-02 1.419431668815695158e+00 3.000000000000000000e+00 1.000000000000000000e+01 1.000000000000000000e+00
8.222137937463012969e-02 1.419431668815695158e+00 3.000000000000000000e+00 1.000000000000000000e+01 2.000000000000000000e+00
8.222137937463012969e-02 1.419431668815695158e+00 3.000000000000000000e+00 1.000000000000000000e+01 3.000000000000000000e+00
8.222137937463012969e-02 1.419431668815695158e+00 3.000000000000000000e+00 1.000000000000000000e+01 4.000000000000000000e+00
6.329933834424704420e-02 1.470048905445401566e+00 1.800000000000000000e+01 1.320000000000000000e+02 0.000000000000000000e+00
6.329933834424704420e-02 1.470048905445401566e+00 1.800000000000000000e+01 1.320000000000000000e+02 1.000000000000000000e+00
6.329933834424704420e-02 1.470048905445401566e+00 1.800000000000000000e+01 1.320000000000000000e+02 2.000000000000000000e+00
6.329933834424704420e-02 1.470048905445401566e+00 1.800000000000000000e+01 1.320000000000000000e+02 3.000000000000000000e+00
6.329933834424704420e-02 1.470048905445401566e+00 1.800000000000000000e+01 1.320000000000000000e+02 4.000000000000000000e+00
4.533509620132648577e-01 1.035992294759922272e+00 4.000000000000000000e+00 7.400000000000000000e+01 0.000000000000000000e+00
4.533509620132648577e-01 1.035992294759922272e+00 4.000000000000000000e+00 7.400000000000000000e+01 1.000000000000000000e+00
4.533509620132648577e-01 1.035992294759922272e+00 4.000000000000000000e+00 7.400000000000000000e+01 2.000000000000000000e+00
4.533509620132648577e-01 1.035992294759922272e+00 4.000000000000000000e+00 7.400000000000000000e+01 3.000000000000000000e+00
4.533509620132648577e-01 1.035992294759922272e+00 4.000000000000000000e+00 7.400000000000000000e+01 4.000000000000000000e+00
6.710593347649594920e-01 1.479933263853223879e+00 1.600000000000000000e+01 1.240000000000000000e+02 0.000000000000000000e+00
6.710593347649594920e-01 1.479933263853223879e+00 1.600000000000000000e+01 1.240000000000000000e+02 1.000000000000000000e+00
6.710593347649594920e-01 1.479933263853223879e+00 1.600000000000000000e+01 1.240000000000000000e+02 2.000000000000000000e+00
6.710593347649594920e-01 1.479933263853223879e+00 1.600000000000000000e+01 1.240000000000000000e+02 3.000000000000000000e+00
6.710593347649594920e-01 1.479933263853223879e+00 1.600000000000000000e+01 1.240000000000000000e+02 4.000000000000000000e+00
2.733294844455638195e-01 1.229578675203496785e-01 9.000000000000000000e+00 2.000000000000000000e+01 0.000000000000000000e+00
2.733294844455638195e-01 1.229578675203496785e-01 9.000000000000000000e+00 2.000000000000000000e+01 1.000000000000000000e+00
2.733294844455638195e-01 1.229578675203496785e-01 9.000000000000000000e+00 2.000000000000000000e+01 2.000000000000000000e+00
2.733294844455638195e-01 1.229578675203496785e-01 9.000000000000000000e+00 2.000000000000000000e+01 3.000000000000000000e+00
2.733294844455638195e-01 1.229578675203496785e-01 9.000000000000000000e+00 2.000000000000000000e+01 4.000000000000000000e+00
7.812944466247652153e-01 1.732284652577698925e+00 1.300000000000000000e+01 3.800000000000000000e+01 0.000000000000000000e+00
7.812944466247652153e-01 1.732284652577698925e+00 1.300000000000000000e+01 3.800000000000000000e+01 1.000000000000000000e+00
7.812944466247652153e-01 1.732284652577698925e+00 1.300000000000000000e+01 3.800000000000000000e+01 2.000000000000000000e+00
7.812944466247652153e-01 1.732284652577698925e+00 1.300000000000000000e+01 3.800000000000000000e+01 3.000000000000000000e+00
7.812944466247652153e-01 1.732284652577698925e+00 1.300000000000000000e+01 3.800000000000000000e+01 4.000000000000000000e+00
1.496416037482958261e-01 1.256013491149682304e+00 1.900000000000000000e+01 6.100000000000000000e+01 0.000000000000000000e+00
1.496416037482958261e-01 1.256013491149682304e+00 1.900000000000000000e+01 6.100000000000000000e+01 1.000000000000000000e+00
1.496416037482958261e-01 1.256013491149682304e+00 1.900000000000000000e+01 6.100000000000000000e+01 2.000000000000000000e+00
1.496416037482958261e-01 1.256013491149682304e+00 1.900000000000000000e+01 6.100000000000000000e+01 3.000000000000000000e+00
1.496416037482958261e-01 1.256013491149682304e+00 1.900000000000000000e+01 6.100000000000000000e+01 4.000000000000000000e+00
3.506742720441993200e-01 5.644309749381329899e-01 2.000000000000000000e+00 1.450000000000000000e+02 0.000000000000000000e+00
3.506742720441993200e-01 5.644309749381329899e-01 2.000000000000000000e+00 1.450000000000000000e+02 1.000000000000000000e+00
3.506742720441993200e-01 5.644309749381329899e-01 2.000000000000000000e+00 1.450000000000000000e+02 2.000000000000000000e+00
3.506742720441993200e-01 5.644309749381329899e-01 2.000000000000000000e+00 1.450000000000000000e+02 3.000000000000000000e+00
3.506742720441993200e-01 5.644309749381329899e-01 2.000000000000000000e+00 1.450000000000000000e+02 4.000000000000000000e+00
2.086437535851046743e-01 6.429815465773612848e-01 9.000000000000000000e+00 3.700000000000000000e+01 0.000000000000000000e+00
2.086437535851046743e-01 6.429815465773612848e-01 9.000000000000000000e+00 3.700000000000000000e+01 1.000000000000000000e+00
2.086437535851046743e-01 6.429815465773612848e-01 9.000000000000000000e+00 3.700000000000000000e+01 2.000000000000000000e+00
2.086437535851046743e-01 6.429815465773612848e-01 9.000000000000000000e+00 3.700000000000000000e+01 3.000000000000000000e+00
2.086437535851046743e-01 6.429815465773612848e-01 9.000000000000000000e+00 3.700000000000000000e+01 4.000000000000000000e+00
9.868527640106929955e-01 5.308579565627230545e-01 7.000000000000000000e+00 1.380000000000000000e+02 0.000000000000000000e+00
9.868527640106929955e-01 5.308579565627230545e-01 7.000000000000000000e+00 1.380000000000000000e+02 1.000000000000000000e+00
9.868527640106929955e-01 5.308579565627230545e-01 7.000000000000000000e+00 1.380000000000000000e+02 2.000000000000000000e+00
9.868527640106929955e-01 5.308579565627230545e-01 7.000000000000000000e+00 1.380000000000000000e+02 3.000000000000000000e+00
9.868527640106929955e-01 5.308579565627230545e-01 7.000000000000000000e+00 1.380000000000000000e+02 4.000000000000000000e+00
3.664074170620962301e-01 1.367998932612325691e-01 9.000000000000000000e+00 4.000000000000000000e+01 0.000000000000000000e+00
3.664074170620962301e-01 1.367998932612325691e-01 9.000000000000000000e+00 4.000000000000000000e+01 1.000000000000000000e+00
3.664074170620962301e-01 1.367998932612325691e-01 9.000000000000000000e+00 4.000000000000000000e+01 2.000000000000000000e+00
3.664074170620962301e-01 1.367998932612325691e-01 9.000000000000000000e+00 4.000000000000000000e+01 3.000000000000000000e+00
3.664074170620962301e-01 1.367998932612325691e-01 9.000000000000000000e+00 4.000000000000000000e+01 4.000000000000000000e+00
6.267902695950141601e-01 5.608107755621688506e-01 1.200000000000000000e+01 1.520000000000000000e+02 0.000000000000000000e+00
6.267902695950141601e-01 5.608107755621688506e-01 1.200000000000000000e+01 1.520000000000000000e+02 1.000000000000000000e+00
6.267902695950141601e-01 5.608107755621688506e-01 1.200000000000000000e+01 1.520000000000000000e+02 2.000000000000000000e+00
6.267902695950141601e-01 5.608107755621688506e-01 1.200000000000000000e+01 1.520000000000000000e+02 3.000000000000000000e+00
6.267902695950141601e-01 5.608107755621688506e-01 1.200000000000000000e+01 1.520000000000000000e+02 4.000000000000000000e+00
7.523517360658495967e-01 1.268500416789773100e+00 3.000000000000000000e+00 1.800000000000000000e+01 0.000000000000000000e+00
7.523517360658495967e-01 1.268500416789773100e+00 3.000000000000000000e+00 1.800000000000000000e+01 1.000000000000000000e+00
7.523517360658495967e-01 1.268500416789773100e+00 3.000000000000000000e+00 1.800000000000000000e+01 2.000000000000000000e+00
7.523517360658495967e-01 1.268500416789773100e+00 3.000000000000000000e+00 1.800000000000000000e+01 3.000000000000000000e+00
7.523517360658495967e-01 1.268500416789773100e+00 3.000000000000000000e+00 1.800000000000000000e+01 4.000000000000000000e+00
4.301035545897570200e-01 1.518505664389724341e+00 1.000000000000000000e+01 6.200000000000000000e+01 0.000000000000000000e+00
4.301035545897570200e-01 1.518505664389724341e+00 1.000000000000000000e+01 6.200000000000000000e+01 1.000000000000000000e+00
4.301035545897570200e-01 1.518505664389724341e+00 1.000000000000000000e+01 6.200000000000000000e+01 2.000000000000000000e+00
4.301035545897570200e-01 1.518505664389724341e+00 1.000000000000000000e+01 6.200000000000000000e+01 3.000000000000000000e+00
4.301035545897570200e-01 1.518505664389724341e+00 1.000000000000000000e+01 6.200000000000000000e+01 4.000000000000000000e+00
9.820455259033694650e-01 1.720078235314556503e+00 3.000000000000000000e+00 1.010000000000000000e+02 0.000000000000000000e+00
9.820455259033694650e-01 1.720078235314556503e+00 3.000000000000000000e+00 1.010000000000000000e+02 1.000000000000000000e+00
9.820455259033694650e-01 1.720078235314556503e+00 3.000000000000000000e+00 1.010000000000000000e+02 2.000000000000000000e+00
9.820455259033694650e-01 1.720078235314556503e+00 3.000000000000000000e+00 1.010000000000000000e+02 3.000000000000000000e+00
9.820455259033694650e-01 1.720078235314556503e+00 3.000000000000000000e+00 1.010000000000000000e+02 4.000000000000000000e+00
4.406551796616863248e-01 2.015457199622901374e+00 7.000000000000000000e+00 4.100000000000000000e+01 0.000000000000000000e+00
4.406551796616863248e-01 2.015457199622901374e+00 7.000000000000000000e+00 4.100000000000000000e+01 1.000000000000000000e+00
4.406551796616863248e-01 2.015457199622901374e+00 7.000000000000000000e+00 4.100000000000000000e+01 2.000000000000000000e+00
4.406551796616863248e-01 2.015457199622901374e+00 7.000000000000000000e+00 4.100000000000000000e+01 3.000000000000000000e+00
4.406551796616863248e-01 2.015457199622901374e+00 7.000000000000000000e+00 4.100000000000000000e+01 4.000000000000000000e+00
5.775810110489586896e-02 1.565563601783376724e+00 8.000000000000000000e+00 9.100000000000000000e+01 0.000000000000000000e+00
5.775810110489586896e-02 1.565563601783376724e+00 8.000000000000000000e+00 9.100000000000000000e+01 1.000000000000000000e+00
5.775810110489586896e-02 1.565563601783376724e+00 8.000000000000000000e+00 9.100000000000000000e+01 2.000000000000000000e+00
5.775810110489586896e-02 1.565563601783376724e+00 8.000000000000000000e+00 9.100000000000000000e+01 3.000000000000000000e+00
5.775810110489586896e-02 1.565563601783376724e+00 8.000000000000000000e+00 9.100000000000000000e+01 4.000000000000000000e+00
6.856664492813946410e-01 1.154010335588312008e+00 1.200000000000000000e+01 3.200000000000000000e+01 0.000000000000000000e+00
6.856664492813946410e-01 1.154010335588312008e+00 1.200000000000000000e+01 3.200000000000000000e+01 1.000000000000000000e+00
6.856664492813946410e-01 1.154010335588312008e+00 1.200000000000000000e+01 3.200000000000000000e+01 2.000000000000000000e+00
6.856664492813946410e-01 1.154010335588312008e+00 1.200000000000000000e+01 3.200000000000000000e+01 3.000000000000000000e+00
6.856664492813946410e-01 1.154010335588312008e+00 1.200000000000000000e+01 3.200000000000000000e+01 4.000000000000000000e+00
5.769874518723802082e-01 1.545890498494282062e+00 2.000000000000000000e+01 1.180000000000000000e+02 0.000000000000000000e+00
5.769874518723802082e-01 1.545890498494282062e+00 2.000000000000000000e+01 1.180000000000000000e+02 1.000000000000000000e+00
5.769874518723802082e-01 1.545890498494282062e+00 2.000000000000000000e+01 1.180000000000000000e+02 2.000000000000000000e+00
5.769874518723802082e-01 1.545890498494282062e+00 2.000000000000000000e+01 1.180000000000000000e+02 3.000000000000000000e+00
5.769874518723802082e-01 1.545890498494282062e+00 2.000000000000000000e+01 1.180000000000000000e+02 4.000000000000000000e+00
6.926033501652628654e-01 1.690625360198579230e+00 1.600000000000000000e+01 1.540000000000000000e+02 0.000000000000000000e+00
6.926033501652628654e-01 1.690625360198579230e+00 1.600000000000000000e+01 1.540000000000000000e+02 1.000000000000000000e+00
6.926033501652628654e-01 1.690625360198579230e+00 1.600000000000000000e+01 1.540000000000000000e+02 2.000000000000000000e+00
6.926033501652628654e-01 1.690625360198579230e+00 1.600000000000000000e+01 1.540000000000000000e+02 3.000000000000000000e+00
6.926033501652628654e-01 1.690625360198579230e+00 1.600000000000000000e+01 1.540000000000000000e+02 4.000000000000000000e+00
1.228455222017937748e-01 4.983252643427417139e-01 1.600000000000000000e+01 1.000000000000000000e+02 0.000000000000000000e+00
1.228455222017937748e-01 4.983252643427417139e-01 1.600000000000000000e+01 1.000000000000000000e+02 1.000000000000000000e+00
1.228455222017937748e-01 4.983252643427417139e-01 1.600000000000000000e+01 1.000000000000000000e+02 2.000000000000000000e+00
1.228455222017937748e-01 4.983252643427417139e-01 1.600000000000000000e+01 1.000000000000000000e+02 3.000000000000000000e+00
1.228455222017937748e-01 4.983252643427417139e-01 1.600000000000000000e+01 1.000000000000000000e+02 4.000000000000000000e+00
7.313192289727535877e-01 8.877346449656638994e-01 1.000000000000000000e+01 3.500000000000000000e+01 0.000000000000000000e+00
7.313192289727535877e-01 8.877346449656638994e-01 1.000000000000000000e+01 3.500000000000000000e+01 1.000000000000000000e+00
7.313192289727535877e-01 8.877346449656638994e-01 1.000000000000000000e+01 3.500000000000000000e+01 2.000000000000000000e+00
7.313192289727535877e-01 8.877346449656638994e-01 1.000000000000000000e+01 3.500000000000000000e+01 3.000000000000000000e+00
7.313192289727535877e-01 8.877346449656638994e-01 1.000000000000000000e+01 3.500000000000000000e+01 4.000000000000000000e+00
3.491854031178197593e-01 4.068913721432422248e-01 7.000000000000000000e+00 1.400000000000000000e+01 0.000000000000000000e+00
3.491854031178197593e-01 4.068913721432422248e-01 7.000000000000000000e+00 1.400000000000000000e+01 1.000000000000000000e+00
3.491854031178197593e-01 4.068913721432422248e-01 7.000000000000000000e+00 1.400000000000000000e+01 2.000000000000000000e+00
3.491854031178197593e-01 4.068913721432422248e-01 7.000000000000000000e+00 1.400000000000000000e+01 3.000000000000000000e+00
3.491854031178197593e-01 4.068913721432422248e-01 7.000000000000000000e+00 1.400000000000000000e+01 4.000000000000000000e+00
1.105740146112185046e-01 9.144942137101553792e-01 1.700000000000000000e+01 4.600000000000000000e+01 0.000000000000000000e+00
1.105740146112185046e-01 9.144942137101553792e-01 1.700000000000000000e+01 4.600000000000000000e+01 1.000000000000000000e+00
1.105740146112185046e-01 9.144942137101553792e-01 1.700000000000000000e+01 4.600000000000000000e+01 2.000000000000000000e+00
1.105740146112185046e-01 9.144942137101553792e-01 1.700000000000000000e+01 4.600000000000000000e+01 3.000000000000000000e+00
1.105740146112185046e-01 9.144942137101553792e-01 1.700000000000000000e+01 4.600000000000000000e+01 4.000000000000000000e+00
5.929154644665037832e-01 1.581441041923362212e+00 2.000000000000000000e+00 1.560000000000000000e+02 0.000000000000000000e+00
5.929154644665037832e-01 1.581441041923362212e+00 2.000000000000000000e+00 1.560000000000000000e+02 1.000000000000000000e+00
5.929154644665037832e-01 1.581441041923362212e+00 2.000000000000000000e+00 1.560000000000000000e+02 2.000000000000000000e+00
5.929154644665037832e-01 1.581441041923362212e+00 2.000000000000000000e+00 1.560000000000000000e+02 3.000000000000000000e+00
5.929154644665037832e-01 1.581441041923362212e+00 2.000000000000000000e+00 1.560000000000000000e+02 4.000000000000000000e+00
8.803608417756887405e-01 2.033052320805355695e+00 1.800000000000000000e+01 1.530000000000000000e+02 0.000000000000000000e+00
8.803608417756887405e-01 2.033052320805355695e+00 1.800000000000000000e+01 1.530000000000000000e+02 1.000000000000000000e+00
8.803608417756887405e-01 2.033052320805355695e+00 1.800000000000000000e+01 1.530000000000000000e+02 2.000000000000000000e+00
8.803608417756887405e-01 2.033052320805355695e+00 1.800000000000000000e+01 1.530000000000000000e+02 3.000000000000000000e+00
8.803608417756887405e-01 2.033052320805355695e+00 1.800000000000000000e+01 1.530000000000000000e+02 4.000000000000000000e+00
4.655648553522168109e-01 9.008459981433661889e-01 2.000000000000000000e+00 1.620000000000000000e+02 0.000000000000000000e+00
4.655648553522168109e-01 9.008459981433661889e-01 2.000000000000000000e+00 1.620000000000000000e+02 1.000000000000000000e+00
4.655648553522168109e-01 9.008459981433661889e-01 2.000000000000000000e+00 1.620000000000000000e+02 2.000000000000000000e+00
4.655648553522168109e-01 9.008459981433661889e-01 2.000000000000000000e+00 1.620000000000000000e+02 3.000000000000000000e+00
4.655648553522168109e-01 9.008459981433661889e-01 2.000000000000000000e+00 1.620000000000000000e+02 4.000000000000000000e+00
3.089396309634117044e-01 1.756720133486236790e+00 9.000000000000000000e+00 1.130000000000000000e+02 0.000000000000000000e+00
3.089396309634117044e-01 1.756720133486236790e+00 9.000000000000000000e+00 1.130000000000000000e+02 1.000000000000000000e+00
3.089396309634117044e-01 1.756720133486236790e+00 9.000000000000000000e+00 1.130000000000000000e+02 2.000000000000000000e+00
3.089396309634117044e-01 1.756720133486236790e+00 9.000000000000000000e+00 1.130000000000000000e+02 3.000000000000000000e+00
3.089396309634117044e-01 1.756720133486236790e+00 9.000000000000000000e+00 1.130000000000000000e+02 4.000000000000000000e+00
9.198411699907558248e-01 1.632273350502590148e+00 6.000000000000000000e+00 1.210000000000000000e+02 0.000000000000000000e+00
9.198411699907558248e-01 1.632273350502590148e+00 6.000000000000000000e+00 1.210000000000000000e+02 1.000000000000000000e+00
9.198411699907558248e-01 1.632273350502590148e+00 6.000000000000000000e+00 1.210000000000000000e+02 2.000000000000000000e+00
9.198411699907558248e-01 1.632273350502590148e+00 6.000000000000000000e+00 1.210000000000000000e+02 3.000000000000000000e+00
9.198411699907558248e-01 1.632273350502590148e+00 6.000000000000000000e+00 1.210000000000000000e+02 4.000000000000000000e+00
7.831478431392500938e-02 1.312053039951626587e+00 1.900000000000000000e+01 1.600000000000000000e+01 0.000000000000000000e+00
7.831478431392500938e-02 1.312053039951626587e+00 1.900000000000000000e+01 1.600000000000000000e+01 1.000000000000000000e+00
7.831478431392500938e-02 1.312053039951626587e+00 1.900000000000000000e+01 1.600000000000000000e+01 2.000000000000000000e+00
7.831478431392500938e-02 1.312053039951626587e+00 1.900000000000000000e+01 1.600000000000000000e+01 3.000000000000000000e+00
7.831478431392500938e-02 1.312053039951626587e+00 1.900000000000000000e+01 1.600000000000000000e+01 4.000000000000000000e+00
9.492161324283785451e-01 3.042853154901349333e-01 1.200000000000000000e+01 9.200000000000000000e+01 0.000000000000000000e+00
9.492161324283785451e-01 3.042853154901349333e-01 1.200000000000000000e+01 9.200000000000000000e+01 1.000000000000000000e+00
9.492161324283785451e-01 3.042853154901349333e-01 1.200000000000000000e+01 9.200000000000000000e+01 2.000000000000000000e+00
9.492161324283785451e-01 3.042853154901349333e-01 1.200000000000000000e+01 9.200000000000000000e+01 3.000000000000000000e+00
9.492161324283785451e-01 3.042853154901349333e-01 1.200000000000000000e+01 9.200000000000000000e+01 4.000000000000000000e+00
9.875395164399521919e-01 8.133774487489796590e-01 1.400000000000000000e+01 1.700000000000000000e+01 0.000000000000000000e+00
9.875395164399521919e-01 8.133774487489796590e-01 1.400000000000000000e+01 1.700000000000000000e+01 1.000000000000000000e+00
9.875395164399521919e-01 8.133774487489796590e-01 1.400000000000000000e+01 1.700000000000000000e+01 2.000000000000000000e+00
9.875395164399521919e-01 8.133774487489796590e-01 1.400000000000000000e+01 1.700000000000000000e+01 3.000000000000000000e+00
9.875395164399521919e-01 8.133774487489796590e-01 1.400000000000000000e+01 1.700000000000000000e+01 4.000000000000000000e+00
6.641871683390603298e-01 3.455714125603904785e-01 1.700000000000000000e+01 1.600000000000000000e+02 0.000000000000000000e+00
6.641871683390603298e-01 3.455714125603904785e-01 1.700000000000000000e+01 1.600000000000000000e+02 1.000000000000000000e+00
6.641871683390603298e-01 3.455714125603904785e-01 1.700000000000000000e+01 1.600000000000000000e+02 2.000000000000000000e+00
6.641871683390603298e-01 3.455714125603904785e-01 1.700000000000000000e+01 1.600000000000000000e+02 3.000000000000000000e+00
6.641871683390603298e-01 3.455714125603904785e-01 1.700000000000000000e+01 1.600000000000000000e+02 4.000000000000000000e+00
9.713521934135819214e-01 1.402362854343231602e+00 1.800000000000000000e+01 1.540000000000000000e+02 0.000000000000000000e+00
9.713521934135819214e-01 1.402362854343231602e+00 1.800000000000000000e+01 1.540000000000000000e+02 1.000000000000000000e+00
9.713521934135819214e-01 1.402362854343231602e+00 1.800000000000000000e+01 1.540000000000000000e+02 2.000000000000000000e+00
9.713521934135819214e-01 1.402362854343231602e+00 1.800000000000000000e+01 1.540000000000000000e+02 3.000000000000000000e+00
9.713521934135819214e-01 1.402362854343231602e+00 1.800000000000000000e+01 1.540000000000000000e+02 4.000000000000000000e+00
9.466778098943237074e-01 1.917654610548818139e+00 1.100000000000000000e+01 5.000000000000000000e+01 0.000000000000000000e+00
9.466778098943237074e-01 1.917654610548818139e+00 1.100000000000000000e+01 5.000000000000000000e+01 1.000000000000000000e+00
9.466778098943237074e-01 1.917654610548818139e+00 1.100000000000000000e+01 5.000000000000000000e+01 2.000000000000000000e+00
9.466778098943237074e-01 1.917654610548818139e+00 1.100000000000000000e+01 5.000000000000000000e+01 3.000000000000000000e+00
9.466778098943237074e-01 1.917654610548818139e+00 1.100000000000000000e+01 5.000000000000000000e+01 4.000000000000000000e+00
