-1.002478341854959041e+02
-1.310832353479265464e+02
-1.330963858476914936e+02
-1.330968288800395385e+02
-1.276807414825798901e+02
-1.216470112215506987e+02
-1.329814420899821243e+02
-9.663325536664726201e+01
-9.758572815997827377e+01
-1.330951781611395006e+02
-8.906157527953530462e+01
-1.330965897129970870e+02
-1.064525264513931546e+02
-1.330966192441059661e+02
-1.330781576497860499e+02
-1.291551631031033196e+02
-1.330968629789187219e+02
-1.330959698772212221e+02
-1.330610904838498811e+02
-9.186439830108329829e+01
-1.008009153019239932e+02
-1.325778115330321327e+02
-9.319409568585855652e+01
-1.329297133543817608e+02
-9.398936866663389367e+01
-1.330666427214886198e+02
-9.405401823948484719e+01
-1.326576414914738109e+02
-9.645137091730566681e+01
-1.325784100075446759e+02
-1.330966202846477699e+02
-1.320444547301568150e+02
-1.330967257549492899e+02
-1.330968171814656671e+02
-1.330957155694638345e+02
-1.140066541805818900e+02
-9.157007971818148917e+01
-1.054217298132140286e+02
-1.293197120455623406e+02
-1.002151676114684022e+02
-1.073712828051557722e+02
-1.151694011867442953e+02
-1.330969309982434652e+02
-9.464688213712277332e+01
-1.330957039872861287e+02
-1.330961036290976267e+02
-1.330967802277199894e+02
-1.160686920680486196e+02
-1.330967988510130056e+02
-1.223131209671131359e+02
-1.275808983010300324e+02
-1.059095499513247489e+02
-1.278389856379928915e+02
-1.001241424664786024e+02
-1.018381521786202910e+02
-9.381758674730524206e+01
-1.278339422302788648e+02
-9.558237573720886360e+01
-1.176484923816204713e+02
-1.239193988314450223e+02
-1.129303151520431925e+02
-1.026515132485890263e+02
-8.887149640829687769e+01
-1.278400691868023245e+02
-1.278330797025981838e+02
-1.278342120923442451e+02
-9.717181677261919504e+01
-1.278402413480060460e+02
-1.278390586262966764e+02
-1.278397907179352586e+02
-1.054658102185924520e+02
-9.800024848370362918e+01
-1.266501591732168492e+02
-1.078879984179090172e+02
-9.025700232188046357e+01
-1.027337251905368447e+02
-9.260125959725301925e+01
-1.161256880072297548e+02
-8.885205486729003610e+01
-1.058365921805181955e+02
-8.814068921772822307e+01
-8.882182572199191384e+01
-1.278399729522653843e+02
-1.278388734413811108e+02
-1.183390937454193761e+02
-9.342699643312607805e+01
-1.278397401582783885e+02
-1.278400982583886929e+02
-1.278400514658236915e+02
-9.829076810579907431e+01
-1.211525949671042923e+02
-1.107650629837558967e+02
-1.275129799991709660e+02
-1.278400867440875572e+02
-9.881800946154760368e+01
-1.278400993876611409e+02
-1.238000179735200561e+02
-1.091573683452035368e+02
-1.278400872840926183e+02
-1.254061529294943256e+02
-1.235614330294915391e+02
-1.227823209128636108e+02
-1.235605269032449485e+02
-1.232167353907586147e+02
-9.697430289958570881e+01
-1.235017342497334027e+02
-1.204447465343586998e+02
-9.183040348450487045e+01
-1.235613270218088644e+02
-9.148580746958118937e+01
-1.154690433897096256e+02
-1.121903312729337188e+02
-8.622909624676030660e+01
-9.525397512864948624e+01
-1.163964895789068663e+02
-1.227015569838147968e+02
-1.235537831974747434e+02
-1.235360793270554609e+02
-9.611036971671242668e+01
-9.316966890785496958e+01
-8.694254507805250398e+01
-1.026529593525110897e+02
-1.235615275192531328e+02
-9.673863305020465475e+01
-1.118607259565780794e+02
-1.129288537148606935e+02
-1.001897599690912131e+02
-1.051689669332509283e+02
-1.083017613115529088e+02
-1.132924897811194143e+02
-1.213968904318685844e+02
-1.169220589146204645e+02
-1.073714918085697150e+02
-1.235565858761664941e+02
-1.042020996476104955e+02
-1.235613695933349874e+02
-1.209434533193812058e+02
-1.235615859393877969e+02
-8.610209035697981506e+01
-1.235612954836164050e+02
-1.235478933208842989e+02
-1.055006621513550300e+02
-1.235615497113085439e+02
-1.225338451608161847e+02
-1.235612983280019535e+02
-1.229455044325458175e+02
-9.195579424786565426e+01
-1.235613738765972442e+02
-1.235590664219123624e+02
-1.235258390536808122e+02
-1.239343888433586756e+02
-1.239422264788550052e+02
-1.239422568059645755e+02
-1.216207398359045584e+02
-1.239422896079584575e+02
-1.237206329078688327e+02
-1.239408348291955804e+02
-1.214548479663156115e+02
-1.239418226830519103e+02
-1.239417132836305910e+02
-1.239421191570593663e+02
-1.074560726091334573e+02
-8.709250107808398411e+01
-1.037012751053575101e+02
-1.026807123533720159e+02
-1.239420774974032469e+02
-1.239418583211861886e+02
-9.322045812947091292e+01
-9.451556718639268695e+01
-1.048790815288967337e+02
-9.670878261754103278e+01
-1.207711125884594310e+02
-8.684375253529269401e+01
-1.127840592294906656e+02
-9.195692077888854499e+01
-1.147327639858168595e+02
-8.782212952349610191e+01
-9.027917774690428132e+01
-1.237972960843128192e+02
-1.239375393890276911e+02
-8.783519328869236631e+01
-8.774684514041355499e+01
-1.113206896309809792e+02
-1.239422493849328077e+02
-1.238672389313848470e+02
-1.119107609873898070e+02
-1.028790677479287865e+02
-1.239422732586581049e+02
-1.238043578218538983e+02
-1.185749599287595970e+02
-9.599041050165708100e+01
-1.239356625314243416e+02
-1.239422076385965141e+02
-1.239417001317424365e+02
-8.705952340032015968e+01
-1.133026091965547977e+02
-1.236784656467977896e+02
-1.239421007004843318e+02
-1.239422594246447460e+02
-1.239423366153755950e+02
-9.245939393255227401e+01
-9.062222977862997197e+01
-1.251434992160073989e+02
-8.701050825356554697e+01
-1.251434548363242101e+02
-1.213600529755656225e+02
-1.169356417175708458e+02
-1.212785075644880521e+02
-1.251434243271164490e+02
-1.251427569345050017e+02
-8.633806615176806076e+01
-1.053123847967070787e+02
-1.067415442382001203e+02
-1.000442130137017926e+02
-1.246787577831406963e+02
-1.250058960906058161e+02
-1.250965553774944965e+02
-1.060689784131288178e+02
-9.034425130754216582e+01
-1.019919682244249515e+02
-1.251428395217446763e+02
-1.251432417436743236e+02
-1.251334935672600182e+02
-1.251434428643477759e+02
-1.083980867006903139e+02
-1.251427757154033316e+02
-9.833430594702116423e+01
-1.251434765480699696e+02
-1.036057657388000024e+02
-1.251425491642196306e+02
-1.245204455043923701e+02
-1.251435366307551220e+02
-1.248899357537502226e+02
-1.246240690265908171e+02
-1.165008734032598738e+02
-8.865054955124547575e+01
-9.878124910530495129e+01
-1.251434952358874142e+02
-9.963020606233723697e+01
-8.910100758180065839e+01
-1.249144942363014081e+02
-9.866548103551386362e+01
-1.192012257192740492e+02
-1.153942294545559122e+02
-1.251434500638878546e+02
-1.251390358678592349e+02
-1.251287083525364494e+02
-1.251434124312533953e+02
-1.218471833285014156e+02
-1.251425632711453630e+02
