6.237893123032262066e-01 1.675783355981171674e+00 1.900000000000000000e+01 1.080000000000000000e+02 0.000000000000000000e+00
6.830155786903577830e-01 1.354494224912259348e+00 2.000000000000000000e+00 1.020000000000000000e+02 0.000000000000000000e+00
1.970773332074444717e-01 2.020883995890948803e+00 1.000000000000000000e+01 2.300000000000000000e+01 0.000000000000000000e+00
3.424446818047911512e-01 6.299834655181831833e-01 9.000000000000000000e+00 1.060000000000000000e+02 0.000000000000000000e+00
8.152571247026118018e-01 1.696057919538413561e+00 2.000000000000000000e+00 4.700000000000000000e+01 0.000000000000000000e+00
2.545946273566561668e-01 1.424362780835570330e+00 9.000000000000000000e+00 5.100000000000000000e+01 0.000000000000000000e+00
1.171082734546802090e-01 2.817629743068278403e-01 2.000000000000000000e+01 1.030000000000000000e+02 0.000000000000000000e+00
3.809606064836970063e-01 6.064622926546704429e-01 1.300000000000000000e+01 9.300000000000000000e+01 0.000000000000000000e+00
6.958910967117036828e-01 1.236186526463987967e+00 6.000000000000000000e+00 1.210000000000000000e+02 0.000000000000000000e+00
6.185554077502731785e-01 1.303890784148164228e-01 1.700000000000000000e+01 8.300000000000000000e+01 0.000000000000000000e+00
3.320134675313449746e-01 1.148890438481603660e+00 2.000000000000000000e+00 7.900000000000000000e+01 0.000000000000000000e+00
4.500015272619016793e-01 1.481887222793487391e+00 1.200000000000000000e+01 1.460000000000000000e+02 0.000000000000000000e+00
8.433654935124861307e-01 8.466394023286815118e-01 1.600000000000000000e+01 7.600000000000000000e+01 0.000000000000000000e+00
3.004285522051304280e-01 8.300013415918240378e-01 1.000000000000000000e+00 7.500000000000000000e+01 0.000000000000000000e+00
3.965983597619424650e-01 5.964195340732355577e-01 1.800000000000000000e+01 1.320000000000000000e+02 0.000000000000000000e+00
3.204932732355790792e-01 1.844488943461544350e+00 2.000000000000000000e+01 2.100000000000000000e+01 0.000000000000000000e+00
3.672515166091822048e-01 5.167429065534353549e-01 1.800000000000000000e+01 1.320000000000000000e+02 0.000000000000000000e+00
3.114634284354587113e-01 2.059072907362965665e+00 1.700000000000000000e+01 1.490000000000000000e+02 0.000000000000000000e+00
5.510577607289169899e-01 1.824475086974345794e+00 6.000000000000000000e+00 6.200000000000000000e+01 0.000000000000000000e+00
6.062417169094793667e-01 1.262859643666949028e+00 6.000000000000000000e+00 1.250000000000000000e+02 0.000000000000000000e+00
8.867326408475814103e-01 1.372809339702884879e+00 1.000000000000000000e+00 8.000000000000000000e+00 0.000000000000000000e+00
7.301371359693635821e-01 1.604393050341863303e+00 1.000000000000000000e+01 9.500000000000000000e+01 0.000000000000000000e+00
4.804060135927401554e-01 1.463925833666900767e+00 3.000000000000000000e+00 1.890000000000000000e+02 0.000000000000000000e+00
6.010404843803558439e-01 1.518035926944612868e+00 1.500000000000000000e+01 2.000000000000000000e+01 0.000000000000000000e+00
4.628562519434139544e-01 1.365138631560132820e+00 1.000000000000000000e+01 1.870000000000000000e+02 0.000000000000000000e+00
5.651060928542042117e-01 1.983059368434926917e+00 1.300000000000000000e+01 1.970000000000000000e+02 0.000000000000000000e+00
3.438091312203416239e-01 2.947811740890698973e-01 1.500000000000000000e+01 1.560000000000000000e+02 0.000000000000000000e+00
1.163354599035646281e-01 1.350964108665267727e+00 6.000000000000000000e+00 3.500000000000000000e+01 0.000000000000000000e+00
1.099429863051083339e-01 7.367204060444815239e-01 2.000000000000000000e+00 1.560000000000000000e+02 0.000000000000000000e+00
8.418573811273775964e-02 1.666164595636395740e+00 4.000000000000000000e+00 5.100000000000000000e+01 0.000000000000000000e+00
1.411280704239645800e-01 1.480412942459827796e+00 1.700000000000000000e+01 2.400000000000000000e+01 0.000000000000000000e+00
6.972970584019890783e-01 1.083525274186539988e+00 1.300000000000000000e+01 6.100000000000000000e+01 0.000000000000000000e+00
9.397912739047525887e-01 1.864829687822786353e+00 9.000000000000000000e+00 1.490000000000000000e+02 0.000000000000000000e+00
5.270991862268764594e-01 4.423414570127613965e-01 1.000000000000000000e+01 3.900000000000000000e+01 0.000000000000000000e+00
3.078259053402031958e-02 1.748035685469435663e+00 1.600000000000000000e+01 1.290000000000000000e+02 0.000000000000000000e+00
1.340181006584770795e-01 1.055641858192671645e+00 4.000000000000000000e+00 9.500000000000000000e+01 0.000000000000000000e+00
5.063296928730570690e-01 1.710106580703064871e+00 2.000000000000000000e+01 1.710000000000000000e+02 0.000000000000000000e+00
1.488800483337998637e-01 1.837576200095717649e+00 1.900000000000000000e+01 1.010000000000000000e+02 0.000000000000000000e+00
6.438564779452777831e-01 1.235437792397968249e+00 1.700000000000000000e+01 3.800000000000000000e+01 0.000000000000000000e+00
7.857659135374739368e-01 1.889621836661672605e+00 1.800000000000000000e+01 1.910000000000000000e+02 0.000000000000000000e+00
8.615558302779267041e-01 1.127374931490590093e+00 2.000000000000000000e+01 2.500000000000000000e+01 0.000000000000000000e+00
2.496617516502640521e-01 2.456549955182437961e-01 1.300000000000000000e+01 6.400000000000000000e+01 0.000000000000000000e+00
1.100121914008124063e-01 1.009161353609723921e+00 1.300000000000000000e+01 1.410000000000000000e+02 0.000000000000000000e+00
9.837578457255918840e-01 1.302585977419709329e-01 1.000000000000000000e+00 1.230000000000000000e+02 0.000000000000000000e+00
4.373499647971053061e-01 1.103811679919642907e+00 1.100000000000000000e+01 2.200000000000000000e+01 0.000000000000000000e+00
3.479139393239889522e-01 2.055662385549887061e-01 3.000000000000000000e+00 1.220000000000000000e+02 0.000000000000000000e+00
9.249808740516554106e-01 2.004981226717414078e+00 2.000000000000000000e+00 1.270000000000000000e+02 0.000000000000000000e+00
5.508829540915071155e-01 1.907799045134066729e+00 1.800000000000000000e+01 6.900000000000000000e+01 0.000000000000000000e+00
6.406169281968819851e-01 1.983181013716301067e+00 1.200000000000000000e+01 1.440000000000000000e+02 0.000000000000000000e+00
5.723820134384471209e-02 2.100415713944162877e-01 1.900000000000000000e+01 7.700000000000000000e+01 0.000000000000000000e+00
5.432216511086892519e-01 2.753213936721740085e-01 1.100000000000000000e+01 6.500000000000000000e+01 1.000000000000000000e+00
2.870987514061044132e-01 1.982938406315110091e+00 1.600000000000000000e+01 6.900000000000000000e+01 1.000000000000000000e+00
7.854035971429020879e-01 1.479081906120703449e+00 8.000000000000000000e+00 1.550000000000000000e+02 1.000000000000000000e+00
1.913003121678300555e-01 1.687753861322093540e-01 3.000000000000000000e+00 7.700000000000000000e+01 1.000000000000000000e+00
5.482370372089413468e-01 1.340050870328578947e+00 1.700000000000000000e+01 1.400000000000000000e+02 1.000000000000000000e+00
5.836583207361746295e-01 1.277671876793497807e+00 1.600000000000000000e+01 1.290000000000000000e+02 1.000000000000000000e+00
1.114981234582648056e-01 9.947883063097914258e-01 7.000000000000000000e+00 1.270000000000000000e+02 1.000000000000000000e+00
5.585474325090331593e-01 7.273586833170374577e-01 1.600000000000000000e+01 1.080000000000000000e+02 1.000000000000000000e+00
9.943018103122874818e-01 5.998761032061258325e-01 8.000000000000000000e+00 4.100000000000000000e+01 1.000000000000000000e+00
5.074400898909283697e-01 7.067941873914523887e-01 1.900000000000000000e+01 1.500000000000000000e+02 1.000000000000000000e+00
6.149156418332156759e-01 1.617864532518506149e+00 3.000000000000000000e+00 1.070000000000000000e+02 1.000000000000000000e+00
8.453273219139533223e-01 1.807595497383186756e-01 1.800000000000000000e+01 1.680000000000000000e+02 1.000000000000000000e+00
6.294126436434986649e-02 5.289000121744092953e-01 1.700000000000000000e+01 1.310000000000000000e+02 1.000000000000000000e+00
8.329271716606726494e-01 1.040455269841213282e+00 2.000000000000000000e+00 1.380000000000000000e+02 1.000000000000000000e+00
5.116732753698781666e-01 1.472602518597165622e+00 1.600000000000000000e+01 5.100000000000000000e+01 1.000000000000000000e+00
2.009125796688123744e-01 3.184965382957590796e-01 4.000000000000000000e+00 1.000000000000000000e+02 1.000000000000000000e+00
7.621620619371172189e-01 1.058010305066256151e+00 1.900000000000000000e+01 5.300000000000000000e+01 1.000000000000000000e+00
9.209955887782090844e-01 9.021178608604299987e-01 1.100000000000000000e+01 8.700000000000000000e+01 1.000000000000000000e+00
9.964996697025190198e-01 1.158755216654504816e-01 9.000000000000000000e+00 3.600000000000000000e+01 1.000000000000000000e+00
2.052898271344878456e-01 5.031681624683966847e-01 9.000000000000000000e+00 1.970000000000000000e+02 1.000000000000000000e+00
6.109347809005928331e-01 1.186750750279488953e+00 1.400000000000000000e+01 1.340000000000000000e+02 1.000000000000000000e+00
4.732524300296305775e-01 1.481925799184873993e+00 2.000000000000000000e+01 2.900000000000000000e+01 1.000000000000000000e+00
6.973123188286253216e-01 1.353871189265920094e+00 1.400000000000000000e+01 8.900000000000000000e+01 1.000000000000000000e+00
9.797152981293593133e-01 1.069922265985214782e+00 8.000000000000000000e+00 1.320000000000000000e+02 1.000000000000000000e+00
9.355581631026729239e-01 8.082500336196959401e-01 4.000000000000000000e+00 1.410000000000000000e+02 1.000000000000000000e+00
9.179868987897350507e-01 2.780994356170377602e-01 1.900000000000000000e+01 1.100000000000000000e+01 1.000000000000000000e+00
9.036753560315288203e-01 3.011882846716861239e-01 1.100000000000000000e+01 1.880000000000000000e+02 1.000000000000000000e+00
8.805231255363983323e-01 2.070305869009911870e+00 3.000000000000000000e+00 1.250000000000000000e+02 1.000000000000000000e+00
5.817087386218107170e-01 1.586446624868429467e+00 4.000000000000000000e+00 2.400000000000000000e+01 1.000000000000000000e+00
2.015113649135013424e-02 1.375614919313681073e+00 1.000000000000000000e+01 1.900000000000000000e+02 1.000000000000000000e+00
3.102194939059691459e-01 8.960234791315982994e-01 1.800000000000000000e+01 1.790000000000000000e+02 1.000000000000000000e+00
1.249620515638071548e-02 1.251100074306716214e+00 2.000000000000000000e+00 9.700000000000000000e+01 1.000000000000000000e+00
1.047648352896808216e-01 1.594033243299967095e+00 8.000000000000000000e+00 5.400000000000000000e+01 1.000000000000000000e+00
7.088341679588247013e-01 8.849382810353326745e-01 4.000000000000000000e+00 1.430000000000000000e+02 1.000000000000000000e+00
1.612817768117842387e-01 1.891134214646187139e+00 5.000000000000000000e+00 1.770000000000000000e+02 1.000000000000000000e+00
6.324394917573067376e-01 1.082115103548087376e+00 7.000000000000000000e+00 1.570000000000000000e+02 1.000000000000000000e+00
1.701356730429792047e-02 1.935984747361309655e+00 1.300000000000000000e+01 9.500000000000000000e+01 1.000000000000000000e+00
5.889618619660635934e-01 8.159248169662777217e-01 1.800000000000000000e+01 1.560000000000000000e+02 1.000000000000000000e+00
3.511003610972499578e-01 1.763682931491264760e+00 3.000000000000000000e+00 1.920000000000000000e+02 1.000000000000000000e+00
4.887378994595525938e-01 1.083924686442693686e+00 1.000000000000000000e+00 4.900000000000000000e+01 1.000000000000000000e+00
9.875111264476189588e-01 1.665930504399985468e+00 1.000000000000000000e+01 1.600000000000000000e+01 1.000000000000000000e+00
8.023436693274320630e-01 2.002215946153409920e+00 7.000000000000000000e+00 1.010000000000000000e+02 1.000000000000000000e+00
1.301565308720302738e-01 1.419492017283891627e+00 3.000000000000000000e+00 1.840000000000000000e+02 1.000000000000000000e+00
7.483776110636563006e-01 2.090721618391352676e-01 7.000000000000000000e+00 7.300000000000000000e+01 1.000000000000000000e+00
3.726278065502847126e-01 1.694502663937897280e+00 1.000000000000000000e+01 7.200000000000000000e+01 1.000000000000000000e+00
7.714209657407103959e-01 7.425824600022058464e-01 1.000000000000000000e+01 4.900000000000000000e+01 1.000000000000000000e+00
7.776847708458102248e-01 3.271488524909474949e-01 5.000000000000000000e+00 7.200000000000000000e+01 1.000000000000000000e+00
8.734400358529349484e-01 1.939482770335821504e+00 1.900000000000000000e+01 9.800000000000000000e+01 1.000000000000000000e+00
3.089123671177791408e-01 1.971526536126426254e+00 1.100000000000000000e+01 1.070000000000000000e+02 1.000000000000000000e+00
8.128844660628038454e-01 1.577182237001171217e+00 1.900000000000000000e+01 1.000000000000000000e+02 1.000000000000000000e+00
4.695440114904890772e-01 1.250840607001407978e+00 5.000000000000000000e+00 3.700000000000000000e+01 2.000000000000000000e+00
3.222661690628837450e-01 1.583386698786941826e+00 3.000000000000000000e+00 1.900000000000000000e+02 2.000000000000000000e+00
4.752512558356660755e-01 1.019801079214359696e+00 1.200000000000000000e+01 1.100000000000000000e+01 2.000000000000000000e+00
4.294458196050583432e-01 2.292690759424783897e-01 3.000000000000000000e+00 7.700000000000000000e+01 2.000000000000000000e+00
8.093388202361782024e-01 1.496146222936093617e-01 3.000000000000000000e+00 1.320000000000000000e+02 2.000000000000000000e+00
6.984569018529541706e-01 1.912804357591117999e+00 1.900000000000000000e+01 6.300000000000000000e+01 2.000000000000000000e+00
3.600963232128986391e-01 8.528266628695121421e-01 1.600000000000000000e+01 1.040000000000000000e+02 2.000000000000000000e+00
2.089928407699123136e-01 1.014316883916427658e-01 1.300000000000000000e+01 1.300000000000000000e+02 2.000000000000000000e+00
3.165735522763384324e-01 1.610616108855616124e+00 1.400000000000000000e+01 8.600000000000000000e+01 2.000000000000000000e+00
1.900934560894423919e-01 1.472694131181554456e+00 7.000000000000000000e+00 1.710000000000000000e+02 2.000000000000000000e+00
4.185981912128907689e-01 7.862072994305099316e-01 3.000000000000000000e+00 8.000000000000000000e+00 2.000000000000000000e+00
1.222737003791106968e-02 1.964393467216916989e+00 1.000000000000000000e+00 4.900000000000000000e+01 2.000000000000000000e+00
2.441693156420392530e-01 1.088145206265668241e+00 1.200000000000000000e+01 1.480000000000000000e+02 2.000000000000000000e+00
5.200591952744682001e-01 1.710394820877517041e+00 2.000000000000000000e+00 9.700000000000000000e+01 2.000000000000000000e+00
1.989867454685142478e-01 1.942380935285022314e+00 7.000000000000000000e+00 7.500000000000000000e+01 2.000000000000000000e+00
6.466028078128566170e-01 5.138887937551180896e-01 1.000000000000000000e+01 1.020000000000000000e+02 2.000000000000000000e+00
8.247556535300271108e-01 8.170274985713507077e-01 8.000000000000000000e+00 3.300000000000000000e+01 2.000000000000000000e+00
2.180912880577507984e-01 2.057150409766010490e+00 1.000000000000000000e+00 2.900000000000000000e+01 2.000000000000000000e+00
2.856374324683572663e-01 1.768194051477717021e+00 1.600000000000000000e+01 7.000000000000000000e+00 2.000000000000000000e+00
3.881791329031487603e-01 1.702513441907733682e+00 8.000000000000000000e+00 1.380000000000000000e+02 2.000000000000000000e+00
4.654108796281136717e-01 2.015116293817441395e+00 1.000000000000000000e+01 6.900000000000000000e+01 2.000000000000000000e+00
6.488618930539847840e-01 3.512033452153690005e-01 3.000000000000000000e+00 1.730000000000000000e+02 2.000000000000000000e+00
4.627015800745566398e-01 2.071208282614064089e+00 6.000000000000000000e+00 7.100000000000000000e+01 2.000000000000000000e+00
1.896707335515230852e-01 1.327728963338450141e+00 2.000000000000000000e+00 6.800000000000000000e+01 2.000000000000000000e+00
7.813878750575969923e-01 1.695662792325524970e+00 9.000000000000000000e+00 1.690000000000000000e+02 2.000000000000000000e+00
1.104348596560499191e-01 1.699352096602472439e+00 6.000000000000000000e+00 1.990000000000000000e+02 2.000000000000000000e+00
7.306550153771703693e-01 2.038655404715599584e+00 6.000000000000000000e+00 1.400000000000000000e+01 2.000000000000000000e+00
5.285491725017852360e-01 1.078958369454242894e-01 1.000000000000000000e+00 1.580000000000000000e+02 2.000000000000000000e+00
6.988383620923340755e-01 3.911700757137602791e-01 1.500000000000000000e+01 1.700000000000000000e+01 2.000000000000000000e+00
8.894503888748893639e-01 1.462076323426100499e+00 9.000000000000000000e+00 8.000000000000000000e+01 2.000000000000000000e+00
6.845714248010674741e-01 1.058649635497014074e+00 1.200000000000000000e+01 2.200000000000000000e+01 2.000000000000000000e+00
8.032078808675530146e-01 1.655261375311473382e-01 1.600000000000000000e+01 1.910000000000000000e+02 2.000000000000000000e+00
3.384359297982855175e-01 1.279009009892729809e+00 1.800000000000000000e+01 1.920000000000000000e+02 2.000000000000000000e+00
9.262225860803771083e-01 1.594750589368684857e+00 2.000000000000000000e+01 8.000000000000000000e+01 2.000000000000000000e+00
1.073854570095385957e-01 2.088452717824172744e+00 9.000000000000000000e+00 3.400000000000000000e+01 2.000000000000000000e+00
6.889894824901223735e-01 3.076442526357637819e-01 6.000000000000000000e+00 9.000000000000000000e+01 2.000000000000000000e+00
6.051157499116717187e-01 1.743238835272939158e-01 1.400000000000000000e+01 1.250000000000000000e+02 2.000000000000000000e+00
7.209622703987249304e-02 1.687607507055557843e+00 1.700000000000000000e+01 1.000000000000000000e+02 2.000000000000000000e+00
8.937945427582763003e-01 1.255098402079117381e+00 1.800000000000000000e+01 7.600000000000000000e+01 2.000000000000000000e+00
8.971997802695451663e-01 1.550797734726626631e+00 1.600000000000000000e+01 1.070000000000000000e+02 2.000000000000000000e+00
6.965504953676798783e-01 4.198404163749550611e-01 1.400000000000000000e+01 1.080000000000000000e+02 2.000000000000000000e+00
2.845292289683354348e-01 2.005999164022148396e+00 1.400000000000000000e+01 1.110000000000000000e+02 2.000000000000000000e+00
1.781589248651106461e-01 1.476856826236027542e+00 1.300000000000000000e+01 4.900000000000000000e+01 2.000000000000000000e+00
3.607170665940792054e-01 1.333623497335098662e+00 1.900000000000000000e+01 1.240000000000000000e+02 2.000000000000000000e+00
2.993103512526327226e-01 1.587014628534681171e-01 1.300000000000000000e+01 3.400000000000000000e+01 2.000000000000000000e+00
8.718198776626829849e-01 1.162475238676730971e+00 8.000000000000000000e+00 6.500000000000000000e+01 2.000000000000000000e+00
5.640145231678587168e-01 1.074966291547806707e-01 1.900000000000000000e+01 1.990000000000000000e+02 2.000000000000000000e+00
7.710703988064995240e-01 1.375723982212220697e+00 1.500000000000000000e+01 1.540000000000000000e+02 2.000000000000000000e+00
1.016492087027854735e-01 6.994681072986638215e-01 9.000000000000000000e+00 2.100000000000000000e+01 2.000000000000000000e+00
7.773924314188593865e-01 1.340002038200562851e+00 1.500000000000000000e+01 1.310000000000000000e+02 2.000000000000000000e+00
9.957811963159622637e-02 1.091288446029887726e+00 4.000000000000000000e+00 6.400000000000000000e+01 3.000000000000000000e+00
2.613146986789582210e-02 8.400858411534369852e-01 2.000000000000000000e+00 6.700000000000000000e+01 3.000000000000000000e+00
2.428398058790223191e-01 1.696693989628678345e+00 1.900000000000000000e+01 5.500000000000000000e+01 3.000000000000000000e+00
3.988647822175993563e-01 8.793415573436750288e-01 2.000000000000000000e+01 1.220000000000000000e+02 3.000000000000000000e+00
9.237230916796883573e-01 1.288755493609440084e+00 4.000000000000000000e+00 7.900000000000000000e+01 3.000000000000000000e+00
5.155773115209231205e-01 1.506863256415074126e+00 1.100000000000000000e+01 1.620000000000000000e+02 3.000000000000000000e+00
5.391763680136094639e-01 1.009732525808796355e+00 7.000000000000000000e+00 6.100000000000000000e+01 3.000000000000000000e+00
1.551464922369019117e-01 5.495625463044241377e-01 3.000000000000000000e+00 1.390000000000000000e+02 3.000000000000000000e+00
2.402051254881799602e-01 2.079258910319833120e+00 1.000000000000000000e+01 1.250000000000000000e+02 3.000000000000000000e+00
9.042740785499335798e-01 6.942763977452793833e-01 1.200000000000000000e+01 1.880000000000000000e+02 3.000000000000000000e+00
5.345499461997588186e-01 1.924943511544439323e+00 1.200000000000000000e+01 1.980000000000000000e+02 3.000000000000000000e+00
6.488785029472934340e-01 1.681085346598008012e+00 5.000000000000000000e+00 2.000000000000000000e+00 3.000000000000000000e+00
1.646497699054704222e-01 7.183816602897225012e-01 9.000000000000000000e+00 1.150000000000000000e+02 3.000000000000000000e+00
4.112486708226349430e-01 1.298497720614939510e+00 3.000000000000000000e+00 9.900000000000000000e+01 3.000000000000000000e+00
7.230766496331051396e-01 1.880658234561906339e-01 1.200000000000000000e+01 4.000000000000000000e+01 3.000000000000000000e+00
1.724816648749007975e-01 8.817011335474836953e-01 2.000000000000000000e+00 1.100000000000000000e+02 3.000000000000000000e+00
7.289450129702666759e-02 9.778064378582501659e-01 7.000000000000000000e+00 6.500000000000000000e+01 3.000000000000000000e+00
9.903533899346959046e-01 1.417020932291123803e+00 1.800000000000000000e+01 1.540000000000000000e+02 3.000000000000000000e+00
6.863470728691725142e-01 1.517596250026161941e+00 1.600000000000000000e+01 9.200000000000000000e+01 3.000000000000000000e+00
8.674377614762793787e-01 1.988608988903340480e+00 4.000000000000000000e+00 1.800000000000000000e+02 3.000000000000000000e+00
3.620663620444463104e-01 2.005021582399042490e+00 2.000000000000000000e+00 7.700000000000000000e+01 3.000000000000000000e+00
3.084638438984723674e-01 1.146608134122711897e+00 1.900000000000000000e+01 1.100000000000000000e+02 3.000000000000000000e+00
1.983884658904904175e-01 6.234206141109058796e-01 1.500000000000000000e+01 1.900000000000000000e+02 3.000000000000000000e+00
9.694744492012365988e-01 1.242190469398847474e+00 5.000000000000000000e+00 6.300000000000000000e+01 3.000000000000000000e+00
3.153608794516309377e-01 9.957427949954525959e-01 1.300000000000000000e+01 4.700000000000000000e+01 3.000000000000000000e+00
7.020143172670535447e-01 1.235588443384059598e+00 1.000000000000000000e+00 9.500000000000000000e+01 3.000000000000000000e+00
2.155757726235958405e-01 8.460434306327594411e-01 7.000000000000000000e+00 4.900000000000000000e+01 3.000000000000000000e+00
5.076640357841828433e-01 1.138665609583700888e+00 1.100000000000000000e+01 1.490000000000000000e+02 3.000000000000000000e+00
6.242351529052602155e-01 1.236675324151911060e+00 1.200000000000000000e+01 6.700000000000000000e+01 3.000000000000000000e+00
3.690963480646390904e-01 7.802017481662307796e-01 9.000000000000000000e+00 8.600000000000000000e+01 3.000000000000000000e+00
1.367843535277758482e-01 2.076851801968084832e+00 1.900000000000000000e+01 1.480000000000000000e+02 3.000000000000000000e+00
1.030939415779082852e-01 4.801134308948044049e-01 6.000000000000000000e+00 1.960000000000000000e+02 3.000000000000000000e+00
8.348015386705841256e-02 9.604375740121023908e-01 1.500000000000000000e+01 6.000000000000000000e+00 3.000000000000000000e+00
8.858302939385925834e-01 1.660040232643999580e+00 8.000000000000000000e+00 3.000000000000000000e+01 3.000000000000000000e+00
3.396240185705478448e-02 1.341703080777678858e+00 3.000000000000000000e+00 8.700000000000000000e+01 3.000000000000000000e+00
6.813762842774735429e-01 5.387147874181473783e-01 8.000000000000000000e+00 3.900000000000000000e+01 3.000000000000000000e+00
9.535582051915469926e-01 5.701976248622636634e-01 8.000000000000000000e+00 1.610000000000000000e+02 3.000000000000000000e+00
2.543318090851217628e-01 9.845990591548460236e-01 1.300000000000000000e+01 1.920000000000000000e+02 3.000000000000000000e+00
4.313072584940649268e-01 1.862853313698886515e+00 1.900000000000000000e+01 1.910000000000000000e+02 3.000000000000000000e+00
5.736613082833568189e-01 1.235594182938348107e+00 1.800000000000000000e+01 8.700000000000000000e+01 3.000000000000000000e+00
9.139603070232314996e-01 1.141148373242779179e+00 7.000000000000000000e+00 6.100000000000000000e+01 3.000000000000000000e+00
9.372997731431426116e-01 1.886513451193678303e+00 4.000000000000000000e+00 6.100000000000000000e+01 3.000000000000000000e+00
2.258175893054459316e-01 1.192918350428481267e+00 7.000000000000000000e+00 6.900000000000000000e+01 3.000000000000000000e+00
6.442475980661587220e-01 2.209041577467115991e-01 7.000000000000000000e+00 6.500000000000000000e+01 3.000000000000000000e+00
9.585796131165525980e-01 1.398535293964579873e+00 6.000000000000000000e+00 8.400000000000000000e+01 3.000000000000000000e+00
3.903540126853940473e-01 6.606563930538270624e-01 3.000000000000000000e+00 7.600000000000000000e+01 3.000000000000000000e+00
3.629664140351802626e-01 1.291207525234076003e+00 6.000000000000000000e+00 5.000000000000000000e+00 3.000000000000000000e+00
6.403969658300488754e-02 3.768407449958522948e-01 2.000000000000000000e+01 1.700000000000000000e+01 3.000000000000000000e+00
7.841602759493755403e-01 2.028833722707644949e+00 2.000000000000000000e+00 1.790000000000000000e+02 3.000000000000000000e+00
5.128820674178199424e-01 1.575123905634676857e+00 6.000000000000000000e+00 2.800000000000000000e+01 3.000000000000000000e+00
8.491551800112795423e-01 4.878724270682276432e-01 1.900000000000000000e+01 1.940000000000000000e+02 4.000000000000000000e+00
4.292882449031238945e-01 9.024601486651172566e-01 1.700000000000000000e+01 1.350000000000000000e+02 4.000000000000000000e+00
1.513908023710013317e-01 1.354634870730504925e+00 1.200000000000000000e+01 1.560000000000000000e+02 4.000000000000000000e+00
8.787423469591101322e-01 1.436936584729166633e+00 6.000000000000000000e+00 1.600000000000000000e+02 4.000000000000000000e+00
1.269559716756174517e-01 1.516708978793721352e+00 1.200000000000000000e+01 1.800000000000000000e+01 4.000000000000000000e+00
6.190897273540699741e-01 1.577098622948307938e+00 5.000000000000000000e+00 3.500000000000000000e+01 4.000000000000000000e+00
3.706093927112901198e-01 9.089785540356752902e-01 8.000000000000000000e+00 1.880000000000000000e+02 4.000000000000000000e+00
7.117963674721177192e-01 1.693180790633725508e+00 1.900000000000000000e+01 5.800000000000000000e+01 4.000000000000000000e+00
4.185175220665752205e-01 5.088576704911854653e-01 1.000000000000000000e+00 6.000000000000000000e+00 4.000000000000000000e+00
9.771428599573381835e-01 8.011203103466005837e-01 7.000000000000000000e+00 1.730000000000000000e+02 4.000000000000000000e+00
6.673345129363396078e-01 5.340944915201976118e-01 3.000000000000000000e+00 6.600000000000000000e+01 4.000000000000000000e+00
3.533023629938002869e-02 1.101139898136620277e+00 8.000000000000000000e+00 4.500000000000000000e+01 4.000000000000000000e+00
9.822149388302234829e-01 7.593653691380827242e-01 7.000000000000000000e+00 4.400000000000000000e+01 4.000000000000000000e+00
6.108166309199328792e-01 1.339368562601117363e+00 1.300000000000000000e+01 4.000000000000000000e+01 4.000000000000000000e+00
8.724933956323470685e-01 1.999135368225977816e+00 1.900000000000000000e+01 2.500000000000000000e+01 4.000000000000000000e+00
1.313517132967648715e-01 4.648937680855472765e-01 1.000000000000000000e+00 1.570000000000000000e+02 4.000000000000000000e+00
5.626939849134580118e-01 1.175631957042647890e+00 1.500000000000000000e+01 3.000000000000000000e+00 4.000000000000000000e+00
9.673571738100414930e-01 5.214799056199920235e-01 2.000000000000000000e+00 7.900000000000000000e+01 4.000000000000000000e+00
5.505829696598373291e-01 4.986264407286703504e-01 6.000000000000000000e+00 8.500000000000000000e+01 4.000000000000000000e+00
7.772991223603766819e-01 1.011679917015859242e+00 1.000000000000000000e+00 1.100000000000000000e+01 4.000000000000000000e+00
2.932556185332326759e-01 1.985013319677597865e+00 1.300000000000000000e+01 1.140000000000000000e+02 4.000000000000000000e+00
1.385578326864000953e-01 1.761519805084895252e+00 1.900000000000000000e+01 3.000000000000000000e+00 4.000000000000000000e+00
2.332471263348401269e-01 4.988831959413512207e-01 2.000000000000000000e+01 1.110000000000000000e+02 4.000000000000000000e+00
4.042485549593741734e-01 7.457949861189138163e-01 3.000000000000000000e+00 3.200000000000000000e+01 4.000000000000000000e+00
4.867637885265376774e-01 6.792679135236013854e-01 1.900000000000000000e+01 7.700000000000000000e+01 4.000000000000000000e+00
8.195876610512956573e-01 1.422808914043314443e+00 1.600000000000000000e+01 3.300000000000000000e+01 4.000000000000000000e+00
2.681837300965268511e-01 1.703472696864247737e+00 1.300000000000000000e+01 1.600000000000000000e+02 4.000000000000000000e+00
5.147224569133700411e-01 1.214264035095131700e+00 1.800000000000000000e+01 1.840000000000000000e+02 4.000000000000000000e+00
2.078309162885326744e-01 1.781331458847103422e+00 2.000000000000000000e+01 1.580000000000000000e+02 4.000000000000000000e+00
1.875014174156025559e-01 6.765298755467356040e-01 1.300000000000000000e+01 4.600000000000000000e+01 4.000000000000000000e+00
4.107592792704778395e-01 1.201921695892054887e+00 1.200000000000000000e+01 1.490000000000000000e+02 4.000000000000000000e+00
2.604857631872891099e-01 9.917452145348196746e-01 5.000000000000000000e+00 1.860000000000000000e+02 4.000000000000000000e+00
6.667098500811670103e-01 3.660319934760279947e-01 1.000000000000000000e+00 2.000000000000000000e+00 4.000000000000000000e+00
6.431153390767453404e-01 2.057018208923443725e-01 9.000000000000000000e+00 1.060000000000000000e+02 4.000000000000000000e+00
5.578354641399618785e-01 8.509106004655965227e-01 1.500000000000000000e+01 1.000000000000000000e+00 4.000000000000000000e+00
8.128541103667138445e-01 1.604648632196722380e+00 7.000000000000000000e+00 7.400000000000000000e+01 4.000000000000000000e+00
3.039075474822310330e-01 2.231637439929349542e-01 1.000000000000000000e+00 7.400000000000000000e+01 4.000000000000000000e+00
7.839168269185315951e-01 7.769861124666183061e-01 2.000000000000000000e+00 4.200000000000000000e+01 4.000000000000000000e+00
1.986042421766132104e-01 1.163216311075471410e+00 1.000000000000000000e+01 1.180000000000000000e+02 4.000000000000000000e+00
1.014156645698926912e-01 1.716700150074074616e+00 1.000000000000000000e+00 1.600000000000000000e+02 4.000000000000000000e+00
8.023745905819626989e-01 9.944443112772159976e-01 1.100000000000000000e+01 1.250000000000000000e+02 4.000000000000000000e+00
9.308724499090467175e-01 1.642814985051660903e+00 1.600000000000000000e+01 1.500000000000000000e+02 4.000000000000000000e+00
3.902836383443739621e-01 3.431135808437425494e-01 1.900000000000000000e+01 4.800000000000000000e+01 4.000000000000000000e+00
3.328895255149152410e-01 1.595696170406488701e+00 1.100000000000000000e+01 3.000000000000000000e+00 4.000000000000000000e+00
4.425183603590983061e-01 1.031862728921032035e+00 1.100000000000000000e+01 1.660000000000000000e+02 4.000000000000000000e+00
6.627341314588389709e-01 1.814867113824918166e+00 8.000000000000000000e+00 1.040000000000000000e+02 4.000000000000000000e+00
3.985086259461317892e-01 7.218866305883494539e-01 1.500000000000000000e+01 8.200000000000000000e+01 4.000000000000000000e+00
5.606869412230260918e-01 2.076928349851429711e+00 2.000000000000000000e+00 1.870000000000000000e+02 4.000000000000000000e+00
4.248620574612137907e-02 8.003127863353552973e-01 1.000000000000000000e+01 1.330000000000000000e+02 4.000000000000000000e+00
1.929591187467167845e-01 6.383046506582473745e-01 1.700000000000000000e+01 9.000000000000000000e+01 4.000000000000000000e+00
