-1.330966568426144931e+02
-1.328027530050582925e+02
-1.330959050034421409e+02
-1.060948434644164848e+02
-1.330968557017740181e+02
-1.330880971265184769e+02
-9.080941759477914843e+01
-1.050391670276656271e+02
-1.311196220613468597e+02
-9.639878510354006380e+01
-1.316918534474641831e+02
-1.330632572855992919e+02
-1.177018064339258103e+02
-1.175689994707150134e+02
-1.045320169639629455e+02
-1.330956172605729648e+02
-1.003010226091978154e+02
-1.330967899707601418e+02
-1.330968456143426408e+02
-1.315222701288778921e+02
-1.330933654431366904e+02
-1.330956063213745608e+02
-1.330728430711378678e+02
-1.330969161959069424e+02
-1.324319507575329737e+02
-1.330967567808670253e+02
-9.092829453128511830e+01
-1.330800838095749441e+02
-1.138305914238054868e+02
-1.330950581273139619e+02
-1.330676002517345182e+02
-1.275289825497530245e+02
-1.330968593934522630e+02
-9.756015806803367241e+01
-1.330917614943153353e+02
-1.314922448431187831e+02
-1.330949502086913014e+02
-1.330962934496750734e+02
-1.327229977333905993e+02
-1.330968219890572470e+02
-1.307235067853890769e+02
-8.958476754312737000e+01
-1.259171091269965217e+02
-1.027030342588797396e+02
-1.324488708045681165e+02
-8.954530769487617192e+01
-1.330968183681566472e+02
-1.330968442615326808e+02
-1.330968392195563013e+02
-9.508573075352960302e+01
-8.872652917052533894e+01
-1.278401743835747624e+02
-1.275992748176262808e+02
-8.742895632778981962e+01
-1.269361474686797635e+02
-1.263555737120039595e+02
-1.209721403035994172e+02
-1.081291819824219687e+02
-1.032176217505017064e+02
-1.071263454945961229e+02
-1.278393554074523877e+02
-8.986767161439622953e+01
-1.019143068520552191e+02
-1.211771839804752773e+02
-1.278320812730206626e+02
-9.043446938977828609e+01
-1.218693107158345583e+02
-1.166088972191396067e+02
-9.186704783752701076e+01
-9.732610258035522577e+01
-1.250252997922367513e+02
-1.278352252342390898e+02
-1.273106660011637672e+02
-1.222123461584812674e+02
-1.124183971258694328e+02
-9.079937960490870807e+01
-9.013214637737290502e+01
-1.278400678370728230e+02
-1.278396164391285623e+02
-1.278138684406836489e+02
-1.159715101237454888e+02
-1.278131674044746404e+02
-1.278387873360741196e+02
-1.158658622388131221e+02
-1.278400411162467663e+02
-1.223713546832640162e+02
-1.278302878970728642e+02
-1.124852987121621481e+02
-1.278399128862020433e+02
-1.239587994591328624e+02
-1.278395400381094049e+02
-1.278400679964635032e+02
-1.278309251813213336e+02
-8.836871472394243199e+01
-1.278403560796452325e+02
-1.093525669027855258e+02
-9.077267196494072721e+01
-1.278400917565808044e+02
-1.278401242358125955e+02
-1.278286343007770824e+02
-1.233972831104590711e+02
-1.235612975795159940e+02
-1.224523080892809190e+02
-8.649644799238620863e+01
-8.652707696505721913e+01
-1.235614977576215807e+02
-1.109853710287212749e+02
-9.329426496872494567e+01
-1.235599827010664313e+02
-1.235539096479853214e+02
-1.208415741679684601e+02
-1.235540170512727514e+02
-1.182996960038973384e+02
-1.235614081726888287e+02
-1.235615055376648002e+02
-9.590594220360060262e+01
-1.106701688003221022e+02
-1.235614525340654950e+02
-1.235478104140316731e+02
-1.235611435265314242e+02
-1.235614720361277108e+02
-8.975104742458384521e+01
-1.235615461361758491e+02
-1.235563350550252579e+02
-1.235588136927222394e+02
-1.235611309675123977e+02
-1.235613573819434947e+02
-9.877985303136341599e+01
-9.211682097676478520e+01
-1.234005053022931833e+02
-1.197088575639918275e+02
-8.993891482419590488e+01
-1.219235162474959964e+02
-1.235572043494563559e+02
-1.235610384544960425e+02
-8.806858798595989413e+01
-8.803295217663435324e+01
-1.235593379767709195e+02
-1.218068249936351037e+02
-1.235024442768331170e+02
-9.176559762421464939e+01
-1.235615464366138383e+02
-1.235563200145784322e+02
-1.227128000836896575e+02
-8.502933518043910510e+01
-1.203273608800484453e+02
-9.585310603119995676e+01
-1.227713028170066707e+02
-1.191502014875735114e+02
-1.225354160068361296e+02
-1.236549977168439653e+02
-1.235902531418511927e+02
-1.239413929664033134e+02
-1.122282442887386793e+02
-1.226606455134053135e+02
-1.237811121972772810e+02
-1.168123604107989451e+02
-9.758137714576888300e+01
-1.239422253197871129e+02
-1.043368123148320734e+02
-1.239421821644461232e+02
-1.239283956461210749e+02
-1.064347365544912236e+02
-1.233357682235977677e+02
-8.667577906868329762e+01
-1.127508605183060695e+02
-1.227920351578119806e+02
-1.234007924191203642e+02
-1.239183551229096736e+02
-1.239422872616273708e+02
-1.239422835102541143e+02
-1.204198493316553424e+02
-1.004709419640289099e+02
-1.221534002230364280e+02
-1.170396880595198752e+02
-1.220289038570984133e+02
-1.123861618893043470e+02
-1.201192685458660776e+02
-1.221854798534385793e+02
-1.081603264307011898e+02
-1.239421225990456463e+02
-9.444311173059722364e+01
-1.232500957637255254e+02
-1.239418070192527210e+02
-1.239305203519476066e+02
-9.728136939559659879e+01
-9.838727518290183127e+01
-1.157256032208972414e+02
-1.239422599282971476e+02
-1.219848923292100125e+02
-1.204578352087623045e+02
-1.239422608973607112e+02
-1.234479164938347822e+02
-8.593155872025207032e+01
-1.234119306022237907e+02
-1.025925616604538106e+02
-1.238858975004620788e+02
-1.142968569571773969e+02
-1.239422836006406499e+02
-1.239420220991904245e+02
-9.617944628991979528e+01
-1.148303869299913060e+02
-1.250603400223468924e+02
-1.247155061596300243e+02
-1.251100940319928014e+02
-1.251432859910939470e+02
-1.150790955195033121e+02
-1.251427734843227029e+02
-1.198891369678945011e+02
-1.107338515560126098e+02
-9.830094840612107987e+01
-1.249187090599177736e+02
-1.092360648576367765e+02
-1.250805227183273018e+02
-1.251434259393478214e+02
-1.032961565196209364e+02
-1.248848940302327577e+02
-9.846742360881344780e+01
-9.620382472436908472e+01
-1.248166037163162230e+02
-1.251434884761227551e+02
-1.248982564442960239e+02
-9.617692142255799581e+01
-1.104930247226842681e+02
-1.049492307697244939e+02
-1.251248113183079909e+02
-1.251430643232091029e+02
-1.228826291133974848e+02
-1.251430377221315098e+02
-1.083421734971578445e+02
-1.226900368006260038e+02
-1.175340962135210816e+02
-1.243329078357707402e+02
-8.814539054274889907e+01
-1.242692984766766102e+02
-1.251424082262415425e+02
-1.001382203155491339e+02
-1.113637033640132472e+02
-1.228622107524089557e+02
-1.251434644914900360e+02
-1.179476062583631091e+02
-1.251308317678751223e+02
-8.963001891851719449e+01
-1.250839941283158367e+02
-1.188237566526954225e+02
-1.251435687975783111e+02
-1.068825467492897872e+02
-1.251434416758237234e+02
-1.151442636034319662e+02
-1.033012293776118753e+02
