2.553157629219455771e-01 1.546960665357378639e+00 1.100000000000000000e+01 1.240000000000000000e+02 0.000000000000000000e+00
7.990772502656199316e-01 5.488458507655725738e-01 1.600000000000000000e+01 1.730000000000000000e+02 0.000000000000000000e+00
1.127662105539144338e-01 1.324363698090057939e+00 5.000000000000000000e+00 1.820000000000000000e+02 0.000000000000000000e+00
3.924184985396123038e-01 5.383419767911904463e-01 1.400000000000000000e+01 1.870000000000000000e+02 0.000000000000000000e+00
5.012927726517868443e-01 1.641756055348379872e+00 7.000000000000000000e+00 1.880000000000000000e+02 0.000000000000000000e+00
4.898813162223234485e-01 3.235645430703583125e-01 1.600000000000000000e+01 1.230000000000000000e+02 0.000000000000000000e+00
7.077727678633299879e-01 9.488588500338411835e-01 1.400000000000000000e+01 5.300000000000000000e+01 0.000000000000000000e+00
7.522314140916731562e-01 1.707082163314629586e+00 1.700000000000000000e+01 1.930000000000000000e+02 0.000000000000000000e+00
4.118133310707873251e-01 8.132345315070378389e-01 1.000000000000000000e+00 7.000000000000000000e+00 0.000000000000000000e+00
4.969186107499511396e-01 1.473741169847123944e-01 7.000000000000000000e+00 1.980000000000000000e+02 0.000000000000000000e+00
4.283490080465534033e-01 1.675433210586357635e+00 1.000000000000000000e+01 9.800000000000000000e+01 0.000000000000000000e+00
8.727241664875317051e-01 1.916525063770639081e-01 2.000000000000000000e+01 1.400000000000000000e+02 0.000000000000000000e+00
6.298940612167718278e-01 1.610851490552440479e+00 1.300000000000000000e+01 3.000000000000000000e+00 0.000000000000000000e+00
3.830677367740309425e-01 1.557355294845798932e+00 1.100000000000000000e+01 6.000000000000000000e+00 0.000000000000000000e+00
3.310308767605839586e-01 1.940061381047653244e+00 1.500000000000000000e+01 6.000000000000000000e+00 0.000000000000000000e+00
5.890071530611984407e-01 1.963659582396663217e-01 2.000000000000000000e+00 1.160000000000000000e+02 0.000000000000000000e+00
5.250140817538867521e-01 9.553084584245677968e-01 8.000000000000000000e+00 1.100000000000000000e+02 0.000000000000000000e+00
6.643664665898371124e-01 1.281388390299304181e+00 1.000000000000000000e+01 1.820000000000000000e+02 0.000000000000000000e+00
1.843130214303704273e-01 1.479145818706993687e+00 9.000000000000000000e+00 3.800000000000000000e+01 0.000000000000000000e+00
7.921597105374340586e-01 4.610734273214324164e-01 1.700000000000000000e+01 7.000000000000000000e+00 0.000000000000000000e+00
3.342719115794459128e-01 1.786377993185245039e+00 1.500000000000000000e+01 1.300000000000000000e+02 0.000000000000000000e+00
2.633044713874065357e-01 2.250388480608668529e-01 2.000000000000000000e+01 6.100000000000000000e+01 0.000000000000000000e+00
9.398844117759349581e-01 1.297975220646269356e+00 8.000000000000000000e+00 1.170000000000000000e+02 0.000000000000000000e+00
8.042036948070220292e-01 9.720326499219814620e-01 1.900000000000000000e+01 6.700000000000000000e+01 0.000000000000000000e+00
4.591194065403237934e-01 1.317958359277139613e-01 1.100000000000000000e+01 1.800000000000000000e+01 0.000000000000000000e+00
9.503180326320110893e-01 1.656672014740041998e+00 1.500000000000000000e+01 1.960000000000000000e+02 0.000000000000000000e+00
3.172898377490319666e-01 9.874341998623062944e-01 1.800000000000000000e+01 7.100000000000000000e+01 0.000000000000000000e+00
7.266933882465885786e-01 1.006848936040114495e+00 1.800000000000000000e+01 6.600000000000000000e+01 0.000000000000000000e+00
4.478086943706782036e-02 1.613214840146206308e+00 5.000000000000000000e+00 1.940000000000000000e+02 0.000000000000000000e+00
5.338998735996373091e-01 2.665118777152232221e-01 4.000000000000000000e+00 6.000000000000000000e+00 0.000000000000000000e+00
2.885045353417540204e-01 4.790352668723628637e-01 2.000000000000000000e+01 1.420000000000000000e+02 0.000000000000000000e+00
5.240475203446847557e-02 1.046471807451832436e+00 1.000000000000000000e+01 1.900000000000000000e+02 0.000000000000000000e+00
9.167786287257443378e-01 1.299060474730008519e+00 4.000000000000000000e+00 4.000000000000000000e+00 0.000000000000000000e+00
2.516951521168551142e-01 1.595472101197709769e+00 2.000000000000000000e+01 1.650000000000000000e+02 0.000000000000000000e+00
7.324327616657674289e-01 1.736233931439392641e+00 1.600000000000000000e+01 2.900000000000000000e+01 0.000000000000000000e+00
6.041343957889220295e-01 3.880040043603764088e-01 1.500000000000000000e+01 1.870000000000000000e+02 0.000000000000000000e+00
3.600915931701628159e-01 8.226473371724164485e-01 1.800000000000000000e+01 1.400000000000000000e+02 0.000000000000000000e+00
5.295906743777911707e-01 2.036000006469159962e-01 3.000000000000000000e+00 1.580000000000000000e+02 0.000000000000000000e+00
8.760602016715546281e-01 8.710799132019287905e-01 1.600000000000000000e+01 1.720000000000000000e+02 0.000000000000000000e+00
7.759960632931653945e-01 1.103449766671054544e+00 7.000000000000000000e+00 1.250000000000000000e+02 0.000000000000000000e+00
3.793723106609824258e-01 1.935513334227448645e+00 1.600000000000000000e+01 8.000000000000000000e+00 0.000000000000000000e+00
7.672826082077931487e-01 4.982928996866152760e-01 1.500000000000000000e+01 1.500000000000000000e+01 0.000000000000000000e+00
2.695342843548410583e-01 1.273566048704528386e+00 8.000000000000000000e+00 1.640000000000000000e+02 0.000000000000000000e+00
3.569238599871229489e-01 5.071111583213466778e-01 6.000000000000000000e+00 1.560000000000000000e+02 0.000000000000000000e+00
3.114005255876681755e-01 1.529110026102122433e+00 1.500000000000000000e+01 1.320000000000000000e+02 0.000000000000000000e+00
3.413569219902098384e-01 9.813870468320572416e-01 7.000000000000000000e+00 7.000000000000000000e+01 0.000000000000000000e+00
4.809200616021045427e-01 4.390990148195886844e-01 1.000000000000000000e+00 5.100000000000000000e+01 0.000000000000000000e+00
6.336808571452176020e-01 1.398280649908214990e+00 2.000000000000000000e+01 7.900000000000000000e+01 0.000000000000000000e+00
8.175132735036649834e-01 3.046550174057803817e-01 1.500000000000000000e+01 1.560000000000000000e+02 0.000000000000000000e+00
5.747093237498365204e-01 1.009386124235597537e-01 8.000000000000000000e+00 8.000000000000000000e+00 0.000000000000000000e+00
3.236318675483906143e-02 1.994039248144750642e+00 1.400000000000000000e+01 5.100000000000000000e+01 1.000000000000000000e+00
2.788636720259006774e-01 5.844027969459272276e-01 5.000000000000000000e+00 1.700000000000000000e+01 1.000000000000000000e+00
7.490773248754586389e-01 2.797223960858462588e-01 1.900000000000000000e+01 1.800000000000000000e+01 1.000000000000000000e+00
3.146169192353734934e-01 1.747918116848145687e+00 2.000000000000000000e+00 1.500000000000000000e+01 1.000000000000000000e+00
6.286815279533399803e-01 1.298032460254447129e-01 1.800000000000000000e+01 1.460000000000000000e+02 1.000000000000000000e+00
4.702904217275915011e-01 1.344730627198117645e+00 5.000000000000000000e+00 3.800000000000000000e+01 1.000000000000000000e+00
1.351667747696450039e-01 7.947978114716310882e-01 9.000000000000000000e+00 4.200000000000000000e+01 1.000000000000000000e+00
2.214780589941942601e-01 1.111067177541019690e+00 2.000000000000000000e+00 1.060000000000000000e+02 1.000000000000000000e+00
6.373866193286701343e-01 6.126481177696344593e-01 4.000000000000000000e+00 1.340000000000000000e+02 1.000000000000000000e+00
1.576407759884908000e-01 6.810897354433672612e-01 1.000000000000000000e+01 1.900000000000000000e+02 1.000000000000000000e+00
3.972798701173166913e-01 1.365391938183498910e+00 3.000000000000000000e+00 1.400000000000000000e+01 1.000000000000000000e+00
9.307790599294182288e-01 9.625036326671637665e-01 1.600000000000000000e+01 1.400000000000000000e+02 1.000000000000000000e+00
8.951894571381555643e-01 1.884470484907158350e-01 1.400000000000000000e+01 1.510000000000000000e+02 1.000000000000000000e+00
2.611778354749244579e-01 1.502973186954382978e+00 1.200000000000000000e+01 1.410000000000000000e+02 1.000000000000000000e+00
4.335261337279334715e-01 1.984245601931709846e+00 8.000000000000000000e+00 1.060000000000000000e+02 1.000000000000000000e+00
2.280877769096457675e-01 1.986904840713548337e+00 9.000000000000000000e+00 1.550000000000000000e+02 1.000000000000000000e+00
6.253138179452901735e-01 7.500021444366377077e-01 2.000000000000000000e+01 1.440000000000000000e+02 1.000000000000000000e+00
4.431736427719785709e-01 7.966233248528803434e-01 1.100000000000000000e+01 1.440000000000000000e+02 1.000000000000000000e+00
7.935054967630829070e-01 1.284931339646847359e+00 1.800000000000000000e+01 2.100000000000000000e+01 1.000000000000000000e+00
8.314988401711566057e-01 1.045803743299547062e+00 4.000000000000000000e+00 9.100000000000000000e+01 1.000000000000000000e+00
3.580720701732278410e-01 1.954746870421739224e+00 1.900000000000000000e+01 1.900000000000000000e+01 1.000000000000000000e+00
3.603450680201082390e-01 1.264499432707767712e-01 2.000000000000000000e+00 1.920000000000000000e+02 1.000000000000000000e+00
4.154760318692899412e-01 2.946442528199403332e-01 8.000000000000000000e+00 1.480000000000000000e+02 1.000000000000000000e+00
8.082528479133904709e-01 1.771988098573549442e+00 1.100000000000000000e+01 7.200000000000000000e+01 1.000000000000000000e+00
5.712896771086592995e-01 5.396329452363658463e-01 5.000000000000000000e+00 4.000000000000000000e+00 1.000000000000000000e+00
5.556666282093334353e-01 1.932737916895524100e+00 1.900000000000000000e+01 1.390000000000000000e+02 1.000000000000000000e+00
5.581676466142965198e-01 2.378265963221236901e-01 2.000000000000000000e+01 1.980000000000000000e+02 1.000000000000000000e+00
5.337668339279010299e-01 1.653338228077426475e+00 5.000000000000000000e+00 1.570000000000000000e+02 1.000000000000000000e+00
7.567107962472954252e-01 5.757257998307504510e-01 1.500000000000000000e+01 1.350000000000000000e+02 1.000000000000000000e+00
9.864903226369982070e-01 1.702792512461587249e+00 8.000000000000000000e+00 3.600000000000000000e+01 1.000000000000000000e+00
2.976680253352432803e-01 1.486819794654485882e+00 1.300000000000000000e+01 1.780000000000000000e+02 1.000000000000000000e+00
7.025724810748044946e-02 1.625500215061612241e+00 1.700000000000000000e+01 3.400000000000000000e+01 1.000000000000000000e+00
1.198826127723239127e-01 6.239836450796926171e-01 1.800000000000000000e+01 1.190000000000000000e+02 1.000000000000000000e+00
7.139826205815135163e-01 1.507412638127486604e+00 1.500000000000000000e+01 1.280000000000000000e+02 1.000000000000000000e+00
2.110998762990932143e-01 5.842192442381787254e-01 6.000000000000000000e+00 8.000000000000000000e+01 1.000000000000000000e+00
5.553173796751634805e-01 8.782226920882795218e-01 1.500000000000000000e+01 2.400000000000000000e+01 1.000000000000000000e+00
1.695592352056376484e-01 5.096797450562339238e-01 1.000000000000000000e+01 1.690000000000000000e+02 1.000000000000000000e+00
3.458948360753064666e-01 6.653900559712576657e-01 1.900000000000000000e+01 9.800000000000000000e+01 1.000000000000000000e+00
8.443101324253955431e-01 1.742070825934180833e+00 3.000000000000000000e+00 5.900000000000000000e+01 1.000000000000000000e+00
1.633758584621656240e-01 2.931278364172659190e-01 1.100000000000000000e+01 5.700000000000000000e+01 1.000000000000000000e+00
7.015410375323510861e-01 9.369167245120449961e-01 1.600000000000000000e+01 3.100000000000000000e+01 1.000000000000000000e+00
1.022027726804037723e-01 7.411069436763856322e-01 8.000000000000000000e+00 7.700000000000000000e+01 1.000000000000000000e+00
8.368390531474130256e-01 1.093917670802176945e+00 1.000000000000000000e+01 1.970000000000000000e+02 1.000000000000000000e+00
2.056509709026558275e-01 6.624322456968726458e-01 1.000000000000000000e+00 9.500000000000000000e+01 1.000000000000000000e+00
2.227860912075205757e-01 1.532434157509905193e+00 2.000000000000000000e+01 3.900000000000000000e+01 1.000000000000000000e+00
7.508981010517179477e-01 1.181375810823147132e+00 1.500000000000000000e+01 1.610000000000000000e+02 1.000000000000000000e+00
4.239878005128172589e-01 1.958587967154998166e+00 9.000000000000000000e+00 1.390000000000000000e+02 1.000000000000000000e+00
7.054032751606596763e-02 1.638703755267485240e+00 1.000000000000000000e+01 6.100000000000000000e+01 1.000000000000000000e+00
3.976240039807531906e-02 1.213282919370107127e+00 7.000000000000000000e+00 1.400000000000000000e+01 1.000000000000000000e+00
4.820058914720650733e-01 1.109387331508830288e+00 1.100000000000000000e+01 7.400000000000000000e+01 1.000000000000000000e+00
2.407807512507100789e-01 1.733818093414432271e+00 1.000000000000000000e+01 9.500000000000000000e+01 2.000000000000000000e+00
3.553709954251854652e-01 1.030347463739271996e+00 2.000000000000000000e+00 3.500000000000000000e+01 2.000000000000000000e+00
7.663207961456607042e-02 1.752317848071382134e+00 2.000000000000000000e+01 9.200000000000000000e+01 2.000000000000000000e+00
9.884250716641878043e-01 9.826318256637799342e-01 1.000000000000000000e+00 1.300000000000000000e+02 2.000000000000000000e+00
9.855985163497898993e-01 9.990764997249940160e-01 1.500000000000000000e+01 5.000000000000000000e+00 2.000000000000000000e+00
2.516564222928361350e-01 1.157846489617720742e+00 1.400000000000000000e+01 1.020000000000000000e+02 2.000000000000000000e+00
4.481444042801390193e-01 1.969693041454099180e+00 4.000000000000000000e+00 6.700000000000000000e+01 2.000000000000000000e+00
5.355234753220383670e-01 7.070229957086530126e-01 2.000000000000000000e+01 3.400000000000000000e+01 2.000000000000000000e+00
6.103330871010737013e-01 1.092562216380978724e+00 7.000000000000000000e+00 1.900000000000000000e+02 2.000000000000000000e+00
4.876994004215062101e-02 1.183363125081681844e+00 1.600000000000000000e+01 1.610000000000000000e+02 2.000000000000000000e+00
3.334875445372371683e-01 5.637646600851885514e-01 2.000000000000000000e+00 1.410000000000000000e+02 2.000000000000000000e+00
1.934192742533265008e-01 1.275555312535040786e-01 1.400000000000000000e+01 3.000000000000000000e+00 2.000000000000000000e+00
8.319966652839670962e-01 1.493385009428895183e+00 1.000000000000000000e+01 7.400000000000000000e+01 2.000000000000000000e+00
1.265080407686480779e-01 1.936860288893233140e+00 2.000000000000000000e+01 1.470000000000000000e+02 2.000000000000000000e+00
8.063903455539359610e-01 1.644741131582524218e+00 7.000000000000000000e+00 1.060000000000000000e+02 2.000000000000000000e+00
3.584005565016743500e-01 1.375510648093607680e+00 1.000000000000000000e+00 9.500000000000000000e+01 2.000000000000000000e+00
8.060041246417635197e-01 4.545785472155662310e-01 1.200000000000000000e+01 1.850000000000000000e+02 2.000000000000000000e+00
5.171552176256459799e-01 7.343594912639946903e-01 8.000000000000000000e+00 3.800000000000000000e+01 2.000000000000000000e+00
6.442325562863430166e-01 1.421742009656223438e+00 1.600000000000000000e+01 1.120000000000000000e+02 2.000000000000000000e+00
6.647354540824909064e-01 1.488886916385509629e+00 4.000000000000000000e+00 5.300000000000000000e+01 2.000000000000000000e+00
7.371817428865826693e-01 1.527395180630190863e+00 7.000000000000000000e+00 1.430000000000000000e+02 2.000000000000000000e+00
5.650030155027695872e-02 1.189359422341802031e+00 1.000000000000000000e+01 1.300000000000000000e+01 2.000000000000000000e+00
8.117584166739516549e-01 1.914144612856839123e+00 1.600000000000000000e+01 1.650000000000000000e+02 2.000000000000000000e+00
4.583680036449988560e-01 2.565396723358882580e-01 7.000000000000000000e+00 1.660000000000000000e+02 2.000000000000000000e+00
1.189292821719729470e-01 1.666861111086559877e+00 2.000000000000000000e+00 1.850000000000000000e+02 2.000000000000000000e+00
8.579688411391070968e-01 1.342663825556668356e-01 4.000000000000000000e+00 1.870000000000000000e+02 2.000000000000000000e+00
3.230750818564271931e-01 1.480038304329944543e+00 8.000000000000000000e+00 4.000000000000000000e+00 2.000000000000000000e+00
9.105589223251764341e-01 1.369632748943508060e+00 1.300000000000000000e+01 1.620000000000000000e+02 2.000000000000000000e+00
4.908558648274791159e-01 1.117490420554873687e+00 2.000000000000000000e+01 1.610000000000000000e+02 2.000000000000000000e+00
9.368961179155627095e-01 3.133507787029879976e-01 1.300000000000000000e+01 6.500000000000000000e+01 2.000000000000000000e+00
8.688776868409728849e-01 6.909838673894338479e-01 2.000000000000000000e+00 4.600000000000000000e+01 2.000000000000000000e+00
1.128513969967608194e-01 4.888504239120426975e-01 1.100000000000000000e+01 1.230000000000000000e+02 2.000000000000000000e+00
9.838177435160334605e-01 8.927159912426104738e-01 1.900000000000000000e+01 1.640000000000000000e+02 2.000000000000000000e+00
3.428717334311705001e-01 3.873110740859518897e-01 1.300000000000000000e+01 1.830000000000000000e+02 2.000000000000000000e+00
1.412889242395757305e-01 5.216644572466450080e-01 1.400000000000000000e+01 8.000000000000000000e+00 2.000000000000000000e+00
8.098843832439770463e-01 1.574828710361013906e+00 1.000000000000000000e+00 6.500000000000000000e+01 2.000000000000000000e+00
3.807414438826636216e-01 1.363827429206428299e+00 1.000000000000000000e+01 7.900000000000000000e+01 2.000000000000000000e+00
3.331388741950154220e-01 1.404364861291549582e+00 1.500000000000000000e+01 1.160000000000000000e+02 2.000000000000000000e+00
5.703195930772269051e-01 1.958715994908644120e+00 1.100000000000000000e+01 1.840000000000000000e+02 2.000000000000000000e+00
4.530213469930777226e-01 1.405176173121064631e-01 1.800000000000000000e+01 1.900000000000000000e+02 2.000000000000000000e+00
4.295559931687870092e-01 1.754313966657273349e+00 1.900000000000000000e+01 1.170000000000000000e+02 2.000000000000000000e+00
4.808780644325679754e-01 1.282885564546820678e+00 1.100000000000000000e+01 4.500000000000000000e+01 2.000000000000000000e+00
8.838042056760416765e-01 5.594147456227444026e-01 1.000000000000000000e+01 1.080000000000000000e+02 2.000000000000000000e+00
5.911510546562178670e-01 1.703566028494988061e+00 1.700000000000000000e+01 6.400000000000000000e+01 2.000000000000000000e+00
7.238517049857869923e-01 7.601784116270585701e-01 1.900000000000000000e+01 1.280000000000000000e+02 2.000000000000000000e+00
9.650105204842004403e-01 1.631313012667662710e+00 1.000000000000000000e+01 6.100000000000000000e+01 2.000000000000000000e+00
3.313598395767993754e-01 1.445667190553286297e+00 1.700000000000000000e+01 1.820000000000000000e+02 2.000000000000000000e+00
6.680800711555470173e-01 1.386901122306867906e+00 1.100000000000000000e+01 1.590000000000000000e+02 2.000000000000000000e+00
3.054908761710652954e-01 7.564734458226093361e-01 5.000000000000000000e+00 1.300000000000000000e+01 2.000000000000000000e+00
6.035290088042545298e-01 1.283141965961724917e+00 1.000000000000000000e+00 1.860000000000000000e+02 2.000000000000000000e+00
8.098955714776123749e-01 5.849981695458933428e-01 9.000000000000000000e+00 8.300000000000000000e+01 3.000000000000000000e+00
9.991849316533892855e-01 3.118717154047273565e-01 1.600000000000000000e+01 1.310000000000000000e+02 3.000000000000000000e+00
8.679550903935322470e-01 5.177165600052943129e-01 1.300000000000000000e+01 1.060000000000000000e+02 3.000000000000000000e+00
8.234016064128194534e-01 1.622566612909972950e+00 1.400000000000000000e+01 2.800000000000000000e+01 3.000000000000000000e+00
8.323966276147249932e-01 2.943635589472498593e-01 1.300000000000000000e+01 1.480000000000000000e+02 3.000000000000000000e+00
6.617229138379029374e-01 9.618218108142285727e-01 2.000000000000000000e+00 1.900000000000000000e+02 3.000000000000000000e+00
3.454815442388458058e-01 4.714485769630082368e-01 5.000000000000000000e+00 1.530000000000000000e+02 3.000000000000000000e+00
6.418073739764210695e-01 1.757506582773143977e+00 1.800000000000000000e+01 1.340000000000000000e+02 3.000000000000000000e+00
6.280540440106530120e-01 1.094757938345005455e+00 3.000000000000000000e+00 3.200000000000000000e+01 3.000000000000000000e+00
2.215908036218457999e-01 4.581243422945994181e-01 3.000000000000000000e+00 8.400000000000000000e+01 3.000000000000000000e+00
4.147293526197052271e-01 1.711308018033212142e-01 5.000000000000000000e+00 1.360000000000000000e+02 3.000000000000000000e+00
2.055855310044117923e-01 1.298859919117753225e+00 4.000000000000000000e+00 6.000000000000000000e+00 3.000000000000000000e+00
3.819891566255113613e-01 6.732172964801709236e-01 1.000000000000000000e+01 3.900000000000000000e+01 3.000000000000000000e+00
5.717043260835296542e-02 9.431290309888914480e-01 1.300000000000000000e+01 6.000000000000000000e+00 3.000000000000000000e+00
1.046383896478366576e-01 1.146739371720268075e+00 1.000000000000000000e+01 4.400000000000000000e+01 3.000000000000000000e+00
6.462776963299232680e-01 1.843576780492267808e+00 2.000000000000000000e+00 1.490000000000000000e+02 3.000000000000000000e+00
7.561691482671112352e-01 1.724068976817469956e+00 1.400000000000000000e+01 8.300000000000000000e+01 3.000000000000000000e+00
8.363560415098348910e-01 2.396845157429518258e-01 8.000000000000000000e+00 1.450000000000000000e+02 3.000000000000000000e+00
5.377832305407626023e-01 9.899123382172322350e-01 1.400000000000000000e+01 1.880000000000000000e+02 3.000000000000000000e+00
6.064267254777170324e-01 5.972906386199577922e-01 1.100000000000000000e+01 7.400000000000000000e+01 3.000000000000000000e+00
7.069176516810407040e-01 6.300982967636162835e-01 4.000000000000000000e+00 3.400000000000000000e+01 3.000000000000000000e+00
6.087440012827834979e-01 1.347519546076369812e+00 1.000000000000000000e+01 2.500000000000000000e+01 3.000000000000000000e+00
3.967593709237261512e-01 1.721624363142620906e+00 2.000000000000000000e+01 7.000000000000000000e+00 3.000000000000000000e+00
1.968558160608014918e-01 1.584461593964387571e+00 7.000000000000000000e+00 6.600000000000000000e+01 3.000000000000000000e+00
7.154362417382893469e-01 9.799123837509841062e-01 1.200000000000000000e+01 1.560000000000000000e+02 3.000000000000000000e+00
4.460873041995426780e-01 1.960701032744282868e+00 1.600000000000000000e+01 1.860000000000000000e+02 3.000000000000000000e+00
1.373565865821495535e-01 1.075416555145686237e+00 1.000000000000000000e+01 7.300000000000000000e+01 3.000000000000000000e+00
9.459827183742468559e-01 1.206538501686586162e+00 1.300000000000000000e+01 1.640000000000000000e+02 3.000000000000000000e+00
2.021318446676823033e-01 4.174825022637528305e-01 1.400000000000000000e+01 4.900000000000000000e+01 3.000000000000000000e+00
4.691685805086519973e-02 1.638624984750897406e-01 1.900000000000000000e+01 1.840000000000000000e+02 3.000000000000000000e+00
6.339632949534692585e-01 1.705337609257822518e+00 1.100000000000000000e+01 1.920000000000000000e+02 3.000000000000000000e+00
3.101338718115164150e-01 7.463121962853663804e-01 1.800000000000000000e+01 1.990000000000000000e+02 3.000000000000000000e+00
2.695843960591709498e-01 2.095836900421220506e+00 4.000000000000000000e+00 1.670000000000000000e+02 3.000000000000000000e+00
4.652263759349822836e-01 4.131316838531547964e-01 2.000000000000000000e+00 1.630000000000000000e+02 3.000000000000000000e+00
4.213769626223883291e-01 1.605648594346987812e+00 3.000000000000000000e+00 8.700000000000000000e+01 3.000000000000000000e+00
3.962988109681766513e-01 1.206724139896998560e+00 5.000000000000000000e+00 1.690000000000000000e+02 3.000000000000000000e+00
8.423718719267626609e-01 6.096498902679668985e-01 1.100000000000000000e+01 3.500000000000000000e+01 3.000000000000000000e+00
1.444111934564866750e-01 8.125129395631555118e-01 9.000000000000000000e+00 1.500000000000000000e+02 3.000000000000000000e+00
5.902316202702175829e-01 1.907594736278634073e+00 1.600000000000000000e+01 1.840000000000000000e+02 3.000000000000000000e+00
5.999865941320843277e-01 6.684241843561294916e-01 8.000000000000000000e+00 1.160000000000000000e+02 3.000000000000000000e+00
9.246539178026490502e-01 7.255564922368552550e-01 1.400000000000000000e+01 1.690000000000000000e+02 3.000000000000000000e+00
1.740543999857052659e-01 7.222803088726817977e-01 9.000000000000000000e+00 1.900000000000000000e+02 3.000000000000000000e+00
2.744434045586411353e-01 1.431513435069529105e+00 1.000000000000000000e+01 1.210000000000000000e+02 3.000000000000000000e+00
3.996689363226161307e-01 1.645531872965489306e+00 1.300000000000000000e+01 1.450000000000000000e+02 3.000000000000000000e+00
4.148997083483996207e-01 3.216003838054527497e-01 1.800000000000000000e+01 1.700000000000000000e+01 3.000000000000000000e+00
4.480645949842013698e-01 6.182145086782254717e-01 1.900000000000000000e+01 1.550000000000000000e+02 3.000000000000000000e+00
1.345387103983685349e-02 1.859749491255464182e+00 1.900000000000000000e+01 1.110000000000000000e+02 3.000000000000000000e+00
6.890472902876566552e-01 7.936853281729762122e-01 1.600000000000000000e+01 8.800000000000000000e+01 3.000000000000000000e+00
3.810717775631643905e-02 1.952175499523717495e+00 1.900000000000000000e+01 4.000000000000000000e+00 3.000000000000000000e+00
8.365948316908224935e-01 1.787685857256615218e+00 5.000000000000000000e+00 6.000000000000000000e+00 3.000000000000000000e+00
2.622131354262557945e-01 1.949145197705788313e+00 1.900000000000000000e+01 1.770000000000000000e+02 4.000000000000000000e+00
5.962364813923339835e-01 7.562738089853816570e-01 8.000000000000000000e+00 3.800000000000000000e+01 4.000000000000000000e+00
2.045362933407496309e-01 3.023921589863608483e-01 1.000000000000000000e+00 9.000000000000000000e+00 4.000000000000000000e+00
2.406665361836536343e-01 7.363998267422805499e-01 1.700000000000000000e+01 1.520000000000000000e+02 4.000000000000000000e+00
7.925880620559033751e-01 2.370016534078843995e-01 1.700000000000000000e+01 3.200000000000000000e+01 4.000000000000000000e+00
3.227488993300493547e-01 1.057214303100513897e+00 1.300000000000000000e+01 9.400000000000000000e+01 4.000000000000000000e+00
2.526556748171197020e-01 6.621335457428630944e-01 1.100000000000000000e+01 5.100000000000000000e+01 4.000000000000000000e+00
7.712257443908137056e-01 6.841531895303455402e-01 3.000000000000000000e+00 1.020000000000000000e+02 4.000000000000000000e+00
3.805716482903059861e-01 2.090870090836415507e+00 1.900000000000000000e+01 1.080000000000000000e+02 4.000000000000000000e+00
9.390847671609628966e-01 9.572920802084651237e-01 1.100000000000000000e+01 3.500000000000000000e+01 4.000000000000000000e+00
2.291988657054162548e-01 1.469413475238678934e+00 1.500000000000000000e+01 1.470000000000000000e+02 4.000000000000000000e+00
1.162210887366180584e-01 1.551646680778624221e+00 1.400000000000000000e+01 2.000000000000000000e+00 4.000000000000000000e+00
4.569687869054281926e-01 1.296979213260709196e+00 6.000000000000000000e+00 5.800000000000000000e+01 4.000000000000000000e+00
6.284122428111165171e-01 1.394219427221582430e+00 4.000000000000000000e+00 1.370000000000000000e+02 4.000000000000000000e+00
4.059464549758303731e-01 1.408692369738578032e+00 4.000000000000000000e+00 1.410000000000000000e+02 4.000000000000000000e+00
7.357555848299570656e-01 1.060733193058443824e+00 1.000000000000000000e+01 1.140000000000000000e+02 4.000000000000000000e+00
6.504495769466948074e-01 8.924233549356598294e-01 2.000000000000000000e+01 1.000000000000000000e+01 4.000000000000000000e+00
4.058071712191005931e-01 1.188406430322536345e+00 3.000000000000000000e+00 1.530000000000000000e+02 4.000000000000000000e+00
7.372557474094171281e-01 1.976688651952417164e+00 1.100000000000000000e+01 5.000000000000000000e+01 4.000000000000000000e+00
3.264843883644604761e-01 1.686436470498644313e+00 1.900000000000000000e+01 1.210000000000000000e+02 4.000000000000000000e+00
3.520338256710597163e-02 1.696398247547662441e+00 1.700000000000000000e+01 1.500000000000000000e+01 4.000000000000000000e+00
5.682406152131923988e-02 1.418616119854997137e+00 2.000000000000000000e+00 1.490000000000000000e+02 4.000000000000000000e+00
8.234661700614430702e-01 1.266509482480035587e+00 2.000000000000000000e+00 8.400000000000000000e+01 4.000000000000000000e+00
3.577954545276889053e-01 2.003598561365690589e+00 5.000000000000000000e+00 3.000000000000000000e+01 4.000000000000000000e+00
9.231102547225709942e-02 2.064576810626672199e+00 8.000000000000000000e+00 1.750000000000000000e+02 4.000000000000000000e+00
7.621091730704186717e-02 1.473944094447317443e+00 1.000000000000000000e+00 5.100000000000000000e+01 4.000000000000000000e+00
2.322502502875469776e-01 4.505775668791319744e-01 1.600000000000000000e+01 1.860000000000000000e+02 4.000000000000000000e+00
9.602262622911744705e-01 5.051643452970203674e-01 6.000000000000000000e+00 6.100000000000000000e+01 4.000000000000000000e+00
2.561013343380790230e-01 1.310301579759094448e+00 4.000000000000000000e+00 4.000000000000000000e+01 4.000000000000000000e+00
9.254828245220897420e-01 6.771980573682029325e-01 5.000000000000000000e+00 1.150000000000000000e+02 4.000000000000000000e+00
1.406806849700290574e-01 8.528486749440365999e-01 2.000000000000000000e+00 1.180000000000000000e+02 4.000000000000000000e+00
9.058025215029100741e-01 1.027828718412224784e+00 1.000000000000000000e+01 1.970000000000000000e+02 4.000000000000000000e+00
2.388293740388568870e-02 1.113721335413947744e-01 5.000000000000000000e+00 8.800000000000000000e+01 4.000000000000000000e+00
8.699289976461468399e-01 1.502178734125300397e-01 1.700000000000000000e+01 5.400000000000000000e+01 4.000000000000000000e+00
4.189276571378918179e-01 8.914419781017314248e-01 1.600000000000000000e+01 1.270000000000000000e+02 4.000000000000000000e+00
6.792439558160070501e-01 1.676921645084911594e+00 5.000000000000000000e+00 1.210000000000000000e+02 4.000000000000000000e+00
7.571370569422402053e-01 1.973154022999212609e+00 1.000000000000000000e+00 1.800000000000000000e+02 4.000000000000000000e+00
9.670828098158923414e-01 7.965405527629346727e-01 1.900000000000000000e+01 7.500000000000000000e+01 4.000000000000000000e+00
9.848942282279722349e-01 1.184241789458637673e+00 2.000000000000000000e+01 1.640000000000000000e+02 4.000000000000000000e+00
6.870532007146795683e-01 2.073816338261073700e+00 1.700000000000000000e+01 4.000000000000000000e+00 4.000000000000000000e+00
2.089038234710461905e-01 2.720449634957752272e-01 1.600000000000000000e+01 1.050000000000000000e+02 4.000000000000000000e+00
2.890506435813960939e-01 1.995913024287752968e+00 2.000000000000000000e+01 9.100000000000000000e+01 4.000000000000000000e+00
8.332449192053410503e-01 8.043681474459613012e-01 7.000000000000000000e+00 1.600000000000000000e+02 4.000000000000000000e+00
4.281770351582613321e-01 1.999009733294999425e+00 1.100000000000000000e+01 1.900000000000000000e+01 4.000000000000000000e+00
1.825993511230397104e-01 1.244622473411624686e+00 1.000000000000000000e+01 8.900000000000000000e+01 4.000000000000000000e+00
9.323768338898911212e-01 9.183847734850297817e-01 1.400000000000000000e+01 3.800000000000000000e+01 4.000000000000000000e+00
4.018061374547503561e-01 1.348955255003121634e+00 7.000000000000000000e+00 5.600000000000000000e+01 4.000000000000000000e+00
5.587836738522226065e-01 1.305012052492954489e+00 8.000000000000000000e+00 7.700000000000000000e+01 4.000000000000000000e+00
8.809540531068095204e-01 1.049940999123442520e+00 1.400000000000000000e+01 1.280000000000000000e+02 4.000000000000000000e+00
4.698124005961434174e-02 2.627183083100214089e-01 7.000000000000000000e+00 9.900000000000000000e+01 4.000000000000000000e+00
