2.852256698013376779e-01 1.378461521850539384e+00 7.000000000000000000e+00 7.300000000000000000e+01 0.000000000000000000e+00
2.852256698013376779e-01 1.378461521850539384e+00 7.000000000000000000e+00 7.300000000000000000e+01 1.000000000000000000e+00
2.852256698013376779e-01 1.378461521850539384e+00 7.000000000000000000e+00 7.300000000000000000e+01 2.000000000000000000e+00
2.852256698013376779e-01 1.378461521850539384e+00 7.000000000000000000e+00 7.300000000000000000e+01 3.000000000000000000e+00
2.852256698013376779e-01 1.378461521850539384e+00 7.000000000000000000e+00 7.300000000000000000e+01 4.000000000000000000e+00
6.338992123353798247e-01 1.656084614630831897e+00 1.800000000000000000e+01 3.100000000000000000e+01 0.000000000000000000e+00
6.338992123353798247e-01 1.656084614630831897e+00 1.800000000000000000e+01 3.100000000000000000e+01 1.000000000000000000e+00
6.338992123353798247e-01 1.656084614630831897e+00 1.800000000000000000e+01 3.100000000000000000e+01 2.000000000000000000e+00
6.338992123353798247e-01 1.656084614630831897e+00 1.800000000000000000e+01 3.100000000000000000e+01 3.000000000000000000e+00
6.338992123353798247e-01 1.656084614630831897e+00 1.800000000000000000e+01 3.100000000000000000e+01 4.000000000000000000e+00
4.881135295005000208e-01 2.018267770977614006e+00 1.800000000000000000e+01 1.200000000000000000e+02 0.000000000000000000e+00
4.881135295005000208e-01 2.018267770977614006e+00 1.800000000000000000e+01 1.200000000000000000e+02 1.000000000000000000e+00
4.881135295005000208e-01 2.018267770977614006e+00 1.800000000000000000e+01 1.200000000000000000e+02 2.000000000000000000e+00
4.881135295005000208e-01 2.018267770977614006e+00 1.800000000000000000e+01 1.200000000000000000e+02 3.000000000000000000e+00
4.881135295005000208e-01 2.018267770977614006e+00 1.800000000000000000e+01 1.200000000000000000e+02 4.000000000000000000e+00
1.007434206709484359e+00 1.765026552927469572e+00 1.500000000000000000e+01 5.800000000000000000e+01 0.000000000000000000e+00
1.007434206709484359e+00 1.765026552927469572e+00 1.500000000000000000e+01 5.800000000000000000e+01 1.000000000000000000e+00
1.007434206709484359e+00 1.765026552927469572e+00 1.500000000000000000e+01 5.800000000000000000e+01 2.000000000000000000e+00
1.007434206709484359e+00 1.765026552927469572e+00 1.500000000000000000e+01 5.800000000000000000e+01 3.000000000000000000e+00
1.007434206709484359e+00 1.765026552927469572e+00 1.500000000000000000e+01 5.800000000000000000e+01 4.000000000000000000e+00
2.138450519847943099e-01 3.681000029549289509e-01 1.200000000000000000e+01 1.810000000000000000e+02 0.000000000000000000e+00
2.138450519847943099e-01 3.681000029549289509e-01 1.200000000000000000e+01 1.810000000000000000e+02 1.000000000000000000e+00
2.138450519847943099e-01 3.681000029549289509e-01 1.200000000000000000e+01 1.810000000000000000e+02 2.000000000000000000e+00
2.138450519847943099e-01 3.681000029549289509e-01 1.200000000000000000e+01 1.810000000000000000e+02 3.000000000000000000e+00
2.138450519847943099e-01 3.681000029549289509e-01 1.200000000000000000e+01 1.810000000000000000e+02 4.000000000000000000e+00
6.250146168677818137e-01 1.285974115207482171e+00 1.700000000000000000e+01 1.100000000000000000e+01 0.000000000000000000e+00
6.250146168677818137e-01 1.285974115207482171e+00 1.700000000000000000e+01 1.100000000000000000e+01 1.000000000000000000e+00
6.250146168677818137e-01 1.285974115207482171e+00 1.700000000000000000e+01 1.100000000000000000e+01 2.000000000000000000e+00
6.250146168677818137e-01 1.285974115207482171e+00 1.700000000000000000e+01 1.100000000000000000e+01 3.000000000000000000e+00
6.250146168677818137e-01 1.285974115207482171e+00 1.700000000000000000e+01 1.100000000000000000e+01 4.000000000000000000e+00
6.547804935533004800e-01 2.077441063644758668e+00 4.000000000000000000e+00 6.000000000000000000e+00 0.000000000000000000e+00
6.547804935533004800e-01 2.077441063644758668e+00 4.000000000000000000e+00 6.000000000000000000e+00 1.000000000000000000e+00
6.547804935533004800e-01 2.077441063644758668e+00 4.000000000000000000e+00 6.000000000000000000e+00 2.000000000000000000e+00
6.547804935533004800e-01 2.077441063644758668e+00 4.000000000000000000e+00 6.000000000000000000e+00 3.000000000000000000e+00
6.547804935533004800e-01 2.077441063644758668e+00 4.000000000000000000e+00 6.000000000000000000e+00 4.000000000000000000e+00
3.451626124187133771e-01 1.717037649415114497e+00 3.000000000000000000e+00 8.600000000000000000e+01 0.000000000000000000e+00
3.451626124187133771e-01 1.717037649415114497e+00 3.000000000000000000e+00 8.600000000000000000e+01 1.000000000000000000e+00
3.451626124187133771e-01 1.717037649415114497e+00 3.000000000000000000e+00 8.600000000000000000e+01 2.000000000000000000e+00
3.451626124187133771e-01 1.717037649415114497e+00 3.000000000000000000e+00 8.600000000000000000e+01 3.000000000000000000e+00
3.451626124187133771e-01 1.717037649415114497e+00 3.000000000000000000e+00 8.600000000000000000e+01 4.000000000000000000e+00
6.809149208249464236e-01 1.176280118428675525e+00 2.000000000000000000e+00 1.710000000000000000e+02 0.000000000000000000e+00
6.809149208249464236e-01 1.176280118428675525e+00 2.000000000000000000e+00 1.710000000000000000e+02 1.000000000000000000e+00
6.809149208249464236e-01 1.176280118428675525e+00 2.000000000000000000e+00 1.710000000000000000e+02 2.000000000000000000e+00
6.809149208249464236e-01 1.176280118428675525e+00 2.000000000000000000e+00 1.710000000000000000e+02 3.000000000000000000e+00
6.809149208249464236e-01 1.176280118428675525e+00 2.000000000000000000e+00 1.710000000000000000e+02 4.000000000000000000e+00
7.950879243813145647e-02 2.790024646474577041e-01 5.000000000000000000e+00 1.560000000000000000e+02 0.000000000000000000e+00
7.950879243813145647e-02 2.790024646474577041e-01 5.000000000000000000e+00 1.560000000000000000e+02 1.000000000000000000e+00
7.950879243813145647e-02 2.790024646474577041e-01 5.000000000000000000e+00 1.560000000000000000e+02 2.000000000000000000e+00
7.950879243813145647e-02 2.790024646474577041e-01 5.000000000000000000e+00 1.560000000000000000e+02 3.000000000000000000e+00
7.950879243813145647e-02 2.790024646474577041e-01 5.000000000000000000e+00 1.560000000000000000e+02 4.000000000000000000e+00
8.817922930982071694e-01 1.276068121136521238e+00 1.700000000000000000e+01 6.900000000000000000e+01 0.000000000000000000e+00
8.817922930982071694e-01 1.276068121136521238e+00 1.700000000000000000e+01 6.900000000000000000e+01 1.000000000000000000e+00
8.817922930982071694e-01 1.276068121136521238e+00 1.700000000000000000e+01 6.900000000000000000e+01 2.000000000000000000e+00
8.817922930982071694e-01 1.276068121136521238e+00 1.700000000000000000e+01 6.900000000000000000e+01 3.000000000000000000e+00
8.817922930982071694e-01 1.276068121136521238e+00 1.700000000000000000e+01 6.900000000000000000e+01 4.000000000000000000e+00
8.656551366099550504e-02 7.882158411517380392e-01 1.900000000000000000e+01 7.100000000000000000e+01 0.000000000000000000e+00
8.656551366099550504e-02 7.882158411517380392e-01 1.900000000000000000e+01 7.100000000000000000e+01 1.000000000000000000e+00
8.656551366099550504e-02 7.882158411517380392e-01 1.900000000000000000e+01 7.100000000000000000e+01 2.000000000000000000e+00
8.656551366099550504e-02 7.882158411517380392e-01 1.900000000000000000e+01 7.100000000000000000e+01 3.000000000000000000e+00
8.656551366099550504e-02 7.882158411517380392e-01 1.900000000000000000e+01 7.100000000000000000e+01 4.000000000000000000e+00
3.763430435178981570e-01 1.237365093705797003e-01 1.400000000000000000e+01 1.500000000000000000e+02 0.000000000000000000e+00
3.763430435178981570e-01 1.237365093705797003e-01 1.400000000000000000e+01 1.500000000000000000e+02 1.000000000000000000e+00
3.763430435178981570e-01 1.237365093705797003e-01 1.400000000000000000e+01 1.500000000000000000e+02 2.000000000000000000e+00
3.763430435178981570e-01 1.237365093705797003e-01 1.400000000000000000e+01 1.500000000000000000e+02 3.000000000000000000e+00
3.763430435178981570e-01 1.237365093705797003e-01 1.400000000000000000e+01 1.500000000000000000e+02 4.000000000000000000e+00
4.518325603103522381e-01 2.070854009967887654e-01 3.000000000000000000e+00 1.140000000000000000e+02 0.000000000000000000e+00
4.518325603103522381e-01 2.070854009967887654e-01 3.000000000000000000e+00 1.140000000000000000e+02 1.000000000000000000e+00
4.518325603103522381e-01 2.070854009967887654e-01 3.000000000000000000e+00 1.140000000000000000e+02 2.000000000000000000e+00
4.518325603103522381e-01 2.070854009967887654e-01 3.000000000000000000e+00 1.140000000000000000e+02 3.000000000000000000e+00
4.518325603103522381e-01 2.070854009967887654e-01 3.000000000000000000e+00 1.140000000000000000e+02 4.000000000000000000e+00
6.825883380301339676e-01 1.645379091447000397e-01 8.000000000000000000e+00 1.960000000000000000e+02 0.000000000000000000e+00
6.825883380301339676e-01 1.645379091447000397e-01 8.000000000000000000e+00 1.960000000000000000e+02 1.000000000000000000e+00
6.825883380301339676e-01 1.645379091447000397e-01 8.000000000000000000e+00 1.960000000000000000e+02 2.000000000000000000e+00
6.825883380301339676e-01 1.645379091447000397e-01 8.000000000000000000e+00 1.960000000000000000e+02 3.000000000000000000e+00
6.825883380301339676e-01 1.645379091447000397e-01 8.000000000000000000e+00 1.960000000000000000e+02 4.000000000000000000e+00
3.944905295629423936e-01 1.748264867070518980e+00 1.100000000000000000e+01 1.760000000000000000e+02 0.000000000000000000e+00
3.944905295629423936e-01 1.748264867070518980e+00 1.100000000000000000e+01 1.760000000000000000e+02 1.000000000000000000e+00
3.944905295629423936e-01 1.748264867070518980e+00 1.100000000000000000e+01 1.760000000000000000e+02 2.000000000000000000e+00
3.944905295629423936e-01 1.748264867070518980e+00 1.100000000000000000e+01 1.760000000000000000e+02 3.000000000000000000e+00
3.944905295629423936e-01 1.748264867070518980e+00 1.100000000000000000e+01 1.760000000000000000e+02 4.000000000000000000e+00
9.080926153291598579e-01 7.595774610291970985e-01 1.400000000000000000e+01 1.200000000000000000e+01 0.000000000000000000e+00
9.080926153291598579e-01 7.595774610291970985e-01 1.400000000000000000e+01 1.200000000000000000e+01 1.000000000000000000e+00
9.080926153291598579e-01 7.595774610291970985e-01 1.400000000000000000e+01 1.200000000000000000e+01 2.000000000000000000e+00
9.080926153291598579e-01 7.595774610291970985e-01 1.400000000000000000e+01 1.200000000000000000e+01 3.000000000000000000e+00
9.080926153291598579e-01 7.595774610291970985e-01 1.400000000000000000e+01 1.200000000000000000e+01 4.000000000000000000e+00
1.073424676729708288e-01 4.767897803761519393e-01 1.200000000000000000e+01 1.660000000000000000e+02 0.000000000000000000e+00
1.073424676729708288e-01 4.767897803761519393e-01 1.200000000000000000e+01 1.660000000000000000e+02 1.000000000000000000e+00
1.073424676729708288e-01 4.767897803761519393e-01 1.200000000000000000e+01 1.660000000000000000e+02 2.000000000000000000e+00
1.073424676729708288e-01 4.767897803761519393e-01 1.200000000000000000e+01 1.660000000000000000e+02 3.000000000000000000e+00
1.073424676729708288e-01 4.767897803761519393e-01 1.200000000000000000e+01 1.660000000000000000e+02 4.000000000000000000e+00
1.745986046692915572e-01 1.974534659657050772e+00 7.000000000000000000e+00 1.340000000000000000e+02 0.000000000000000000e+00
1.745986046692915572e-01 1.974534659657050772e+00 7.000000000000000000e+00 1.340000000000000000e+02 1.000000000000000000e+00
1.745986046692915572e-01 1.974534659657050772e+00 7.000000000000000000e+00 1.340000000000000000e+02 2.000000000000000000e+00
1.745986046692915572e-01 1.974534659657050772e+00 7.000000000000000000e+00 1.340000000000000000e+02 3.000000000000000000e+00
1.745986046692915572e-01 1.974534659657050772e+00 7.000000000000000000e+00 1.340000000000000000e+02 4.000000000000000000e+00
9.983258395278734598e-01 2.858115214379496338e-01 4.000000000000000000e+00 1.340000000000000000e+02 0.000000000000000000e+00
9.983258395278734598e-01 2.858115214379496338e-01 4.000000000000000000e+00 1.340000000000000000e+02 1.000000000000000000e+00
9.983258395278734598e-01 2.858115214379496338e-01 4.000000000000000000e+00 1.340000000000000000e+02 2.000000000000000000e+00
9.983258395278734598e-01 2.858115214379496338e-01 4.000000000000000000e+00 1.340000000000000000e+02 3.000000000000000000e+00
9.983258395278734598e-01 2.858115214379496338e-01 4.000000000000000000e+00 1.340000000000000000e+02 4.000000000000000000e+00
2.721939401174807704e-01 3.653404785797881305e-01 5.000000000000000000e+00 8.000000000000000000e+01 0.000000000000000000e+00
2.721939401174807704e-01 3.653404785797881305e-01 5.000000000000000000e+00 8.000000000000000000e+01 1.000000000000000000e+00
2.721939401174807704e-01 3.653404785797881305e-01 5.000000000000000000e+00 8.000000000000000000e+01 2.000000000000000000e+00
2.721939401174807704e-01 3.653404785797881305e-01 5.000000000000000000e+00 8.000000000000000000e+01 3.000000000000000000e+00
2.721939401174807704e-01 3.653404785797881305e-01 5.000000000000000000e+00 8.000000000000000000e+01 4.000000000000000000e+00
7.308052690391877437e-01 4.826752223298845790e-01 3.000000000000000000e+00 1.200000000000000000e+02 0.000000000000000000e+00
7.308052690391877437e-01 4.826752223298845790e-01 3.000000000000000000e+00 1.200000000000000000e+02 1.000000000000000000e+00
7.308052690391877437e-01 4.826752223298845790e-01 3.000000000000000000e+00 1.200000000000000000e+02 2.000000000000000000e+00
7.308052690391877437e-01 4.826752223298845790e-01 3.000000000000000000e+00 1.200000000000000000e+02 3.000000000000000000e+00
7.308052690391877437e-01 4.826752223298845790e-01 3.000000000000000000e+00 1.200000000000000000e+02 4.000000000000000000e+00
2.508915676158195857e-02 4.080461250819690244e-01 4.000000000000000000e+00 1.380000000000000000e+02 0.000000000000000000e+00
2.508915676158195857e-02 4.080461250819690244e-01 4.000000000000000000e+00 1.380000000000000000e+02 1.000000000000000000e+00
2.508915676158195857e-02 4.080461250819690244e-01 4.000000000000000000e+00 1.380000000000000000e+02 2.000000000000000000e+00
2.508915676158195857e-02 4.080461250819690244e-01 4.000000000000000000e+00 1.380000000000000000e+02 3.000000000000000000e+00
2.508915676158195857e-02 4.080461250819690244e-01 4.000000000000000000e+00 1.380000000000000000e+02 4.000000000000000000e+00
9.116033932050614519e-01 1.328815795854426440e+00 1.000000000000000000e+00 5.000000000000000000e+00 0.000000000000000000e+00
9.116033932050614519e-01 1.328815795854426440e+00 1.000000000000000000e+00 5.000000000000000000e+00 1.000000000000000000e+00
9.116033932050614519e-01 1.328815795854426440e+00 1.000000000000000000e+00 5.000000000000000000e+00 2.000000000000000000e+00
9.116033932050614519e-01 1.328815795854426440e+00 1.000000000000000000e+00 5.000000000000000000e+00 3.000000000000000000e+00
9.116033932050614519e-01 1.328815795854426440e+00 1.000000000000000000e+00 5.000000000000000000e+00 4.000000000000000000e+00
1.066298411646428995e-01 4.330001463219083080e-01 1.100000000000000000e+01 1.120000000000000000e+02 0.000000000000000000e+00
1.066298411646428995e-01 4.330001463219083080e-01 1.100000000000000000e+01 1.120000000000000000e+02 1.000000000000000000e+00
1.066298411646428995e-01 4.330001463219083080e-01 1.100000000000000000e+01 1.120000000000000000e+02 2.000000000000000000e+00
1.066298411646428995e-01 4.330001463219083080e-01 1.100000000000000000e+01 1.120000000000000000e+02 3.000000000000000000e+00
1.066298411646428995e-01 4.330001463219083080e-01 1.100000000000000000e+01 1.120000000000000000e+02 4.000000000000000000e+00
1.479690484045824948e-02 1.028544351015467706e+00 1.500000000000000000e+01 2.500000000000000000e+01 0.000000000000000000e+00
1.479690484045824948e-02 1.028544351015467706e+00 1.500000000000000000e+01 2.500000000000000000e+01 1.000000000000000000e+00
1.479690484045824948e-02 1.028544351015467706e+00 1.500000000000000000e+01 2.500000000000000000e+01 2.000000000000000000e+00
1.479690484045824948e-02 1.028544351015467706e+00 1.500000000000000000e+01 2.500000000000000000e+01 3.000000000000000000e+00
1.479690484045824948e-02 1.028544351015467706e+00 1.500000000000000000e+01 2.500000000000000000e+01 4.000000000000000000e+00
8.002801964798654522e-02 1.916261562269317986e+00 4.000000000000000000e+00 1.060000000000000000e+02 0.000000000000000000e+00
8.002801964798654522e-02 1.916261562269317986e+00 4.000000000000000000e+00 1.060000000000000000e+02 1.000000000000000000e+00
8.002801964798654522e-02 1.916261562269317986e+00 4.000000000000000000e+00 1.060000000000000000e+02 2.000000000000000000e+00
8.002801964798654522e-02 1.916261562269317986e+00 4.000000000000000000e+00 1.060000000000000000e+02 3.000000000000000000e+00
8.002801964798654522e-02 1.916261562269317986e+00 4.000000000000000000e+00 1.060000000000000000e+02 4.000000000000000000e+00
2.847781398918773910e-01 1.262175586039744113e+00 1.800000000000000000e+01 1.510000000000000000e+02 0.000000000000000000e+00
2.847781398918773910e-01 1.262175586039744113e+00 1.800000000000000000e+01 1.510000000000000000e+02 1.000000000000000000e+00
2.847781398918773910e-01 1.262175586039744113e+00 1.800000000000000000e+01 1.510000000000000000e+02 2.000000000000000000e+00
2.847781398918773910e-01 1.262175586039744113e+00 1.800000000000000000e+01 1.510000000000000000e+02 3.000000000000000000e+00
2.847781398918773910e-01 1.262175586039744113e+00 1.800000000000000000e+01 1.510000000000000000e+02 4.000000000000000000e+00
9.065000108982460558e-01 4.180937163119818889e-01 1.100000000000000000e+01 4.800000000000000000e+01 0.000000000000000000e+00
9.065000108982460558e-01 4.180937163119818889e-01 1.100000000000000000e+01 4.800000000000000000e+01 1.000000000000000000e+00
9.065000108982460558e-01 4.180937163119818889e-01 1.100000000000000000e+01 4.800000000000000000e+01 2.000000000000000000e+00
9.065000108982460558e-01 4.180937163119818889e-01 1.100000000000000000e+01 4.800000000000000000e+01 3.000000000000000000e+00
9.065000108982460558e-01 4.180937163119818889e-01 1.100000000000000000e+01 4.800000000000000000e+01 4.000000000000000000e+00
8.243047965514913589e-01 9.049601302499176159e-01 2.000000000000000000e+01 1.420000000000000000e+02 0.000000000000000000e+00
8.243047965514913589e-01 9.049601302499176159e-01 2.000000000000000000e+01 1.420000000000000000e+02 1.000000000000000000e+00
8.243047965514913589e-01 9.049601302499176159e-01 2.000000000000000000e+01 1.420000000000000000e+02 2.000000000000000000e+00
8.243047965514913589e-01 9.049601302499176159e-01 2.000000000000000000e+01 1.420000000000000000e+02 3.000000000000000000e+00
8.243047965514913589e-01 9.049601302499176159e-01 2.000000000000000000e+01 1.420000000000000000e+02 4.000000000000000000e+00
2.421334189232724476e-01 3.398533930468735642e-01 2.000000000000000000e+00 1.770000000000000000e+02 0.000000000000000000e+00
2.421334189232724476e-01 3.398533930468735642e-01 2.000000000000000000e+00 1.770000000000000000e+02 1.000000000000000000e+00
2.421334189232724476e-01 3.398533930468735642e-01 2.000000000000000000e+00 1.770000000000000000e+02 2.000000000000000000e+00
2.421334189232724476e-01 3.398533930468735642e-01 2.000000000000000000e+00 1.770000000000000000e+02 3.000000000000000000e+00
2.421334189232724476e-01 3.398533930468735642e-01 2.000000000000000000e+00 1.770000000000000000e+02 4.000000000000000000e+00
3.432413948066064258e-01 1.554724395854140795e+00 1.700000000000000000e+01 1.080000000000000000e+02 0.000000000000000000e+00
3.432413948066064258e-01 1.554724395854140795e+00 1.700000000000000000e+01 1.080000000000000000e+02 1.000000000000000000e+00
3.432413948066064258e-01 1.554724395854140795e+00 1.700000000000000000e+01 1.080000000000000000e+02 2.000000000000000000e+00
3.432413948066064258e-01 1.554724395854140795e+00 1.700000000000000000e+01 1.080000000000000000e+02 3.000000000000000000e+00
3.432413948066064258e-01 1.554724395854140795e+00 1.700000000000000000e+01 1.080000000000000000e+02 4.000000000000000000e+00
3.147903629339143111e-02 7.130167728674446925e-01 9.000000000000000000e+00 1.900000000000000000e+02 0.000000000000000000e+00
3.147903629339143111e-02 7.130167728674446925e-01 9.000000000000000000e+00 1.900000000000000000e+02 1.000000000000000000e+00
3.147903629339143111e-02 7.130167728674446925e-01 9.000000000000000000e+00 1.900000000000000000e+02 2.000000000000000000e+00
3.147903629339143111e-02 7.130167728674446925e-01 9.000000000000000000e+00 1.900000000000000000e+02 3.000000000000000000e+00
3.147903629339143111e-02 7.130167728674446925e-01 9.000000000000000000e+00 1.900000000000000000e+02 4.000000000000000000e+00
2.934956824169597800e-01 1.742657053550364932e+00 9.000000000000000000e+00 1.960000000000000000e+02 0.000000000000000000e+00
2.934956824169597800e-01 1.742657053550364932e+00 9.000000000000000000e+00 1.960000000000000000e+02 1.000000000000000000e+00
2.934956824169597800e-01 1.742657053550364932e+00 9.000000000000000000e+00 1.960000000000000000e+02 2.000000000000000000e+00
2.934956824169597800e-01 1.742657053550364932e+00 9.000000000000000000e+00 1.960000000000000000e+02 3.000000000000000000e+00
2.934956824169597800e-01 1.742657053550364932e+00 9.000000000000000000e+00 1.960000000000000000e+02 4.000000000000000000e+00
5.676908584114458423e-01 2.004900327547517680e+00 9.000000000000000000e+00 6.600000000000000000e+01 0.000000000000000000e+00
5.676908584114458423e-01 2.004900327547517680e+00 9.000000000000000000e+00 6.600000000000000000e+01 1.000000000000000000e+00
5.676908584114458423e-01 2.004900327547517680e+00 9.000000000000000000e+00 6.600000000000000000e+01 2.000000000000000000e+00
5.676908584114458423e-01 2.004900327547517680e+00 9.000000000000000000e+00 6.600000000000000000e+01 3.000000000000000000e+00
5.676908584114458423e-01 2.004900327547517680e+00 9.000000000000000000e+00 6.600000000000000000e+01 4.000000000000000000e+00
3.085249459100917191e-01 7.746683615638291220e-01 1.300000000000000000e+01 8.300000000000000000e+01 0.000000000000000000e+00
3.085249459100917191e-01 7.746683615638291220e-01 1.300000000000000000e+01 8.300000000000000000e+01 1.000000000000000000e+00
3.085249459100917191e-01 7.746683615638291220e-01 1.300000000000000000e+01 8.300000000000000000e+01 2.000000000000000000e+00
3.085249459100917191e-01 7.746683615638291220e-01 1.300000000000000000e+01 8.300000000000000000e+01 3.000000000000000000e+00
3.085249459100917191e-01 7.746683615638291220e-01 1.300000000000000000e+01 8.300000000000000000e+01 4.000000000000000000e+00
3.010222072639195945e-01 7.926344247020208345e-01 1.300000000000000000e+01 9.600000000000000000e+01 0.000000000000000000e+00
3.010222072639195945e-01 7.926344247020208345e-01 1.300000000000000000e+01 9.600000000000000000e+01 1.000000000000000000e+00
3.010222072639195945e-01 7.926344247020208345e-01 1.300000000000000000e+01 9.600000000000000000e+01 2.000000000000000000e+00
3.010222072639195945e-01 7.926344247020208345e-01 1.300000000000000000e+01 9.600000000000000000e+01 3.000000000000000000e+00
3.010222072639195945e-01 7.926344247020208345e-01 1.300000000000000000e+01 9.600000000000000000e+01 4.000000000000000000e+00
9.738583078852344199e-01 1.006013906703998373e+00 1.600000000000000000e+01 6.000000000000000000e+00 0.000000000000000000e+00
9.738583078852344199e-01 1.006013906703998373e+00 1.600000000000000000e+01 6.000000000000000000e+00 1.000000000000000000e+00
9.738583078852344199e-01 1.006013906703998373e+00 1.600000000000000000e+01 6.000000000000000000e+00 2.000000000000000000e+00
9.738583078852344199e-01 1.006013906703998373e+00 1.600000000000000000e+01 6.000000000000000000e+00 3.000000000000000000e+00
9.738583078852344199e-01 1.006013906703998373e+00 1.600000000000000000e+01 6.000000000000000000e+00 4.000000000000000000e+00
6.773277831971423468e-02 4.982250287895221286e-01 1.500000000000000000e+01 1.180000000000000000e+02 0.000000000000000000e+00
6.773277831971423468e-02 4.982250287895221286e-01 1.500000000000000000e+01 1.180000000000000000e+02 1.000000000000000000e+00
6.773277831971423468e-02 4.982250287895221286e-01 1.500000000000000000e+01 1.180000000000000000e+02 2.000000000000000000e+00
6.773277831971423468e-02 4.982250287895221286e-01 1.500000000000000000e+01 1.180000000000000000e+02 3.000000000000000000e+00
6.773277831971423468e-02 4.982250287895221286e-01 1.500000000000000000e+01 1.180000000000000000e+02 4.000000000000000000e+00
5.944944243634747716e-01 5.407062432333334945e-01 1.200000000000000000e+01 1.560000000000000000e+02 0.000000000000000000e+00
5.944944243634747716e-01 5.407062432333334945e-01 1.200000000000000000e+01 1.560000000000000000e+02 1.000000000000000000e+00
5.944944243634747716e-01 5.407062432333334945e-01 1.200000000000000000e+01 1.560000000000000000e+02 2.000000000000000000e+00
5.944944243634747716e-01 5.407062432333334945e-01 1.200000000000000000e+01 1.560000000000000000e+02 3.000000000000000000e+00
5.944944243634747716e-01 5.407062432333334945e-01 1.200000000000000000e+01 1.560000000000000000e+02 4.000000000000000000e+00
7.964477116987580541e-01 6.530762426329531634e-01 1.700000000000000000e+01 2.600000000000000000e+01 0.000000000000000000e+00
7.964477116987580541e-01 6.530762426329531634e-01 1.700000000000000000e+01 2.600000000000000000e+01 1.000000000000000000e+00
7.964477116987580541e-01 6.530762426329531634e-01 1.700000000000000000e+01 2.600000000000000000e+01 2.000000000000000000e+00
7.964477116987580541e-01 6.530762426329531634e-01 1.700000000000000000e+01 2.600000000000000000e+01 3.000000000000000000e+00
7.964477116987580541e-01 6.530762426329531634e-01 1.700000000000000000e+01 2.600000000000000000e+01 4.000000000000000000e+00
7.306396277151121499e-01 1.671298026925977231e-01 1.800000000000000000e+01 6.800000000000000000e+01 0.000000000000000000e+00
7.306396277151121499e-01 1.671298026925977231e-01 1.800000000000000000e+01 6.800000000000000000e+01 1.000000000000000000e+00
7.306396277151121499e-01 1.671298026925977231e-01 1.800000000000000000e+01 6.800000000000000000e+01 2.000000000000000000e+00
7.306396277151121499e-01 1.671298026925977231e-01 1.800000000000000000e+01 6.800000000000000000e+01 3.000000000000000000e+00
7.306396277151121499e-01 1.671298026925977231e-01 1.800000000000000000e+01 6.800000000000000000e+01 4.000000000000000000e+00
3.339514433735758514e-01 5.902037705721275840e-01 5.000000000000000000e+00 1.600000000000000000e+01 0.000000000000000000e+00
3.339514433735758514e-01 5.902037705721275840e-01 5.000000000000000000e+00 1.600000000000000000e+01 1.000000000000000000e+00
3.339514433735758514e-01 5.902037705721275840e-01 5.000000000000000000e+00 1.600000000000000000e+01 2.000000000000000000e+00
3.339514433735758514e-01 5.902037705721275840e-01 5.000000000000000000e+00 1.600000000000000000e+01 3.000000000000000000e+00
3.339514433735758514e-01 5.902037705721275840e-01 5.000000000000000000e+00 1.600000000000000000e+01 4.000000000000000000e+00
1.001862515447218716e+00 1.607324975908569931e+00 1.000000000000000000e+00 1.400000000000000000e+02 0.000000000000000000e+00
1.001862515447218716e+00 1.607324975908569931e+00 1.000000000000000000e+00 1.400000000000000000e+02 1.000000000000000000e+00
1.001862515447218716e+00 1.607324975908569931e+00 1.000000000000000000e+00 1.400000000000000000e+02 2.000000000000000000e+00
1.001862515447218716e+00 1.607324975908569931e+00 1.000000000000000000e+00 1.400000000000000000e+02 3.000000000000000000e+00
1.001862515447218716e+00 1.607324975908569931e+00 1.000000000000000000e+00 1.400000000000000000e+02 4.000000000000000000e+00
4.042147485315711331e-01 5.331121693866346378e-01 1.100000000000000000e+01 1.560000000000000000e+02 0.000000000000000000e+00
4.042147485315711331e-01 5.331121693866346378e-01 1.100000000000000000e+01 1.560000000000000000e+02 1.000000000000000000e+00
4.042147485315711331e-01 5.331121693866346378e-01 1.100000000000000000e+01 1.560000000000000000e+02 2.000000000000000000e+00
4.042147485315711331e-01 5.331121693866346378e-01 1.100000000000000000e+01 1.560000000000000000e+02 3.000000000000000000e+00
4.042147485315711331e-01 5.331121693866346378e-01 1.100000000000000000e+01 1.560000000000000000e+02 4.000000000000000000e+00
8.942608979294260907e-01 8.105793231174317492e-01 2.000000000000000000e+01 1.900000000000000000e+02 0.000000000000000000e+00
8.942608979294260907e-01 8.105793231174317492e-01 2.000000000000000000e+01 1.900000000000000000e+02 1.000000000000000000e+00
8.942608979294260907e-01 8.105793231174317492e-01 2.000000000000000000e+01 1.900000000000000000e+02 2.000000000000000000e+00
8.942608979294260907e-01 8.105793231174317492e-01 2.000000000000000000e+01 1.900000000000000000e+02 3.000000000000000000e+00
8.942608979294260907e-01 8.105793231174317492e-01 2.000000000000000000e+01 1.900000000000000000e+02 4.000000000000000000e+00
4.559803873277820108e-01 1.704657784131818010e+00 5.000000000000000000e+00 1.240000000000000000e+02 0.000000000000000000e+00
4.559803873277820108e-01 1.704657784131818010e+00 5.000000000000000000e+00 1.240000000000000000e+02 1.000000000000000000e+00
4.559803873277820108e-01 1.704657784131818010e+00 5.000000000000000000e+00 1.240000000000000000e+02 2.000000000000000000e+00
4.559803873277820108e-01 1.704657784131818010e+00 5.000000000000000000e+00 1.240000000000000000e+02 3.000000000000000000e+00
4.559803873277820108e-01 1.704657784131818010e+00 5.000000000000000000e+00 1.240000000000000000e+02 4.000000000000000000e+00
7.315898542881001942e-01 1.905049043342740500e+00 1.800000000000000000e+01 1.190000000000000000e+02 0.000000000000000000e+00
7.315898542881001942e-01 1.905049043342740500e+00 1.800000000000000000e+01 1.190000000000000000e+02 1.000000000000000000e+00
7.315898542881001942e-01 1.905049043342740500e+00 1.800000000000000000e+01 1.190000000000000000e+02 2.000000000000000000e+00
7.315898542881001942e-01 1.905049043342740500e+00 1.800000000000000000e+01 1.190000000000000000e+02 3.000000000000000000e+00
7.315898542881001942e-01 1.905049043342740500e+00 1.800000000000000000e+01 1.190000000000000000e+02 4.000000000000000000e+00
7.018715851174691656e-01 1.815165360067566791e+00 1.300000000000000000e+01 1.560000000000000000e+02 0.000000000000000000e+00
7.018715851174691656e-01 1.815165360067566791e+00 1.300000000000000000e+01 1.560000000000000000e+02 1.000000000000000000e+00
7.018715851174691656e-01 1.815165360067566791e+00 1.300000000000000000e+01 1.560000000000000000e+02 2.000000000000000000e+00
7.018715851174691656e-01 1.815165360067566791e+00 1.300000000000000000e+01 1.560000000000000000e+02 3.000000000000000000e+00
7.018715851174691656e-01 1.815165360067566791e+00 1.300000000000000000e+01 1.560000000000000000e+02 4.000000000000000000e+00
7.623880113073113751e-01 1.333696514183487558e+00 1.800000000000000000e+01 2.900000000000000000e+01 0.000000000000000000e+00
7.623880113073113751e-01 1.333696514183487558e+00 1.800000000000000000e+01 2.900000000000000000e+01 1.000000000000000000e+00
7.623880113073113751e-01 1.333696514183487558e+00 1.800000000000000000e+01 2.900000000000000000e+01 2.000000000000000000e+00
7.623880113073113751e-01 1.333696514183487558e+00 1.800000000000000000e+01 2.900000000000000000e+01 3.000000000000000000e+00
7.623880113073113751e-01 1.333696514183487558e+00 1.800000000000000000e+01 2.900000000000000000e+01 4.000000000000000000e+00
