5.009623875237653179e-01 1.606489681602078168e+00 1.400000000000000000e+01 1.210000000000000000e+02 0.000000000000000000e+00
5.009623875237653179e-01 1.606489681602078168e+00 1.400000000000000000e+01 1.210000000000000000e+02 1.000000000000000000e+00
5.009623875237653179e-01 1.606489681602078168e+00 1.400000000000000000e+01 1.210000000000000000e+02 2.000000000000000000e+00
5.009623875237653179e-01 1.606489681602078168e+00 1.400000000000000000e+01 1.210000000000000000e+02 3.000000000000000000e+00
5.009623875237653179e-01 1.606489681602078168e+00 1.400000000000000000e+01 1.210000000000000000e+02 4.000000000000000000e+00
9.442233418998186023e-01 2.017922474635147623e+00 8.000000000000000000e+00 8.700000000000000000e+01 0.000000000000000000e+00
9.442233418998186023e-01 2.017922474635147623e+00 8.000000000000000000e+00 8.700000000000000000e+01 1.000000000000000000e+00
9.442233418998186023e-01 2.017922474635147623e+00 8.000000000000000000e+00 8.700000000000000000e+01 2.000000000000000000e+00
9.442233418998186023e-01 2.017922474635147623e+00 8.000000000000000000e+00 8.700000000000000000e+01 3.000000000000000000e+00
9.442233418998186023e-01 2.017922474635147623e+00 8.000000000000000000e+00 8.700000000000000000e+01 4.000000000000000000e+00
1.681729664799059831e-01 4.319638405839881790e-01 4.000000000000000000e+00 1.440000000000000000e+02 0.000000000000000000e+00
1.681729664799059831e-01 4.319638405839881790e-01 4.000000000000000000e+00 1.440000000000000000e+02 1.000000000000000000e+00
1.681729664799059831e-01 4.319638405839881790e-01 4.000000000000000000e+00 1.440000000000000000e+02 2.000000000000000000e+00
1.681729664799059831e-01 4.319638405839881790e-01 4.000000000000000000e+00 1.440000000000000000e+02 3.000000000000000000e+00
1.681729664799059831e-01 4.319638405839881790e-01 4.000000000000000000e+00 1.440000000000000000e+02 4.000000000000000000e+00
3.016806507237081991e-01 6.005243759495860756e-01 8.000000000000000000e+00 2.300000000000000000e+01 0.000000000000000000e+00
3.016806507237081991e-01 6.005243759495860756e-01 8.000000000000000000e+00 2.300000000000000000e+01 1.000000000000000000e+00
3.016806507237081991e-01 6.005243759495860756e-01 8.000000000000000000e+00 2.300000000000000000e+01 2.000000000000000000e+00
3.016806507237081991e-01 6.005243759495860756e-01 8.000000000000000000e+00 2.300000000000000000e+01 3.000000000000000000e+00
3.016806507237081991e-01 6.005243759495860756e-01 8.000000000000000000e+00 2.300000000000000000e+01 4.000000000000000000e+00
2.156620710539003394e-01 3.292115692790374970e-01 1.300000000000000000e+01 1.540000000000000000e+02 0.000000000000000000e+00
2.156620710539003394e-01 3.292115692790374970e-01 1.300000000000000000e+01 1.540000000000000000e+02 1.000000000000000000e+00
2.156620710539003394e-01 3.292115692790374970e-01 1.300000000000000000e+01 1.540000000000000000e+02 2.000000000000000000e+00
2.156620710539003394e-01 3.292115692790374970e-01 1.300000000000000000e+01 1.540000000000000000e+02 3.000000000000000000e+00
2.156620710539003394e-01 3.292115692790374970e-01 1.300000000000000000e+01 1.540000000000000000e+02 4.000000000000000000e+00
8.842744405893231130e-02 9.223677868934984092e-01 1.300000000000000000e+01 1.260000000000000000e+02 0.000000000000000000e+00
8.842744405893231130e-02 9.223677868934984092e-01 1.300000000000000000e+01 1.260000000000000000e+02 1.000000000000000000e+00
8.842744405893231130e-02 9.223677868934984092e-01 1.300000000000000000e+01 1.260000000000000000e+02 2.000000000000000000e+00
8.842744405893231130e-02 9.223677868934984092e-01 1.300000000000000000e+01 1.260000000000000000e+02 3.000000000000000000e+00
8.842744405893231130e-02 9.223677868934984092e-01 1.300000000000000000e+01 1.260000000000000000e+02 4.000000000000000000e+00
5.602828649491606861e-01 4.641283566057491372e-01 1.500000000000000000e+01 4.200000000000000000e+01 0.000000000000000000e+00
5.602828649491606861e-01 4.641283566057491372e-01 1.500000000000000000e+01 4.200000000000000000e+01 1.000000000000000000e+00
5.602828649491606861e-01 4.641283566057491372e-01 1.500000000000000000e+01 4.200000000000000000e+01 2.000000000000000000e+00
5.602828649491606861e-01 4.641283566057491372e-01 1.500000000000000000e+01 4.200000000000000000e+01 3.000000000000000000e+00
5.602828649491606861e-01 4.641283566057491372e-01 1.500000000000000000e+01 4.200000000000000000e+01 4.000000000000000000e+00
1.219408626010297890e-02 4.385898735304875062e-01 6.000000000000000000e+00 2.000000000000000000e+01 0.000000000000000000e+00
1.219408626010297890e-02 4.385898735304875062e-01 6.000000000000000000e+00 2.000000000000000000e+01 1.000000000000000000e+00
1.219408626010297890e-02 4.385898735304875062e-01 6.000000000000000000e+00 2.000000000000000000e+01 2.000000000000000000e+00
1.219408626010297890e-02 4.385898735304875062e-01 6.000000000000000000e+00 2.000000000000000000e+01 3.000000000000000000e+00
1.219408626010297890e-02 4.385898735304875062e-01 6.000000000000000000e+00 2.000000000000000000e+01 4.000000000000000000e+00
1.568563327007855834e-01 1.987703075823837651e+00 1.000000000000000000e+01 8.600000000000000000e+01 0.000000000000000000e+00
1.568563327007855834e-01 1.987703075823837651e+00 1.000000000000000000e+01 8.600000000000000000e+01 1.000000000000000000e+00
1.568563327007855834e-01 1.987703075823837651e+00 1.000000000000000000e+01 8.600000000000000000e+01 2.000000000000000000e+00
1.568563327007855834e-01 1.987703075823837651e+00 1.000000000000000000e+01 8.600000000000000000e+01 3.000000000000000000e+00
1.568563327007855834e-01 1.987703075823837651e+00 1.000000000000000000e+01 8.600000000000000000e+01 4.000000000000000000e+00
5.934228747262566550e-01 9.358672931542894036e-01 4.000000000000000000e+00 1.480000000000000000e+02 0.000000000000000000e+00
5.934228747262566550e-01 9.358672931542894036e-01 4.000000000000000000e+00 1.480000000000000000e+02 1.000000000000000000e+00
5.934228747262566550e-01 9.358672931542894036e-01 4.000000000000000000e+00 1.480000000000000000e+02 2.000000000000000000e+00
5.934228747262566550e-01 9.358672931542894036e-01 4.000000000000000000e+00 1.480000000000000000e+02 3.000000000000000000e+00
5.934228747262566550e-01 9.358672931542894036e-01 4.000000000000000000e+00 1.480000000000000000e+02 4.000000000000000000e+00
9.815465914103455036e-01 7.708596275554003840e-01 1.500000000000000000e+01 4.100000000000000000e+01 0.000000000000000000e+00
9.815465914103455036e-01 7.708596275554003840e-01 1.500000000000000000e+01 4.100000000000000000e+01 1.000000000000000000e+00
9.815465914103455036e-01 7.708596275554003840e-01 1.500000000000000000e+01 4.100000000000000000e+01 2.000000000000000000e+00
9.815465914103455036e-01 7.708596275554003840e-01 1.500000000000000000e+01 4.100000000000000000e+01 3.000000000000000000e+00
9.815465914103455036e-01 7.708596275554003840e-01 1.500000000000000000e+01 4.100000000000000000e+01 4.000000000000000000e+00
5.200317993506539116e-01 9.741487682559127892e-01 1.600000000000000000e+01 1.340000000000000000e+02 0.000000000000000000e+00
5.200317993506539116e-01 9.741487682559127892e-01 1.600000000000000000e+01 1.340000000000000000e+02 1.000000000000000000e+00
5.200317993506539116e-01 9.741487682559127892e-01 1.600000000000000000e+01 1.340000000000000000e+02 2.000000000000000000e+00
5.200317993506539116e-01 9.741487682559127892e-01 1.600000000000000000e+01 1.340000000000000000e+02 3.000000000000000000e+00
5.200317993506539116e-01 9.741487682559127892e-01 1.600000000000000000e+01 1.340000000000000000e+02 4.000000000000000000e+00
5.317214765116027309e-01 1.767052563813810595e+00 1.000000000000000000e+01 6.400000000000000000e+01 0.000000000000000000e+00
5.317214765116027309e-01 1.767052563813810595e+00 1.000000000000000000e+01 6.400000000000000000e+01 1.000000000000000000e+00
5.317214765116027309e-01 1.767052563813810595e+00 1.000000000000000000e+01 6.400000000000000000e+01 2.000000000000000000e+00
5.317214765116027309e-01 1.767052563813810595e+00 1.000000000000000000e+01 6.400000000000000000e+01 3.000000000000000000e+00
5.317214765116027309e-01 1.767052563813810595e+00 1.000000000000000000e+01 6.400000000000000000e+01 4.000000000000000000e+00
4.315839266383820760e-01 2.786328875052800358e-01 1.500000000000000000e+01 9.000000000000000000e+01 0.000000000000000000e+00
4.315839266383820760e-01 2.786328875052800358e-01 1.500000000000000000e+01 9.000000000000000000e+01 1.000000000000000000e+00
4.315839266383820760e-01 2.786328875052800358e-01 1.500000000000000000e+01 9.000000000000000000e+01 2.000000000000000000e+00
4.315839266383820760e-01 2.786328875052800358e-01 1.500000000000000000e+01 9.000000000000000000e+01 3.000000000000000000e+00
4.315839266383820760e-01 2.786328875052800358e-01 1.500000000000000000e+01 9.000000000000000000e+01 4.000000000000000000e+00
5.979921536522178060e-01 4.157535091402794203e-01 6.000000000000000000e+00 1.650000000000000000e+02 0.000000000000000000e+00
5.979921536522178060e-01 4.157535091402794203e-01 6.000000000000000000e+00 1.650000000000000000e+02 1.000000000000000000e+00
5.979921536522178060e-01 4.157535091402794203e-01 6.000000000000000000e+00 1.650000000000000000e+02 2.000000000000000000e+00
5.979921536522178060e-01 4.157535091402794203e-01 6.000000000000000000e+00 1.650000000000000000e+02 3.000000000000000000e+00
5.979921536522178060e-01 4.157535091402794203e-01 6.000000000000000000e+00 1.650000000000000000e+02 4.000000000000000000e+00
3.147452624932171039e-01 1.235421666287252584e+00 1.000000000000000000e+00 1.000000000000000000e+00 0.000000000000000000e+00
3.147452624932171039e-01 1.235421666287252584e+00 1.000000000000000000e+00 1.000000000000000000e+00 1.000000000000000000e+00
3.147452624932171039e-01 1.235421666287252584e+00 1.000000000000000000e+00 1.000000000000000000e+00 2.000000000000000000e+00
3.147452624932171039e-01 1.235421666287252584e+00 1.000000000000000000e+00 1.000000000000000000e+00 3.000000000000000000e+00
3.147452624932171039e-01 1.235421666287252584e+00 1.000000000000000000e+00 1.000000000000000000e+00 4.000000000000000000e+00
7.177619096049477898e-01 1.841453202178161774e+00 1.500000000000000000e+01 3.200000000000000000e+01 0.000000000000000000e+00
7.177619096049477898e-01 1.841453202178161774e+00 1.500000000000000000e+01 3.200000000000000000e+01 1.000000000000000000e+00
7.177619096049477898e-01 1.841453202178161774e+00 1.500000000000000000e+01 3.200000000000000000e+01 2.000000000000000000e+00
7.177619096049477898e-01 1.841453202178161774e+00 1.500000000000000000e+01 3.200000000000000000e+01 3.000000000000000000e+00
7.177619096049477898e-01 1.841453202178161774e+00 1.500000000000000000e+01 3.200000000000000000e+01 4.000000000000000000e+00
9.401928666295247261e-01 4.814154000114886367e-01 1.100000000000000000e+01 1.000000000000000000e+01 0.000000000000000000e+00
9.401928666295247261e-01 4.814154000114886367e-01 1.100000000000000000e+01 1.000000000000000000e+01 1.000000000000000000e+00
9.401928666295247261e-01 4.814154000114886367e-01 1.100000000000000000e+01 1.000000000000000000e+01 2.000000000000000000e+00
9.401928666295247261e-01 4.814154000114886367e-01 1.100000000000000000e+01 1.000000000000000000e+01 3.000000000000000000e+00
9.401928666295247261e-01 4.814154000114886367e-01 1.100000000000000000e+01 1.000000000000000000e+01 4.000000000000000000e+00
9.487901487495400410e-01 1.242207239146589481e+00 1.400000000000000000e+01 1.820000000000000000e+02 0.000000000000000000e+00
9.487901487495400410e-01 1.242207239146589481e+00 1.400000000000000000e+01 1.820000000000000000e+02 1.000000000000000000e+00
9.487901487495400410e-01 1.242207239146589481e+00 1.400000000000000000e+01 1.820000000000000000e+02 2.000000000000000000e+00
9.487901487495400410e-01 1.242207239146589481e+00 1.400000000000000000e+01 1.820000000000000000e+02 3.000000000000000000e+00
9.487901487495400410e-01 1.242207239146589481e+00 1.400000000000000000e+01 1.820000000000000000e+02 4.000000000000000000e+00
9.926062416050209780e-01 6.067402537358871362e-01 2.000000000000000000e+00 1.100000000000000000e+01 0.000000000000000000e+00
9.926062416050209780e-01 6.067402537358871362e-01 2.000000000000000000e+00 1.100000000000000000e+01 1.000000000000000000e+00
9.926062416050209780e-01 6.067402537358871362e-01 2.000000000000000000e+00 1.100000000000000000e+01 2.000000000000000000e+00
9.926062416050209780e-01 6.067402537358871362e-01 2.000000000000000000e+00 1.100000000000000000e+01 3.000000000000000000e+00
9.926062416050209780e-01 6.067402537358871362e-01 2.000000000000000000e+00 1.100000000000000000e+01 4.000000000000000000e+00
4.223709744636805485e-01 1.501914907584932513e+00 1.300000000000000000e+01 2.000000000000000000e+00 0.000000000000000000e+00
4.223709744636805485e-01 1.501914907584932513e+00 1.300000000000000000e+01 2.000000000000000000e+00 1.000000000000000000e+00
4.223709744636805485e-01 1.501914907584932513e+00 1.300000000000000000e+01 2.000000000000000000e+00 2.000000000000000000e+00
4.223709744636805485e-01 1.501914907584932513e+00 1.300000000000000000e+01 2.000000000000000000e+00 3.000000000000000000e+00
4.223709744636805485e-01 1.501914907584932513e+00 1.300000000000000000e+01 2.000000000000000000e+00 4.000000000000000000e+00
7.519964618991251681e-01 4.509978967635909219e-01 5.000000000000000000e+00 5.000000000000000000e+01 0.000000000000000000e+00
7.519964618991251681e-01 4.509978967635909219e-01 5.000000000000000000e+00 5.000000000000000000e+01 1.000000000000000000e+00
7.519964618991251681e-01 4.509978967635909219e-01 5.000000000000000000e+00 5.000000000000000000e+01 2.000000000000000000e+00
7.519964618991251681e-01 4.509978967635909219e-01 5.000000000000000000e+00 5.000000000000000000e+01 3.000000000000000000e+00
7.519964618991251681e-01 4.509978967635909219e-01 5.000000000000000000e+00 5.000000000000000000e+01 4.000000000000000000e+00
4.733719583587916446e-01 1.804090142908097105e+00 3.000000000000000000e+00 1.710000000000000000e+02 0.000000000000000000e+00
4.733719583587916446e-01 1.804090142908097105e+00 3.000000000000000000e+00 1.710000000000000000e+02 1.000000000000000000e+00
4.733719583587916446e-01 1.804090142908097105e+00 3.000000000000000000e+00 1.710000000000000000e+02 2.000000000000000000e+00
4.733719583587916446e-01 1.804090142908097105e+00 3.000000000000000000e+00 1.710000000000000000e+02 3.000000000000000000e+00
4.733719583587916446e-01 1.804090142908097105e+00 3.000000000000000000e+00 1.710000000000000000e+02 4.000000000000000000e+00
7.451460021681964585e-02 7.865657824879871418e-01 5.000000000000000000e+00 8.100000000000000000e+01 0.000000000000000000e+00
7.451460021681964585e-02 7.865657824879871418e-01 5.000000000000000000e+00 8.100000000000000000e+01 1.000000000000000000e+00
7.451460021681964585e-02 7.865657824879871418e-01 5.000000000000000000e+00 8.100000000000000000e+01 2.000000000000000000e+00
7.451460021681964585e-02 7.865657824879871418e-01 5.000000000000000000e+00 8.100000000000000000e+01 3.000000000000000000e+00
7.451460021681964585e-02 7.865657824879871418e-01 5.000000000000000000e+00 8.100000000000000000e+01 4.000000000000000000e+00
1.001755348961662850e+00 1.885776442543402931e+00 1.800000000000000000e+01 1.260000000000000000e+02 0.000000000000000000e+00
1.001755348961662850e+00 1.885776442543402931e+00 1.800000000000000000e+01 1.260000000000000000e+02 1.000000000000000000e+00
1.001755348961662850e+00 1.885776442543402931e+00 1.800000000000000000e+01 1.260000000000000000e+02 2.000000000000000000e+00
1.001755348961662850e+00 1.885776442543402931e+00 1.800000000000000000e+01 1.260000000000000000e+02 3.000000000000000000e+00
1.001755348961662850e+00 1.885776442543402931e+00 1.800000000000000000e+01 1.260000000000000000e+02 4.000000000000000000e+00
5.747608949841489512e-01 1.029543419786586700e+00 1.600000000000000000e+01 5.200000000000000000e+01 0.000000000000000000e+00
5.747608949841489512e-01 1.029543419786586700e+00 1.600000000000000000e+01 5.200000000000000000e+01 1.000000000000000000e+00
5.747608949841489512e-01 1.029543419786586700e+00 1.600000000000000000e+01 5.200000000000000000e+01 2.000000000000000000e+00
5.747608949841489512e-01 1.029543419786586700e+00 1.600000000000000000e+01 5.200000000000000000e+01 3.000000000000000000e+00
5.747608949841489512e-01 1.029543419786586700e+00 1.600000000000000000e+01 5.200000000000000000e+01 4.000000000000000000e+00
4.299178542784243273e-01 1.814214493857178478e+00 6.000000000000000000e+00 4.100000000000000000e+01 0.000000000000000000e+00
4.299178542784243273e-01 1.814214493857178478e+00 6.000000000000000000e+00 4.100000000000000000e+01 1.000000000000000000e+00
4.299178542784243273e-01 1.814214493857178478e+00 6.000000000000000000e+00 4.100000000000000000e+01 2.000000000000000000e+00
4.299178542784243273e-01 1.814214493857178478e+00 6.000000000000000000e+00 4.100000000000000000e+01 3.000000000000000000e+00
4.299178542784243273e-01 1.814214493857178478e+00 6.000000000000000000e+00 4.100000000000000000e+01 4.000000000000000000e+00
9.822910288104330645e-01 9.130829428825290028e-01 1.200000000000000000e+01 3.700000000000000000e+01 0.000000000000000000e+00
9.822910288104330645e-01 9.130829428825290028e-01 1.200000000000000000e+01 3.700000000000000000e+01 1.000000000000000000e+00
9.822910288104330645e-01 9.130829428825290028e-01 1.200000000000000000e+01 3.700000000000000000e+01 2.000000000000000000e+00
9.822910288104330645e-01 9.130829428825290028e-01 1.200000000000000000e+01 3.700000000000000000e+01 3.000000000000000000e+00
9.822910288104330645e-01 9.130829428825290028e-01 1.200000000000000000e+01 3.700000000000000000e+01 4.000000000000000000e+00
1.131561060229283461e-01 1.565157381241087942e+00 1.800000000000000000e+01 5.900000000000000000e+01 0.000000000000000000e+00
1.131561060229283461e-01 1.565157381241087942e+00 1.800000000000000000e+01 5.900000000000000000e+01 1.000000000000000000e+00
1.131561060229283461e-01 1.565157381241087942e+00 1.800000000000000000e+01 5.900000000000000000e+01 2.000000000000000000e+00
1.131561060229283461e-01 1.565157381241087942e+00 1.800000000000000000e+01 5.900000000000000000e+01 3.000000000000000000e+00
1.131561060229283461e-01 1.565157381241087942e+00 1.800000000000000000e+01 5.900000000000000000e+01 4.000000000000000000e+00
1.921973076487990539e-01 2.658352972244800716e-01 3.000000000000000000e+00 7.900000000000000000e+01 0.000000000000000000e+00
1.921973076487990539e-01 2.658352972244800716e-01 3.000000000000000000e+00 7.900000000000000000e+01 1.000000000000000000e+00
1.921973076487990539e-01 2.658352972244800716e-01 3.000000000000000000e+00 7.900000000000000000e+01 2.000000000000000000e+00
1.921973076487990539e-01 2.658352972244800716e-01 3.000000000000000000e+00 7.900000000000000000e+01 3.000000000000000000e+00
1.921973076487990539e-01 2.658352972244800716e-01 3.000000000000000000e+00 7.900000000000000000e+01 4.000000000000000000e+00
4.165134147123510377e-01 8.442141084841031651e-01 1.800000000000000000e+01 2.600000000000000000e+01 0.000000000000000000e+00
4.165134147123510377e-01 8.442141084841031651e-01 1.800000000000000000e+01 2.600000000000000000e+01 1.000000000000000000e+00
4.165134147123510377e-01 8.442141084841031651e-01 1.800000000000000000e+01 2.600000000000000000e+01 2.000000000000000000e+00
4.165134147123510377e-01 8.442141084841031651e-01 1.800000000000000000e+01 2.600000000000000000e+01 3.000000000000000000e+00
4.165134147123510377e-01 8.442141084841031651e-01 1.800000000000000000e+01 2.600000000000000000e+01 4.000000000000000000e+00
9.777479216548253804e-01 6.768890141630680146e-01 1.400000000000000000e+01 1.530000000000000000e+02 0.000000000000000000e+00
9.777479216548253804e-01 6.768890141630680146e-01 1.400000000000000000e+01 1.530000000000000000e+02 1.000000000000000000e+00
9.777479216548253804e-01 6.768890141630680146e-01 1.400000000000000000e+01 1.530000000000000000e+02 2.000000000000000000e+00
9.777479216548253804e-01 6.768890141630680146e-01 1.400000000000000000e+01 1.530000000000000000e+02 3.000000000000000000e+00
9.777479216548253804e-01 6.768890141630680146e-01 1.400000000000000000e+01 1.530000000000000000e+02 4.000000000000000000e+00
7.892953957421665612e-01 6.036420171861595074e-01 1.700000000000000000e+01 1.000000000000000000e+00 0.000000000000000000e+00
7.892953957421665612e-01 6.036420171861595074e-01 1.700000000000000000e+01 1.000000000000000000e+00 1.000000000000000000e+00
7.892953957421665612e-01 6.036420171861595074e-01 1.700000000000000000e+01 1.000000000000000000e+00 2.000000000000000000e+00
7.892953957421665612e-01 6.036420171861595074e-01 1.700000000000000000e+01 1.000000000000000000e+00 3.000000000000000000e+00
7.892953957421665612e-01 6.036420171861595074e-01 1.700000000000000000e+01 1.000000000000000000e+00 4.000000000000000000e+00
8.094937092849462112e-02 9.287861850239330641e-01 5.000000000000000000e+00 1.430000000000000000e+02 0.000000000000000000e+00
8.094937092849462112e-02 9.287861850239330641e-01 5.000000000000000000e+00 1.430000000000000000e+02 1.000000000000000000e+00
8.094937092849462112e-02 9.287861850239330641e-01 5.000000000000000000e+00 1.430000000000000000e+02 2.000000000000000000e+00
8.094937092849462112e-02 9.287861850239330641e-01 5.000000000000000000e+00 1.430000000000000000e+02 3.000000000000000000e+00
8.094937092849462112e-02 9.287861850239330641e-01 5.000000000000000000e+00 1.430000000000000000e+02 4.000000000000000000e+00
1.225618044896217146e-01 1.692895570695198249e+00 6.000000000000000000e+00 8.100000000000000000e+01 0.000000000000000000e+00
1.225618044896217146e-01 1.692895570695198249e+00 6.000000000000000000e+00 8.100000000000000000e+01 1.000000000000000000e+00
1.225618044896217146e-01 1.692895570695198249e+00 6.000000000000000000e+00 8.100000000000000000e+01 2.000000000000000000e+00
1.225618044896217146e-01 1.692895570695198249e+00 6.000000000000000000e+00 8.100000000000000000e+01 3.000000000000000000e+00
1.225618044896217146e-01 1.692895570695198249e+00 6.000000000000000000e+00 8.100000000000000000e+01 4.000000000000000000e+00
8.897056751745990866e-01 1.726935738327583847e+00 7.000000000000000000e+00 1.410000000000000000e+02 0.000000000000000000e+00
8.897056751745990866e-01 1.726935738327583847e+00 7.000000000000000000e+00 1.410000000000000000e+02 1.000000000000000000e+00
8.897056751745990866e-01 1.726935738327583847e+00 7.000000000000000000e+00 1.410000000000000000e+02 2.000000000000000000e+00
8.897056751745990866e-01 1.726935738327583847e+00 7.000000000000000000e+00 1.410000000000000000e+02 3.000000000000000000e+00
8.897056751745990866e-01 1.726935738327583847e+00 7.000000000000000000e+00 1.410000000000000000e+02 4.000000000000000000e+00
5.320974036306560517e-01 4.965714322077757759e-01 1.900000000000000000e+01 3.700000000000000000e+01 0.000000000000000000e+00
5.320974036306560517e-01 4.965714322077757759e-01 1.900000000000000000e+01 3.700000000000000000e+01 1.000000000000000000e+00
5.320974036306560517e-01 4.965714322077757759e-01 1.900000000000000000e+01 3.700000000000000000e+01 2.000000000000000000e+00
5.320974036306560517e-01 4.965714322077757759e-01 1.900000000000000000e+01 3.700000000000000000e+01 3.000000000000000000e+00
5.320974036306560517e-01 4.965714322077757759e-01 1.900000000000000000e+01 3.700000000000000000e+01 4.000000000000000000e+00
3.287808161949800495e-02 3.558654227866838715e-01 3.000000000000000000e+00 9.000000000000000000e+01 0.000000000000000000e+00
3.287808161949800495e-02 3.558654227866838715e-01 3.000000000000000000e+00 9.000000000000000000e+01 1.000000000000000000e+00
3.287808161949800495e-02 3.558654227866838715e-01 3.000000000000000000e+00 9.000000000000000000e+01 2.000000000000000000e+00
3.287808161949800495e-02 3.558654227866838715e-01 3.000000000000000000e+00 9.000000000000000000e+01 3.000000000000000000e+00
3.287808161949800495e-02 3.558654227866838715e-01 3.000000000000000000e+00 9.000000000000000000e+01 4.000000000000000000e+00
2.179496029340953767e-01 8.713530743782934573e-01 7.000000000000000000e+00 1.320000000000000000e+02 0.000000000000000000e+00
2.179496029340953767e-01 8.713530743782934573e-01 7.000000000000000000e+00 1.320000000000000000e+02 1.000000000000000000e+00
2.179496029340953767e-01 8.713530743782934573e-01 7.000000000000000000e+00 1.320000000000000000e+02 2.000000000000000000e+00
2.179496029340953767e-01 8.713530743782934573e-01 7.000000000000000000e+00 1.320000000000000000e+02 3.000000000000000000e+00
2.179496029340953767e-01 8.713530743782934573e-01 7.000000000000000000e+00 1.320000000000000000e+02 4.000000000000000000e+00
8.728778011510356372e-01 1.443687125345846756e+00 2.000000000000000000e+00 1.160000000000000000e+02 0.000000000000000000e+00
8.728778011510356372e-01 1.443687125345846756e+00 2.000000000000000000e+00 1.160000000000000000e+02 1.000000000000000000e+00
8.728778011510356372e-01 1.443687125345846756e+00 2.000000000000000000e+00 1.160000000000000000e+02 2.000000000000000000e+00
8.728778011510356372e-01 1.443687125345846756e+00 2.000000000000000000e+00 1.160000000000000000e+02 3.000000000000000000e+00
8.728778011510356372e-01 1.443687125345846756e+00 2.000000000000000000e+00 1.160000000000000000e+02 4.000000000000000000e+00
8.100422664198124734e-01 1.295554761152434509e+00 1.400000000000000000e+01 8.500000000000000000e+01 0.000000000000000000e+00
8.100422664198124734e-01 1.295554761152434509e+00 1.400000000000000000e+01 8.500000000000000000e+01 1.000000000000000000e+00
8.100422664198124734e-01 1.295554761152434509e+00 1.400000000000000000e+01 8.500000000000000000e+01 2.000000000000000000e+00
8.100422664198124734e-01 1.295554761152434509e+00 1.400000000000000000e+01 8.500000000000000000e+01 3.000000000000000000e+00
8.100422664198124734e-01 1.295554761152434509e+00 1.400000000000000000e+01 8.500000000000000000e+01 4.000000000000000000e+00
9.256519249118888570e-01 1.751247098329757668e+00 1.800000000000000000e+01 2.500000000000000000e+01 0.000000000000000000e+00
9.256519249118888570e-01 1.751247098329757668e+00 1.800000000000000000e+01 2.500000000000000000e+01 1.000000000000000000e+00
9.256519249118888570e-01 1.751247098329757668e+00 1.800000000000000000e+01 2.500000000000000000e+01 2.000000000000000000e+00
9.256519249118888570e-01 1.751247098329757668e+00 1.800000000000000000e+01 2.500000000000000000e+01 3.000000000000000000e+00
9.256519249118888570e-01 1.751247098329757668e+00 1.800000000000000000e+01 2.500000000000000000e+01 4.000000000000000000e+00
8.213389465362268549e-01 1.705183877481749377e+00 1.000000000000000000e+01 1.710000000000000000e+02 0.000000000000000000e+00
8.213389465362268549e-01 1.705183877481749377e+00 1.000000000000000000e+01 1.710000000000000000e+02 1.000000000000000000e+00
8.213389465362268549e-01 1.705183877481749377e+00 1.000000000000000000e+01 1.710000000000000000e+02 2.000000000000000000e+00
8.213389465362268549e-01 1.705183877481749377e+00 1.000000000000000000e+01 1.710000000000000000e+02 3.000000000000000000e+00
8.213389465362268549e-01 1.705183877481749377e+00 1.000000000000000000e+01 1.710000000000000000e+02 4.000000000000000000e+00
9.530386050577150936e-01 1.095047159152852334e+00 1.000000000000000000e+01 6.600000000000000000e+01 0.000000000000000000e+00
9.530386050577150936e-01 1.095047159152852334e+00 1.000000000000000000e+01 6.600000000000000000e+01 1.000000000000000000e+00
9.530386050577150936e-01 1.095047159152852334e+00 1.000000000000000000e+01 6.600000000000000000e+01 2.000000000000000000e+00
9.530386050577150936e-01 1.095047159152852334e+00 1.000000000000000000e+01 6.600000000000000000e+01 3.000000000000000000e+00
9.530386050577150936e-01 1.095047159152852334e+00 1.000000000000000000e+01 6.600000000000000000e+01 4.000000000000000000e+00
9.793012778679452968e-01 1.554164744065803960e+00 1.000000000000000000e+01 1.080000000000000000e+02 0.000000000000000000e+00
9.793012778679452968e-01 1.554164744065803960e+00 1.000000000000000000e+01 1.080000000000000000e+02 1.000000000000000000e+00
9.793012778679452968e-01 1.554164744065803960e+00 1.000000000000000000e+01 1.080000000000000000e+02 2.000000000000000000e+00
9.793012778679452968e-01 1.554164744065803960e+00 1.000000000000000000e+01 1.080000000000000000e+02 3.000000000000000000e+00
9.793012778679452968e-01 1.554164744065803960e+00 1.000000000000000000e+01 1.080000000000000000e+02 4.000000000000000000e+00
6.812085591519183581e-01 1.443911743688254035e+00 2.000000000000000000e+00 6.500000000000000000e+01 0.000000000000000000e+00
6.812085591519183581e-01 1.443911743688254035e+00 2.000000000000000000e+00 6.500000000000000000e+01 1.000000000000000000e+00
6.812085591519183581e-01 1.443911743688254035e+00 2.000000000000000000e+00 6.500000000000000000e+01 2.000000000000000000e+00
6.812085591519183581e-01 1.443911743688254035e+00 2.000000000000000000e+00 6.500000000000000000e+01 3.000000000000000000e+00
6.812085591519183581e-01 1.443911743688254035e+00 2.000000000000000000e+00 6.500000000000000000e+01 4.000000000000000000e+00
6.636484665730387755e-01 1.286805540981074358e+00 8.000000000000000000e+00 3.000000000000000000e+01 0.000000000000000000e+00
6.636484665730387755e-01 1.286805540981074358e+00 8.000000000000000000e+00 3.000000000000000000e+01 1.000000000000000000e+00
6.636484665730387755e-01 1.286805540981074358e+00 8.000000000000000000e+00 3.000000000000000000e+01 2.000000000000000000e+00
6.636484665730387755e-01 1.286805540981074358e+00 8.000000000000000000e+00 3.000000000000000000e+01 3.000000000000000000e+00
6.636484665730387755e-01 1.286805540981074358e+00 8.000000000000000000e+00 3.000000000000000000e+01 4.000000000000000000e+00
9.012445557948568498e-01 1.819697272583295833e+00 1.000000000000000000e+00 8.000000000000000000e+00 0.000000000000000000e+00
9.012445557948568498e-01 1.819697272583295833e+00 1.000000000000000000e+00 8.000000000000000000e+00 1.000000000000000000e+00
9.012445557948568498e-01 1.819697272583295833e+00 1.000000000000000000e+00 8.000000000000000000e+00 2.000000000000000000e+00
9.012445557948568498e-01 1.819697272583295833e+00 1.000000000000000000e+00 8.000000000000000000e+00 3.000000000000000000e+00
9.012445557948568498e-01 1.819697272583295833e+00 1.000000000000000000e+00 8.000000000000000000e+00 4.000000000000000000e+00
6.726218716078250504e-01 1.217175690079403128e-01 3.000000000000000000e+00 1.870000000000000000e+02 0.000000000000000000e+00
6.726218716078250504e-01 1.217175690079403128e-01 3.000000000000000000e+00 1.870000000000000000e+02 1.000000000000000000e+00
6.726218716078250504e-01 1.217175690079403128e-01 3.000000000000000000e+00 1.870000000000000000e+02 2.000000000000000000e+00
6.726218716078250504e-01 1.217175690079403128e-01 3.000000000000000000e+00 1.870000000000000000e+02 3.000000000000000000e+00
6.726218716078250504e-01 1.217175690079403128e-01 3.000000000000000000e+00 1.870000000000000000e+02 4.000000000000000000e+00
6.976791576021221797e-01 1.945528702250790110e+00 8.000000000000000000e+00 1.670000000000000000e+02 0.000000000000000000e+00
6.976791576021221797e-01 1.945528702250790110e+00 8.000000000000000000e+00 1.670000000000000000e+02 1.000000000000000000e+00
6.976791576021221797e-01 1.945528702250790110e+00 8.000000000000000000e+00 1.670000000000000000e+02 2.000000000000000000e+00
6.976791576021221797e-01 1.945528702250790110e+00 8.000000000000000000e+00 1.670000000000000000e+02 3.000000000000000000e+00
6.976791576021221797e-01 1.945528702250790110e+00 8.000000000000000000e+00 1.670000000000000000e+02 4.000000000000000000e+00
