2.481365667862325264e-01 1.649705771853297309e-01 3.000000000000000000e+00 5.900000000000000000e+01 0.000000000000000000e+00
1.342675957434890099e-01 4.410962124833112119e-01 1.000000000000000000e+00 1.730000000000000000e+02 0.000000000000000000e+00
3.002008272454338433e-01 1.746093399108679556e+00 4.000000000000000000e+00 1.310000000000000000e+02 0.000000000000000000e+00
8.093373582992824389e-01 3.130617784102059931e-01 1.300000000000000000e+01 1.680000000000000000e+02 0.000000000000000000e+00
8.499510200707445229e-01 1.292699085694542172e+00 5.000000000000000000e+00 3.100000000000000000e+01 0.000000000000000000e+00
8.328984518791593405e-01 1.318107205480633537e+00 3.000000000000000000e+00 1.530000000000000000e+02 0.000000000000000000e+00
7.719430036760730474e-01 1.086197206333680276e-01 1.200000000000000000e+01 1.550000000000000000e+02 0.000000000000000000e+00
5.325965547148726609e-01 2.550806333220559941e-01 1.000000000000000000e+01 3.200000000000000000e+01 0.000000000000000000e+00
5.363839238055392311e-01 1.560315704923480373e+00 1.400000000000000000e+01 1.440000000000000000e+02 0.000000000000000000e+00
6.186057523217056708e-01 1.152438015581161990e+00 6.000000000000000000e+00 2.000000000000000000e+00 0.000000000000000000e+00
9.681094780142354139e-01 7.259808501527112989e-01 6.000000000000000000e+00 2.000000000000000000e+00 0.000000000000000000e+00
5.767018832511728865e-01 1.636226603486627129e-01 1.000000000000000000e+01 2.800000000000000000e+01 0.000000000000000000e+00
5.423058687135053901e-01 2.442637859645112874e-01 9.000000000000000000e+00 1.470000000000000000e+02 0.000000000000000000e+00
3.067767334010744751e-01 1.383321437113062879e+00 5.000000000000000000e+00 4.200000000000000000e+01 0.000000000000000000e+00
2.274715771399656861e-01 1.040123784420111885e+00 1.200000000000000000e+01 6.600000000000000000e+01 0.000000000000000000e+00
9.389911515391298202e-01 1.058747344087388464e+00 1.400000000000000000e+01 5.000000000000000000e+01 0.000000000000000000e+00
9.630779412355390257e-01 9.783670138170618147e-01 1.500000000000000000e+01 6.900000000000000000e+01 0.000000000000000000e+00
7.754608015583195346e-01 2.686029141676847809e-01 2.000000000000000000e+01 3.300000000000000000e+01 0.000000000000000000e+00
2.172126033200624251e-01 6.601446906786218038e-01 1.900000000000000000e+01 1.180000000000000000e+02 0.000000000000000000e+00
1.593599713239375326e-01 1.977576865626995639e+00 7.000000000000000000e+00 1.800000000000000000e+01 0.000000000000000000e+00
6.677675716646878090e-01 3.426395211366380922e-01 1.000000000000000000e+00 2.500000000000000000e+01 0.000000000000000000e+00
6.800076486753979521e-02 2.021614598964912857e-01 1.700000000000000000e+01 1.530000000000000000e+02 0.000000000000000000e+00
9.090323026418130059e-01 2.058327240883827791e+00 4.000000000000000000e+00 1.960000000000000000e+02 0.000000000000000000e+00
1.671263640300401088e-01 5.299936584442820342e-01 5.000000000000000000e+00 3.900000000000000000e+01 0.000000000000000000e+00
2.373331878371363057e-01 1.620868305400339437e+00 1.800000000000000000e+01 1.200000000000000000e+01 0.000000000000000000e+00
4.238543472826805658e-01 8.430610537056634213e-01 1.900000000000000000e+01 1.090000000000000000e+02 0.000000000000000000e+00
2.793477281564991088e-01 2.073716035229591359e+00 1.200000000000000000e+01 8.400000000000000000e+01 0.000000000000000000e+00
1.181905058766759969e-01 1.411139517806395904e+00 1.000000000000000000e+00 1.400000000000000000e+01 0.000000000000000000e+00
4.563131007203776734e-01 2.070955804390004928e+00 1.500000000000000000e+01 1.220000000000000000e+02 0.000000000000000000e+00
8.382324193737971108e-01 5.166455998557147877e-01 1.100000000000000000e+01 1.430000000000000000e+02 0.000000000000000000e+00
5.125561930703951274e-01 4.516496511444606510e-01 2.000000000000000000e+00 2.900000000000000000e+01 0.000000000000000000e+00
9.191436048478145437e-01 2.613894790736958074e-01 1.200000000000000000e+01 5.600000000000000000e+01 0.000000000000000000e+00
9.394391715605575621e-01 1.541542826777750064e-01 1.300000000000000000e+01 1.450000000000000000e+02 0.000000000000000000e+00
1.261880908831051196e-01 1.420492394491416954e+00 3.000000000000000000e+00 6.000000000000000000e+01 0.000000000000000000e+00
2.137093747972071967e-01 1.373549127930878466e+00 1.500000000000000000e+01 1.600000000000000000e+02 0.000000000000000000e+00
3.140522735968278578e-01 1.987797644980071610e+00 1.500000000000000000e+01 1.630000000000000000e+02 0.000000000000000000e+00
7.033860156441521516e-01 1.238939906607426256e+00 7.000000000000000000e+00 2.800000000000000000e+01 0.000000000000000000e+00
8.966565440817186872e-01 1.992335123631571614e+00 5.000000000000000000e+00 1.870000000000000000e+02 0.000000000000000000e+00
7.017995761077749917e-01 8.824073055352955608e-01 1.800000000000000000e+01 1.170000000000000000e+02 0.000000000000000000e+00
6.953167964711945981e-01 1.313566620777393945e+00 1.200000000000000000e+01 1.290000000000000000e+02 0.000000000000000000e+00
1.662857261872532355e-01 1.278425611156174480e+00 1.500000000000000000e+01 6.000000000000000000e+01 0.000000000000000000e+00
1.009697036245571500e+00 1.345171192877874677e+00 1.900000000000000000e+01 1.190000000000000000e+02 0.000000000000000000e+00
3.821304794883216838e-01 3.353526289926315185e-01 1.600000000000000000e+01 1.830000000000000000e+02 0.000000000000000000e+00
5.079609159235479732e-01 1.759468832428212393e+00 5.000000000000000000e+00 1.730000000000000000e+02 0.000000000000000000e+00
5.924366836036328854e-01 1.491602093346642288e+00 1.800000000000000000e+01 2.600000000000000000e+01 0.000000000000000000e+00
5.635672565508372811e-01 1.379709510308185560e+00 8.000000000000000000e+00 1.480000000000000000e+02 0.000000000000000000e+00
3.088049680091182747e-01 4.523008376802880592e-01 1.000000000000000000e+00 7.600000000000000000e+01 0.000000000000000000e+00
4.511699781999933129e-02 1.551824687049576212e+00 1.900000000000000000e+01 1.100000000000000000e+01 0.000000000000000000e+00
7.972281760482439195e-01 1.615206337154659666e+00 2.000000000000000000e+01 1.520000000000000000e+02 0.000000000000000000e+00
8.377400701587413012e-01 1.057478779369585453e+00 2.000000000000000000e+00 1.040000000000000000e+02 0.000000000000000000e+00
2.969708365848083842e-01 1.775770954972023530e+00 7.000000000000000000e+00 1.080000000000000000e+02 1.000000000000000000e+00
3.919660544151560844e-01 1.428383781030462707e+00 5.000000000000000000e+00 4.000000000000000000e+00 1.000000000000000000e+00
8.474220113873174309e-01 6.088491789615305683e-01 4.000000000000000000e+00 5.300000000000000000e+01 1.000000000000000000e+00
1.774672166492835546e-01 1.494956898518294830e+00 6.000000000000000000e+00 2.600000000000000000e+01 1.000000000000000000e+00
4.513112024271713763e-01 1.426751265811589120e-01 7.000000000000000000e+00 3.000000000000000000e+00 1.000000000000000000e+00
5.327102900549304243e-01 1.032446310138880108e+00 1.700000000000000000e+01 1.220000000000000000e+02 1.000000000000000000e+00
1.769873231007147441e-01 1.870271563995131947e+00 1.000000000000000000e+01 1.440000000000000000e+02 1.000000000000000000e+00
5.315951467834306721e-01 4.575948357690476920e-01 6.000000000000000000e+00 1.840000000000000000e+02 1.000000000000000000e+00
7.526917799293911804e-01 1.630301368522197203e+00 1.200000000000000000e+01 2.400000000000000000e+01 1.000000000000000000e+00
4.132193005791360285e-01 1.122231569080509139e+00 1.800000000000000000e+01 1.360000000000000000e+02 1.000000000000000000e+00
9.887893318851080915e-01 1.921840719195538227e+00 1.000000000000000000e+00 1.690000000000000000e+02 1.000000000000000000e+00
5.625918446401795281e-01 9.853699653750526144e-01 1.700000000000000000e+01 1.220000000000000000e+02 1.000000000000000000e+00
5.798978902550652181e-01 1.930512433733651445e+00 1.400000000000000000e+01 1.090000000000000000e+02 1.000000000000000000e+00
9.650053394735856604e-02 7.273362726486419794e-01 3.000000000000000000e+00 1.300000000000000000e+02 1.000000000000000000e+00
3.148961063563110452e-01 1.414912370197910496e+00 1.300000000000000000e+01 5.100000000000000000e+01 1.000000000000000000e+00
3.799833994192180348e-02 1.910238560646987660e-01 1.000000000000000000e+00 1.360000000000000000e+02 1.000000000000000000e+00
2.849151969429726261e-01 7.843367469371956835e-01 1.500000000000000000e+01 3.500000000000000000e+01 1.000000000000000000e+00
1.008499502931401448e+00 1.476375082186150101e+00 5.000000000000000000e+00 8.200000000000000000e+01 1.000000000000000000e+00
2.079954445868571478e-01 8.452121822611823321e-01 1.300000000000000000e+01 1.620000000000000000e+02 1.000000000000000000e+00
8.876057507319016215e-01 6.384253886969782910e-01 1.800000000000000000e+01 1.840000000000000000e+02 1.000000000000000000e+00
2.311617165358600401e-01 1.186250765370657101e+00 7.000000000000000000e+00 1.540000000000000000e+02 1.000000000000000000e+00
1.009697425092369150e+00 1.814378617949577999e+00 1.600000000000000000e+01 3.900000000000000000e+01 1.000000000000000000e+00
3.951822561206098650e-01 1.561306996502086042e+00 8.000000000000000000e+00 1.880000000000000000e+02 1.000000000000000000e+00
3.844477642482411195e-01 9.252496759131240145e-01 8.000000000000000000e+00 1.130000000000000000e+02 1.000000000000000000e+00
5.127526967685779313e-01 1.968559287419766379e+00 7.000000000000000000e+00 1.680000000000000000e+02 1.000000000000000000e+00
7.717862067046958874e-01 6.927445464288607413e-01 7.000000000000000000e+00 5.500000000000000000e+01 1.000000000000000000e+00
9.416028789856165648e-01 1.339920036024015326e+00 1.700000000000000000e+01 1.330000000000000000e+02 1.000000000000000000e+00
6.538910180552894857e-01 4.189431815557106420e-01 2.000000000000000000e+01 1.270000000000000000e+02 1.000000000000000000e+00
8.327483850802810394e-01 4.079055595898218867e-01 1.100000000000000000e+01 1.870000000000000000e+02 1.000000000000000000e+00
1.547285283655314148e-01 7.575238645028742335e-01 1.700000000000000000e+01 9.300000000000000000e+01 1.000000000000000000e+00
7.647320587303872985e-01 1.480425691230655261e+00 2.000000000000000000e+00 4.300000000000000000e+01 1.000000000000000000e+00
7.920334018868878390e-02 1.202882393421181417e+00 4.000000000000000000e+00 4.900000000000000000e+01 1.000000000000000000e+00
3.797754480614234235e-02 1.870472024997125837e+00 9.000000000000000000e+00 3.100000000000000000e+01 1.000000000000000000e+00
4.088524030526116126e-01 6.381703471974123909e-01 1.700000000000000000e+01 1.790000000000000000e+02 1.000000000000000000e+00
3.701142602288638450e-01 1.652733077198630385e+00 2.000000000000000000e+01 1.360000000000000000e+02 1.000000000000000000e+00
7.721914124074584773e-01 1.056665202682356197e+00 1.100000000000000000e+01 7.900000000000000000e+01 1.000000000000000000e+00
2.062190494321851642e-01 1.029127932917119237e+00 5.000000000000000000e+00 1.300000000000000000e+01 1.000000000000000000e+00
1.385408695583499883e-01 1.126313537428054623e+00 3.000000000000000000e+00 1.010000000000000000e+02 1.000000000000000000e+00
7.184369392902989482e-01 1.324580036109523018e+00 1.100000000000000000e+01 1.280000000000000000e+02 1.000000000000000000e+00
2.787946184944742889e-01 1.923870977564413831e+00 1.000000000000000000e+00 1.590000000000000000e+02 1.000000000000000000e+00
2.848720051583095714e-01 1.515135500670335977e+00 4.000000000000000000e+00 3.100000000000000000e+01 1.000000000000000000e+00
5.890784696521192965e-01 4.224797207534992660e-01 6.000000000000000000e+00 8.300000000000000000e+01 1.000000000000000000e+00
6.047512542298514315e-01 3.208470086458169446e-01 6.000000000000000000e+00 4.100000000000000000e+01 1.000000000000000000e+00
9.453266479002793155e-01 1.994873278640643122e+00 2.000000000000000000e+01 6.000000000000000000e+01 1.000000000000000000e+00
3.010315641660523678e-01 1.814199849973654688e+00 7.000000000000000000e+00 1.520000000000000000e+02 1.000000000000000000e+00
8.412206264213238638e-02 3.867916174107829397e-01 1.900000000000000000e+01 1.660000000000000000e+02 1.000000000000000000e+00
7.398121991656129159e-01 2.066048013826131236e+00 1.900000000000000000e+01 9.700000000000000000e+01 1.000000000000000000e+00
5.202213749303901125e-01 1.592018593357553691e+00 1.600000000000000000e+01 1.110000000000000000e+02 1.000000000000000000e+00
1.270098128768681021e-02 1.085931277900904268e+00 1.400000000000000000e+01 3.900000000000000000e+01 1.000000000000000000e+00
5.567997064267645735e-01 6.122605362601606371e-01 7.000000000000000000e+00 1.340000000000000000e+02 1.000000000000000000e+00
8.014574104073711458e-02 5.458632112961899763e-01 7.000000000000000000e+00 1.690000000000000000e+02 2.000000000000000000e+00
3.497029726699664165e-01 1.587505857820813215e+00 8.000000000000000000e+00 1.810000000000000000e+02 2.000000000000000000e+00
2.039640832577837015e-01 1.940521291962456152e+00 1.600000000000000000e+01 1.310000000000000000e+02 2.000000000000000000e+00
6.604466478517083683e-01 1.522082846127069899e+00 1.900000000000000000e+01 1.100000000000000000e+01 2.000000000000000000e+00
6.431414329606498226e-02 1.134116562277813323e+00 1.800000000000000000e+01 6.300000000000000000e+01 2.000000000000000000e+00
4.590709316367845849e-01 1.182685008867448317e+00 1.500000000000000000e+01 6.500000000000000000e+01 2.000000000000000000e+00
7.467555716100776619e-01 4.682709994330781500e-01 2.000000000000000000e+00 1.490000000000000000e+02 2.000000000000000000e+00
2.506853362404750651e-01 5.912199650299628795e-01 1.800000000000000000e+01 1.090000000000000000e+02 2.000000000000000000e+00
6.403603749496887820e-01 1.420618324710451796e+00 1.700000000000000000e+01 5.800000000000000000e+01 2.000000000000000000e+00
4.368004414249164746e-01 2.800208075110520722e-01 1.400000000000000000e+01 1.790000000000000000e+02 2.000000000000000000e+00
9.053675246188329639e-01 1.567967396608539898e+00 1.900000000000000000e+01 2.000000000000000000e+01 2.000000000000000000e+00
5.825550411178430643e-01 1.354551917202798661e+00 1.800000000000000000e+01 1.640000000000000000e+02 2.000000000000000000e+00
1.326123503690020966e-01 1.130862257056157727e+00 8.000000000000000000e+00 3.700000000000000000e+01 2.000000000000000000e+00
9.938658382428682270e-01 1.159730564879248638e+00 5.000000000000000000e+00 1.030000000000000000e+02 2.000000000000000000e+00
5.906185936263529390e-01 1.803905189542769572e+00 8.000000000000000000e+00 9.300000000000000000e+01 2.000000000000000000e+00
8.652459211315579601e-01 1.194340880191710141e+00 1.900000000000000000e+01 1.300000000000000000e+01 2.000000000000000000e+00
1.767744223673365367e-01 8.754649241104571766e-01 2.000000000000000000e+01 8.400000000000000000e+01 2.000000000000000000e+00
5.989361819056530090e-01 1.797734933202537411e+00 1.400000000000000000e+01 1.700000000000000000e+02 2.000000000000000000e+00
5.161621502022237795e-01 1.572933636777730515e-01 6.000000000000000000e+00 1.590000000000000000e+02 2.000000000000000000e+00
9.103281789468751217e-01 1.061645453963092844e+00 8.000000000000000000e+00 9.000000000000000000e+01 2.000000000000000000e+00
9.260407468322053859e-01 7.314876916091991310e-01 4.000000000000000000e+00 9.700000000000000000e+01 2.000000000000000000e+00
7.866296287228667639e-02 1.253747778072733077e+00 7.000000000000000000e+00 1.340000000000000000e+02 2.000000000000000000e+00
8.416846149766443741e-01 4.716114873610014468e-01 1.700000000000000000e+01 1.210000000000000000e+02 2.000000000000000000e+00
5.445237968095473224e-01 9.842806651110126426e-01 5.000000000000000000e+00 9.000000000000000000e+00 2.000000000000000000e+00
9.922718096189775405e-01 1.779362614630350115e-01 1.100000000000000000e+01 1.540000000000000000e+02 2.000000000000000000e+00
1.611917853987354654e-01 8.103584712117036792e-01 1.400000000000000000e+01 1.620000000000000000e+02 2.000000000000000000e+00
3.854235212631880181e-01 5.014315463398729689e-01 5.000000000000000000e+00 1.130000000000000000e+02 2.000000000000000000e+00
9.314008151350352538e-01 7.866267120013524794e-01 1.800000000000000000e+01 7.800000000000000000e+01 2.000000000000000000e+00
9.616120438993676078e-01 1.581954370541586385e+00 1.100000000000000000e+01 9.300000000000000000e+01 2.000000000000000000e+00
5.952540327139761445e-01 1.987802545115277875e+00 1.800000000000000000e+01 1.090000000000000000e+02 2.000000000000000000e+00
1.168490526073787533e-01 5.342113449369322309e-01 1.300000000000000000e+01 1.640000000000000000e+02 2.000000000000000000e+00
3.300343758992523302e-01 8.703365011196221301e-01 1.500000000000000000e+01 3.200000000000000000e+01 2.000000000000000000e+00
4.692324579135197932e-02 1.779734074105987496e+00 3.000000000000000000e+00 8.900000000000000000e+01 2.000000000000000000e+00
8.904219996417286342e-01 3.117798726789814401e-01 1.100000000000000000e+01 1.830000000000000000e+02 2.000000000000000000e+00
9.778206504681288269e-01 1.685635293947434832e+00 1.200000000000000000e+01 3.500000000000000000e+01 2.000000000000000000e+00
7.551315049195517215e-01 1.302186967924319649e+00 1.700000000000000000e+01 6.400000000000000000e+01 2.000000000000000000e+00
3.844595520530518229e-01 1.778758749556092145e+00 2.000000000000000000e+00 4.600000000000000000e+01 2.000000000000000000e+00
8.086585201509739473e-01 8.057111512180373802e-01 8.000000000000000000e+00 8.100000000000000000e+01 2.000000000000000000e+00
9.540126903793898216e-02 1.188235510445020848e+00 1.000000000000000000e+00 3.000000000000000000e+00 2.000000000000000000e+00
2.882352404092728415e-01 1.543664774115494076e+00 1.200000000000000000e+01 1.490000000000000000e+02 2.000000000000000000e+00
9.375567727312976718e-01 3.160040647468435049e-01 2.000000000000000000e+00 1.860000000000000000e+02 2.000000000000000000e+00
3.260600673362847868e-01 1.991260174842050257e-01 2.000000000000000000e+00 2.000000000000000000e+02 2.000000000000000000e+00
4.396956517608028303e-01 1.564696014544474656e-01 1.100000000000000000e+01 1.550000000000000000e+02 2.000000000000000000e+00
7.134003908986020770e-01 7.098623819629875653e-01 1.100000000000000000e+01 1.410000000000000000e+02 2.000000000000000000e+00
9.157871918962420255e-01 1.330046427689108635e+00 1.900000000000000000e+01 1.000000000000000000e+00 2.000000000000000000e+00
4.932305617761246763e-01 3.655801340504444275e-01 2.000000000000000000e+00 1.340000000000000000e+02 2.000000000000000000e+00
2.471160801382409761e-02 4.368394806638372652e-01 1.600000000000000000e+01 1.260000000000000000e+02 2.000000000000000000e+00
6.259388474102002276e-01 6.408895595653086863e-01 1.300000000000000000e+01 1.800000000000000000e+01 2.000000000000000000e+00
6.750455822448018228e-01 5.783638796866469312e-01 1.300000000000000000e+01 1.550000000000000000e+02 2.000000000000000000e+00
6.800062430062764340e-01 4.319884110523130039e-01 1.400000000000000000e+01 2.000000000000000000e+02 2.000000000000000000e+00
3.038425215845428351e-01 4.840885492686511915e-01 1.400000000000000000e+01 1.300000000000000000e+02 3.000000000000000000e+00
5.340418817904848403e-01 4.173661702954284403e-01 1.200000000000000000e+01 1.810000000000000000e+02 3.000000000000000000e+00
1.689100615990378751e-01 4.031703004020005254e-01 7.000000000000000000e+00 1.660000000000000000e+02 3.000000000000000000e+00
4.098702014460811061e-01 1.579514536300978378e+00 1.000000000000000000e+01 1.600000000000000000e+01 3.000000000000000000e+00
2.435152033165072227e-01 1.636965001970566436e-01 2.000000000000000000e+01 1.310000000000000000e+02 3.000000000000000000e+00
4.342074861653285600e-01 4.401190743495794200e-01 1.200000000000000000e+01 9.000000000000000000e+00 3.000000000000000000e+00
1.256581517994441732e-01 6.172282049833485162e-01 1.200000000000000000e+01 8.000000000000000000e+00 3.000000000000000000e+00
4.478595298164095295e-01 3.563426597603415180e-01 1.000000000000000000e+01 1.040000000000000000e+02 3.000000000000000000e+00
3.776161061982841183e-01 4.851725367319136284e-01 1.700000000000000000e+01 2.900000000000000000e+01 3.000000000000000000e+00
5.498077582393235962e-01 1.643656484210491708e+00 6.000000000000000000e+00 5.500000000000000000e+01 3.000000000000000000e+00
6.807970967579098920e-01 6.672271808913606828e-01 8.000000000000000000e+00 1.610000000000000000e+02 3.000000000000000000e+00
3.738137871269969770e-01 5.744699523981068312e-01 1.700000000000000000e+01 1.700000000000000000e+01 3.000000000000000000e+00
6.850056374961331906e-01 2.012930462616600469e+00 2.000000000000000000e+01 3.800000000000000000e+01 3.000000000000000000e+00
6.906681488128930679e-01 1.723883280405773322e+00 7.000000000000000000e+00 2.000000000000000000e+01 3.000000000000000000e+00
8.287361147527682048e-01 1.347242054606788475e+00 1.700000000000000000e+01 1.750000000000000000e+02 3.000000000000000000e+00
6.189936814995155440e-02 1.933114540363405798e+00 6.000000000000000000e+00 1.540000000000000000e+02 3.000000000000000000e+00
9.578964843678060281e-02 1.635535719177226399e+00 1.900000000000000000e+01 1.190000000000000000e+02 3.000000000000000000e+00
8.962520504809677602e-02 1.032087970242789199e+00 1.300000000000000000e+01 4.900000000000000000e+01 3.000000000000000000e+00
7.394622832136412693e-01 6.626828615847552006e-01 1.900000000000000000e+01 2.500000000000000000e+01 3.000000000000000000e+00
8.450063451997600339e-01 1.563995395235435293e+00 5.000000000000000000e+00 2.700000000000000000e+01 3.000000000000000000e+00
3.020114978277126383e-01 1.623612433885459616e+00 2.000000000000000000e+01 4.000000000000000000e+00 3.000000000000000000e+00
8.790210659780116620e-01 4.642410815377991939e-01 4.000000000000000000e+00 1.000000000000000000e+01 3.000000000000000000e+00
8.627242849116126822e-01 1.145249914395644497e+00 1.300000000000000000e+01 1.200000000000000000e+01 3.000000000000000000e+00
6.039855775174224339e-01 1.887894445329166171e+00 1.700000000000000000e+01 1.350000000000000000e+02 3.000000000000000000e+00
4.496778488167773036e-01 1.646607124432433622e+00 5.000000000000000000e+00 1.940000000000000000e+02 3.000000000000000000e+00
7.975728306586791216e-01 9.771087358160704950e-01 1.600000000000000000e+01 8.000000000000000000e+01 3.000000000000000000e+00
7.905560985942056140e-01 2.249931217655961879e-01 1.100000000000000000e+01 7.000000000000000000e+00 3.000000000000000000e+00
8.516160231845426587e-01 6.656369530821432123e-01 1.200000000000000000e+01 1.650000000000000000e+02 3.000000000000000000e+00
1.740142808235598526e-01 1.615974443073457723e+00 3.000000000000000000e+00 3.500000000000000000e+01 3.000000000000000000e+00
6.848888432119152325e-01 1.405815506273939475e+00 1.900000000000000000e+01 1.740000000000000000e+02 3.000000000000000000e+00
7.775694058079161974e-02 1.632637153165919841e+00 1.800000000000000000e+01 1.490000000000000000e+02 3.000000000000000000e+00
2.545765632739466211e-01 1.269515461206731199e+00 1.900000000000000000e+01 1.050000000000000000e+02 3.000000000000000000e+00
7.132570635015009763e-01 1.230795191253874155e+00 3.000000000000000000e+00 8.200000000000000000e+01 3.000000000000000000e+00
1.263160357875079409e-01 1.177060658777019819e+00 1.300000000000000000e+01 1.000000000000000000e+02 3.000000000000000000e+00
6.001469435985382628e-01 2.069467672229838018e-01 4.000000000000000000e+00 1.850000000000000000e+02 3.000000000000000000e+00
6.705199594734563284e-01 1.820057403845547261e+00 1.000000000000000000e+01 3.200000000000000000e+01 3.000000000000000000e+00
5.329865593529470313e-01 1.355339455199955134e+00 7.000000000000000000e+00 1.210000000000000000e+02 3.000000000000000000e+00
7.830662049158337856e-01 9.446201245564719295e-01 5.000000000000000000e+00 6.300000000000000000e+01 3.000000000000000000e+00
2.433726985439208512e-01 5.430673050180844230e-01 7.000000000000000000e+00 1.110000000000000000e+02 3.000000000000000000e+00
6.724668129419384410e-01 1.403895079103573584e+00 1.100000000000000000e+01 1.900000000000000000e+02 3.000000000000000000e+00
8.614261738559351178e-01 1.051769305893870188e+00 1.600000000000000000e+01 2.500000000000000000e+01 3.000000000000000000e+00
4.124485734037838247e-01 1.618825321866685263e+00 5.000000000000000000e+00 1.320000000000000000e+02 3.000000000000000000e+00
5.817217596812596092e-01 1.705642344128111221e+00 1.900000000000000000e+01 3.600000000000000000e+01 3.000000000000000000e+00
9.632082731374346229e-01 1.977434732522930227e+00 1.900000000000000000e+01 1.050000000000000000e+02 3.000000000000000000e+00
2.079638996270051221e-01 1.229403736445203510e+00 1.500000000000000000e+01 5.000000000000000000e+01 3.000000000000000000e+00
7.035553092976530865e-01 7.665934052864812331e-01 5.000000000000000000e+00 1.840000000000000000e+02 3.000000000000000000e+00
3.032433374914049740e-01 5.700739480430642159e-01 1.800000000000000000e+01 1.950000000000000000e+02 3.000000000000000000e+00
1.370150766976895307e-01 4.750733493083106884e-01 3.000000000000000000e+00 5.800000000000000000e+01 3.000000000000000000e+00
1.962130047796091237e-01 1.352173790196301129e+00 1.300000000000000000e+01 1.150000000000000000e+02 3.000000000000000000e+00
3.419638615052040809e-01 1.474986315201104459e+00 1.900000000000000000e+01 1.930000000000000000e+02 3.000000000000000000e+00
9.692659248136256123e-01 1.820979875803965253e+00 2.000000000000000000e+00 2.000000000000000000e+01 4.000000000000000000e+00
8.520306019644528772e-02 1.010603457672987204e+00 1.900000000000000000e+01 1.580000000000000000e+02 4.000000000000000000e+00
7.150935600206599352e-01 6.341939422901515799e-01 1.800000000000000000e+01 5.500000000000000000e+01 4.000000000000000000e+00
2.679496224106854285e-01 1.892128964735708019e+00 6.000000000000000000e+00 7.300000000000000000e+01 4.000000000000000000e+00
7.249844478137639214e-01 7.750767166271418374e-01 1.700000000000000000e+01 1.800000000000000000e+01 4.000000000000000000e+00
6.685771061493942513e-01 3.852482344537059289e-01 5.000000000000000000e+00 1.730000000000000000e+02 4.000000000000000000e+00
6.869497717293990835e-01 1.885255052211548543e+00 1.000000000000000000e+01 1.020000000000000000e+02 4.000000000000000000e+00
5.504830001508208975e-02 1.487172286544908184e+00 1.600000000000000000e+01 7.900000000000000000e+01 4.000000000000000000e+00
2.539117225676467554e-02 1.420665269714538770e+00 3.000000000000000000e+00 7.000000000000000000e+00 4.000000000000000000e+00
3.354145166547973789e-01 1.258616647800442356e+00 1.200000000000000000e+01 1.350000000000000000e+02 4.000000000000000000e+00
5.768749714218323471e-02 1.580104710350047625e+00 9.000000000000000000e+00 7.900000000000000000e+01 4.000000000000000000e+00
8.494149566102338067e-01 2.022386220251178646e+00 3.000000000000000000e+00 2.700000000000000000e+01 4.000000000000000000e+00
5.465675103786232780e-01 1.749228511337004521e+00 6.000000000000000000e+00 1.800000000000000000e+02 4.000000000000000000e+00
1.769347336676784649e-02 5.086987169665663222e-01 1.700000000000000000e+01 9.700000000000000000e+01 4.000000000000000000e+00
9.971520331776934087e-01 6.557530688459839441e-01 1.300000000000000000e+01 2.100000000000000000e+01 4.000000000000000000e+00
5.475984078557305512e-01 2.047493635858543382e+00 1.600000000000000000e+01 6.600000000000000000e+01 4.000000000000000000e+00
4.583416972859806204e-01 2.028601115840964475e+00 8.000000000000000000e+00 9.400000000000000000e+01 4.000000000000000000e+00
9.660379998129707824e-01 1.350677196859095819e+00 2.000000000000000000e+01 3.800000000000000000e+01 4.000000000000000000e+00
3.051333825748165918e-01 1.481183371186837461e-01 6.000000000000000000e+00 7.300000000000000000e+01 4.000000000000000000e+00
6.289270898415348920e-01 2.063114734557706387e-01 5.000000000000000000e+00 1.900000000000000000e+02 4.000000000000000000e+00
2.270380991707161566e-01 1.099699763273761788e-01 1.700000000000000000e+01 1.210000000000000000e+02 4.000000000000000000e+00
2.902531860252832718e-01 1.123045173561755483e+00 6.000000000000000000e+00 1.000000000000000000e+02 4.000000000000000000e+00
6.154193040299688056e-01 1.532097495857871250e+00 1.600000000000000000e+01 6.900000000000000000e+01 4.000000000000000000e+00
6.552449285163114423e-01 5.462052580921207268e-01 6.000000000000000000e+00 1.290000000000000000e+02 4.000000000000000000e+00
3.815953392449471515e-01 4.463616901726507047e-01 1.700000000000000000e+01 1.590000000000000000e+02 4.000000000000000000e+00
6.806596972760085018e-01 1.124429238410793896e+00 4.000000000000000000e+00 1.710000000000000000e+02 4.000000000000000000e+00
6.865884593327008234e-02 2.254902793392833671e-01 1.300000000000000000e+01 1.720000000000000000e+02 4.000000000000000000e+00
4.990159426203163440e-01 1.291471071310365870e+00 1.800000000000000000e+01 1.150000000000000000e+02 4.000000000000000000e+00
8.065760336623868376e-01 8.690454620733397695e-01 1.300000000000000000e+01 1.180000000000000000e+02 4.000000000000000000e+00
6.618397790613763654e-01 9.661670334946955707e-01 4.000000000000000000e+00 7.300000000000000000e+01 4.000000000000000000e+00
1.351868115158628703e-01 6.899475317598547930e-01 9.000000000000000000e+00 6.600000000000000000e+01 4.000000000000000000e+00
3.571698824978256637e-01 7.700104329365743405e-01 1.400000000000000000e+01 1.900000000000000000e+02 4.000000000000000000e+00
7.940131382258329429e-02 1.030338356484250539e+00 1.500000000000000000e+01 9.100000000000000000e+01 4.000000000000000000e+00
6.332292285885688932e-01 3.435963791048347593e-01 3.000000000000000000e+00 1.700000000000000000e+02 4.000000000000000000e+00
5.679052395808801279e-01 1.831123539744578421e+00 1.700000000000000000e+01 2.500000000000000000e+01 4.000000000000000000e+00
6.733901187978487135e-01 8.109910151124405386e-01 7.000000000000000000e+00 1.850000000000000000e+02 4.000000000000000000e+00
9.428687276259302141e-01 1.389073587672349896e+00 1.200000000000000000e+01 1.200000000000000000e+01 4.000000000000000000e+00
9.224919117139893654e-01 1.709409986942923121e+00 1.800000000000000000e+01 3.400000000000000000e+01 4.000000000000000000e+00
9.565495018848331199e-01 8.042650897552495737e-01 1.900000000000000000e+01 3.100000000000000000e+01 4.000000000000000000e+00
5.990219783434657108e-01 1.420964069611272418e+00 6.000000000000000000e+00 6.500000000000000000e+01 4.000000000000000000e+00
1.795187508186123493e-01 1.541059611996665968e+00 1.900000000000000000e+01 1.150000000000000000e+02 4.000000000000000000e+00
1.737781476720191565e-01 7.837142694407389643e-01 1.300000000000000000e+01 5.900000000000000000e+01 4.000000000000000000e+00
4.721825922667706177e-01 2.000103233327680030e+00 2.000000000000000000e+00 1.620000000000000000e+02 4.000000000000000000e+00
6.606946204688939339e-01 1.570325941319840934e+00 1.600000000000000000e+01 1.600000000000000000e+02 4.000000000000000000e+00
3.157161257091790629e-01 1.744882592681492872e-01 3.000000000000000000e+00 4.400000000000000000e+01 4.000000000000000000e+00
6.201485524157968054e-01 1.020568666700894189e+00 6.000000000000000000e+00 1.300000000000000000e+02 4.000000000000000000e+00
7.675694472824333425e-02 1.877125190088386741e+00 1.200000000000000000e+01 1.200000000000000000e+02 4.000000000000000000e+00
2.877747527022399554e-01 1.191469254185800963e+00 1.000000000000000000e+00 4.200000000000000000e+01 4.000000000000000000e+00
8.399487358047936780e-01 6.750738028103547839e-01 1.800000000000000000e+01 1.490000000000000000e+02 4.000000000000000000e+00
1.004080947719276695e+00 1.220892093676332779e+00 9.000000000000000000e+00 1.820000000000000000e+02 4.000000000000000000e+00
