1.536960029490563005e-02 8.523867920812405741e-01 1.100000000000000000e+01 1.670000000000000000e+02 0.000000000000000000e+00
2.287372381463042004e-01 3.525471979349185103e-01 1.300000000000000000e+01 8.000000000000000000e+01 0.000000000000000000e+00
1.956891927482815596e-01 1.865832453964867854e+00 7.000000000000000000e+00 7.300000000000000000e+01 0.000000000000000000e+00
6.900749135789745470e-01 1.057104810004458439e+00 9.000000000000000000e+00 4.100000000000000000e+01 0.000000000000000000e+00
2.355210808218486385e-01 1.661756705803579814e+00 7.000000000000000000e+00 1.920000000000000000e+02 0.000000000000000000e+00
2.459315459918031549e-02 6.098152020767412251e-01 1.600000000000000000e+01 1.810000000000000000e+02 0.000000000000000000e+00
9.480668230882013381e-01 1.256253680648963256e+00 7.000000000000000000e+00 7.200000000000000000e+01 0.000000000000000000e+00
6.566593386283573475e-01 1.909470010879212865e+00 1.500000000000000000e+01 1.490000000000000000e+02 0.000000000000000000e+00
4.750517170516169729e-01 1.623494064108245150e+00 1.000000000000000000e+01 9.500000000000000000e+01 0.000000000000000000e+00
5.547765742086220309e-01 6.853375512714566797e-01 3.000000000000000000e+00 6.600000000000000000e+01 0.000000000000000000e+00
5.744163566324463899e-01 2.911703202313490335e-01 2.000000000000000000e+00 3.700000000000000000e+01 0.000000000000000000e+00
4.338758072704465008e-01 1.146861451074705052e+00 1.500000000000000000e+01 1.100000000000000000e+01 0.000000000000000000e+00
6.685777551131245611e-01 1.005890789878234770e+00 5.000000000000000000e+00 3.200000000000000000e+01 0.000000000000000000e+00
6.313437873934689415e-02 1.384481364392059932e+00 6.000000000000000000e+00 1.090000000000000000e+02 0.000000000000000000e+00
1.000545105295457704e+00 1.362364941087452097e+00 1.100000000000000000e+01 1.600000000000000000e+02 0.000000000000000000e+00
3.435421940100760185e-01 1.475758102058107202e+00 7.000000000000000000e+00 1.200000000000000000e+01 0.000000000000000000e+00
1.095786279163913773e-01 1.215643537752579162e+00 3.000000000000000000e+00 7.200000000000000000e+01 0.000000000000000000e+00
4.399264952671010365e-01 6.322677695539565823e-01 1.600000000000000000e+01 6.200000000000000000e+01 0.000000000000000000e+00
7.900936270165339614e-01 3.861120977048410063e-01 1.700000000000000000e+01 1.330000000000000000e+02 0.000000000000000000e+00
6.824258330961557872e-01 1.436645523265126512e+00 1.700000000000000000e+01 9.700000000000000000e+01 0.000000000000000000e+00
6.572385115393551691e-02 1.300160392546743315e+00 8.000000000000000000e+00 1.640000000000000000e+02 0.000000000000000000e+00
1.694709367865521177e-01 1.428874088465367453e+00 1.000000000000000000e+00 1.840000000000000000e+02 0.000000000000000000e+00
6.221417845532394297e-01 3.616207150455351682e-01 7.000000000000000000e+00 1.900000000000000000e+01 0.000000000000000000e+00
8.201665716056946165e-01 1.004987405475648909e+00 1.500000000000000000e+01 8.900000000000000000e+01 0.000000000000000000e+00
7.293218629792250773e-01 3.081576693780178067e-01 8.000000000000000000e+00 9.700000000000000000e+01 0.000000000000000000e+00
3.962658424153407966e-01 1.938242495177830982e+00 4.000000000000000000e+00 5.600000000000000000e+01 0.000000000000000000e+00
8.500349680405245856e-01 1.602173426316977123e+00 1.300000000000000000e+01 2.800000000000000000e+01 0.000000000000000000e+00
8.591163854505483588e-01 1.140611138748218956e+00 6.000000000000000000e+00 4.200000000000000000e+01 0.000000000000000000e+00
2.645056129933486266e-01 2.545031523697510734e-01 1.600000000000000000e+01 1.180000000000000000e+02 0.000000000000000000e+00
2.499260662376907582e-01 7.668745845334078437e-01 8.000000000000000000e+00 1.680000000000000000e+02 0.000000000000000000e+00
9.987704339334049219e-01 1.686176363170672543e+00 1.900000000000000000e+01 8.800000000000000000e+01 0.000000000000000000e+00
1.387993061821265472e-01 2.021745450927312948e+00 1.300000000000000000e+01 1.200000000000000000e+01 0.000000000000000000e+00
3.451786543057870915e-01 1.600984201673307572e+00 1.900000000000000000e+01 1.130000000000000000e+02 0.000000000000000000e+00
8.201256237574701125e-01 1.774018652410077612e+00 1.000000000000000000e+00 3.100000000000000000e+01 0.000000000000000000e+00
5.336429179131079170e-01 1.107469272038474006e+00 3.000000000000000000e+00 1.500000000000000000e+02 0.000000000000000000e+00
7.137204025508566696e-01 1.332710014373134522e+00 1.800000000000000000e+01 1.520000000000000000e+02 0.000000000000000000e+00
1.008254588058452583e+00 2.464341708853937940e-01 1.700000000000000000e+01 1.110000000000000000e+02 0.000000000000000000e+00
9.873521206459500155e-01 1.777526100861437142e+00 4.000000000000000000e+00 1.960000000000000000e+02 0.000000000000000000e+00
1.642258621998041734e-01 6.147977742617890540e-01 1.400000000000000000e+01 4.000000000000000000e+01 0.000000000000000000e+00
9.644157661249285196e-01 1.606397338308470923e-01 1.900000000000000000e+01 2.600000000000000000e+01 0.000000000000000000e+00
6.457450980475258895e-01 1.077724683842124831e+00 3.000000000000000000e+00 7.900000000000000000e+01 0.000000000000000000e+00
1.540040289609720947e-01 3.670881170320422493e-01 6.000000000000000000e+00 5.900000000000000000e+01 0.000000000000000000e+00
2.918758536026229145e-01 4.975437113511512743e-01 1.000000000000000000e+00 6.000000000000000000e+00 0.000000000000000000e+00
6.721748683638213429e-01 2.098496125901381237e+00 1.000000000000000000e+01 7.500000000000000000e+01 0.000000000000000000e+00
7.118291976623604134e-01 8.527236021664458265e-01 1.600000000000000000e+01 2.300000000000000000e+01 0.000000000000000000e+00
1.945803627188505969e-01 4.433103162913311079e-01 6.000000000000000000e+00 1.720000000000000000e+02 0.000000000000000000e+00
7.638038370449569125e-01 2.746957755510143206e-01 1.300000000000000000e+01 1.020000000000000000e+02 0.000000000000000000e+00
2.483647964005019498e-02 1.724399294234727043e+00 1.800000000000000000e+01 4.300000000000000000e+01 0.000000000000000000e+00
5.073751566041673211e-01 1.234981962823271884e+00 1.300000000000000000e+01 1.380000000000000000e+02 0.000000000000000000e+00
3.178451765682929198e-01 1.668484566900696686e+00 4.000000000000000000e+00 1.900000000000000000e+01 0.000000000000000000e+00
5.290710104176842288e-01 2.059439370469793751e+00 5.000000000000000000e+00 1.060000000000000000e+02 1.000000000000000000e+00
5.255417987658683038e-02 5.046923603110428092e-01 1.800000000000000000e+01 6.900000000000000000e+01 1.000000000000000000e+00
6.005089536586160487e-02 1.748199544975570285e+00 1.600000000000000000e+01 1.320000000000000000e+02 1.000000000000000000e+00
9.415647598514540473e-01 8.726264890781217920e-01 1.500000000000000000e+01 9.000000000000000000e+01 1.000000000000000000e+00
7.707493480839521238e-01 1.145104001988269005e+00 5.000000000000000000e+00 1.360000000000000000e+02 1.000000000000000000e+00
3.665105058164630503e-01 8.360861287859399082e-01 3.000000000000000000e+00 1.930000000000000000e+02 1.000000000000000000e+00
4.248234745490768738e-01 1.694083974635884671e+00 1.500000000000000000e+01 1.600000000000000000e+02 1.000000000000000000e+00
3.781920789298303109e-01 2.077742351146500965e+00 2.000000000000000000e+01 1.560000000000000000e+02 1.000000000000000000e+00
5.234163348234806001e-01 1.788410412939217542e+00 1.300000000000000000e+01 1.280000000000000000e+02 1.000000000000000000e+00
4.460116333165460301e-01 1.652999375167673479e+00 1.000000000000000000e+00 6.000000000000000000e+01 1.000000000000000000e+00
4.328060307613410540e-01 1.249390809623120102e+00 2.000000000000000000e+01 1.840000000000000000e+02 1.000000000000000000e+00
8.801207503161477819e-01 2.002597706882550899e+00 1.000000000000000000e+01 9.300000000000000000e+01 1.000000000000000000e+00
7.785742661102584838e-01 1.291046351379460333e+00 1.700000000000000000e+01 1.400000000000000000e+01 1.000000000000000000e+00
6.767554235803706353e-02 2.021581941310050257e-01 1.500000000000000000e+01 7.400000000000000000e+01 1.000000000000000000e+00
8.541385966324739343e-01 1.666196450253265793e+00 1.100000000000000000e+01 1.350000000000000000e+02 1.000000000000000000e+00
7.052951374343479074e-01 1.424786002773134053e+00 1.400000000000000000e+01 4.400000000000000000e+01 1.000000000000000000e+00
6.860858213386284987e-01 5.547164047138190002e-01 1.900000000000000000e+01 8.400000000000000000e+01 1.000000000000000000e+00
2.682089396996272246e-01 1.492402732902505136e+00 1.000000000000000000e+00 4.400000000000000000e+01 1.000000000000000000e+00
5.527342799022673114e-01 1.991241292742952362e+00 6.000000000000000000e+00 6.800000000000000000e+01 1.000000000000000000e+00
7.452244694187623031e-01 2.001685012797949970e+00 1.100000000000000000e+01 1.890000000000000000e+02 1.000000000000000000e+00
7.004667964678408243e-01 1.163651076710242371e+00 1.000000000000000000e+01 7.000000000000000000e+00 1.000000000000000000e+00
2.366507191013875744e-01 1.884420250062212310e-01 1.900000000000000000e+01 8.900000000000000000e+01 1.000000000000000000e+00
6.112056159072285499e-01 1.433354947058906870e+00 1.000000000000000000e+00 1.050000000000000000e+02 1.000000000000000000e+00
4.716412778766954084e-01 1.428548355811723125e+00 5.000000000000000000e+00 5.000000000000000000e+00 1.000000000000000000e+00
1.557840101960745738e-01 6.208806976322410742e-01 1.400000000000000000e+01 1.730000000000000000e+02 1.000000000000000000e+00
9.302608254223986017e-02 1.634156124804520438e+00 9.000000000000000000e+00 7.700000000000000000e+01 1.000000000000000000e+00
4.131847214842054167e-02 1.042843664660862979e+00 1.500000000000000000e+01 9.700000000000000000e+01 1.000000000000000000e+00
2.717870442638736089e-02 9.085417363472950703e-01 4.000000000000000000e+00 1.130000000000000000e+02 1.000000000000000000e+00
1.580777693686066243e-01 8.339739061741940906e-01 1.200000000000000000e+01 1.630000000000000000e+02 1.000000000000000000e+00
9.841938204095931342e-01 1.267598402179680894e+00 1.300000000000000000e+01 9.200000000000000000e+01 1.000000000000000000e+00
7.423960726767182550e-01 4.617483151897029403e-01 1.500000000000000000e+01 1.180000000000000000e+02 1.000000000000000000e+00
4.479828167219191970e-01 2.857100738603440826e-01 3.000000000000000000e+00 6.700000000000000000e+01 1.000000000000000000e+00
3.580777727969548518e-01 1.764955098128361710e+00 1.300000000000000000e+01 1.260000000000000000e+02 1.000000000000000000e+00
9.555157172001379484e-01 1.591236886339727763e-01 8.000000000000000000e+00 1.670000000000000000e+02 1.000000000000000000e+00
7.051565742234293666e-01 4.956095687864946475e-01 1.400000000000000000e+01 5.500000000000000000e+01 1.000000000000000000e+00
5.169435267806018475e-01 8.383313467355627546e-01 2.000000000000000000e+01 1.660000000000000000e+02 1.000000000000000000e+00
1.893926004098034355e-01 1.370520431884768853e-01 9.000000000000000000e+00 9.400000000000000000e+01 1.000000000000000000e+00
6.769953091455481742e-01 9.729287365367652596e-01 1.800000000000000000e+01 1.270000000000000000e+02 1.000000000000000000e+00
6.983040097297862348e-01 3.101504135195253253e-01 7.000000000000000000e+00 4.600000000000000000e+01 1.000000000000000000e+00
4.743339153082234416e-01 1.232742360230617784e+00 1.500000000000000000e+01 7.500000000000000000e+01 1.000000000000000000e+00
8.010308202685878509e-01 5.225960652986364474e-01 7.000000000000000000e+00 7.400000000000000000e+01 1.000000000000000000e+00
9.659484151200447011e-01 3.333285537448332780e-01 1.100000000000000000e+01 1.400000000000000000e+02 1.000000000000000000e+00
9.694983782769072134e-01 1.576672572693871732e+00 2.000000000000000000e+00 4.200000000000000000e+01 1.000000000000000000e+00
4.622805391048584456e-01 1.224744107976873497e+00 1.500000000000000000e+01 1.730000000000000000e+02 1.000000000000000000e+00
5.104928844882494071e-02 2.190998217386094515e-01 1.900000000000000000e+01 5.800000000000000000e+01 1.000000000000000000e+00
1.930602974178828868e-01 2.969983671470636244e-01 1.000000000000000000e+01 8.000000000000000000e+00 1.000000000000000000e+00
2.958795311727980826e-01 5.569593392524930797e-01 1.100000000000000000e+01 2.100000000000000000e+01 1.000000000000000000e+00
9.988513559976068823e-01 4.098213307371166847e-01 2.000000000000000000e+01 8.600000000000000000e+01 1.000000000000000000e+00
3.439386177492604890e-01 1.306785325413285070e+00 8.000000000000000000e+00 6.000000000000000000e+00 1.000000000000000000e+00
7.847082391100660415e-01 1.496012667809518470e+00 1.700000000000000000e+01 7.300000000000000000e+01 1.000000000000000000e+00
9.799247900553047508e-01 7.276480743410639329e-01 6.000000000000000000e+00 1.080000000000000000e+02 2.000000000000000000e+00
2.282631515313448406e-02 1.529174535999934526e-01 2.000000000000000000e+00 1.260000000000000000e+02 2.000000000000000000e+00
7.927208790400975813e-01 1.114770611739445583e+00 8.000000000000000000e+00 3.400000000000000000e+01 2.000000000000000000e+00
5.152757161608962910e-01 1.966442074358565550e+00 9.000000000000000000e+00 1.870000000000000000e+02 2.000000000000000000e+00
3.992011672289859092e-01 9.851463377020145407e-01 1.300000000000000000e+01 1.440000000000000000e+02 2.000000000000000000e+00
8.622654776463269943e-01 1.204208742766851581e-01 1.300000000000000000e+01 1.590000000000000000e+02 2.000000000000000000e+00
6.690235910952260223e-01 1.896765268927572967e-01 1.000000000000000000e+01 1.990000000000000000e+02 2.000000000000000000e+00
9.007763641586181702e-01 1.104038835616372616e+00 1.600000000000000000e+01 1.550000000000000000e+02 2.000000000000000000e+00
4.064902558573033620e-01 1.795582188325227202e+00 9.000000000000000000e+00 7.400000000000000000e+01 2.000000000000000000e+00
7.039146664564939204e-01 1.082538287440026004e+00 1.800000000000000000e+01 1.300000000000000000e+02 2.000000000000000000e+00
7.248458321925830283e-01 1.619224305114146167e+00 1.600000000000000000e+01 9.400000000000000000e+01 2.000000000000000000e+00
4.739062982963864190e-01 1.255549300902159215e+00 1.800000000000000000e+01 1.340000000000000000e+02 2.000000000000000000e+00
4.855448276458030898e-01 1.073448807862793508e+00 7.000000000000000000e+00 1.800000000000000000e+01 2.000000000000000000e+00
7.308621363675925631e-01 7.577881180961200114e-01 1.300000000000000000e+01 1.440000000000000000e+02 2.000000000000000000e+00
7.936743195381562588e-01 5.614318996554882313e-01 1.700000000000000000e+01 1.090000000000000000e+02 2.000000000000000000e+00
2.879126846028381426e-01 1.495978869950159051e+00 4.000000000000000000e+00 1.500000000000000000e+01 2.000000000000000000e+00
9.843947886552931736e-01 7.094499500421783678e-01 1.900000000000000000e+01 1.310000000000000000e+02 2.000000000000000000e+00
1.001801628839013997e-01 4.353173360315648610e-01 4.000000000000000000e+00 1.750000000000000000e+02 2.000000000000000000e+00
7.545896425735463264e-01 4.622793125025429495e-01 1.200000000000000000e+01 6.100000000000000000e+01 2.000000000000000000e+00
8.676890640032444146e-01 7.073601202195872739e-01 1.000000000000000000e+00 1.670000000000000000e+02 2.000000000000000000e+00
1.477253956734597695e-01 7.697298560386659494e-01 1.500000000000000000e+01 5.200000000000000000e+01 2.000000000000000000e+00
9.639760297792632215e-01 1.679144057986724781e-01 8.000000000000000000e+00 1.950000000000000000e+02 2.000000000000000000e+00
5.018800072893642161e-01 1.901825311766852433e+00 1.200000000000000000e+01 1.010000000000000000e+02 2.000000000000000000e+00
8.598276037748916467e-01 1.344847309193240470e+00 1.700000000000000000e+01 3.400000000000000000e+01 2.000000000000000000e+00
2.138450829595067715e-01 5.631541624919221833e-01 5.000000000000000000e+00 1.010000000000000000e+02 2.000000000000000000e+00
8.474870470931619160e-01 1.504485214831140782e-01 1.700000000000000000e+01 8.400000000000000000e+01 2.000000000000000000e+00
9.996440559278692017e-01 1.205132258644618926e+00 1.000000000000000000e+01 1.300000000000000000e+01 2.000000000000000000e+00
3.649758224677867452e-02 1.871301595026527043e+00 7.000000000000000000e+00 7.500000000000000000e+01 2.000000000000000000e+00
3.715071117614492380e-01 2.274899160559532840e-01 1.400000000000000000e+01 3.700000000000000000e+01 2.000000000000000000e+00
4.043915030400130339e-01 1.331511443690450269e+00 1.200000000000000000e+01 5.800000000000000000e+01 2.000000000000000000e+00
9.854555176488947188e-01 1.340647599906124476e+00 7.000000000000000000e+00 1.070000000000000000e+02 2.000000000000000000e+00
1.956770946902929714e-02 1.746618542895160608e+00 1.500000000000000000e+01 4.000000000000000000e+00 2.000000000000000000e+00
2.006453468376678123e-02 4.250123875659100880e-01 1.400000000000000000e+01 4.600000000000000000e+01 2.000000000000000000e+00
2.236345561209983623e-01 1.115587345091396232e+00 1.400000000000000000e+01 1.300000000000000000e+01 2.000000000000000000e+00
6.855664338898784793e-01 2.661017682157237330e-01 4.000000000000000000e+00 2.800000000000000000e+01 2.000000000000000000e+00
7.550026780229696088e-01 2.508200042974008115e-01 8.000000000000000000e+00 1.620000000000000000e+02 2.000000000000000000e+00
4.130119674057396439e-01 2.319949202746153516e-01 1.500000000000000000e+01 1.520000000000000000e+02 2.000000000000000000e+00
1.824542148312928713e-01 3.494663636722211697e-01 6.000000000000000000e+00 4.500000000000000000e+01 2.000000000000000000e+00
8.076629393732596141e-01 9.263813315063468279e-01 1.600000000000000000e+01 1.200000000000000000e+01 2.000000000000000000e+00
8.270221317885360912e-02 1.523439894690858054e+00 1.000000000000000000e+00 7.500000000000000000e+01 2.000000000000000000e+00
7.969882776570393901e-01 6.794114403758663157e-01 1.500000000000000000e+01 6.700000000000000000e+01 2.000000000000000000e+00
6.772720977250112906e-01 1.642002680038422202e+00 9.000000000000000000e+00 2.000000000000000000e+02 2.000000000000000000e+00
1.219976592585127889e-01 7.988254202070660392e-01 1.000000000000000000e+00 1.320000000000000000e+02 2.000000000000000000e+00
9.359784597473245205e-01 1.571568680944219532e+00 1.500000000000000000e+01 1.370000000000000000e+02 2.000000000000000000e+00
3.100006513484668824e-01 2.051474074735623265e+00 1.800000000000000000e+01 1.690000000000000000e+02 2.000000000000000000e+00
3.502047796723937179e-01 1.228672108367858895e+00 1.300000000000000000e+01 1.180000000000000000e+02 2.000000000000000000e+00
9.375116283361061287e-01 8.772147755284535053e-01 1.900000000000000000e+01 4.500000000000000000e+01 2.000000000000000000e+00
4.906575258691928676e-01 1.697808358447583377e+00 1.500000000000000000e+01 1.770000000000000000e+02 2.000000000000000000e+00
2.619115792245364505e-01 1.743158856124124467e+00 1.400000000000000000e+01 4.200000000000000000e+01 2.000000000000000000e+00
5.613062223479373669e-01 1.495614805402552205e+00 9.000000000000000000e+00 1.870000000000000000e+02 2.000000000000000000e+00
3.302687542572146917e-01 7.995327095341898671e-01 2.000000000000000000e+01 1.350000000000000000e+02 3.000000000000000000e+00
3.421250522300756103e-01 1.239321969495452924e+00 8.000000000000000000e+00 2.600000000000000000e+01 3.000000000000000000e+00
3.628886934048126678e-01 1.022132850787419001e+00 1.200000000000000000e+01 7.200000000000000000e+01 3.000000000000000000e+00
2.380421261754964712e-01 1.158973288493355680e+00 2.000000000000000000e+01 2.900000000000000000e+01 3.000000000000000000e+00
9.479494298589475898e-01 1.584475954123813812e+00 1.800000000000000000e+01 1.620000000000000000e+02 3.000000000000000000e+00
6.164761137091938625e-01 1.445451293687436856e+00 1.500000000000000000e+01 1.740000000000000000e+02 3.000000000000000000e+00
8.772709137812492175e-01 1.543798624367592742e+00 4.000000000000000000e+00 1.200000000000000000e+02 3.000000000000000000e+00
9.975703445191063112e-01 3.287964196753460078e-01 1.200000000000000000e+01 7.300000000000000000e+01 3.000000000000000000e+00
7.035718525088284492e-02 1.467667592284354949e+00 1.800000000000000000e+01 9.400000000000000000e+01 3.000000000000000000e+00
2.866906334613479324e-01 1.364275455906768242e+00 2.000000000000000000e+01 1.270000000000000000e+02 3.000000000000000000e+00
2.510775126812714308e-01 1.752003146089918140e+00 6.000000000000000000e+00 1.700000000000000000e+01 3.000000000000000000e+00
5.149371642506732627e-01 2.070152998971594105e+00 1.700000000000000000e+01 8.300000000000000000e+01 3.000000000000000000e+00
9.871510625187819299e-01 9.206433813451401216e-01 1.800000000000000000e+01 4.700000000000000000e+01 3.000000000000000000e+00
7.267284817551646903e-01 1.267847353287190337e+00 9.000000000000000000e+00 1.260000000000000000e+02 3.000000000000000000e+00
6.536541236112490827e-01 1.179023443629581225e+00 1.700000000000000000e+01 7.000000000000000000e+01 3.000000000000000000e+00
2.677674126606913729e-01 1.101870002154677675e+00 7.000000000000000000e+00 1.100000000000000000e+02 3.000000000000000000e+00
3.403651257683696363e-01 1.796326552272541788e+00 1.900000000000000000e+01 2.000000000000000000e+02 3.000000000000000000e+00
6.169896295489792903e-01 1.813627592057380111e+00 2.000000000000000000e+00 2.900000000000000000e+01 3.000000000000000000e+00
8.547262999691022101e-01 1.209598420828929211e+00 1.900000000000000000e+01 3.300000000000000000e+01 3.000000000000000000e+00
8.818677320852390533e-01 8.533943813972185710e-01 1.800000000000000000e+01 9.100000000000000000e+01 3.000000000000000000e+00
6.956992209584998699e-02 1.043325124215205291e+00 1.300000000000000000e+01 3.800000000000000000e+01 3.000000000000000000e+00
1.264526728372009634e-01 1.222171715464389408e+00 1.800000000000000000e+01 9.700000000000000000e+01 3.000000000000000000e+00
7.442186677912352444e-01 1.322445033757623900e+00 8.000000000000000000e+00 4.000000000000000000e+00 3.000000000000000000e+00
9.698670334513552760e-01 1.430136841201264941e+00 1.400000000000000000e+01 1.810000000000000000e+02 3.000000000000000000e+00
7.883591966632059744e-01 1.910784739678075939e+00 1.900000000000000000e+01 3.100000000000000000e+01 3.000000000000000000e+00
3.549960540497065775e-01 5.301573632329931174e-01 1.400000000000000000e+01 5.300000000000000000e+01 3.000000000000000000e+00
4.075545543105572044e-01 1.325713351183389177e+00 1.400000000000000000e+01 2.400000000000000000e+01 3.000000000000000000e+00
7.681737947135318656e-01 5.008410892911160373e-01 1.100000000000000000e+01 2.800000000000000000e+01 3.000000000000000000e+00
1.808548394246468627e-01 1.539405539485513563e-01 1.300000000000000000e+01 4.500000000000000000e+01 3.000000000000000000e+00
1.181776912952270248e-01 1.980080593723952953e+00 7.000000000000000000e+00 1.490000000000000000e+02 3.000000000000000000e+00
5.331446066397615979e-01 1.309879018172691589e+00 1.400000000000000000e+01 9.800000000000000000e+01 3.000000000000000000e+00
3.926167883745332876e-01 8.951362290024417190e-01 1.800000000000000000e+01 7.100000000000000000e+01 3.000000000000000000e+00
3.651025135318219234e-02 2.864659500718454987e-01 3.000000000000000000e+00 1.280000000000000000e+02 3.000000000000000000e+00
4.924197143516394481e-01 1.984653887954655804e+00 5.000000000000000000e+00 6.300000000000000000e+01 3.000000000000000000e+00
7.038847730803362568e-01 5.973018061642648702e-01 1.500000000000000000e+01 1.520000000000000000e+02 3.000000000000000000e+00
3.373210981398411246e-01 1.300023172824564144e+00 1.500000000000000000e+01 1.120000000000000000e+02 3.000000000000000000e+00
1.714074684939038695e-01 5.579473116779060105e-01 2.000000000000000000e+00 1.590000000000000000e+02 3.000000000000000000e+00
2.229926564743137662e-01 4.728089494673836102e-01 1.700000000000000000e+01 1.900000000000000000e+02 3.000000000000000000e+00
7.052178210646532497e-01 1.094910161236945401e+00 4.000000000000000000e+00 1.820000000000000000e+02 3.000000000000000000e+00
6.282805417880168442e-01 6.242888421514812824e-01 6.000000000000000000e+00 1.240000000000000000e+02 3.000000000000000000e+00
2.453568908596713838e-01 1.866344949951088461e+00 1.000000000000000000e+00 1.520000000000000000e+02 3.000000000000000000e+00
3.449145395816767268e-01 1.086180042008566549e+00 1.200000000000000000e+01 1.930000000000000000e+02 3.000000000000000000e+00
3.094222697706404679e-01 4.019713607862686056e-01 8.000000000000000000e+00 1.640000000000000000e+02 3.000000000000000000e+00
2.804530558372768656e-01 4.841756815138588133e-01 2.000000000000000000e+01 1.480000000000000000e+02 3.000000000000000000e+00
8.121950150972747640e-01 1.765514028004229186e+00 1.400000000000000000e+01 6.800000000000000000e+01 3.000000000000000000e+00
9.946929450254957672e-01 6.000380149279999076e-01 1.000000000000000000e+00 8.300000000000000000e+01 3.000000000000000000e+00
6.930388344955613622e-01 1.633484486551537440e+00 5.000000000000000000e+00 1.110000000000000000e+02 3.000000000000000000e+00
7.249415585620908598e-01 1.031473288120290821e+00 1.400000000000000000e+01 1.130000000000000000e+02 3.000000000000000000e+00
9.687691846052096656e-01 2.342644874146450340e-01 1.200000000000000000e+01 2.200000000000000000e+01 3.000000000000000000e+00
4.920814682366130288e-01 9.748638943453710182e-01 1.600000000000000000e+01 1.170000000000000000e+02 3.000000000000000000e+00
5.715376017513417589e-02 1.821250881534392185e+00 1.400000000000000000e+01 1.510000000000000000e+02 4.000000000000000000e+00
1.203455696963463412e-01 1.737605879314754631e+00 1.600000000000000000e+01 1.750000000000000000e+02 4.000000000000000000e+00
3.887596443259111467e-01 1.743203696910694322e+00 1.800000000000000000e+01 3.100000000000000000e+01 4.000000000000000000e+00
9.123028934396296696e-01 1.164504749964901720e+00 9.000000000000000000e+00 1.100000000000000000e+01 4.000000000000000000e+00
3.379178761549002097e-01 3.807062529677277540e-01 5.000000000000000000e+00 1.410000000000000000e+02 4.000000000000000000e+00
1.368592650864307834e-02 1.609170309755116213e+00 3.000000000000000000e+00 1.070000000000000000e+02 4.000000000000000000e+00
1.403238047888961670e-01 8.801193880251759749e-01 4.000000000000000000e+00 1.690000000000000000e+02 4.000000000000000000e+00
8.143406800084855846e-01 1.963005112585469059e+00 3.000000000000000000e+00 1.100000000000000000e+01 4.000000000000000000e+00
9.186130448551136363e-01 8.508965968917733269e-01 1.500000000000000000e+01 7.000000000000000000e+01 4.000000000000000000e+00
8.030274117370681530e-01 1.078180724470159113e+00 1.100000000000000000e+01 1.700000000000000000e+01 4.000000000000000000e+00
9.842883766133008194e-01 2.279312822411959927e-01 8.000000000000000000e+00 1.300000000000000000e+02 4.000000000000000000e+00
4.922068036032016813e-01 1.899738618866620099e+00 1.000000000000000000e+01 7.700000000000000000e+01 4.000000000000000000e+00
9.626134918528257423e-01 1.070984814760259918e-01 3.000000000000000000e+00 1.770000000000000000e+02 4.000000000000000000e+00
3.179549988610858025e-01 1.702935231796379956e+00 2.000000000000000000e+01 1.250000000000000000e+02 4.000000000000000000e+00
6.227183694322195873e-01 1.971718141676756408e+00 5.000000000000000000e+00 1.270000000000000000e+02 4.000000000000000000e+00
2.092165758275075227e-01 6.928342705224469489e-01 2.000000000000000000e+00 1.250000000000000000e+02 4.000000000000000000e+00
2.790747765822458870e-01 8.468275324538990789e-01 2.000000000000000000e+01 2.900000000000000000e+01 4.000000000000000000e+00
4.169749742593422681e-01 1.225793863087602409e+00 1.300000000000000000e+01 1.110000000000000000e+02 4.000000000000000000e+00
3.875594273371494314e-01 4.554623474057127863e-01 2.000000000000000000e+01 1.510000000000000000e+02 4.000000000000000000e+00
8.664319061531704502e-01 6.641067143163884579e-01 9.000000000000000000e+00 6.000000000000000000e+00 4.000000000000000000e+00
4.661432275027806993e-01 8.005268211355355268e-01 2.000000000000000000e+01 7.700000000000000000e+01 4.000000000000000000e+00
1.542499575321144567e-01 3.731981377112437714e-01 1.200000000000000000e+01 1.090000000000000000e+02 4.000000000000000000e+00
9.487295317556139196e-01 7.130869589299694278e-01 1.000000000000000000e+01 3.200000000000000000e+01 4.000000000000000000e+00
7.474368540765864433e-01 3.369993463217116902e-01 1.900000000000000000e+01 6.300000000000000000e+01 4.000000000000000000e+00
2.822569824529807397e-02 2.656903711073334007e-01 1.000000000000000000e+00 2.000000000000000000e+02 4.000000000000000000e+00
7.978781606013117811e-01 5.620008777100141684e-01 1.800000000000000000e+01 2.100000000000000000e+01 4.000000000000000000e+00
8.699299350013000032e-01 1.783384584838655362e+00 1.700000000000000000e+01 1.920000000000000000e+02 4.000000000000000000e+00
1.428893687497595488e-01 7.694401680641570485e-01 5.000000000000000000e+00 3.800000000000000000e+01 4.000000000000000000e+00
8.420341589395071713e-01 1.777939286484871095e+00 3.000000000000000000e+00 7.900000000000000000e+01 4.000000000000000000e+00
4.881052104263394753e-01 2.061114080733925658e+00 3.000000000000000000e+00 6.000000000000000000e+00 4.000000000000000000e+00
6.257703580418710887e-01 1.423752285334339396e+00 2.000000000000000000e+01 2.000000000000000000e+02 4.000000000000000000e+00
1.007890220937979198e+00 1.916822904538623418e-01 1.700000000000000000e+01 9.400000000000000000e+01 4.000000000000000000e+00
3.322983296499731898e-01 3.565850861273002215e-01 1.000000000000000000e+01 4.000000000000000000e+01 4.000000000000000000e+00
8.631916167431733511e-01 1.143376831384850023e+00 1.600000000000000000e+01 4.500000000000000000e+01 4.000000000000000000e+00
2.489675442905876501e-01 1.750049964836982275e+00 1.200000000000000000e+01 1.730000000000000000e+02 4.000000000000000000e+00
9.239561952580945814e-01 8.914636476998921699e-01 1.300000000000000000e+01 1.590000000000000000e+02 4.000000000000000000e+00
7.242087534658742110e-01 1.861191773712437492e+00 1.200000000000000000e+01 5.700000000000000000e+01 4.000000000000000000e+00
7.141311521468484136e-01 7.466707177549948282e-01 8.000000000000000000e+00 7.800000000000000000e+01 4.000000000000000000e+00
4.391194394494434688e-02 1.723996658435862361e+00 1.800000000000000000e+01 1.400000000000000000e+01 4.000000000000000000e+00
4.813788112122288076e-01 1.814498972596995996e+00 1.900000000000000000e+01 6.000000000000000000e+00 4.000000000000000000e+00
9.752013563212081904e-01 1.749632495335876836e+00 8.000000000000000000e+00 7.100000000000000000e+01 4.000000000000000000e+00
7.825042807549127399e-01 2.068807667523494764e+00 8.000000000000000000e+00 5.300000000000000000e+01 4.000000000000000000e+00
9.285294983060767837e-01 5.565135793006464882e-01 1.100000000000000000e+01 1.560000000000000000e+02 4.000000000000000000e+00
9.789983177261603053e-01 1.707526611034776431e+00 1.700000000000000000e+01 1.560000000000000000e+02 4.000000000000000000e+00
1.782243531974718742e-01 1.310743813098087296e+00 9.000000000000000000e+00 1.410000000000000000e+02 4.000000000000000000e+00
8.728402133898085502e-01 1.879192807132436638e+00 3.000000000000000000e+00 8.200000000000000000e+01 4.000000000000000000e+00
5.115563669321786938e-02 9.329162181960829470e-01 1.600000000000000000e+01 2.200000000000000000e+01 4.000000000000000000e+00
8.675721356880253810e-01 1.129790039414615199e+00 8.000000000000000000e+00 1.900000000000000000e+02 4.000000000000000000e+00
1.177375349149099998e-01 1.357981233332718363e+00 1.400000000000000000e+01 1.020000000000000000e+02 4.000000000000000000e+00
3.946739390097608186e-02 2.681025621627882716e-01 1.900000000000000000e+01 4.700000000000000000e+01 4.000000000000000000e+00
