6.078057980899708168e-01 9.718675777198776400e-01 8.000000000000000000e+00 1.900000000000000000e+01 0.000000000000000000e+00
2.686999389159826918e-02 1.293374916784406192e+00 1.300000000000000000e+01 1.930000000000000000e+02 0.000000000000000000e+00
9.049781010553470395e-01 1.169255128924399756e+00 1.800000000000000000e+01 8.200000000000000000e+01 0.000000000000000000e+00
1.595530377338604672e-02 1.904359013931948841e+00 1.400000000000000000e+01 1.560000000000000000e+02 0.000000000000000000e+00
7.645196178670601306e-01 4.442075476083086061e-01 1.000000000000000000e+01 1.240000000000000000e+02 0.000000000000000000e+00
7.400291177090920769e-01 8.462500915951195468e-01 1.200000000000000000e+01 1.200000000000000000e+01 0.000000000000000000e+00
1.923127936612010203e-01 9.906824456208332963e-01 1.100000000000000000e+01 1.240000000000000000e+02 0.000000000000000000e+00
2.968669893248080394e-01 9.215617439489457441e-01 2.000000000000000000e+01 1.860000000000000000e+02 0.000000000000000000e+00
4.534174781819105826e-01 4.542113669162216594e-01 1.700000000000000000e+01 7.500000000000000000e+01 0.000000000000000000e+00
2.697208771498897928e-01 5.591472351694900533e-01 1.200000000000000000e+01 3.900000000000000000e+01 0.000000000000000000e+00
4.144390262018482485e-01 1.119684507101829096e+00 1.700000000000000000e+01 7.100000000000000000e+01 0.000000000000000000e+00
4.240266151482978696e-01 6.964793626884963063e-01 8.000000000000000000e+00 1.280000000000000000e+02 0.000000000000000000e+00
4.755486312847033714e-01 9.679474088262739473e-01 2.000000000000000000e+01 1.150000000000000000e+02 0.000000000000000000e+00
2.458735474096817031e-01 1.374125139388261863e+00 1.200000000000000000e+01 8.700000000000000000e+01 0.000000000000000000e+00
2.058651755249677473e-01 2.087532546491131846e+00 3.000000000000000000e+00 8.600000000000000000e+01 0.000000000000000000e+00
8.406698861206988171e-01 1.948859142325297666e+00 1.400000000000000000e+01 9.100000000000000000e+01 0.000000000000000000e+00
2.947140422162630724e-01 8.734725530450567765e-01 7.000000000000000000e+00 1.800000000000000000e+01 0.000000000000000000e+00
5.960349268761926389e-01 1.009699185256721199e+00 7.000000000000000000e+00 1.930000000000000000e+02 0.000000000000000000e+00
8.511361743810648139e-01 7.372193717383289657e-01 1.600000000000000000e+01 7.300000000000000000e+01 0.000000000000000000e+00
4.552537722599293568e-01 6.976766317534791595e-01 1.100000000000000000e+01 4.000000000000000000e+00 0.000000000000000000e+00
3.446158714116798194e-01 6.072710144095895268e-01 6.000000000000000000e+00 9.500000000000000000e+01 0.000000000000000000e+00
4.613282981426415352e-01 1.694172223674691002e+00 1.400000000000000000e+01 1.340000000000000000e+02 0.000000000000000000e+00
4.128632637386283610e-01 2.472145116564176404e-01 1.500000000000000000e+01 1.100000000000000000e+01 0.000000000000000000e+00
7.392148207843579621e-01 8.944554287427241013e-01 1.400000000000000000e+01 1.170000000000000000e+02 0.000000000000000000e+00
5.837238997029313703e-01 7.087104197755901280e-01 1.500000000000000000e+01 1.810000000000000000e+02 0.000000000000000000e+00
1.271815879562259166e-01 7.527366250544144100e-01 1.800000000000000000e+01 1.540000000000000000e+02 0.000000000000000000e+00
7.901414130145044401e-02 1.325595341066515331e+00 1.800000000000000000e+01 1.760000000000000000e+02 0.000000000000000000e+00
9.853004017040822848e-01 1.487399791463062337e+00 8.000000000000000000e+00 3.000000000000000000e+00 0.000000000000000000e+00
7.641917878300437117e-01 1.834383784721097976e+00 3.000000000000000000e+00 1.080000000000000000e+02 0.000000000000000000e+00
7.622882154985106684e-01 9.812881657007773706e-01 3.000000000000000000e+00 1.430000000000000000e+02 0.000000000000000000e+00
8.470094971431716413e-01 1.220606335914128815e+00 1.300000000000000000e+01 6.000000000000000000e+00 0.000000000000000000e+00
7.745697309453855040e-01 1.674269270461452797e+00 9.000000000000000000e+00 1.990000000000000000e+02 0.000000000000000000e+00
4.326377259351962268e-01 1.961550306605609750e-01 1.500000000000000000e+01 1.640000000000000000e+02 0.000000000000000000e+00
4.974515305582262181e-01 5.676503977177033144e-01 1.000000000000000000e+01 8.000000000000000000e+00 0.000000000000000000e+00
4.358550688599441836e-01 1.769766370051112148e+00 1.500000000000000000e+01 3.900000000000000000e+01 0.000000000000000000e+00
3.369877422921668808e-01 9.810786749636709603e-01 1.300000000000000000e+01 9.500000000000000000e+01 0.000000000000000000e+00
4.443050671691551878e-01 5.848072638756872665e-01 2.000000000000000000e+01 1.130000000000000000e+02 0.000000000000000000e+00
9.991679230690286850e-01 2.088065735817990820e+00 2.000000000000000000e+01 5.800000000000000000e+01 0.000000000000000000e+00
9.748936010458360002e-01 1.796950240448502489e+00 8.000000000000000000e+00 1.020000000000000000e+02 0.000000000000000000e+00
8.746746674644182429e-01 6.748628660884775643e-01 6.000000000000000000e+00 1.190000000000000000e+02 0.000000000000000000e+00
6.135348219267339198e-01 1.155498056318922329e+00 6.000000000000000000e+00 8.000000000000000000e+00 0.000000000000000000e+00
1.312700183466277704e-01 9.730951417892107491e-01 1.500000000000000000e+01 1.780000000000000000e+02 0.000000000000000000e+00
1.492030463224135461e-01 3.187235372075237771e-01 1.300000000000000000e+01 1.560000000000000000e+02 0.000000000000000000e+00
1.230094679597636270e-01 3.610837485060706120e-01 5.000000000000000000e+00 1.870000000000000000e+02 0.000000000000000000e+00
3.262130506486892179e-01 2.056480880650403353e+00 1.900000000000000000e+01 1.500000000000000000e+02 0.000000000000000000e+00
8.693685071282630794e-01 1.999696306294004744e+00 1.800000000000000000e+01 1.670000000000000000e+02 0.000000000000000000e+00
8.625061464478303019e-01 7.303534453911225688e-01 5.000000000000000000e+00 1.330000000000000000e+02 0.000000000000000000e+00
7.365158115571533992e-01 1.903767131531714618e+00 1.500000000000000000e+01 1.790000000000000000e+02 0.000000000000000000e+00
7.467030510547805200e-01 1.878173929994140900e+00 1.000000000000000000e+00 1.430000000000000000e+02 0.000000000000000000e+00
9.932299259883291265e-02 1.577940074226138467e+00 5.000000000000000000e+00 1.090000000000000000e+02 0.000000000000000000e+00
9.872767769533418170e-01 1.465888701653289827e-01 3.000000000000000000e+00 1.790000000000000000e+02 1.000000000000000000e+00
6.203526585304041524e-02 1.830167812043629549e+00 3.000000000000000000e+00 6.400000000000000000e+01 1.000000000000000000e+00
7.295925091889792213e-01 8.957772885488607395e-01 7.000000000000000000e+00 4.900000000000000000e+01 1.000000000000000000e+00
3.556844168909795156e-01 3.577723564838236614e-01 2.000000000000000000e+00 1.240000000000000000e+02 1.000000000000000000e+00
8.395574798959658525e-01 1.978338263462284585e+00 2.000000000000000000e+00 1.960000000000000000e+02 1.000000000000000000e+00
7.563275201589013674e-01 1.124586023218307140e+00 6.000000000000000000e+00 2.500000000000000000e+01 1.000000000000000000e+00
4.012984594416543205e-01 4.569749320899526568e-01 2.000000000000000000e+01 1.440000000000000000e+02 1.000000000000000000e+00
8.625159353713918176e-01 5.663270103788663468e-01 1.500000000000000000e+01 5.000000000000000000e+01 1.000000000000000000e+00
9.478565876696607440e-01 2.920995080959117862e-01 4.000000000000000000e+00 1.310000000000000000e+02 1.000000000000000000e+00
1.746222737563972727e-01 2.963291674036777623e-01 5.000000000000000000e+00 1.960000000000000000e+02 1.000000000000000000e+00
5.662816378887931545e-01 1.880148233721693762e-01 6.000000000000000000e+00 1.730000000000000000e+02 1.000000000000000000e+00
6.812766368315118504e-01 1.815973767114085424e+00 9.000000000000000000e+00 1.360000000000000000e+02 1.000000000000000000e+00
9.199990169941483220e-01 8.544815411608509548e-01 1.400000000000000000e+01 1.320000000000000000e+02 1.000000000000000000e+00
9.127789633163228833e-02 1.528726335861256613e+00 1.100000000000000000e+01 1.940000000000000000e+02 1.000000000000000000e+00
2.131100715035227910e-01 1.533399199132721602e+00 1.300000000000000000e+01 1.660000000000000000e+02 1.000000000000000000e+00
6.191132618837350554e-01 9.216038378654779484e-01 1.000000000000000000e+01 1.810000000000000000e+02 1.000000000000000000e+00
4.980791899349665819e-01 1.203308361009417959e+00 6.000000000000000000e+00 1.150000000000000000e+02 1.000000000000000000e+00
7.733962315794535858e-01 7.151845241153304000e-01 3.000000000000000000e+00 8.000000000000000000e+00 1.000000000000000000e+00
6.661801869845128399e-02 3.793276095550822680e-01 9.000000000000000000e+00 1.380000000000000000e+02 1.000000000000000000e+00
5.475691199915511120e-01 1.813684902503857721e+00 9.000000000000000000e+00 1.240000000000000000e+02 1.000000000000000000e+00
6.766078397161288949e-02 1.115800302616388073e+00 8.000000000000000000e+00 1.240000000000000000e+02 1.000000000000000000e+00
4.639687614491907475e-01 1.483298628800980179e+00 4.000000000000000000e+00 1.560000000000000000e+02 1.000000000000000000e+00
7.998156022059998982e-01 9.743557081716868185e-01 2.000000000000000000e+00 1.910000000000000000e+02 1.000000000000000000e+00
3.904728046338744596e-01 1.031065867060608543e+00 3.000000000000000000e+00 7.200000000000000000e+01 1.000000000000000000e+00
2.311447041195456853e-01 1.743905414911811835e+00 1.900000000000000000e+01 1.130000000000000000e+02 1.000000000000000000e+00
8.698642511856087278e-01 1.236205786896476644e+00 3.000000000000000000e+00 1.900000000000000000e+02 1.000000000000000000e+00
5.537815173436414495e-01 1.171985961301344359e+00 1.500000000000000000e+01 1.360000000000000000e+02 1.000000000000000000e+00
4.455693682611454598e-01 6.790626902071520421e-01 8.000000000000000000e+00 1.320000000000000000e+02 1.000000000000000000e+00
1.272306330407236841e-01 3.669889582617423818e-01 1.700000000000000000e+01 1.290000000000000000e+02 1.000000000000000000e+00
7.167406009275357759e-01 1.537807208895305422e+00 1.800000000000000000e+01 2.400000000000000000e+01 1.000000000000000000e+00
8.208571449258018626e-01 2.080099743669281409e+00 3.000000000000000000e+00 8.800000000000000000e+01 1.000000000000000000e+00
4.918180054008680635e-01 7.959490364585858346e-01 1.900000000000000000e+01 2.000000000000000000e+00 1.000000000000000000e+00
1.380490344300132864e-02 1.600219789538619430e+00 5.000000000000000000e+00 3.800000000000000000e+01 1.000000000000000000e+00
6.678633887837363003e-01 1.217646573305472268e-01 1.200000000000000000e+01 5.000000000000000000e+00 1.000000000000000000e+00
5.998735527610938867e-01 1.476110062166066383e-01 1.100000000000000000e+01 5.300000000000000000e+01 1.000000000000000000e+00
7.744640379808991337e-01 1.539497810432086888e+00 1.500000000000000000e+01 1.220000000000000000e+02 1.000000000000000000e+00
2.116767007100316400e-01 1.126906578522694158e+00 1.600000000000000000e+01 1.040000000000000000e+02 1.000000000000000000e+00
7.943925773330946516e-01 7.997626926734632269e-01 7.000000000000000000e+00 1.400000000000000000e+02 1.000000000000000000e+00
9.557001432897326010e-02 1.610840006088722076e-01 1.400000000000000000e+01 8.900000000000000000e+01 1.000000000000000000e+00
1.959611622297713351e-01 1.863170437146559610e+00 1.400000000000000000e+01 1.640000000000000000e+02 1.000000000000000000e+00
9.646910089495716045e-01 1.519402848055678712e+00 8.000000000000000000e+00 1.750000000000000000e+02 1.000000000000000000e+00
4.175130001246512013e-01 7.664708284169176045e-01 1.100000000000000000e+01 4.600000000000000000e+01 1.000000000000000000e+00
1.858514990189008564e-01 1.130129344555899529e+00 1.400000000000000000e+01 1.670000000000000000e+02 1.000000000000000000e+00
7.770411681437848772e-01 1.572473317259631242e+00 6.000000000000000000e+00 6.300000000000000000e+01 1.000000000000000000e+00
4.111102434404748651e-01 7.319834942295210256e-01 1.500000000000000000e+01 1.040000000000000000e+02 1.000000000000000000e+00
2.959484821341095556e-02 8.212369790127643787e-01 4.000000000000000000e+00 8.500000000000000000e+01 1.000000000000000000e+00
4.095999329861851335e-01 1.374670528210106824e+00 1.300000000000000000e+01 8.400000000000000000e+01 1.000000000000000000e+00
2.725636133814057782e-01 1.082992102456838523e+00 1.700000000000000000e+01 8.500000000000000000e+01 1.000000000000000000e+00
1.676723402274699071e-01 1.324804824145488225e-01 2.000000000000000000e+00 7.100000000000000000e+01 1.000000000000000000e+00
9.193730916678495291e-01 1.323914582933554573e+00 1.700000000000000000e+01 1.680000000000000000e+02 1.000000000000000000e+00
4.703531422787222693e-01 6.780759824176060269e-01 4.000000000000000000e+00 1.280000000000000000e+02 2.000000000000000000e+00
5.838455957028441112e-01 5.616818535745519148e-01 3.000000000000000000e+00 5.000000000000000000e+01 2.000000000000000000e+00
6.179726484344454374e-01 9.273971368181946895e-01 8.000000000000000000e+00 1.900000000000000000e+02 2.000000000000000000e+00
9.766541087142646127e-01 7.986686822073402192e-01 9.000000000000000000e+00 1.820000000000000000e+02 2.000000000000000000e+00
5.798937071280241273e-01 4.606864457136911062e-01 1.400000000000000000e+01 1.700000000000000000e+01 2.000000000000000000e+00
5.627351320255679495e-02 6.268791506267555880e-01 1.700000000000000000e+01 1.260000000000000000e+02 2.000000000000000000e+00
2.866650715613100475e-01 5.406411887233723013e-01 1.000000000000000000e+01 9.000000000000000000e+01 2.000000000000000000e+00
5.874744428937327817e-02 1.653511891571146863e+00 1.000000000000000000e+00 8.200000000000000000e+01 2.000000000000000000e+00
8.856637421943495125e-01 1.021622133688507628e+00 1.600000000000000000e+01 4.900000000000000000e+01 2.000000000000000000e+00
8.554023589684937035e-01 5.899288703564057323e-01 1.000000000000000000e+00 1.880000000000000000e+02 2.000000000000000000e+00
7.493195548345911172e-01 6.534628267395315993e-01 1.700000000000000000e+01 2.800000000000000000e+01 2.000000000000000000e+00
2.267123553319816409e-01 1.193235627003404797e+00 1.300000000000000000e+01 3.400000000000000000e+01 2.000000000000000000e+00
9.359591007084658854e-01 1.663901173508610887e+00 1.000000000000000000e+01 1.510000000000000000e+02 2.000000000000000000e+00
9.754075445967006486e-01 1.710399513121552584e+00 1.300000000000000000e+01 4.000000000000000000e+01 2.000000000000000000e+00
3.266551091581066935e-01 9.676870896103283437e-01 9.000000000000000000e+00 8.500000000000000000e+01 2.000000000000000000e+00
9.874700354180639961e-01 1.294967200016582665e-01 8.000000000000000000e+00 1.360000000000000000e+02 2.000000000000000000e+00
4.054629602092977292e-01 1.496699029167877670e+00 1.700000000000000000e+01 1.700000000000000000e+02 2.000000000000000000e+00
2.636349460711225889e-01 2.011317222333921961e+00 1.000000000000000000e+01 5.700000000000000000e+01 2.000000000000000000e+00
5.322138897386189393e-01 1.122661976233999104e+00 1.000000000000000000e+00 1.920000000000000000e+02 2.000000000000000000e+00
6.239505421337597779e-01 1.281864281766491365e+00 4.000000000000000000e+00 1.590000000000000000e+02 2.000000000000000000e+00
3.288023015751160294e-01 8.877825142668881453e-01 1.100000000000000000e+01 7.500000000000000000e+01 2.000000000000000000e+00
7.042348154372635172e-01 1.502017039582801416e+00 7.000000000000000000e+00 2.200000000000000000e+01 2.000000000000000000e+00
3.677929706689689882e-01 1.802921673729380947e+00 1.300000000000000000e+01 2.600000000000000000e+01 2.000000000000000000e+00
6.797560588868124531e-01 1.019980293094011392e+00 1.600000000000000000e+01 5.500000000000000000e+01 2.000000000000000000e+00
6.196432090114313285e-01 1.652404750138018186e-01 1.600000000000000000e+01 1.290000000000000000e+02 2.000000000000000000e+00
4.177818242385514802e-01 1.371657755590166783e+00 4.000000000000000000e+00 1.470000000000000000e+02 2.000000000000000000e+00
1.326259135555795110e-01 6.469474563118605692e-01 1.900000000000000000e+01 3.500000000000000000e+01 2.000000000000000000e+00
2.379912491523086260e-01 1.937752135889602434e-01 1.600000000000000000e+01 1.620000000000000000e+02 2.000000000000000000e+00
9.853535155224869557e-01 1.113848851944274632e+00 1.600000000000000000e+01 1.480000000000000000e+02 2.000000000000000000e+00
4.194944797222235344e-01 1.568185370276957036e+00 1.800000000000000000e+01 2.100000000000000000e+01 2.000000000000000000e+00
4.383646324152102869e-01 4.892760284076024258e-01 1.600000000000000000e+01 1.640000000000000000e+02 2.000000000000000000e+00
4.570496362003153568e-01 2.013523532611994682e+00 1.400000000000000000e+01 2.000000000000000000e+00 2.000000000000000000e+00
9.575918899872301049e-01 2.971088794332875649e-01 7.000000000000000000e+00 5.600000000000000000e+01 2.000000000000000000e+00
3.518720625265583379e-01 2.918876668438615818e-01 1.300000000000000000e+01 1.200000000000000000e+01 2.000000000000000000e+00
1.816074977441365368e-01 4.801426242149818835e-01 1.600000000000000000e+01 1.310000000000000000e+02 2.000000000000000000e+00
8.476150823817497626e-01 7.244678135515164596e-01 7.000000000000000000e+00 1.960000000000000000e+02 2.000000000000000000e+00
6.489801023653596346e-01 9.835913381097584063e-01 7.000000000000000000e+00 7.800000000000000000e+01 2.000000000000000000e+00
3.137376630352913809e-01 1.857770262198362721e+00 1.000000000000000000e+01 1.400000000000000000e+02 2.000000000000000000e+00
5.208231299860716090e-01 2.086181966122059084e+00 1.900000000000000000e+01 3.300000000000000000e+01 2.000000000000000000e+00
6.427331337632601338e-01 1.960891797757692956e+00 4.000000000000000000e+00 1.500000000000000000e+01 2.000000000000000000e+00
7.406179500285380302e-01 1.550904064789014214e+00 1.900000000000000000e+01 1.420000000000000000e+02 2.000000000000000000e+00
9.582473937781670337e-01 7.883212172088877034e-01 1.900000000000000000e+01 2.000000000000000000e+00 2.000000000000000000e+00
3.430452761452451593e-01 1.612856817959172018e+00 4.000000000000000000e+00 5.000000000000000000e+00 2.000000000000000000e+00
9.654732254713278561e-01 2.642064170719525817e-01 1.200000000000000000e+01 1.390000000000000000e+02 2.000000000000000000e+00
1.413453557131496563e-01 1.375737920452212715e-01 3.000000000000000000e+00 1.540000000000000000e+02 2.000000000000000000e+00
6.204872653618211942e-01 7.968677039450619004e-01 2.000000000000000000e+01 3.500000000000000000e+01 2.000000000000000000e+00
2.221242127870649563e-01 2.069694489811094051e+00 7.000000000000000000e+00 7.600000000000000000e+01 2.000000000000000000e+00
4.356333442780261356e-01 1.607275235345183850e-01 1.800000000000000000e+01 1.600000000000000000e+01 2.000000000000000000e+00
9.150990534436370671e-01 1.520331790065747590e+00 2.000000000000000000e+01 1.110000000000000000e+02 2.000000000000000000e+00
2.493809339083153942e-01 4.542033222099873813e-01 1.400000000000000000e+01 1.830000000000000000e+02 2.000000000000000000e+00
8.277393681566864725e-01 1.781974783281195185e+00 7.000000000000000000e+00 7.300000000000000000e+01 3.000000000000000000e+00
5.632734718403108881e-02 1.539235369451026791e+00 8.000000000000000000e+00 1.220000000000000000e+02 3.000000000000000000e+00
2.455797181666618395e-02 1.902148175274829933e+00 9.000000000000000000e+00 2.600000000000000000e+01 3.000000000000000000e+00
3.756934498996140626e-01 6.134729105892661183e-01 1.600000000000000000e+01 1.940000000000000000e+02 3.000000000000000000e+00
1.499236154844997282e-01 2.068449717003403077e+00 1.100000000000000000e+01 1.950000000000000000e+02 3.000000000000000000e+00
7.678215369084625541e-01 1.527675203430924888e+00 1.200000000000000000e+01 1.760000000000000000e+02 3.000000000000000000e+00
8.477329366946567690e-01 1.683241031905432783e-01 8.000000000000000000e+00 1.370000000000000000e+02 3.000000000000000000e+00
9.929170986470413351e-02 9.087862364530948645e-01 1.000000000000000000e+01 1.800000000000000000e+01 3.000000000000000000e+00
3.442390511500219574e-01 9.935466383779222310e-01 1.100000000000000000e+01 5.800000000000000000e+01 3.000000000000000000e+00
6.743161156080054175e-01 1.871275357041204401e+00 7.000000000000000000e+00 9.800000000000000000e+01 3.000000000000000000e+00
5.048096818439161693e-01 1.892947643273237945e+00 1.500000000000000000e+01 3.700000000000000000e+01 3.000000000000000000e+00
2.926900575491286211e-02 3.429780206951661414e-01 1.000000000000000000e+00 1.320000000000000000e+02 3.000000000000000000e+00
9.809907449393470147e-01 1.688496695266944014e+00 2.000000000000000000e+00 1.050000000000000000e+02 3.000000000000000000e+00
7.173538430712439462e-01 1.576813052424567374e+00 1.600000000000000000e+01 1.380000000000000000e+02 3.000000000000000000e+00
1.262161476988407083e-01 8.555115309447508531e-01 1.000000000000000000e+00 1.370000000000000000e+02 3.000000000000000000e+00
8.662910335064049061e-01 2.849340291600158670e-01 1.900000000000000000e+01 2.000000000000000000e+00 3.000000000000000000e+00
9.068409174916836069e-01 4.850054205242148031e-01 2.000000000000000000e+01 1.680000000000000000e+02 3.000000000000000000e+00
6.623808744973040952e-01 1.914038120338269477e+00 1.800000000000000000e+01 1.330000000000000000e+02 3.000000000000000000e+00
4.747628625033213368e-01 3.200704196146392233e-01 8.000000000000000000e+00 9.900000000000000000e+01 3.000000000000000000e+00
2.186768465707606968e-01 1.792552611267547835e+00 1.300000000000000000e+01 2.000000000000000000e+02 3.000000000000000000e+00
6.408525334165114662e-02 4.543201572692164847e-01 5.000000000000000000e+00 7.800000000000000000e+01 3.000000000000000000e+00
1.942696666121360716e-01 1.754561549399119846e-01 4.000000000000000000e+00 1.970000000000000000e+02 3.000000000000000000e+00
2.282312802092314463e-01 1.058121149124217952e+00 7.000000000000000000e+00 1.000000000000000000e+02 3.000000000000000000e+00
9.229542710016650497e-01 1.101653292266292272e+00 1.300000000000000000e+01 1.030000000000000000e+02 3.000000000000000000e+00
8.160517979995921545e-01 1.616418603574229229e-01 1.000000000000000000e+01 4.900000000000000000e+01 3.000000000000000000e+00
7.729293961276051395e-01 6.302997324644862287e-01 1.700000000000000000e+01 1.660000000000000000e+02 3.000000000000000000e+00
2.108967066304987537e-01 1.083212101199369837e+00 4.000000000000000000e+00 1.910000000000000000e+02 3.000000000000000000e+00
2.903739289309056337e-01 1.420378698373044868e+00 2.000000000000000000e+01 1.520000000000000000e+02 3.000000000000000000e+00
1.688341351642037580e-01 1.964122102106030887e+00 6.000000000000000000e+00 6.000000000000000000e+00 3.000000000000000000e+00
6.125898482068765638e-01 1.777484070121574167e+00 7.000000000000000000e+00 3.400000000000000000e+01 3.000000000000000000e+00
5.141253175789740615e-01 1.549946303556053673e+00 3.000000000000000000e+00 1.020000000000000000e+02 3.000000000000000000e+00
7.573220944737011351e-01 6.336825525778965185e-01 8.000000000000000000e+00 1.500000000000000000e+01 3.000000000000000000e+00
8.993506387335160612e-01 1.605990431152790388e+00 5.000000000000000000e+00 2.000000000000000000e+00 3.000000000000000000e+00
5.448018470147479864e-01 1.279848037957039164e+00 1.400000000000000000e+01 4.000000000000000000e+01 3.000000000000000000e+00
9.620062932287970492e-01 1.534552010856701232e+00 1.900000000000000000e+01 1.270000000000000000e+02 3.000000000000000000e+00
7.880465599445306557e-01 1.736519485755243508e+00 4.000000000000000000e+00 1.800000000000000000e+02 3.000000000000000000e+00
6.981572004460120384e-01 2.964441094340907190e-01 5.000000000000000000e+00 1.330000000000000000e+02 3.000000000000000000e+00
8.419834910252549376e-01 1.391682030151895955e+00 1.700000000000000000e+01 1.710000000000000000e+02 3.000000000000000000e+00
7.066077756321265113e-01 5.726492905846235493e-01 2.000000000000000000e+01 1.730000000000000000e+02 3.000000000000000000e+00
1.145845740720107496e-02 2.013012438884112409e+00 1.200000000000000000e+01 6.600000000000000000e+01 3.000000000000000000e+00
7.860531680261528820e-01 1.566165863307273032e+00 7.000000000000000000e+00 1.820000000000000000e+02 3.000000000000000000e+00
3.781114380298964406e-01 1.803040299638200228e+00 1.400000000000000000e+01 1.960000000000000000e+02 3.000000000000000000e+00
3.990675814344666339e-01 1.302723364835917996e+00 1.400000000000000000e+01 1.870000000000000000e+02 3.000000000000000000e+00
5.596307668432184412e-01 1.896357216119311628e+00 1.700000000000000000e+01 1.590000000000000000e+02 3.000000000000000000e+00
3.253622172560927117e-01 1.458150753937003774e+00 8.000000000000000000e+00 1.100000000000000000e+02 3.000000000000000000e+00
9.201694508041440290e-01 2.614604986130982800e-01 5.000000000000000000e+00 6.500000000000000000e+01 3.000000000000000000e+00
4.487263285948416280e-01 1.031128854053472654e+00 4.000000000000000000e+00 1.500000000000000000e+01 3.000000000000000000e+00
2.279579900249117941e-01 5.157093035103895717e-01 1.600000000000000000e+01 1.550000000000000000e+02 3.000000000000000000e+00
1.749335299616218142e-01 1.022731754785391134e+00 5.000000000000000000e+00 1.010000000000000000e+02 3.000000000000000000e+00
7.587403535365390139e-01 3.539913736549075152e-01 6.000000000000000000e+00 1.250000000000000000e+02 3.000000000000000000e+00
4.880550160322825182e-01 4.933897142111948186e-01 9.000000000000000000e+00 1.510000000000000000e+02 4.000000000000000000e+00
2.437423242485414060e-02 9.814687136415120028e-01 1.500000000000000000e+01 1.800000000000000000e+02 4.000000000000000000e+00
5.505051527138806744e-01 1.235652195017796551e+00 1.500000000000000000e+01 1.960000000000000000e+02 4.000000000000000000e+00
3.041748823642712596e-01 1.576023303202375825e+00 1.800000000000000000e+01 5.400000000000000000e+01 4.000000000000000000e+00
9.727692556311607897e-01 1.621621584822579454e+00 1.000000000000000000e+00 1.610000000000000000e+02 4.000000000000000000e+00
2.874150372619165283e-01 1.161353791645560962e+00 1.000000000000000000e+00 2.900000000000000000e+01 4.000000000000000000e+00
6.018598012322058377e-01 1.818245637011695948e+00 4.000000000000000000e+00 1.900000000000000000e+01 4.000000000000000000e+00
6.744642915861335242e-01 1.516485457913809398e+00 1.200000000000000000e+01 1.690000000000000000e+02 4.000000000000000000e+00
5.059061574684085016e-01 1.025991899169340416e+00 1.900000000000000000e+01 9.800000000000000000e+01 4.000000000000000000e+00
1.593054125430886092e-01 5.707127134065167473e-01 1.100000000000000000e+01 1.490000000000000000e+02 4.000000000000000000e+00
7.152476244818620765e-01 4.330409586451725579e-01 2.000000000000000000e+01 1.150000000000000000e+02 4.000000000000000000e+00
7.844146451010228782e-01 1.540966524164451901e+00 1.800000000000000000e+01 2.100000000000000000e+01 4.000000000000000000e+00
2.348286230769773830e-01 3.787348779313007840e-01 1.100000000000000000e+01 7.500000000000000000e+01 4.000000000000000000e+00
9.335825782346319768e-01 5.198041424350740014e-01 3.000000000000000000e+00 1.570000000000000000e+02 4.000000000000000000e+00
7.106126433528435760e-01 5.048082460825459306e-01 1.900000000000000000e+01 1.580000000000000000e+02 4.000000000000000000e+00
4.622024797499981741e-01 1.595401597880804767e-01 1.300000000000000000e+01 1.300000000000000000e+02 4.000000000000000000e+00
9.827681849845649742e-01 8.687696534710008800e-01 1.400000000000000000e+01 7.200000000000000000e+01 4.000000000000000000e+00
8.659702895872255224e-02 1.872107177949193346e+00 1.500000000000000000e+01 1.410000000000000000e+02 4.000000000000000000e+00
3.409822770028387851e-01 2.049056481370655547e+00 1.200000000000000000e+01 6.900000000000000000e+01 4.000000000000000000e+00
7.918308793358828923e-02 1.200284448821010042e+00 8.000000000000000000e+00 1.940000000000000000e+02 4.000000000000000000e+00
5.051122740543778633e-01 5.440118017839722375e-01 1.100000000000000000e+01 5.400000000000000000e+01 4.000000000000000000e+00
4.278095133542786366e-01 7.793231179232215089e-01 1.600000000000000000e+01 4.100000000000000000e+01 4.000000000000000000e+00
6.728375197744465019e-01 1.172880919219627671e+00 7.000000000000000000e+00 2.600000000000000000e+01 4.000000000000000000e+00
5.306687783094300448e-01 1.307649196455053620e+00 1.000000000000000000e+01 6.500000000000000000e+01 4.000000000000000000e+00
2.411898261344168626e-01 1.349778350944797145e+00 1.000000000000000000e+00 3.000000000000000000e+00 4.000000000000000000e+00
3.555193390940809550e-01 1.495482174663892716e-01 1.800000000000000000e+01 4.900000000000000000e+01 4.000000000000000000e+00
8.629969535466408548e-01 1.151831387200059398e+00 8.000000000000000000e+00 1.400000000000000000e+01 4.000000000000000000e+00
5.959770396945357485e-01 1.573700342757187842e+00 1.800000000000000000e+01 1.660000000000000000e+02 4.000000000000000000e+00
4.879696772102336544e-01 5.091903472345703507e-01 1.800000000000000000e+01 1.620000000000000000e+02 4.000000000000000000e+00
8.366515927310470557e-01 3.666910493339406996e-01 1.000000000000000000e+00 9.500000000000000000e+01 4.000000000000000000e+00
8.456796856962234266e-01 8.656337133682340257e-01 1.400000000000000000e+01 1.140000000000000000e+02 4.000000000000000000e+00
1.683496353887689034e-01 9.329611086524781660e-01 1.700000000000000000e+01 6.000000000000000000e+00 4.000000000000000000e+00
5.408095346403839904e-02 5.970576246745146198e-01 1.900000000000000000e+01 1.070000000000000000e+02 4.000000000000000000e+00
4.419259918540851401e-02 3.475146672650496482e-01 1.100000000000000000e+01 1.800000000000000000e+01 4.000000000000000000e+00
9.130202752808160849e-01 1.351743326009335888e+00 1.500000000000000000e+01 1.040000000000000000e+02 4.000000000000000000e+00
9.487970122292442576e-02 1.354488701988845190e+00 7.000000000000000000e+00 6.100000000000000000e+01 4.000000000000000000e+00
8.313093385858828510e-01 7.739829220543054111e-01 1.000000000000000000e+00 1.660000000000000000e+02 4.000000000000000000e+00
1.006370717958267269e+00 1.470955302429261424e+00 2.000000000000000000e+00 4.600000000000000000e+01 4.000000000000000000e+00
9.117967721413609838e-02 1.566449504932083236e+00 1.100000000000000000e+01 2.000000000000000000e+01 4.000000000000000000e+00
1.203637279016339517e-01 2.105992631185932551e-01 1.600000000000000000e+01 1.070000000000000000e+02 4.000000000000000000e+00
4.009207720641676520e-01 1.383284850205023508e-01 1.000000000000000000e+01 1.490000000000000000e+02 4.000000000000000000e+00
6.674704829987376797e-01 1.827552633504407054e-01 1.100000000000000000e+01 1.200000000000000000e+02 4.000000000000000000e+00
6.867088196914422626e-01 1.654577967166693586e+00 3.000000000000000000e+00 8.900000000000000000e+01 4.000000000000000000e+00
7.071052882720170185e-01 1.452219891857093437e+00 2.000000000000000000e+00 4.400000000000000000e+01 4.000000000000000000e+00
8.555777429654704003e-01 3.050572145838018612e-01 9.000000000000000000e+00 9.800000000000000000e+01 4.000000000000000000e+00
2.595608888445854329e-02 1.123032897792541007e+00 7.000000000000000000e+00 1.150000000000000000e+02 4.000000000000000000e+00
7.705366217754243685e-01 1.109564090642339185e+00 5.000000000000000000e+00 1.410000000000000000e+02 4.000000000000000000e+00
5.226611336996256352e-01 2.580534884407011953e-01 9.000000000000000000e+00 4.300000000000000000e+01 4.000000000000000000e+00
6.850343005320296275e-01 1.283357082031408636e+00 1.300000000000000000e+01 4.100000000000000000e+01 4.000000000000000000e+00
7.818382930330539660e-01 5.430477783627875032e-01 1.800000000000000000e+01 7.200000000000000000e+01 4.000000000000000000e+00
