-9.967532710996933076e+01
-1.330970010074670995e+02
-9.623075258094456785e+01
-1.325219215500888197e+02
-1.330817601298002160e+02
-1.160337936000384644e+02
-1.330948867151124091e+02
-1.330968180510410548e+02
-9.281543337821204886e+01
-1.330968093976576654e+02
-1.330968183880463585e+02
-1.024492379563864262e+02
-1.055632421421209131e+02
-9.347391282009007796e+01
-1.330967495483141079e+02
-1.100827638423996291e+02
-9.452161924710091512e+01
-1.326167622443623202e+02
-1.330968036659487836e+02
-9.325721017656918832e+01
-1.330959811886644673e+02
-1.145040145476903888e+02
-1.330968386870465281e+02
-9.629926714675445965e+01
-1.330783357317106947e+02
-1.029700637874783524e+02
-1.022864314268635297e+02
-1.330968462952573077e+02
-1.024015835581088396e+02
-1.330959439850605861e+02
-1.179686942055984815e+02
-1.284884369664560779e+02
-1.325574632591882676e+02
-1.330966624198183581e+02
-1.330966192205816299e+02
-1.131196905162480846e+02
-1.330700126292396419e+02
-1.327208901084110266e+02
-1.330967637468237683e+02
-1.329127826367522687e+02
-1.330315199223401805e+02
-1.330968068993983877e+02
-9.808122988233506589e+01
-1.330968549877603948e+02
-9.091302188093024483e+01
-1.155381979261084950e+02
-1.330958613678355675e+02
-1.262553528910869574e+02
-1.087085132450815053e+02
-1.330554296001684804e+02
-1.278400835284225110e+02
-1.278401253351198363e+02
-9.902834471385263271e+01
-1.278400632486289794e+02
-1.278388543582544656e+02
-1.248071661357313928e+02
-1.184596093163698924e+02
-1.277755637522909353e+02
-1.278400892916390603e+02
-1.277718805618898585e+02
-8.902983423107205851e+01
-1.252280342537754478e+02
-1.258185560501712104e+02
-1.032515904124123409e+02
-9.583115348339237016e+01
-1.261059768455136805e+02
-1.278396966023564545e+02
-1.095971972020043808e+02
-1.278395399933810666e+02
-9.673599748560745581e+01
-1.278384485477126304e+02
-1.017051181678288856e+02
-1.045767134961566711e+02
-1.278393636245514386e+02
-9.487140082213453240e+01
-1.278401160038509659e+02
-8.785337781800022583e+01
-1.278093720571084901e+02
-1.077501089157272247e+02
-8.933260700164166224e+01
-1.261042779228624511e+02
-1.080326037347037129e+02
-1.078061588003274949e+02
-1.278400643069296052e+02
-1.244900069658539223e+02
-1.102570794550958340e+02
-1.278401350875579396e+02
-1.276931348003040370e+02
-1.269918257826567469e+02
-9.264507909583504386e+01
-1.269424388705223947e+02
-1.278313946189536097e+02
-8.845130384238393617e+01
-1.164490716171315796e+02
-8.857335714402728399e+01
-1.057801402833972446e+02
-1.041416665853913628e+02
-8.879470038379142238e+01
-1.273206819592940207e+02
-1.274789486834297492e+02
-1.148258848465701902e+02
-1.235558978696377608e+02
-1.214184850215506657e+02
-1.235604381846709714e+02
-1.226491651901499722e+02
-1.235614975851869985e+02
-1.105152774480590523e+02
-1.235466634972534052e+02
-1.212276196259316947e+02
-1.235567336038463395e+02
-9.028919631421858583e+01
-1.056218434924480505e+02
-1.160411031770895960e+02
-1.235615097986748907e+02
-1.235614469971602745e+02
-1.235595800236169310e+02
-8.771039028897843082e+01
-1.235562210210312060e+02
-1.020750562728879487e+02
-1.235245601092801166e+02
-9.906269420886600585e+01
-1.235614943483010109e+02
-1.235617783976847193e+02
-1.200384194814216698e+02
-1.189217864044916979e+02
-1.235500646410592367e+02
-9.990171520823921014e+01
-1.225651938678288531e+02
-8.830755270447131977e+01
-1.235592071405790193e+02
-1.116530588819098142e+02
-1.225675551438670539e+02
-1.235615350016406921e+02
-1.235585224595229192e+02
-1.234351984172617591e+02
-9.034959143546021210e+01
-9.661505162097597577e+01
-1.101448016526383782e+02
-1.007627089032306031e+02
-1.148894453123049431e+02
-1.235611931924072309e+02
-1.096176309215551470e+02
-1.077765343043232775e+02
-9.866799631272681381e+01
-1.235590419705435750e+02
-1.224076067577345697e+02
-9.633968691735496748e+01
-1.235613819020446584e+02
-1.234882138381708359e+02
-1.157264720525628832e+02
-8.908662714786530046e+01
-1.192007940905672143e+02
-1.229316006194080728e+02
-1.239422720032240477e+02
-8.794822513719606150e+01
-1.239420547355270656e+02
-9.423675935086072286e+01
-9.219762524923538649e+01
-1.176809084312275644e+02
-8.613119165278155265e+01
-1.033135672836781538e+02
-9.195789010195932178e+01
-9.043144282828058067e+01
-1.239247459402215839e+02
-9.449315836431800619e+01
-1.239423676794010731e+02
-1.239422330967986596e+02
-1.239422808948468457e+02
-1.239361202475636361e+02
-9.609405669680738526e+01
-8.709345280196566819e+01
-1.239422853463817660e+02
-1.239419367267716723e+02
-1.239422577770145750e+02
-1.144696482607964185e+02
-9.518249334632751868e+01
-1.099371717304398146e+02
-1.239420428386539470e+02
-1.239422874683412772e+02
-9.233969381199183601e+01
-9.683462372910791771e+01
-1.079187190389855289e+02
-1.239423840791394014e+02
-1.239421014739683642e+02
-1.239152105252956204e+02
-1.202309982885837911e+02
-9.539301170333133939e+01
-9.216572039840571051e+01
-1.145075101335513637e+02
-1.239423002212819824e+02
-1.238550843687539214e+02
-8.686263654312470806e+01
-1.239422823700990079e+02
-9.173910678818964470e+01
-9.113298801558840978e+01
-1.125120827288065044e+02
-1.238613106311401708e+02
-1.239419681701894831e+02
-9.910612793751263894e+01
-1.216899367724899150e+02
-8.743562263495620357e+01
-1.221684587706274527e+02
-1.251434327618250251e+02
-1.251434346060305245e+02
-1.249385444522012705e+02
-1.224868091674962614e+02
-9.858237152872445108e+01
-1.220542092352185080e+02
-1.251408038525106008e+02
-8.963162124575326573e+01
-1.243850829010338686e+02
-1.251413416204772489e+02
-1.251431781371800156e+02
-1.251195487697569035e+02
-1.168178345241205989e+02
-1.172848267157407349e+02
-1.250899634105393545e+02
-9.040900254300436245e+01
-1.251319358415954781e+02
-1.250274458429666709e+02
-8.821832972177040233e+01
-1.251339369028509481e+02
-1.234156245286912821e+02
-1.075276588792789028e+02
-1.089861748791411742e+02
-9.526158751625527543e+01
-8.809226752926743131e+01
-1.242142766264260842e+02
-8.634921871819624073e+01
-1.086809878597211281e+02
-1.251434380803573561e+02
-1.243770571219200889e+02
-1.233364276312019143e+02
-1.251087530983730858e+02
-1.251429108160513834e+02
-1.232103741827237400e+02
-1.006610062908850836e+02
-1.251397089123594810e+02
-9.629480233727979055e+01
-1.215890828461520812e+02
-1.250826315388979850e+02
-8.935297681655673330e+01
-1.198759373750291104e+02
-1.245765735534300092e+02
-9.804974050196589985e+01
-1.244027516149388362e+02
-1.250943809940548590e+02
-1.251374394899141151e+02
-1.167291508037201879e+02
-9.766986021938811291e+01
