-9.228661836743292213e+01
-1.269639603496205638e+02
-1.010828608544781133e+02
-1.282228096113996116e+02
-1.330968778698074289e+02
-1.330958888186933393e+02
-9.765209383609527549e+01
-9.126882971336445394e+01
-1.330968297865698560e+02
-1.218921313190204074e+02
-1.330947524998215954e+02
-1.330870551891715365e+02
-8.884005755803833893e+01
-1.328502587659372693e+02
-1.307135849663796137e+02
-1.330966166088771558e+02
-1.084633488961592462e+02
-1.321433568353901649e+02
-1.201342903877753230e+02
-9.791644926597291487e+01
-9.478932832969063327e+01
-1.260354596655001558e+02
-1.330967058695257492e+02
-1.303726523621322144e+02
-1.317297263820053388e+02
-1.107500600919671001e+02
-1.004834246879573953e+02
-1.315609946772643752e+02
-9.378597709413509165e+01
-1.041039006995962524e+02
-1.032258265670745914e+02
-1.310656930400115527e+02
-1.118427198869512722e+02
-1.330963617036441917e+02
-9.173280711727539938e+01
-1.210024028898787947e+02
-1.330239759932133268e+02
-1.216904804202927721e+02
-1.299645092088231308e+02
-8.973244569435169637e+01
-1.330968964767450871e+02
-1.330967266296810863e+02
-1.330953882295384005e+02
-1.307358942788384297e+02
-1.271074794745201189e+02
-1.106108647995240233e+02
-1.236120530617921531e+02
-1.330906486358673817e+02
-1.180794467784139528e+02
-9.046695875227148065e+01
-1.278399136445680142e+02
-1.278400671759036555e+02
-1.270627353108774571e+02
-9.258577170060246431e+01
-1.278099831374244815e+02
-1.223162051330713496e+02
-1.196971437636305211e+02
-1.044540849712560799e+02
-1.278395251231288796e+02
-1.278382565694247290e+02
-1.266670093914666211e+02
-1.026998218224770483e+02
-1.276125295730989819e+02
-1.116255845964809765e+02
-1.278400935872439703e+02
-9.012345666989624249e+01
-1.277897233014854379e+02
-1.278400834855219443e+02
-1.278391135637743758e+02
-1.248029418480854247e+02
-9.280837830663496391e+01
-1.260774431418822559e+02
-1.043754579661155759e+02
-8.930287691193822752e+01
-1.054702060493146263e+02
-9.217137770599266844e+01
-1.091434680304552245e+02
-1.278365721640696222e+02
-1.278400547826418858e+02
-8.891402861812304081e+01
-1.209314573753457580e+02
-1.278400323270773242e+02
-8.845778829287745282e+01
-1.278396712653769356e+02
-9.863522523468695624e+01
-1.278398534467462611e+02
-8.862696504749294490e+01
-1.278399736690520854e+02
-9.012940065428522018e+01
-9.223518263520934113e+01
-1.083640939709582796e+02
-1.097954318667289755e+02
-1.018580584111317364e+02
-9.153484437490747894e+01
-1.013594081435669381e+02
-1.268051087697634784e+02
-1.278401485101974941e+02
-1.278403813308712103e+02
-1.080330405622584635e+02
-8.888535906085851934e+01
-1.235615190119393958e+02
-1.235611482267056260e+02
-1.235615282855649042e+02
-1.235411792434400127e+02
-1.235449853473722328e+02
-8.794157165505585283e+01
-9.348756127489625101e+01
-1.234537503195799673e+02
-1.235614752259108968e+02
-1.224442498744771086e+02
-1.235387911674641117e+02
-1.142146663837978195e+02
-9.591326064144584507e+01
-1.180443864373390710e+02
-1.197955689010972549e+02
-1.068457352611376336e+02
-1.235487033964502359e+02
-1.107841996046300181e+02
-1.143201240229360991e+02
-9.861041687927240673e+01
-8.999075368070637637e+01
-1.235570569085582946e+02
-1.235589744130769532e+02
-1.006087309388267386e+02
-8.778714105020780778e+01
-1.235615074304693621e+02
-1.055737842338469363e+02
-9.279998770225131466e+01
-1.222201547416640750e+02
-1.230759000027499042e+02
-1.192064290706182277e+02
-1.235615027099238574e+02
-8.672407009648047449e+01
-1.235615230497918446e+02
-8.673541094749256786e+01
-1.235615345101863056e+02
-1.044997707865746150e+02
-8.700402327802018476e+01
-1.089452747911959847e+02
-8.915063476270225351e+01
-1.226308478910499673e+02
-8.618667869407526894e+01
-1.235610293138190485e+02
-1.051784517418015525e+02
-1.195891432842658872e+02
-1.235339912670319791e+02
-8.829157411071766148e+01
-1.055157008325501096e+02
-1.235614639994641664e+02
-1.235615113739896316e+02
-1.144373002258858776e+02
-1.194366025092597141e+02
-1.009925507114120364e+02
-1.239416423857958591e+02
-1.239256413614094470e+02
-1.239420245432209384e+02
-8.873210981831644517e+01
-1.169097729674636099e+02
-1.239422653002879144e+02
-1.126617815058581868e+02
-9.727194154790169023e+01
-1.152538882663086639e+02
-1.083067762815686592e+02
-9.773142290114068942e+01
-1.239422517938028676e+02
-1.239387000160426737e+02
-1.230957449801066019e+02
-1.119021209585473002e+02
-9.771304478033796670e+01
-1.017552463379143290e+02
-1.234005684350572380e+02
-8.890510286080662183e+01
-8.570535231815851773e+01
-9.905706821112863736e+01
-1.039313892996836870e+02
-1.239415627157425206e+02
-8.729364327794417022e+01
-1.208452097765752455e+02
-1.239423740142308930e+02
-9.959638870184666359e+01
-8.656513690271705741e+01
-1.239422397722152596e+02
-1.115146760328945987e+02
-1.239422723829560482e+02
-1.239421063575012454e+02
-9.840473198734190419e+01
-1.188328912582798864e+02
-9.097231358203129048e+01
-8.781655084574741466e+01
-1.142378905884499147e+02
-9.614438156036104033e+01
-1.167751968423248030e+02
-8.690611087084529629e+01
-1.215378951111873533e+02
-1.239409412655880800e+02
-8.549948844181615470e+01
-1.149138978064691656e+02
-1.202372642406510863e+02
-1.239421369201420049e+02
-1.182628444969604544e+02
-1.169587556925390146e+02
-1.030489694234110658e+02
-1.251345067024187898e+02
-9.311128735884777541e+01
-1.251430860145750614e+02
-9.026447637017393788e+01
-1.251430712608291742e+02
-1.248207772468647505e+02
-1.251215649585522698e+02
-1.249802992640110233e+02
-1.251433841877879445e+02
-1.251431605236344353e+02
-1.251415110187027153e+02
-1.211412528068916288e+02
-1.251434713253130724e+02
-1.186656588221782584e+02
-1.242952297552954803e+02
-1.251373911656282019e+02
-1.251430692017829926e+02
-1.062430767226412627e+02
-1.251434189248081594e+02
-1.077298110039736940e+02
-1.251417931064912068e+02
-9.007379103099275142e+01
-1.208289332321480458e+02
-1.250846870951985039e+02
-1.135671952093206301e+02
-1.208294587202283594e+02
-1.251435158807069996e+02
-1.251434748406780955e+02
-1.251431649039794820e+02
-1.251434346726718587e+02
-1.251432699921197269e+02
-1.231685563033213100e+02
-1.249554315767337158e+02
-9.787725858620193264e+01
-1.251434479242233380e+02
-8.818087704018229545e+01
-1.228506326714109633e+02
-1.236659339765453893e+02
-1.251432991602170262e+02
-8.860562067403309072e+01
-1.100224137729185543e+02
-9.772506339351765803e+01
-1.250755086660001467e+02
-1.251434442856557610e+02
-1.002767990508979210e+02
-1.023160624441674713e+02
-1.251434456245893472e+02
-1.117705823965836771e+02
