-1.330958504560643405e+02
-9.040659442848912875e+01
-1.330947822969318679e+02
-1.326072300322016417e+02
-9.084238289809530897e+01
-1.330961846286883201e+02
-1.260906142220698030e+02
-1.330568252551369142e+02
-1.313499556683753724e+02
-1.325878424064796377e+02
-1.329417804868470512e+02
-1.330969266808700695e+02
-9.396060526984268790e+01
-1.302539931128485193e+02
-9.015292708287141465e+01
-1.330695898517449223e+02
-9.616001393259520569e+01
-1.200427590648895517e+02
-1.328133768114388431e+02
-1.302646373252179899e+02
-1.330967915533294388e+02
-1.115441932639777320e+02
-1.300609552955572781e+02
-1.330968698642351455e+02
-1.007454786967211078e+02
-1.327423509709734901e+02
-1.323112157812950898e+02
-1.291952410992033435e+02
-1.055884665367451447e+02
-1.328964454442058809e+02
-1.330968903643644694e+02
-8.904583985962224801e+01
-1.017581449095840185e+02
-1.330849472486197271e+02
-1.019249623977647161e+02
-1.330881865552897523e+02
-1.100608204422127301e+02
-1.229782586520609158e+02
-1.316501118007064974e+02
-1.330842434226909745e+02
-1.098019231690197159e+02
-9.575718389349694348e+01
-1.330860032859644093e+02
-9.655148449653087539e+01
-1.234234751209782672e+02
-8.947589927213053329e+01
-1.308384229009267017e+02
-1.326644693050871240e+02
-1.330704162309710341e+02
-9.073188354602791605e+01
-1.079802057723952657e+02
-1.275944698875355527e+02
-1.278225410981235228e+02
-1.264159982839832708e+02
-1.223485334394497954e+02
-1.131063212108445128e+02
-8.979016659418532242e+01
-1.265477734180280578e+02
-1.278403014183663942e+02
-8.987063103688466015e+01
-1.274090635124132120e+02
-1.278398867759627393e+02
-1.278245038996442986e+02
-1.183274814265012935e+02
-1.116161759593023532e+02
-1.278357197668226206e+02
-1.278123967961605416e+02
-1.278190143767803306e+02
-1.189011349321424120e+02
-1.195833550847120250e+02
-1.267532831828725506e+02
-1.232334807347047274e+02
-1.278387031428184883e+02
-1.278397213746408170e+02
-1.278388882978280634e+02
-9.249436226863868171e+01
-1.278401049254396185e+02
-1.182047246796065423e+02
-1.278326053945637426e+02
-1.243913916666766255e+02
-1.141919881818750184e+02
-1.269974541808742714e+02
-1.168474543304153030e+02
-1.275516122579334990e+02
-1.251262542683178225e+02
-1.278324420040833473e+02
-1.114079223053112742e+02
-1.217115388153018785e+02
-8.887916427707199318e+01
-1.157868885865867412e+02
-1.239990379444872559e+02
-1.139798171861335447e+02
-1.138377627129890612e+02
-1.257727191608105670e+02
-1.274836742776812173e+02
-1.278395948796400887e+02
-1.278400102435482353e+02
-1.278397989991952244e+02
-1.062954109428174974e+02
-9.745345482744629351e+01
-8.644192726140789773e+01
-1.130577356407175955e+02
-1.235613735415585808e+02
-1.235614475912651073e+02
-8.813610682553250797e+01
-1.221147630333264260e+02
-1.005462610791156379e+02
-1.235613217111736901e+02
-1.222710633678510987e+02
-1.023608134967191887e+02
-1.235611384797321080e+02
-1.235201478358120681e+02
-1.067400631452327957e+02
-1.194686075054833339e+02
-1.235597614245756546e+02
-9.909220689227169032e+01
-9.106905730123578735e+01
-1.235590474255720181e+02
-9.076134919557622993e+01
-1.193380486088761359e+02
-1.004002263144790277e+02
-1.028787036335713907e+02
-9.670254977159855514e+01
-1.054746308268010466e+02
-9.604446775826552596e+01
-9.971462001574509770e+01
-9.234216046092173258e+01
-1.014458051721165361e+02
-1.235612121639043437e+02
-1.005634632962664199e+02
-1.235564065665996907e+02
-9.222427066498897830e+01
-1.235615198638157892e+02
-9.193409102978745295e+01
-8.759263775511603001e+01
-1.227574527185997084e+02
-8.734177135612401344e+01
-1.234715347486354204e+02
-1.027597744524268109e+02
-1.010108859301588780e+02
-9.625664734375328635e+01
-9.153812152789780043e+01
-1.198612531475333043e+02
-1.235365569911170809e+02
-1.156148693506766563e+02
-1.235590915667237510e+02
-9.147003643822870345e+01
-1.014302695388030742e+02
-1.232365420112701031e+02
-1.234034539104163883e+02
-1.045129885939274601e+02
-1.239353782672529150e+02
-1.235144889187364612e+02
-8.789392917893165702e+01
-1.239419620159227406e+02
-9.631534792215356333e+01
-8.638675046169345251e+01
-1.239114068965570681e+02
-1.239405482952993651e+02
-1.181966912346138940e+02
-1.239421464044700514e+02
-1.029429732054832272e+02
-1.239419942338134035e+02
-1.045405860065381489e+02
-1.222773087043154305e+02
-9.008437863570320303e+01
-1.239301012989697028e+02
-9.598897139256219191e+01
-1.239403187686038450e+02
-1.239421538027974066e+02
-8.547640694692034913e+01
-1.155826853559815532e+02
-1.217330952620423403e+02
-9.713212852077259640e+01
-1.191460240858836670e+02
-8.690035600747128797e+01
-1.209854421607368948e+02
-1.239422829786557543e+02
-1.092567431658223285e+02
-1.239418128094979465e+02
-1.233540420501505679e+02
-1.239421063075659220e+02
-1.239422234154744018e+02
-1.171558303362213280e+02
-1.207409484794589360e+02
-1.239421197562751757e+02
-1.236136004025673003e+02
-9.493270998658270798e+01
-8.656851114732874919e+01
-1.239401824942667503e+02
-1.239417808547299842e+02
-9.210046266712981833e+01
-8.747306551908839367e+01
-1.239414923800459860e+02
-8.540732387691548411e+01
-1.239422939048507857e+02
-1.046804694367496040e+02
-1.171135501972492676e+02
-8.618629509237148056e+01
-1.154152897763035241e+02
-9.160255905195572268e+01
-8.838093044878225157e+01
-1.110405647862088756e+02
-9.743915619286239860e+01
-1.251434145592324114e+02
-1.251434579265039844e+02
-1.240796720677612228e+02
-1.017094787215760334e+02
-1.251432740027277362e+02
-1.251390360822588548e+02
-1.251434519585522054e+02
-9.655107706780435706e+01
-1.251423586211992642e+02
-9.106282754899274323e+01
-1.251433292721780788e+02
-1.251435816326993802e+02
-1.251434435934894793e+02
-1.149386471542327257e+02
-8.890736319391336906e+01
-8.776351468084124008e+01
-9.805430061953870791e+01
-1.251435585932750882e+02
-1.251425744021010615e+02
-1.159235369783283573e+02
-1.251425074390958514e+02
-8.768836231682483628e+01
-1.251435042961788469e+02
-1.209638471827205706e+02
-1.251333782021247600e+02
-1.251433464281825678e+02
-1.149212212146019141e+02
-1.251432186989726034e+02
-1.244022568494753642e+02
-1.224647076302010760e+02
-1.251435607295187111e+02
-1.191235497905133656e+02
-9.002761347719369667e+01
-8.934464117207330958e+01
-8.723921134338245054e+01
-8.773950748895377671e+01
-8.668879891138246307e+01
-1.250265456257051397e+02
-8.703764527608802837e+01
-1.196861730120132989e+02
-1.250972422664837325e+02
-1.204459832449224592e+02
-1.245748426302892682e+02
-9.503649587348891714e+01
-1.232802295006301563e+02
-1.251425766873562253e+02
