8.443767260668016972e-01 1.365752532234935979e+00 2.000000000000000000e+00 4.400000000000000000e+01 0.000000000000000000e+00
7.869443197202402596e-01 2.115589504293221845e-01 6.000000000000000000e+00 1.540000000000000000e+02 0.000000000000000000e+00
9.347471432956601101e-01 1.844454482385217586e+00 3.000000000000000000e+00 2.000000000000000000e+00 0.000000000000000000e+00
4.189803440067217943e-01 1.067567190515210207e+00 1.800000000000000000e+01 8.000000000000000000e+00 0.000000000000000000e+00
2.726579523378914738e-01 3.000395692467446862e-01 1.300000000000000000e+01 1.330000000000000000e+02 0.000000000000000000e+00
6.077311679070240141e-02 1.992222883670477396e+00 1.100000000000000000e+01 7.100000000000000000e+01 0.000000000000000000e+00
4.249171688100441546e-01 1.052324971825706612e+00 7.000000000000000000e+00 1.370000000000000000e+02 0.000000000000000000e+00
1.005076207715336206e-01 1.272749411702400302e+00 1.800000000000000000e+01 8.700000000000000000e+01 0.000000000000000000e+00
4.776702817854443506e-01 1.246572768944817389e+00 6.000000000000000000e+00 1.320000000000000000e+02 0.000000000000000000e+00
4.150983209703323906e-01 1.278453954964914097e+00 1.200000000000000000e+01 8.900000000000000000e+01 0.000000000000000000e+00
1.138612911237157042e-02 1.166288042112764378e+00 1.000000000000000000e+01 1.990000000000000000e+02 0.000000000000000000e+00
5.306099481943208351e-01 1.606399260923516925e+00 3.000000000000000000e+00 3.300000000000000000e+01 0.000000000000000000e+00
4.763705624055670773e-01 2.347408067740878457e-01 3.000000000000000000e+00 1.500000000000000000e+01 0.000000000000000000e+00
7.631579379361543847e-01 1.189257109455552852e+00 1.100000000000000000e+01 1.660000000000000000e+02 0.000000000000000000e+00
1.320232917869998968e-01 2.387280673215634030e-01 7.000000000000000000e+00 8.200000000000000000e+01 0.000000000000000000e+00
1.437893460712422744e-01 1.381549831669327100e+00 1.300000000000000000e+01 2.800000000000000000e+01 0.000000000000000000e+00
4.823571242382622692e-01 4.235679913784257122e-01 1.700000000000000000e+01 4.900000000000000000e+01 0.000000000000000000e+00
2.914147647966907062e-01 8.928127613511770422e-01 1.700000000000000000e+01 7.800000000000000000e+01 0.000000000000000000e+00
1.234302767419736234e-02 9.121213041866375049e-01 1.000000000000000000e+01 1.000000000000000000e+01 0.000000000000000000e+00
5.416978918829377099e-01 1.100383674999398931e+00 1.400000000000000000e+01 3.600000000000000000e+01 0.000000000000000000e+00
9.317128685429180157e-01 2.044785588215976002e+00 6.000000000000000000e+00 4.900000000000000000e+01 0.000000000000000000e+00
6.017690387175166772e-02 6.294502520438206572e-01 1.500000000000000000e+01 1.230000000000000000e+02 0.000000000000000000e+00
7.001787839036206496e-01 1.183718402192761809e+00 2.000000000000000000e+01 1.910000000000000000e+02 0.000000000000000000e+00
1.633335729429711281e-01 1.900846201311911621e+00 1.400000000000000000e+01 1.880000000000000000e+02 0.000000000000000000e+00
2.321643955822630945e-01 5.213246149851779032e-01 1.600000000000000000e+01 1.190000000000000000e+02 0.000000000000000000e+00
3.723477413341998998e-01 9.095958084856959891e-01 3.000000000000000000e+00 6.000000000000000000e+00 0.000000000000000000e+00
9.965995657611760317e-01 1.367548450894334966e+00 1.100000000000000000e+01 1.560000000000000000e+02 0.000000000000000000e+00
7.963138715442520388e-01 1.141743753457217680e+00 4.000000000000000000e+00 1.500000000000000000e+02 0.000000000000000000e+00
8.110920922043006465e-02 1.976223140852261528e-01 8.000000000000000000e+00 3.300000000000000000e+01 0.000000000000000000e+00
7.219303338892815169e-01 1.390724304513261567e+00 1.700000000000000000e+01 8.100000000000000000e+01 0.000000000000000000e+00
7.904722939063879572e-01 1.858473545119909254e+00 1.500000000000000000e+01 9.300000000000000000e+01 0.000000000000000000e+00
1.963847874423132467e-01 1.416927436366152426e-01 3.000000000000000000e+00 9.500000000000000000e+01 0.000000000000000000e+00
9.780916607314594780e-01 5.366846278443685447e-01 8.000000000000000000e+00 6.700000000000000000e+01 0.000000000000000000e+00
4.022882136673743281e-01 1.479118951578759056e+00 9.000000000000000000e+00 8.000000000000000000e+00 0.000000000000000000e+00
4.429784766846291966e-01 5.479799837124467166e-01 1.600000000000000000e+01 1.120000000000000000e+02 0.000000000000000000e+00
7.025031415098891285e-01 1.721024288915118605e+00 4.000000000000000000e+00 2.000000000000000000e+00 0.000000000000000000e+00
4.506266636548050125e-02 5.378630175974922212e-01 1.000000000000000000e+00 1.630000000000000000e+02 0.000000000000000000e+00
2.300612405234753188e-01 9.752953449071418701e-01 1.100000000000000000e+01 1.780000000000000000e+02 0.000000000000000000e+00
6.428961823397956188e-01 1.274658293509024487e+00 1.500000000000000000e+01 1.130000000000000000e+02 0.000000000000000000e+00
4.913814501372745225e-01 1.370334057659418292e+00 1.400000000000000000e+01 2.500000000000000000e+01 0.000000000000000000e+00
5.243861615315946745e-01 6.998843329589349294e-01 1.700000000000000000e+01 6.400000000000000000e+01 0.000000000000000000e+00
9.445139898109743415e-01 4.071438841525573116e-01 1.100000000000000000e+01 1.780000000000000000e+02 0.000000000000000000e+00
3.674205484939551541e-02 1.994659819195462314e+00 6.000000000000000000e+00 3.200000000000000000e+01 0.000000000000000000e+00
4.564504670106442896e-01 4.399043287521254841e-01 1.300000000000000000e+01 1.080000000000000000e+02 0.000000000000000000e+00
5.595903997397979612e-01 9.759963736278000068e-01 1.700000000000000000e+01 1.830000000000000000e+02 0.000000000000000000e+00
3.236918045928623977e-01 2.373533254195777931e-01 1.800000000000000000e+01 5.700000000000000000e+01 0.000000000000000000e+00
8.806621765895895626e-01 1.214441945565243097e+00 1.100000000000000000e+01 8.000000000000000000e+01 0.000000000000000000e+00
9.146060142587417729e-01 1.436808136390539170e+00 1.400000000000000000e+01 1.530000000000000000e+02 0.000000000000000000e+00
3.548240822808151895e-01 1.291867099129237806e+00 8.000000000000000000e+00 4.200000000000000000e+01 0.000000000000000000e+00
6.460064948914288063e-01 2.699024107416144735e-01 8.000000000000000000e+00 3.400000000000000000e+01 0.000000000000000000e+00
7.570811631608458381e-01 7.144770847786036105e-01 1.400000000000000000e+01 7.100000000000000000e+01 1.000000000000000000e+00
3.488764092130036687e-01 1.246212537879850757e+00 1.200000000000000000e+01 5.900000000000000000e+01 1.000000000000000000e+00
8.900877567296759663e-02 1.440025047994990093e+00 1.700000000000000000e+01 5.000000000000000000e+01 1.000000000000000000e+00
9.243414008259774606e-02 8.481325338364825717e-01 1.600000000000000000e+01 1.300000000000000000e+01 1.000000000000000000e+00
6.462816117703612528e-01 9.991908063644748816e-01 5.000000000000000000e+00 2.200000000000000000e+01 1.000000000000000000e+00
8.326911045017645341e-01 8.278214597453376067e-01 1.500000000000000000e+01 1.200000000000000000e+02 1.000000000000000000e+00
1.765666120716322673e-01 2.763163048108477904e-01 7.000000000000000000e+00 5.200000000000000000e+01 1.000000000000000000e+00
9.705330030396828178e-01 1.289063476282255261e+00 2.000000000000000000e+00 1.710000000000000000e+02 1.000000000000000000e+00
1.231944017673358566e-01 1.860147900006236199e+00 1.300000000000000000e+01 7.700000000000000000e+01 1.000000000000000000e+00
1.517022632242891467e-01 3.162108581015269371e-01 6.000000000000000000e+00 1.960000000000000000e+02 1.000000000000000000e+00
1.106569187745964772e-01 5.651843739364533770e-01 5.000000000000000000e+00 3.000000000000000000e+00 1.000000000000000000e+00
4.056241403022136094e-01 1.832693065633692830e+00 1.200000000000000000e+01 1.240000000000000000e+02 1.000000000000000000e+00
5.359683942595726974e-02 1.410163834593133547e+00 1.600000000000000000e+01 1.180000000000000000e+02 1.000000000000000000e+00
1.426894683391585206e-01 9.217637149271195041e-01 2.000000000000000000e+00 1.000000000000000000e+02 1.000000000000000000e+00
8.724439411773331210e-02 6.499478126692520563e-01 1.400000000000000000e+01 5.400000000000000000e+01 1.000000000000000000e+00
2.676758819804069683e-02 1.655521458641794341e+00 5.000000000000000000e+00 1.020000000000000000e+02 1.000000000000000000e+00
4.240999341120544885e-01 1.430513240985675338e+00 3.000000000000000000e+00 1.170000000000000000e+02 1.000000000000000000e+00
1.002547261119266370e-01 1.665315466958133372e+00 2.000000000000000000e+01 2.200000000000000000e+01 1.000000000000000000e+00
1.000029942457503207e+00 9.616602098712484503e-01 1.700000000000000000e+01 1.510000000000000000e+02 1.000000000000000000e+00
2.466375224916309561e-01 4.526024165054961523e-01 1.800000000000000000e+01 5.000000000000000000e+00 1.000000000000000000e+00
8.387823623473451562e-01 1.236681001478827202e+00 7.000000000000000000e+00 4.800000000000000000e+01 1.000000000000000000e+00
2.974076092400100846e-01 1.095557732553139596e+00 5.000000000000000000e+00 9.000000000000000000e+01 1.000000000000000000e+00
2.477235864931359027e-02 1.694004826586805956e+00 7.000000000000000000e+00 1.940000000000000000e+02 1.000000000000000000e+00
1.465496692860578376e-01 1.923462453791574323e+00 1.800000000000000000e+01 6.500000000000000000e+01 1.000000000000000000e+00
7.415210479288202039e-02 1.607527546852315137e+00 1.800000000000000000e+01 1.680000000000000000e+02 1.000000000000000000e+00
1.610174544432262378e-01 1.006339303594480372e-01 8.000000000000000000e+00 1.900000000000000000e+02 1.000000000000000000e+00
8.194750813289055635e-01 1.893900526676659979e+00 3.000000000000000000e+00 8.700000000000000000e+01 1.000000000000000000e+00
4.876086029794262089e-01 9.556702225165772946e-01 3.000000000000000000e+00 1.750000000000000000e+02 1.000000000000000000e+00
3.493238890462024848e-01 1.422193865985521999e+00 2.000000000000000000e+00 1.070000000000000000e+02 1.000000000000000000e+00
2.321282557568116189e-01 1.045629522149363444e+00 1.100000000000000000e+01 4.900000000000000000e+01 1.000000000000000000e+00
6.443427848320628648e-01 8.508492835263111731e-01 1.000000000000000000e+01 1.580000000000000000e+02 1.000000000000000000e+00
9.786036850318432512e-01 1.343080167944439518e+00 1.400000000000000000e+01 1.390000000000000000e+02 1.000000000000000000e+00
5.932730374364457715e-01 9.101829552439121285e-01 2.000000000000000000e+00 7.400000000000000000e+01 1.000000000000000000e+00
1.009586256107589536e-01 8.504496665549966528e-01 1.000000000000000000e+00 2.400000000000000000e+01 1.000000000000000000e+00
2.827015098448973918e-01 1.180090809952085928e+00 2.000000000000000000e+01 1.180000000000000000e+02 1.000000000000000000e+00
7.591946798072841673e-01 1.393483639004507113e+00 6.000000000000000000e+00 4.300000000000000000e+01 1.000000000000000000e+00
6.948319895128440837e-01 7.917692343248557973e-01 1.800000000000000000e+01 9.500000000000000000e+01 1.000000000000000000e+00
2.836304918262232411e-01 1.063258448630968189e+00 4.000000000000000000e+00 1.710000000000000000e+02 1.000000000000000000e+00
1.898452117351907553e-01 1.826859001877045030e-01 6.000000000000000000e+00 8.500000000000000000e+01 1.000000000000000000e+00
5.668044218685731606e-01 8.850044594742433324e-01 1.700000000000000000e+01 1.680000000000000000e+02 1.000000000000000000e+00
9.220508029940016614e-01 1.136050385147503228e+00 1.000000000000000000e+01 6.800000000000000000e+01 1.000000000000000000e+00
2.333291426523427248e-01 7.808103329611136845e-01 1.600000000000000000e+01 3.400000000000000000e+01 1.000000000000000000e+00
2.927560853811385089e-01 8.280470377224683487e-01 1.000000000000000000e+01 7.600000000000000000e+01 1.000000000000000000e+00
5.554061787604080980e-01 1.158713580509044050e+00 2.000000000000000000e+01 4.000000000000000000e+01 1.000000000000000000e+00
1.053735916146095603e-01 1.777778632130025516e+00 1.800000000000000000e+01 1.000000000000000000e+00 1.000000000000000000e+00
2.083729908848227508e-01 1.849993560777305701e+00 1.900000000000000000e+01 3.800000000000000000e+01 1.000000000000000000e+00
2.869066297346697381e-01 1.799043948873735088e+00 8.000000000000000000e+00 5.100000000000000000e+01 1.000000000000000000e+00
6.200294180328935062e-02 2.008878653933402259e+00 2.000000000000000000e+00 5.000000000000000000e+01 1.000000000000000000e+00
1.553010564606582822e-01 6.256796153850642250e-01 1.300000000000000000e+01 6.200000000000000000e+01 1.000000000000000000e+00
4.321517014015431313e-01 5.042394980640164670e-01 3.000000000000000000e+00 1.800000000000000000e+02 1.000000000000000000e+00
2.503139025172930188e-01 2.837798683314870507e-01 1.400000000000000000e+01 1.070000000000000000e+02 2.000000000000000000e+00
9.304295584342606729e-01 9.077993871634894019e-01 8.000000000000000000e+00 9.000000000000000000e+01 2.000000000000000000e+00
1.202431951085622813e-01 2.097321301041251917e+00 1.700000000000000000e+01 1.180000000000000000e+02 2.000000000000000000e+00
2.773280602669844219e-01 1.534873410854642461e+00 1.000000000000000000e+00 6.200000000000000000e+01 2.000000000000000000e+00
7.322697105166704468e-01 1.624296005784195140e-01 9.000000000000000000e+00 1.390000000000000000e+02 2.000000000000000000e+00
9.122250500481997315e-02 9.452792132012647341e-01 1.200000000000000000e+01 3.600000000000000000e+01 2.000000000000000000e+00
7.044328177513851097e-01 3.686514107065935741e-01 1.000000000000000000e+00 9.900000000000000000e+01 2.000000000000000000e+00
4.804600988069995110e-02 1.947099077884158591e+00 1.700000000000000000e+01 1.930000000000000000e+02 2.000000000000000000e+00
7.925348028421070889e-01 1.302144103590788582e+00 1.700000000000000000e+01 1.180000000000000000e+02 2.000000000000000000e+00
4.614222686024080922e-01 6.601998220309140963e-01 2.000000000000000000e+01 7.200000000000000000e+01 2.000000000000000000e+00
6.830461443092874507e-01 1.759483500912858434e+00 1.800000000000000000e+01 7.600000000000000000e+01 2.000000000000000000e+00
8.519490161445329723e-02 1.333317168346452197e+00 1.900000000000000000e+01 9.800000000000000000e+01 2.000000000000000000e+00
7.609587034209118472e-02 6.658381156387432886e-01 1.300000000000000000e+01 9.700000000000000000e+01 2.000000000000000000e+00
7.435295611803061089e-01 1.015782467717401660e+00 1.500000000000000000e+01 1.400000000000000000e+01 2.000000000000000000e+00
4.374066679946042591e-01 1.712825334347892303e+00 1.700000000000000000e+01 1.760000000000000000e+02 2.000000000000000000e+00
8.456432691944052449e-01 5.801669090106805760e-01 1.200000000000000000e+01 1.010000000000000000e+02 2.000000000000000000e+00
2.225054158434304208e-01 4.103541943865872677e-01 1.300000000000000000e+01 1.560000000000000000e+02 2.000000000000000000e+00
4.134237738035539261e-02 1.646104939608536988e+00 2.000000000000000000e+01 1.640000000000000000e+02 2.000000000000000000e+00
8.331049604572424716e-01 2.882003043794222341e-01 2.000000000000000000e+00 5.800000000000000000e+01 2.000000000000000000e+00
7.950217186639422229e-01 1.120666205455619790e+00 1.700000000000000000e+01 7.100000000000000000e+01 2.000000000000000000e+00
6.937204409524778681e-01 6.118833623365119712e-01 6.000000000000000000e+00 7.100000000000000000e+01 2.000000000000000000e+00
9.105264132171710934e-01 6.681358238608400280e-01 1.300000000000000000e+01 6.900000000000000000e+01 2.000000000000000000e+00
4.487888653473101064e-01 5.400294219360807224e-01 7.000000000000000000e+00 1.680000000000000000e+02 2.000000000000000000e+00
7.514148149830692791e-01 1.429221505794594782e-01 4.000000000000000000e+00 3.000000000000000000e+00 2.000000000000000000e+00
7.187835325349234417e-01 5.171040390685500698e-01 5.000000000000000000e+00 7.000000000000000000e+01 2.000000000000000000e+00
2.815164421978512133e-01 4.778583462330602272e-01 1.900000000000000000e+01 2.100000000000000000e+01 2.000000000000000000e+00
5.835139267423263831e-01 4.389486843423430207e-01 1.300000000000000000e+01 1.920000000000000000e+02 2.000000000000000000e+00
8.167488719864591795e-01 6.338940839266974381e-01 3.000000000000000000e+00 1.180000000000000000e+02 2.000000000000000000e+00
4.261672644360403606e-01 1.663771122230405464e+00 8.000000000000000000e+00 1.400000000000000000e+02 2.000000000000000000e+00
1.518030502065548237e-01 5.943503724469577643e-01 2.000000000000000000e+01 7.800000000000000000e+01 2.000000000000000000e+00
1.496283618947318317e-01 1.450850311759546374e+00 2.000000000000000000e+00 1.820000000000000000e+02 2.000000000000000000e+00
8.828024341602371816e-01 3.708912715096776003e-01 1.100000000000000000e+01 1.300000000000000000e+01 2.000000000000000000e+00
9.256356918041700466e-01 1.815973490450619954e+00 1.000000000000000000e+00 1.720000000000000000e+02 2.000000000000000000e+00
6.805794291918364491e-01 4.250807217871909183e-01 8.000000000000000000e+00 9.300000000000000000e+01 2.000000000000000000e+00
1.425057346007825299e-01 2.472976683940223686e-01 1.700000000000000000e+01 5.500000000000000000e+01 2.000000000000000000e+00
4.260866361489760168e-01 1.369745216929971754e+00 1.900000000000000000e+01 1.670000000000000000e+02 2.000000000000000000e+00
7.992737954573859716e-01 2.917028766743973156e-01 1.000000000000000000e+01 9.000000000000000000e+01 2.000000000000000000e+00
6.820440947607675497e-01 1.448803916030187322e+00 9.000000000000000000e+00 8.400000000000000000e+01 2.000000000000000000e+00
3.187558778041428287e-01 5.141514596834325657e-01 1.000000000000000000e+00 9.000000000000000000e+01 2.000000000000000000e+00
4.123073857511146967e-01 1.283350913356570422e-01 1.000000000000000000e+00 1.000000000000000000e+01 2.000000000000000000e+00
7.647713640925515310e-01 5.225039895252604483e-01 1.300000000000000000e+01 1.400000000000000000e+02 2.000000000000000000e+00
2.565217969574761225e-01 4.153449140839454712e-01 1.500000000000000000e+01 9.100000000000000000e+01 2.000000000000000000e+00
2.752879997586334948e-01 1.020104459672360742e+00 7.000000000000000000e+00 3.800000000000000000e+01 2.000000000000000000e+00
1.154671986646437463e-02 1.871483953605172168e+00 1.900000000000000000e+01 1.280000000000000000e+02 2.000000000000000000e+00
2.234191325776376802e-01 9.809146968323873006e-01 5.000000000000000000e+00 8.500000000000000000e+01 2.000000000000000000e+00
9.836643332625131242e-01 1.522763070164398824e+00 1.100000000000000000e+01 1.000000000000000000e+01 2.000000000000000000e+00
2.509281746893491372e-01 1.258693373846512531e-01 2.000000000000000000e+01 1.280000000000000000e+02 2.000000000000000000e+00
7.956280268017433821e-01 6.339831824870237886e-01 1.900000000000000000e+01 6.200000000000000000e+01 2.000000000000000000e+00
1.212804803480197341e-01 1.035426852724451008e+00 1.000000000000000000e+00 7.000000000000000000e+01 2.000000000000000000e+00
1.009277153778068037e+00 1.282489320676103217e+00 1.000000000000000000e+01 2.500000000000000000e+01 2.000000000000000000e+00
3.792368517619514739e-02 5.891247734072887487e-01 4.000000000000000000e+00 1.920000000000000000e+02 3.000000000000000000e+00
4.464141976894743236e-01 1.497395567282395756e+00 3.000000000000000000e+00 1.100000000000000000e+02 3.000000000000000000e+00
5.836501102982882827e-01 1.423559513519348396e+00 9.000000000000000000e+00 1.440000000000000000e+02 3.000000000000000000e+00
9.558665009591762463e-01 3.141947461790840501e-01 6.000000000000000000e+00 7.200000000000000000e+01 3.000000000000000000e+00
1.154916012847237855e-01 1.578575065040217718e+00 3.000000000000000000e+00 1.230000000000000000e+02 3.000000000000000000e+00
5.723503436266492717e-01 5.325198569759438394e-01 1.000000000000000000e+01 1.140000000000000000e+02 3.000000000000000000e+00
5.468580349454070788e-01 1.634751775115443062e-01 6.000000000000000000e+00 1.410000000000000000e+02 3.000000000000000000e+00
7.710869054255151678e-01 1.453516326464336039e+00 8.000000000000000000e+00 5.700000000000000000e+01 3.000000000000000000e+00
6.387083616439720446e-01 1.689970756714540334e+00 1.800000000000000000e+01 1.310000000000000000e+02 3.000000000000000000e+00
8.528713847126924152e-01 1.054849662573400071e+00 1.000000000000000000e+00 1.110000000000000000e+02 3.000000000000000000e+00
7.463834743070885125e-01 1.743940104182816420e+00 9.000000000000000000e+00 1.280000000000000000e+02 3.000000000000000000e+00
4.604892229743828141e-02 4.414904373947071692e-01 1.000000000000000000e+00 1.280000000000000000e+02 3.000000000000000000e+00
7.194471191611691019e-01 1.609465009116254564e+00 2.000000000000000000e+00 5.300000000000000000e+01 3.000000000000000000e+00
6.370198002209059851e-01 6.983658145874082068e-01 1.800000000000000000e+01 4.000000000000000000e+01 3.000000000000000000e+00
9.907869771728209374e-01 1.261914534755816053e+00 4.000000000000000000e+00 1.690000000000000000e+02 3.000000000000000000e+00
5.867157063131210881e-01 3.924682592771954193e-01 6.000000000000000000e+00 1.830000000000000000e+02 3.000000000000000000e+00
5.859025304524589223e-02 1.477056496360551696e+00 2.000000000000000000e+01 1.020000000000000000e+02 3.000000000000000000e+00
7.519265584788668022e-01 5.196509527741671741e-01 1.800000000000000000e+01 6.900000000000000000e+01 3.000000000000000000e+00
6.241089045547383307e-01 1.627425961913255392e+00 6.000000000000000000e+00 1.540000000000000000e+02 3.000000000000000000e+00
6.248300113415888868e-01 1.916730470083495730e+00 3.000000000000000000e+00 2.300000000000000000e+01 3.000000000000000000e+00
4.496411673726483649e-01 2.130306965227703186e-01 5.000000000000000000e+00 1.560000000000000000e+02 3.000000000000000000e+00
6.844477802659730825e-01 9.704017821530129817e-01 1.400000000000000000e+01 1.960000000000000000e+02 3.000000000000000000e+00
4.097137927857680273e-01 1.077324803347414983e+00 9.000000000000000000e+00 2.900000000000000000e+01 3.000000000000000000e+00
8.654401558136726180e-01 5.429352936125823037e-01 2.000000000000000000e+01 1.750000000000000000e+02 3.000000000000000000e+00
6.117085930898071844e-01 1.081313597203878318e+00 6.000000000000000000e+00 4.900000000000000000e+01 3.000000000000000000e+00
1.640694600261609626e-01 2.777913892597571044e-01 7.000000000000000000e+00 6.500000000000000000e+01 3.000000000000000000e+00
1.409846893857167327e-01 1.069646205910118830e+00 1.100000000000000000e+01 8.600000000000000000e+01 3.000000000000000000e+00
8.497877031220639754e-01 2.094588809005550445e+00 3.000000000000000000e+00 1.940000000000000000e+02 3.000000000000000000e+00
6.891690411813439221e-01 8.023581574304460284e-01 1.700000000000000000e+01 6.400000000000000000e+01 3.000000000000000000e+00
7.629389308486208554e-01 1.750566613235807534e+00 1.800000000000000000e+01 1.370000000000000000e+02 3.000000000000000000e+00
9.926578675852535394e-01 1.410635659244082518e+00 1.300000000000000000e+01 1.990000000000000000e+02 3.000000000000000000e+00
4.853881960296860809e-01 1.787361877131568688e+00 1.200000000000000000e+01 8.700000000000000000e+01 3.000000000000000000e+00
4.401893420558051773e-01 1.717103874415202514e+00 8.000000000000000000e+00 3.200000000000000000e+01 3.000000000000000000e+00
3.858674689842667149e-01 1.029202116464661643e+00 1.800000000000000000e+01 1.720000000000000000e+02 3.000000000000000000e+00
9.642489834864019782e-01 1.158156520398182732e+00 1.600000000000000000e+01 5.900000000000000000e+01 3.000000000000000000e+00
8.352545919011855613e-01 2.054369560817693063e+00 1.400000000000000000e+01 2.600000000000000000e+01 3.000000000000000000e+00
3.441325178517270489e-01 1.114383887252563099e+00 1.100000000000000000e+01 2.000000000000000000e+00 3.000000000000000000e+00
6.970897944060159279e-01 4.987958995653397620e-01 3.000000000000000000e+00 1.160000000000000000e+02 3.000000000000000000e+00
7.736113481913401424e-01 2.484645371162842731e-01 1.200000000000000000e+01 1.790000000000000000e+02 3.000000000000000000e+00
3.911137163233137093e-01 1.563094001961106372e+00 3.000000000000000000e+00 9.700000000000000000e+01 3.000000000000000000e+00
4.605111628889742015e-01 1.749554317006940085e+00 1.300000000000000000e+01 1.210000000000000000e+02 3.000000000000000000e+00
3.694052496156979837e-01 2.963251504144402970e-01 7.000000000000000000e+00 1.500000000000000000e+01 3.000000000000000000e+00
7.541987434614919605e-01 2.885677765472333123e-01 3.000000000000000000e+00 3.900000000000000000e+01 3.000000000000000000e+00
4.871247906628340951e-01 1.697999021330456104e+00 5.000000000000000000e+00 1.900000000000000000e+02 3.000000000000000000e+00
3.294193432172871638e-01 2.007884989633776096e-01 5.000000000000000000e+00 1.420000000000000000e+02 3.000000000000000000e+00
7.392065145299007156e-01 1.970092769257459464e+00 1.200000000000000000e+01 1.420000000000000000e+02 3.000000000000000000e+00
2.835587546187331442e-01 7.155977851807063805e-01 1.500000000000000000e+01 1.640000000000000000e+02 3.000000000000000000e+00
3.992671662526644516e-01 1.012611145245450928e+00 3.000000000000000000e+00 5.600000000000000000e+01 3.000000000000000000e+00
7.455433417400127993e-01 1.014301018906670626e-01 7.000000000000000000e+00 8.000000000000000000e+00 3.000000000000000000e+00
1.047783040201246546e-01 8.034460405806768124e-01 6.000000000000000000e+00 5.000000000000000000e+01 3.000000000000000000e+00
8.880909969888831634e-01 3.849741119004778112e-01 1.300000000000000000e+01 7.600000000000000000e+01 4.000000000000000000e+00
9.309269379608479111e-01 1.929399676481417247e-01 7.000000000000000000e+00 9.100000000000000000e+01 4.000000000000000000e+00
6.585317974979405520e-01 8.093966439154182124e-01 1.500000000000000000e+01 1.170000000000000000e+02 4.000000000000000000e+00
9.899705005454363382e-01 5.135565990841469697e-01 1.300000000000000000e+01 1.420000000000000000e+02 4.000000000000000000e+00
6.845455673858976686e-01 1.820068214352623226e+00 6.000000000000000000e+00 1.010000000000000000e+02 4.000000000000000000e+00
6.634221532790387510e-01 1.861631649773269004e+00 1.200000000000000000e+01 1.240000000000000000e+02 4.000000000000000000e+00
9.145480332860586037e-01 1.316873778375841297e+00 1.800000000000000000e+01 1.160000000000000000e+02 4.000000000000000000e+00
9.282594491931227265e-02 4.501022054292455055e-01 9.000000000000000000e+00 6.100000000000000000e+01 4.000000000000000000e+00
3.092914994682837565e-02 1.804180959278645746e+00 1.000000000000000000e+00 9.700000000000000000e+01 4.000000000000000000e+00
7.166869498730433774e-01 1.543832296628198097e+00 3.000000000000000000e+00 8.200000000000000000e+01 4.000000000000000000e+00
4.578234113674412020e-01 2.097568730183389185e+00 1.100000000000000000e+01 1.880000000000000000e+02 4.000000000000000000e+00
3.202118537250592256e-01 5.108983436319872729e-01 2.000000000000000000e+01 1.280000000000000000e+02 4.000000000000000000e+00
6.083957239745159118e-01 1.692902074144400526e+00 1.900000000000000000e+01 9.000000000000000000e+00 4.000000000000000000e+00
4.149791756283128796e-01 3.856970028849872056e-01 1.200000000000000000e+01 1.380000000000000000e+02 4.000000000000000000e+00
7.755527485964435197e-01 1.959651564280600944e+00 1.700000000000000000e+01 4.600000000000000000e+01 4.000000000000000000e+00
6.346247521396329583e-02 1.894516810592547396e+00 1.900000000000000000e+01 1.970000000000000000e+02 4.000000000000000000e+00
6.167567497323883652e-01 2.005249942544600206e+00 1.000000000000000000e+00 1.930000000000000000e+02 4.000000000000000000e+00
6.509757196604069041e-01 8.429109895717180612e-01 7.000000000000000000e+00 1.400000000000000000e+01 4.000000000000000000e+00
7.895963322097152570e-01 3.104475852907017108e-01 1.800000000000000000e+01 1.090000000000000000e+02 4.000000000000000000e+00
6.279924816362600914e-01 2.029390180320233272e-01 6.000000000000000000e+00 1.200000000000000000e+02 4.000000000000000000e+00
4.544080912963327501e-01 5.205195791795754756e-01 1.500000000000000000e+01 4.100000000000000000e+01 4.000000000000000000e+00
1.159209084751444546e-01 2.007899795801695308e+00 9.000000000000000000e+00 1.900000000000000000e+02 4.000000000000000000e+00
3.073966518097339673e-01 1.761184310838711076e+00 1.700000000000000000e+01 4.300000000000000000e+01 4.000000000000000000e+00
1.723467605321459262e-01 9.357693137329389232e-01 6.000000000000000000e+00 1.370000000000000000e+02 4.000000000000000000e+00
9.462335637612566686e-01 1.458369381607579340e+00 3.000000000000000000e+00 3.700000000000000000e+01 4.000000000000000000e+00
5.160325512465293585e-01 2.627343626520287634e-01 5.000000000000000000e+00 1.410000000000000000e+02 4.000000000000000000e+00
8.025019585478186945e-01 1.962404586111565097e+00 2.000000000000000000e+00 2.700000000000000000e+01 4.000000000000000000e+00
3.850418762650804627e-01 1.112023787941017750e+00 5.000000000000000000e+00 1.060000000000000000e+02 4.000000000000000000e+00
1.642004253731638164e-01 1.718050046272760811e+00 1.000000000000000000e+01 1.300000000000000000e+01 4.000000000000000000e+00
3.744731612156317890e-01 1.715172600323539909e+00 9.000000000000000000e+00 1.480000000000000000e+02 4.000000000000000000e+00
6.279271170493843091e-01 8.862231479177072879e-01 1.700000000000000000e+01 2.300000000000000000e+01 4.000000000000000000e+00
1.921108025986280055e-01 1.977074939401475273e+00 9.000000000000000000e+00 4.500000000000000000e+01 4.000000000000000000e+00
6.815938575557733969e-01 1.340003026401995534e+00 6.000000000000000000e+00 9.200000000000000000e+01 4.000000000000000000e+00
9.592285091542509523e-01 1.178684166513282561e+00 1.200000000000000000e+01 8.400000000000000000e+01 4.000000000000000000e+00
5.665051969222643091e-01 1.759207698585967483e+00 4.000000000000000000e+00 2.000000000000000000e+01 4.000000000000000000e+00
1.651348111864140433e-01 9.219204875483527628e-01 1.300000000000000000e+01 4.200000000000000000e+01 4.000000000000000000e+00
3.132250291415992205e-01 3.409506610171503249e-01 1.400000000000000000e+01 4.000000000000000000e+01 4.000000000000000000e+00
8.893237194609106000e-01 1.340170811086011382e-01 2.000000000000000000e+00 6.400000000000000000e+01 4.000000000000000000e+00
3.670393808350512765e-01 2.223846953416332151e-01 1.500000000000000000e+01 6.500000000000000000e+01 4.000000000000000000e+00
6.648627916738291121e-01 2.260940197096842630e-01 9.000000000000000000e+00 1.090000000000000000e+02 4.000000000000000000e+00
3.466424006429946747e-01 1.438010712802059443e-01 3.000000000000000000e+00 2.300000000000000000e+01 4.000000000000000000e+00
3.657429313093196049e-02 1.286746881594211134e+00 1.900000000000000000e+01 9.000000000000000000e+01 4.000000000000000000e+00
8.324897002957386272e-02 1.344135285222724241e-01 1.800000000000000000e+01 1.050000000000000000e+02 4.000000000000000000e+00
6.869843976265777030e-01 1.050381519033008360e+00 2.000000000000000000e+00 4.700000000000000000e+01 4.000000000000000000e+00
2.488923807114672843e-02 1.944846890215631952e+00 7.000000000000000000e+00 2.400000000000000000e+01 4.000000000000000000e+00
8.246249072776608013e-01 1.084703035776000801e+00 5.000000000000000000e+00 1.560000000000000000e+02 4.000000000000000000e+00
1.480222583149546356e-01 1.472576038588759184e+00 1.900000000000000000e+01 1.000000000000000000e+00 4.000000000000000000e+00
8.073884273509409626e-01 4.701838834908899090e-01 8.000000000000000000e+00 5.900000000000000000e+01 4.000000000000000000e+00
6.477714316293738950e-01 1.228690291826005643e+00 7.000000000000000000e+00 8.000000000000000000e+01 4.000000000000000000e+00
3.039602757806171285e-01 1.645914677180397856e+00 1.000000000000000000e+01 1.520000000000000000e+02 4.000000000000000000e+00
