6.033965228367343947e-01 1.459934178049142384e+00 1.800000000000000000e+01 1.180000000000000000e+02 0.000000000000000000e+00
3.851624589791398101e-01 2.838050401994124394e-01 5.000000000000000000e+00 1.410000000000000000e+02 0.000000000000000000e+00
2.801174712329641547e-01 7.471819539216256745e-01 1.200000000000000000e+01 2.800000000000000000e+01 0.000000000000000000e+00
4.980855797445998823e-01 1.333617781218011888e+00 4.000000000000000000e+00 1.770000000000000000e+02 0.000000000000000000e+00
4.562238179812191374e-01 1.303771117854701789e+00 1.000000000000000000e+00 7.500000000000000000e+01 0.000000000000000000e+00
8.949090328394970761e-01 1.988427849737929576e-01 7.000000000000000000e+00 1.010000000000000000e+02 0.000000000000000000e+00
2.331632790013848239e-02 8.212530123374691682e-01 1.300000000000000000e+01 7.100000000000000000e+01 0.000000000000000000e+00
4.058128881732342430e-01 1.211475162484272783e+00 1.300000000000000000e+01 1.510000000000000000e+02 0.000000000000000000e+00
9.264860796940859178e-01 1.878548755254048075e+00 1.600000000000000000e+01 1.180000000000000000e+02 0.000000000000000000e+00
4.134010535667368424e-01 8.281202762220759572e-01 4.000000000000000000e+00 1.800000000000000000e+01 0.000000000000000000e+00
4.121002723372481080e-01 1.618112029626325610e+00 1.500000000000000000e+01 5.900000000000000000e+01 0.000000000000000000e+00
3.951371760325308458e-01 1.938643173690461463e+00 3.000000000000000000e+00 1.570000000000000000e+02 0.000000000000000000e+00
6.297598342527200854e-01 1.223980997039350038e+00 1.200000000000000000e+01 1.230000000000000000e+02 0.000000000000000000e+00
8.798462351890816713e-01 1.918862110801214049e+00 2.000000000000000000e+00 1.730000000000000000e+02 0.000000000000000000e+00
8.012162913408673592e-01 6.965724323476915059e-01 8.000000000000000000e+00 1.880000000000000000e+02 0.000000000000000000e+00
3.637960396072547481e-02 1.203932764700845315e+00 1.200000000000000000e+01 1.790000000000000000e+02 0.000000000000000000e+00
3.420788268017831424e-01 1.938806246765671037e+00 1.000000000000000000e+00 5.500000000000000000e+01 0.000000000000000000e+00
7.159870243709521853e-01 1.355523877323342896e+00 1.500000000000000000e+01 1.540000000000000000e+02 0.000000000000000000e+00
2.412276590983061242e-01 7.760207706392280302e-01 1.900000000000000000e+01 2.300000000000000000e+01 0.000000000000000000e+00
9.958405873165002697e-01 2.842978042485718726e-01 9.000000000000000000e+00 8.300000000000000000e+01 0.000000000000000000e+00
4.795839748523219592e-01 2.018027633244919627e+00 7.000000000000000000e+00 1.770000000000000000e+02 0.000000000000000000e+00
5.491148914965614941e-02 2.055449797114131449e+00 9.000000000000000000e+00 1.790000000000000000e+02 0.000000000000000000e+00
3.212438653610586448e-01 1.646854318117034754e+00 1.700000000000000000e+01 1.960000000000000000e+02 0.000000000000000000e+00
6.910457017857977169e-01 1.749103959921194829e+00 5.000000000000000000e+00 2.100000000000000000e+01 0.000000000000000000e+00
8.912025124077135319e-01 3.585162727074048261e-01 1.000000000000000000e+01 1.170000000000000000e+02 0.000000000000000000e+00
5.033678015228402192e-01 3.546782480168880758e-01 8.000000000000000000e+00 8.000000000000000000e+01 0.000000000000000000e+00
1.667922858310205703e-01 8.973889338692310202e-01 1.900000000000000000e+01 9.700000000000000000e+01 0.000000000000000000e+00
8.482152951376199512e-01 1.251265789669274042e+00 1.100000000000000000e+01 1.290000000000000000e+02 0.000000000000000000e+00
4.250358352022597791e-02 2.053453357536991764e+00 9.000000000000000000e+00 1.800000000000000000e+01 0.000000000000000000e+00
4.245179018410845107e-01 1.449136516518158002e+00 9.000000000000000000e+00 1.210000000000000000e+02 0.000000000000000000e+00
6.020478285660590956e-01 1.298665823116634588e+00 1.600000000000000000e+01 1.730000000000000000e+02 0.000000000000000000e+00
8.317194258706995802e-01 1.047406713334605444e+00 1.000000000000000000e+00 1.600000000000000000e+01 0.000000000000000000e+00
3.757484565210988947e-01 1.530527596106537880e+00 1.700000000000000000e+01 8.700000000000000000e+01 0.000000000000000000e+00
6.392320581023546167e-01 9.606126047818329683e-01 1.100000000000000000e+01 8.200000000000000000e+01 0.000000000000000000e+00
6.587873689924061971e-01 1.020844177993309065e+00 1.000000000000000000e+01 2.700000000000000000e+01 0.000000000000000000e+00
3.513127550952304112e-01 5.772460830390307995e-01 1.100000000000000000e+01 3.900000000000000000e+01 0.000000000000000000e+00
1.580863622023569448e-01 1.646942965305634887e+00 2.000000000000000000e+01 1.640000000000000000e+02 0.000000000000000000e+00
5.663979442752316018e-01 1.869841570916774831e+00 9.000000000000000000e+00 8.000000000000000000e+00 0.000000000000000000e+00
9.208708807585735956e-01 7.201344895394571344e-01 1.600000000000000000e+01 7.600000000000000000e+01 0.000000000000000000e+00
4.497860864264102004e-02 7.664046762445931860e-01 1.300000000000000000e+01 1.530000000000000000e+02 0.000000000000000000e+00
6.835223330067440040e-02 4.301975494583604176e-01 3.000000000000000000e+00 5.000000000000000000e+01 0.000000000000000000e+00
8.227140356962618917e-01 1.876740659401685996e+00 1.900000000000000000e+01 1.420000000000000000e+02 0.000000000000000000e+00
7.902294404552689944e-01 8.327250245134146800e-01 1.200000000000000000e+01 1.490000000000000000e+02 0.000000000000000000e+00
2.148574640381791800e-01 1.062168949234417514e+00 8.000000000000000000e+00 1.990000000000000000e+02 0.000000000000000000e+00
6.058646474574815866e-01 6.727666562278314943e-01 2.000000000000000000e+01 1.970000000000000000e+02 0.000000000000000000e+00
8.069558103415586103e-01 1.700491193243462151e-01 1.700000000000000000e+01 1.020000000000000000e+02 0.000000000000000000e+00
8.319659031940572491e-02 1.488703670651033983e-01 1.200000000000000000e+01 1.900000000000000000e+01 0.000000000000000000e+00
9.966686788153884535e-01 2.574131035879575480e-01 1.800000000000000000e+01 3.500000000000000000e+01 0.000000000000000000e+00
1.859295779382104108e-01 6.013786202856411522e-01 1.400000000000000000e+01 1.950000000000000000e+02 0.000000000000000000e+00
2.441750205000328133e-01 1.530260382627145033e+00 5.000000000000000000e+00 2.000000000000000000e+02 0.000000000000000000e+00
5.876147845990082885e-01 5.156293389106864078e-01 1.000000000000000000e+01 1.020000000000000000e+02 1.000000000000000000e+00
6.724897361962417497e-01 7.773430404407465355e-01 1.600000000000000000e+01 1.010000000000000000e+02 1.000000000000000000e+00
2.355295559621438661e-01 9.726206302119776437e-01 1.600000000000000000e+01 7.300000000000000000e+01 1.000000000000000000e+00
1.004429403231187207e-01 2.058965192491048146e+00 1.000000000000000000e+00 1.700000000000000000e+02 1.000000000000000000e+00
8.237739369873605666e-01 1.519006101585803903e-01 1.700000000000000000e+01 1.560000000000000000e+02 1.000000000000000000e+00
2.071721228987920549e-01 1.983076963739480947e+00 1.900000000000000000e+01 1.910000000000000000e+02 1.000000000000000000e+00
7.269486919116615598e-01 4.302345553541012668e-01 1.100000000000000000e+01 1.960000000000000000e+02 1.000000000000000000e+00
9.599330774711414271e-01 1.757110852120283395e+00 3.000000000000000000e+00 7.800000000000000000e+01 1.000000000000000000e+00
1.131853701364914228e-01 1.765777410988982332e+00 1.600000000000000000e+01 1.480000000000000000e+02 1.000000000000000000e+00
2.216971503630429385e-01 1.192525619134718662e+00 1.200000000000000000e+01 5.400000000000000000e+01 1.000000000000000000e+00
2.597277520176328736e-01 1.512367208302637156e+00 1.000000000000000000e+01 4.000000000000000000e+01 1.000000000000000000e+00
5.628690304632775199e-01 1.830350126428214486e+00 9.000000000000000000e+00 1.470000000000000000e+02 1.000000000000000000e+00
7.669540367873292075e-01 1.013879057385894233e+00 8.000000000000000000e+00 6.700000000000000000e+01 1.000000000000000000e+00
3.919433610781263705e-02 6.333368244902081168e-01 1.000000000000000000e+00 6.600000000000000000e+01 1.000000000000000000e+00
6.090675835726112597e-01 2.053085745932745176e+00 2.000000000000000000e+00 5.000000000000000000e+01 1.000000000000000000e+00
5.845344632561746412e-01 1.265999687548601482e+00 5.000000000000000000e+00 1.540000000000000000e+02 1.000000000000000000e+00
6.952441612595183784e-01 1.746204999779150002e+00 7.000000000000000000e+00 3.300000000000000000e+01 1.000000000000000000e+00
9.552228494735452990e-01 2.043861205442712770e+00 5.000000000000000000e+00 3.800000000000000000e+01 1.000000000000000000e+00
9.999467904660162831e-02 1.166171823237493577e+00 1.100000000000000000e+01 1.280000000000000000e+02 1.000000000000000000e+00
4.483976767336339542e-01 4.742783524385248972e-01 1.900000000000000000e+01 8.200000000000000000e+01 1.000000000000000000e+00
6.824381701143682477e-01 8.616521244357485676e-01 8.000000000000000000e+00 1.350000000000000000e+02 1.000000000000000000e+00
4.921495640087379941e-01 1.053916844845185496e-01 7.000000000000000000e+00 6.100000000000000000e+01 1.000000000000000000e+00
6.615581221441662052e-01 9.492458694515121254e-01 1.500000000000000000e+01 1.600000000000000000e+01 1.000000000000000000e+00
4.269126686673128113e-01 1.926945149730587392e+00 1.200000000000000000e+01 1.740000000000000000e+02 1.000000000000000000e+00
5.564444009351054293e-02 2.062012837657019038e+00 1.100000000000000000e+01 1.240000000000000000e+02 1.000000000000000000e+00
9.791429654637346935e-01 1.088855082115310013e+00 4.000000000000000000e+00 1.590000000000000000e+02 1.000000000000000000e+00
6.716882766612737310e-01 4.412881054630154454e-01 8.000000000000000000e+00 1.610000000000000000e+02 1.000000000000000000e+00
1.249767314344223251e-01 1.130134881915778156e+00 1.100000000000000000e+01 1.180000000000000000e+02 1.000000000000000000e+00
6.331821194327476032e-01 1.617874541857498683e+00 1.300000000000000000e+01 2.000000000000000000e+01 1.000000000000000000e+00
1.874641170878236229e-01 1.574116539276712301e-01 1.000000000000000000e+00 1.970000000000000000e+02 1.000000000000000000e+00
9.321471099181020126e-01 1.105173448824317228e+00 2.000000000000000000e+01 1.200000000000000000e+02 1.000000000000000000e+00
4.832644424269006977e-01 1.009651931599034436e+00 1.700000000000000000e+01 1.000000000000000000e+00 1.000000000000000000e+00
1.393149464072375165e-01 1.360543400305714412e+00 7.000000000000000000e+00 1.250000000000000000e+02 1.000000000000000000e+00
2.974411939100717744e-02 3.495156070744643850e-01 2.000000000000000000e+01 1.090000000000000000e+02 1.000000000000000000e+00
2.150123709629823132e-01 6.917855596577257016e-01 1.400000000000000000e+01 7.000000000000000000e+01 1.000000000000000000e+00
9.014118124818376598e-01 4.428171849313796704e-01 2.000000000000000000e+01 4.300000000000000000e+01 1.000000000000000000e+00
6.559289760116692181e-01 1.378160114332029229e+00 1.700000000000000000e+01 1.800000000000000000e+02 1.000000000000000000e+00
4.226818674375562024e-01 2.267703246663332062e-01 1.400000000000000000e+01 9.000000000000000000e+01 1.000000000000000000e+00
1.880413088415954642e-02 1.333112757485846345e+00 3.000000000000000000e+00 7.900000000000000000e+01 1.000000000000000000e+00
7.283150839656199471e-01 7.967142263026704141e-01 1.300000000000000000e+01 7.800000000000000000e+01 1.000000000000000000e+00
3.510673341761207933e-01 3.008000615787503884e-01 1.000000000000000000e+00 9.800000000000000000e+01 1.000000000000000000e+00
9.011801134683427028e-01 8.881590357906200550e-01 7.000000000000000000e+00 1.970000000000000000e+02 1.000000000000000000e+00
7.695488279962031664e-01 1.863654936541119245e+00 1.000000000000000000e+00 1.000000000000000000e+02 1.000000000000000000e+00
4.624925831858072572e-02 2.025566757264578133e+00 1.000000000000000000e+00 5.000000000000000000e+01 1.000000000000000000e+00
3.010246083154533014e-01 1.244193499438338790e+00 9.000000000000000000e+00 3.300000000000000000e+01 1.000000000000000000e+00
5.035849102012207590e-01 1.394495931057094129e+00 1.000000000000000000e+00 1.900000000000000000e+01 1.000000000000000000e+00
2.892801229415136177e-01 7.485596270462343549e-01 1.500000000000000000e+01 4.000000000000000000e+01 1.000000000000000000e+00
8.265946521229974309e-01 5.896087203925933773e-01 6.000000000000000000e+00 1.220000000000000000e+02 1.000000000000000000e+00
2.901709242099303337e-02 7.622534175818990176e-01 1.400000000000000000e+01 1.670000000000000000e+02 1.000000000000000000e+00
4.114091692803804046e-01 1.834071377855791107e+00 4.000000000000000000e+00 1.170000000000000000e+02 1.000000000000000000e+00
2.502170157747995310e-02 3.918339569387429000e-01 1.000000000000000000e+00 6.800000000000000000e+01 2.000000000000000000e+00
9.438638918558828195e-01 9.423522590374636687e-01 1.700000000000000000e+01 6.500000000000000000e+01 2.000000000000000000e+00
9.346603993707723879e-01 1.112179170810488227e+00 1.100000000000000000e+01 7.300000000000000000e+01 2.000000000000000000e+00
3.894544342440126039e-01 3.574408722104841507e-01 3.000000000000000000e+00 2.400000000000000000e+01 2.000000000000000000e+00
7.713595980654589512e-01 1.862916145808495960e+00 1.000000000000000000e+01 1.850000000000000000e+02 2.000000000000000000e+00
7.433217213430223236e-01 4.018213003684009132e-01 1.400000000000000000e+01 1.040000000000000000e+02 2.000000000000000000e+00
1.797622548394653963e-01 9.712544935289043613e-01 1.900000000000000000e+01 1.350000000000000000e+02 2.000000000000000000e+00
2.728897891174465462e-01 2.651337229290694486e-01 1.100000000000000000e+01 1.270000000000000000e+02 2.000000000000000000e+00
5.803497907759678220e-01 7.304430176393473806e-01 9.000000000000000000e+00 6.300000000000000000e+01 2.000000000000000000e+00
9.984194545732748560e-01 1.517803160153261555e+00 7.000000000000000000e+00 3.000000000000000000e+01 2.000000000000000000e+00
2.886722211855836662e-01 6.818878305755128322e-01 4.000000000000000000e+00 9.300000000000000000e+01 2.000000000000000000e+00
1.706670421068277044e-01 1.508080703332793870e+00 1.000000000000000000e+00 3.500000000000000000e+01 2.000000000000000000e+00
5.338528527206887198e-01 6.963398681025659842e-01 1.500000000000000000e+01 4.600000000000000000e+01 2.000000000000000000e+00
7.602898650899277966e-01 1.729158810730739182e+00 3.000000000000000000e+00 1.920000000000000000e+02 2.000000000000000000e+00
2.789786334583653771e-01 1.837901978449950902e-01 7.000000000000000000e+00 1.690000000000000000e+02 2.000000000000000000e+00
6.733662513913261927e-02 2.059757059461811313e+00 1.400000000000000000e+01 1.400000000000000000e+01 2.000000000000000000e+00
8.308671895319321710e-01 2.010518662953383107e+00 4.000000000000000000e+00 3.000000000000000000e+00 2.000000000000000000e+00
7.029596581566245339e-01 1.276627489564808204e+00 7.000000000000000000e+00 1.700000000000000000e+01 2.000000000000000000e+00
4.017916337066657073e-01 1.744013102441891228e+00 5.000000000000000000e+00 3.900000000000000000e+01 2.000000000000000000e+00
3.681337827515487326e-01 1.963906669089955648e-01 1.000000000000000000e+01 1.190000000000000000e+02 2.000000000000000000e+00
2.070741834917786406e-01 5.008154182976244373e-01 8.000000000000000000e+00 1.590000000000000000e+02 2.000000000000000000e+00
4.739965850992382546e-01 5.938104758639292102e-01 1.000000000000000000e+00 1.660000000000000000e+02 2.000000000000000000e+00
4.623327626511809507e-01 7.071845764833518677e-01 1.500000000000000000e+01 1.660000000000000000e+02 2.000000000000000000e+00
5.507021260848585786e-01 1.616776209051492330e+00 6.000000000000000000e+00 1.210000000000000000e+02 2.000000000000000000e+00
5.151017011326284312e-01 1.770085718807826058e+00 1.700000000000000000e+01 6.700000000000000000e+01 2.000000000000000000e+00
3.338068132626803575e-01 1.039682385940030818e+00 4.000000000000000000e+00 1.940000000000000000e+02 2.000000000000000000e+00
3.291037901908036023e-01 1.941487239845682167e+00 1.600000000000000000e+01 1.520000000000000000e+02 2.000000000000000000e+00
3.251619787376520687e-01 1.762547147258492375e+00 8.000000000000000000e+00 6.400000000000000000e+01 2.000000000000000000e+00
1.611585647781842850e-02 1.840436692938056451e+00 1.200000000000000000e+01 1.140000000000000000e+02 2.000000000000000000e+00
5.943203463205177783e-01 3.760368615550545579e-01 1.100000000000000000e+01 1.800000000000000000e+01 2.000000000000000000e+00
3.287173652808039748e-01 5.915140972401898845e-01 1.900000000000000000e+01 7.100000000000000000e+01 2.000000000000000000e+00
1.080471684371966251e-01 1.378735769408204082e+00 1.300000000000000000e+01 1.990000000000000000e+02 2.000000000000000000e+00
5.169914743651907729e-01 1.156252651766677353e+00 1.200000000000000000e+01 9.500000000000000000e+01 2.000000000000000000e+00
4.062295274477026874e-01 4.303562519267895015e-01 6.000000000000000000e+00 8.200000000000000000e+01 2.000000000000000000e+00
5.990506706237730405e-01 1.580568136310087857e+00 9.000000000000000000e+00 1.200000000000000000e+02 2.000000000000000000e+00
9.911557399197892249e-01 4.907261814943429945e-01 1.300000000000000000e+01 1.270000000000000000e+02 2.000000000000000000e+00
4.199416112061641337e-01 1.788998713788783057e+00 6.000000000000000000e+00 1.600000000000000000e+01 2.000000000000000000e+00
1.258721948434720073e-01 1.872541616596488545e+00 7.000000000000000000e+00 1.720000000000000000e+02 2.000000000000000000e+00
3.066258419288061532e-01 5.280534507608095618e-01 1.200000000000000000e+01 2.800000000000000000e+01 2.000000000000000000e+00
8.612509142588907485e-02 1.347640358901754709e+00 3.000000000000000000e+00 1.220000000000000000e+02 2.000000000000000000e+00
7.854465392015870240e-01 8.729750809174366966e-01 7.000000000000000000e+00 1.400000000000000000e+01 2.000000000000000000e+00
2.634754293606755837e-01 1.902979203886405735e+00 8.000000000000000000e+00 7.500000000000000000e+01 2.000000000000000000e+00
2.977125552627367666e-01 9.953018307643303197e-01 9.000000000000000000e+00 9.400000000000000000e+01 2.000000000000000000e+00
2.531334752236657354e-02 8.893320463202233350e-01 1.700000000000000000e+01 4.400000000000000000e+01 2.000000000000000000e+00
8.272473531264996627e-01 1.599003295502828603e+00 1.000000000000000000e+00 4.600000000000000000e+01 2.000000000000000000e+00
1.820377454292092523e-01 4.534643623599089457e-01 1.600000000000000000e+01 1.560000000000000000e+02 2.000000000000000000e+00
6.591579235306043172e-01 1.488325727090107575e+00 1.700000000000000000e+01 1.950000000000000000e+02 2.000000000000000000e+00
6.733381388967828451e-01 3.262256783515157244e-01 1.300000000000000000e+01 9.500000000000000000e+01 2.000000000000000000e+00
9.327320644472912592e-02 8.683185878414297898e-01 3.000000000000000000e+00 1.000000000000000000e+01 2.000000000000000000e+00
4.662599863147531137e-02 6.647081294212174862e-01 7.000000000000000000e+00 1.870000000000000000e+02 2.000000000000000000e+00
7.045771531430624623e-01 4.422759216348129963e-01 1.500000000000000000e+01 1.030000000000000000e+02 3.000000000000000000e+00
8.746933495882281973e-01 7.651339571233141124e-01 1.600000000000000000e+01 2.500000000000000000e+01 3.000000000000000000e+00
3.433554308998818527e-01 2.156722986375269324e-01 7.000000000000000000e+00 1.360000000000000000e+02 3.000000000000000000e+00
7.003624855670379512e-01 1.192992556970000395e+00 5.000000000000000000e+00 9.500000000000000000e+01 3.000000000000000000e+00
4.555120424693591685e-01 5.833593805557398815e-01 2.000000000000000000e+00 9.500000000000000000e+01 3.000000000000000000e+00
7.818097706897831900e-01 1.879474271274982622e-01 9.000000000000000000e+00 1.480000000000000000e+02 3.000000000000000000e+00
3.280232181316181661e-01 6.341864569507730254e-01 1.300000000000000000e+01 8.300000000000000000e+01 3.000000000000000000e+00
6.764251311030977654e-01 4.872599358593560082e-01 5.000000000000000000e+00 2.400000000000000000e+01 3.000000000000000000e+00
1.323678842072888440e-01 4.691653417665336834e-01 9.000000000000000000e+00 1.510000000000000000e+02 3.000000000000000000e+00
7.054963893609045300e-01 1.174374777627041011e+00 8.000000000000000000e+00 1.230000000000000000e+02 3.000000000000000000e+00
9.535520433778117422e-01 5.186163465013705620e-01 1.500000000000000000e+01 4.000000000000000000e+01 3.000000000000000000e+00
4.938238362138522852e-01 2.018041357958723303e+00 2.000000000000000000e+01 1.900000000000000000e+02 3.000000000000000000e+00
1.253702430082546115e-01 1.822193694873577963e+00 5.000000000000000000e+00 1.170000000000000000e+02 3.000000000000000000e+00
8.369671892668358870e-01 7.499998552985366329e-01 1.400000000000000000e+01 1.900000000000000000e+02 3.000000000000000000e+00
3.684104578639356697e-01 1.974819968748993793e+00 1.100000000000000000e+01 7.300000000000000000e+01 3.000000000000000000e+00
3.593393816846748301e-01 1.350788972263100796e+00 2.000000000000000000e+00 2.700000000000000000e+01 3.000000000000000000e+00
3.100413707137642527e-01 1.397599960033174549e+00 1.500000000000000000e+01 6.700000000000000000e+01 3.000000000000000000e+00
9.873227709645139294e-01 2.083934878521646272e+00 1.500000000000000000e+01 1.480000000000000000e+02 3.000000000000000000e+00
3.348033442426615602e-01 1.937416971523598930e+00 1.000000000000000000e+01 1.800000000000000000e+02 3.000000000000000000e+00
4.286413779168219973e-01 1.807542618857889583e+00 1.000000000000000000e+00 1.120000000000000000e+02 3.000000000000000000e+00
4.616096792062928111e-01 1.734057856904934303e+00 3.000000000000000000e+00 1.330000000000000000e+02 3.000000000000000000e+00
6.031361124666625440e-01 5.097685361913787405e-01 1.700000000000000000e+01 8.300000000000000000e+01 3.000000000000000000e+00
8.817876535733414345e-01 1.295429093768058593e+00 7.000000000000000000e+00 1.380000000000000000e+02 3.000000000000000000e+00
5.557491717936451359e-01 3.794694014136809068e-01 1.800000000000000000e+01 6.900000000000000000e+01 3.000000000000000000e+00
6.155750940459717713e-01 1.139348284503178821e+00 1.300000000000000000e+01 5.000000000000000000e+00 3.000000000000000000e+00
3.318266023701492706e-01 4.516477732582043769e-01 1.600000000000000000e+01 1.330000000000000000e+02 3.000000000000000000e+00
4.982338268074965049e-01 1.946557429674784734e+00 1.100000000000000000e+01 1.650000000000000000e+02 3.000000000000000000e+00
9.798865781674214182e-01 1.046218236213850572e+00 8.000000000000000000e+00 2.400000000000000000e+01 3.000000000000000000e+00
3.689822153296273138e-02 1.474509802636825517e+00 1.000000000000000000e+01 1.920000000000000000e+02 3.000000000000000000e+00
9.391523696762625606e-02 1.857742449180183941e+00 2.000000000000000000e+01 1.570000000000000000e+02 3.000000000000000000e+00
8.954350051345236761e-01 7.676977156619825271e-01 3.000000000000000000e+00 1.780000000000000000e+02 3.000000000000000000e+00
6.185447264626176000e-01 1.323881883134526982e-01 1.000000000000000000e+00 1.340000000000000000e+02 3.000000000000000000e+00
8.505633032394777082e-01 1.708469492846656834e+00 7.000000000000000000e+00 1.390000000000000000e+02 3.000000000000000000e+00
4.825571069165075500e-01 4.775070156102924068e-01 4.000000000000000000e+00 1.630000000000000000e+02 3.000000000000000000e+00
8.146161818650642372e-01 5.780208954620830175e-01 2.000000000000000000e+00 1.020000000000000000e+02 3.000000000000000000e+00
1.927969975254499868e-01 3.601207938529312758e-01 2.000000000000000000e+01 6.200000000000000000e+01 3.000000000000000000e+00
3.772916262853059921e-01 1.822254187509550372e+00 9.000000000000000000e+00 1.260000000000000000e+02 3.000000000000000000e+00
9.270793940460250182e-01 8.501288582864462429e-01 3.000000000000000000e+00 4.300000000000000000e+01 3.000000000000000000e+00
9.448380707872803264e-01 1.738348124839319997e+00 2.000000000000000000e+01 8.300000000000000000e+01 3.000000000000000000e+00
7.768734435515968206e-01 1.460443965711925030e+00 4.000000000000000000e+00 1.450000000000000000e+02 3.000000000000000000e+00
7.987806499587980502e-01 3.729244533081484958e-01 4.000000000000000000e+00 1.730000000000000000e+02 3.000000000000000000e+00
6.664468694865395282e-01 2.077029262945264687e+00 1.500000000000000000e+01 1.600000000000000000e+02 3.000000000000000000e+00
5.238421703001215901e-01 2.018020595603287504e+00 1.600000000000000000e+01 4.000000000000000000e+00 3.000000000000000000e+00
4.988071557541784440e-01 8.978698678339530614e-01 1.400000000000000000e+01 1.130000000000000000e+02 3.000000000000000000e+00
5.940942018695867244e-01 1.762871774105720046e+00 7.000000000000000000e+00 1.450000000000000000e+02 3.000000000000000000e+00
9.687338909967805334e-01 5.177497623831087692e-01 9.000000000000000000e+00 1.400000000000000000e+02 3.000000000000000000e+00
9.577897653763635111e-01 1.743721655457383113e+00 8.000000000000000000e+00 6.600000000000000000e+01 3.000000000000000000e+00
5.397619086741017869e-01 1.496905557641190265e+00 5.000000000000000000e+00 1.890000000000000000e+02 3.000000000000000000e+00
2.801001953195144667e-01 9.899380616218128592e-01 8.000000000000000000e+00 3.000000000000000000e+00 3.000000000000000000e+00
5.126488900836509988e-01 1.713485720103282928e+00 2.000000000000000000e+01 1.540000000000000000e+02 3.000000000000000000e+00
5.579049261433525198e-01 2.218329114408944813e-01 6.000000000000000000e+00 2.000000000000000000e+02 4.000000000000000000e+00
3.693407509929209631e-01 9.307803098717540857e-01 1.500000000000000000e+01 1.480000000000000000e+02 4.000000000000000000e+00
3.385603177063817304e-01 8.962961482873631480e-01 1.800000000000000000e+01 3.900000000000000000e+01 4.000000000000000000e+00
7.587895228933740910e-01 1.518520969052244318e+00 2.000000000000000000e+01 1.990000000000000000e+02 4.000000000000000000e+00
9.355981963783231714e-02 7.160024365858114193e-01 3.000000000000000000e+00 2.100000000000000000e+01 4.000000000000000000e+00
1.164414854033616192e-01 1.378607148434457752e+00 2.000000000000000000e+00 4.500000000000000000e+01 4.000000000000000000e+00
1.781172728626984059e-01 7.156803544720887755e-01 1.700000000000000000e+01 1.320000000000000000e+02 4.000000000000000000e+00
8.169263761687121095e-01 1.866260811072385783e-01 2.000000000000000000e+00 6.800000000000000000e+01 4.000000000000000000e+00
3.720392425827251381e-01 8.406909372556977678e-01 1.200000000000000000e+01 2.400000000000000000e+01 4.000000000000000000e+00
6.196764495867357336e-01 1.478871303314454710e+00 1.500000000000000000e+01 1.110000000000000000e+02 4.000000000000000000e+00
4.080555009331590099e-01 1.374066848125957918e+00 5.000000000000000000e+00 6.200000000000000000e+01 4.000000000000000000e+00
6.430570522687869550e-01 1.414227311513945429e+00 9.000000000000000000e+00 8.300000000000000000e+01 4.000000000000000000e+00
2.611580722072552874e-01 1.819316748988726529e+00 7.000000000000000000e+00 4.200000000000000000e+01 4.000000000000000000e+00
7.299340211344708118e-01 1.610590239112010602e+00 1.500000000000000000e+01 3.200000000000000000e+01 4.000000000000000000e+00
2.947421616644009257e-01 1.570754988037508681e+00 1.400000000000000000e+01 1.110000000000000000e+02 4.000000000000000000e+00
9.964162369028310984e-01 1.489184038824294287e+00 1.900000000000000000e+01 2.600000000000000000e+01 4.000000000000000000e+00
5.974418156259405643e-01 1.013806618828633432e+00 1.300000000000000000e+01 1.700000000000000000e+01 4.000000000000000000e+00
6.677844847574405662e-01 1.966681562232894809e+00 1.000000000000000000e+00 8.300000000000000000e+01 4.000000000000000000e+00
3.235334308349601118e-01 1.671566532133061944e+00 1.100000000000000000e+01 1.870000000000000000e+02 4.000000000000000000e+00
7.611680768498272354e-01 3.315422770661552443e-01 4.000000000000000000e+00 1.300000000000000000e+01 4.000000000000000000e+00
5.275334819802549591e-01 1.954146373345228282e-01 1.500000000000000000e+01 1.250000000000000000e+02 4.000000000000000000e+00
1.967766487166606737e-01 2.556328801016874985e-01 1.300000000000000000e+01 1.510000000000000000e+02 4.000000000000000000e+00
4.989542684594060890e-02 8.891317956827980984e-01 1.300000000000000000e+01 1.300000000000000000e+02 4.000000000000000000e+00
9.018038209959184925e-01 1.060988594695335241e+00 8.000000000000000000e+00 1.330000000000000000e+02 4.000000000000000000e+00
9.787448525443097624e-01 3.887222258868420210e-01 2.000000000000000000e+00 6.300000000000000000e+01 4.000000000000000000e+00
9.854767024182701229e-01 1.817126279750566287e+00 1.000000000000000000e+01 1.420000000000000000e+02 4.000000000000000000e+00
1.436014552307988135e-01 1.767455567486461376e+00 1.000000000000000000e+01 1.320000000000000000e+02 4.000000000000000000e+00
2.704416350709111239e-01 1.145800436243858300e+00 1.100000000000000000e+01 9.500000000000000000e+01 4.000000000000000000e+00
3.982036995089454079e-01 3.306368807634182394e-01 9.000000000000000000e+00 7.900000000000000000e+01 4.000000000000000000e+00
1.023952907418935604e-01 1.765983886497664024e+00 8.000000000000000000e+00 7.900000000000000000e+01 4.000000000000000000e+00
1.699485905638649097e-01 2.089968397734280059e-01 6.000000000000000000e+00 1.320000000000000000e+02 4.000000000000000000e+00
1.149820048784932908e-01 1.310043483591448510e+00 1.100000000000000000e+01 1.810000000000000000e+02 4.000000000000000000e+00
1.507136280757028768e-01 9.711159437981186082e-01 1.200000000000000000e+01 1.990000000000000000e+02 4.000000000000000000e+00
5.419287366793279492e-01 5.537144047824077431e-01 8.000000000000000000e+00 1.000000000000000000e+02 4.000000000000000000e+00
9.550182825967639122e-01 3.643915903019808722e-01 1.300000000000000000e+01 5.900000000000000000e+01 4.000000000000000000e+00
7.100071419251173799e-01 1.635148527856882250e+00 2.000000000000000000e+00 5.200000000000000000e+01 4.000000000000000000e+00
4.383746289662852069e-01 9.030001523101661709e-01 5.000000000000000000e+00 1.500000000000000000e+01 4.000000000000000000e+00
4.616966572644420896e-01 9.083248503449389277e-01 1.700000000000000000e+01 8.600000000000000000e+01 4.000000000000000000e+00
1.740872794021076642e-01 1.516208130107825847e+00 1.400000000000000000e+01 1.240000000000000000e+02 4.000000000000000000e+00
4.121607585834676790e-01 1.652052944371734944e-01 1.800000000000000000e+01 7.500000000000000000e+01 4.000000000000000000e+00
8.782806744281733413e-02 6.006856065721811744e-01 1.000000000000000000e+00 1.950000000000000000e+02 4.000000000000000000e+00
7.761503432854373052e-01 8.346763581283437317e-01 1.600000000000000000e+01 1.320000000000000000e+02 4.000000000000000000e+00
4.113980585524412703e-01 4.796420168835630049e-01 1.100000000000000000e+01 1.350000000000000000e+02 4.000000000000000000e+00
5.724466819808547990e-01 1.189903624108977320e+00 5.000000000000000000e+00 4.000000000000000000e+00 4.000000000000000000e+00
1.766071459463356419e-01 1.151236500661578788e+00 1.300000000000000000e+01 6.400000000000000000e+01 4.000000000000000000e+00
1.319308237322646370e-02 8.692953308004006674e-01 8.000000000000000000e+00 5.800000000000000000e+01 4.000000000000000000e+00
7.365078415237752418e-01 1.996737119399563998e+00 4.000000000000000000e+00 1.000000000000000000e+00 4.000000000000000000e+00
9.346607447444908734e-02 8.636271680273780449e-01 1.400000000000000000e+01 1.650000000000000000e+02 4.000000000000000000e+00
7.501952607677624396e-01 8.664106132841570274e-01 1.100000000000000000e+01 1.330000000000000000e+02 4.000000000000000000e+00
4.934388394840139025e-01 5.550155382916931446e-01 1.800000000000000000e+01 2.000000000000000000e+00 4.000000000000000000e+00
