-1.330680378922426712e+02
-1.280583651091799311e+02
-9.675594535512638572e+01
-1.163557385763539287e+02
-9.862826114065191518e+01
-1.325901547837278827e+02
-1.330967026158670876e+02
-1.330967556159189087e+02
-1.159135866205151189e+02
-1.330968276642532544e+02
-1.330968456173907839e+02
-1.330914026804362891e+02
-1.330965188535723200e+02
-1.164693397114300240e+02
-1.330937365699288080e+02
-9.575554024762887195e+01
-1.330921310309769581e+02
-1.330966166788886369e+02
-1.118215110859519257e+02
-1.264606513259691951e+02
-1.094968384159384271e+02
-1.330966068049072817e+02
-1.035927182726550768e+02
-9.052172329234942083e+01
-1.330966220215445617e+02
-1.065416490544689907e+02
-9.136295255607861066e+01
-1.330381795783893608e+02
-1.316705901147399516e+02
-1.330710765898932380e+02
-1.240475225387315277e+02
-9.119803505351865169e+01
-1.330951031942535110e+02
-1.330969581250329838e+02
-1.330962937504615411e+02
-9.653151345358894275e+01
-1.086118598089998102e+02
-9.456257319886768187e+01
-1.326357520207521077e+02
-1.072106189514822745e+02
-1.204196265816973153e+02
-1.330938901845445912e+02
-1.330957173374333706e+02
-1.330966591137805324e+02
-1.002126927221051318e+02
-1.330952513030348427e+02
-1.278481855939111540e+02
-1.221577971480986236e+02
-1.136535428460528863e+02
-1.330968228740722452e+02
-1.229160174619089503e+02
-1.278401069896069231e+02
-1.278400771281803259e+02
-1.056844082750025677e+02
-1.099475753143571666e+02
-1.278340297073853975e+02
-1.077294311274330454e+02
-1.278400783558442981e+02
-1.278400714346344103e+02
-1.278253104481064781e+02
-1.183867375296717910e+02
-1.054303675082694127e+02
-1.278385424478522054e+02
-1.237186004651774880e+02
-1.077403166840618809e+02
-1.223595407577751502e+02
-1.273895043102689044e+02
-1.278400463958184048e+02
-1.277798203892191538e+02
-9.659200212842850419e+01
-1.173526072085703049e+02
-1.278393855544240409e+02
-1.230467680162841191e+02
-1.277176021288984629e+02
-1.278050348860098921e+02
-9.758586314757776847e+01
-1.278350727993988301e+02
-1.198845295903576726e+02
-8.944059330563062815e+01
-1.278353705232845527e+02
-1.270888261140640623e+02
-1.274943739367800930e+02
-1.229285483346524330e+02
-1.138377529247599682e+02
-1.202071469977675946e+02
-9.888603930865195935e+01
-1.108096676640778924e+02
-9.303787137928398465e+01
-1.278396780753406006e+02
-1.278400955200014408e+02
-1.277338214304565440e+02
-1.100660698465021170e+02
-1.278399969285838580e+02
-1.278400810539266814e+02
-1.073852519340183989e+02
-1.276822771015200004e+02
-1.056133091169033236e+02
-1.017478749590206917e+02
-8.961962269380452994e+01
-1.278364291726952047e+02
-9.074279643856910127e+01
-8.538203374906392185e+01
-1.235320871596657639e+02
-1.194119041161685573e+02
-1.193458608636397145e+02
-1.235615070894168070e+02
-1.024326477552925780e+02
-9.516843752004336920e+01
-9.295388734096769667e+01
-1.232464375485429002e+02
-1.235614072479578311e+02
-1.201415131251004595e+02
-8.776519930095911093e+01
-1.229960351564522369e+02
-1.235611209487047120e+02
-1.235614994652913339e+02
-1.083986738334020430e+02
-1.235602460234058100e+02
-1.207214430146541133e+02
-1.123912222396357805e+02
-1.229448769369298589e+02
-1.228780640995715316e+02
-1.095172572463063148e+02
-1.129133500496915588e+02
-9.478632753042296599e+01
-9.612398674566352952e+01
-1.187667654286282755e+02
-1.234289526725617918e+02
-1.235615148210957130e+02
-1.222554700669220296e+02
-1.233711504029117805e+02
-9.545476052331488859e+01
-1.025900235940176799e+02
-1.152569793359558616e+02
-1.162885794268315749e+02
-8.711118153070850667e+01
-1.235597175754647736e+02
-1.235615046870087497e+02
-9.353914590661240425e+01
-9.130539306514583586e+01
-1.235613669035344060e+02
-1.227768136541547364e+02
-1.235615805177283022e+02
-1.235612232486985107e+02
-1.235515564692760506e+02
-1.217217675845424907e+02
-1.235612346042005925e+02
-9.163177293590307215e+01
-1.235372361811718491e+02
-1.233609161378795847e+02
-1.233691319595934033e+02
-1.129395822024331011e+02
-1.239314112150394322e+02
-1.206111921207534436e+02
-1.173723597752402554e+02
-1.239421314692018825e+02
-1.239308113727786207e+02
-9.660332739133569646e+01
-1.238214586625247904e+02
-1.239422512772463136e+02
-1.239227009896967502e+02
-1.239013160732002490e+02
-1.239422795996070619e+02
-1.239422059176984021e+02
-1.239422754760133500e+02
-9.417372957400493760e+01
-1.129103286127390646e+02
-1.236418899835378653e+02
-1.208591093942668095e+02
-1.239379756637485173e+02
-1.149396450007638748e+02
-1.239399625214810925e+02
-9.568002649803743509e+01
-1.072434775058922014e+02
-1.236843600520028730e+02
-1.239421565133886531e+02
-1.239174800287639755e+02
-1.239422851745967336e+02
-1.157794841805115595e+02
-1.049793164357711674e+02
-1.239407440868040027e+02
-1.236662545753538751e+02
-1.238509458520182989e+02
-1.239316167292765272e+02
-1.239368158719404249e+02
-9.692071059809399003e+01
-1.239399764597613114e+02
-1.232032870520829420e+02
-1.118124468694122982e+02
-9.566334630863210009e+01
-9.052202293825901336e+01
-1.073108726760103764e+02
-1.239422804327714260e+02
-9.527993076373616077e+01
-1.053415593201614087e+02
-1.152380604040683210e+02
-1.229298981423309272e+02
-8.874548692418271401e+01
-1.239422763201687019e+02
-1.198127848863018272e+02
-9.631913653721710489e+01
-1.104589955610652652e+02
-1.201509916387776258e+02
-1.249409472746666268e+02
-1.168644876163475317e+02
-1.066827521280301738e+02
-1.250741664450887356e+02
-1.251427499600841884e+02
-1.251425233073072860e+02
-8.838157383976489712e+01
-1.251433579872362571e+02
-1.251383576073965571e+02
-1.251106713354979121e+02
-1.251285428001796873e+02
-1.132705557274374684e+02
-1.251438340784791308e+02
-1.250192555681904878e+02
-1.251410412200846309e+02
-1.069516517405552065e+02
-1.162779542594452948e+02
-1.035345107499848609e+02
-1.080351048707958910e+02
-1.251434763475134133e+02
-1.014615288989680693e+02
-1.251302249827671176e+02
-1.006427474335035583e+02
-8.777996530779385864e+01
-1.251434453632471531e+02
-1.246389779265871596e+02
-1.194493666735005490e+02
-1.249996563311083264e+02
-1.251434879065132435e+02
-1.251354499155501969e+02
-1.250169432491211978e+02
-1.251434137614450464e+02
-1.251317028698145180e+02
-1.147214984839206977e+02
-1.251425064021424589e+02
-1.028977214740119877e+02
-9.360226213913023230e+01
-1.075335703723140739e+02
-8.779828244593345232e+01
-1.198166837905965281e+02
-1.129988831642377392e+02
-1.114607544745855705e+02
-1.065881124661376163e+02
-1.226429651241250980e+02
-1.251435607528953398e+02
-1.223477967501397785e+02
-1.229884768746947827e+02
