8.959479412560746869e-01 2.558247174322486606e-01 1.600000000000000000e+01 3.100000000000000000e+01 0.000000000000000000e+00
9.896461573123090938e-01 5.953429160892430572e-01 4.000000000000000000e+00 1.940000000000000000e+02 0.000000000000000000e+00
7.628847175751155563e-01 1.153351272569075325e+00 1.700000000000000000e+01 1.900000000000000000e+01 0.000000000000000000e+00
9.175537532398402307e-01 1.868140594255481846e+00 1.700000000000000000e+01 7.000000000000000000e+01 0.000000000000000000e+00
9.926895980393955765e-02 1.134689192999767782e+00 1.500000000000000000e+01 8.100000000000000000e+01 0.000000000000000000e+00
3.536212920976880003e-01 5.245873885940247616e-01 1.400000000000000000e+01 1.310000000000000000e+02 0.000000000000000000e+00
3.706734418390160712e-01 6.415503463211146284e-01 2.000000000000000000e+01 1.240000000000000000e+02 0.000000000000000000e+00
7.716250179232206907e-01 1.056083798527337692e+00 1.800000000000000000e+01 1.410000000000000000e+02 0.000000000000000000e+00
1.089946767901128627e-01 6.507895562987847660e-01 2.000000000000000000e+01 4.100000000000000000e+01 0.000000000000000000e+00
8.044273091045265334e-01 1.127940628853848271e+00 5.000000000000000000e+00 7.300000000000000000e+01 0.000000000000000000e+00
4.632948089013949611e-01 6.103024987638970833e-01 1.100000000000000000e+01 1.670000000000000000e+02 0.000000000000000000e+00
1.239766017312406848e-01 1.748626101726103999e+00 3.000000000000000000e+00 1.910000000000000000e+02 0.000000000000000000e+00
3.277534985624480646e-01 4.046140622227961670e-01 1.400000000000000000e+01 1.820000000000000000e+02 0.000000000000000000e+00
2.249795870638447992e-01 1.924220644334100783e+00 2.000000000000000000e+00 1.000000000000000000e+00 0.000000000000000000e+00
5.311514528749338576e-02 8.519048232384091035e-01 6.000000000000000000e+00 8.800000000000000000e+01 0.000000000000000000e+00
3.279655691437793896e-01 8.080660479547864261e-01 6.000000000000000000e+00 2.000000000000000000e+01 0.000000000000000000e+00
9.433575725804284051e-01 8.770904045847925934e-01 8.000000000000000000e+00 1.060000000000000000e+02 0.000000000000000000e+00
9.059394398441045215e-01 3.910064409945267494e-01 8.000000000000000000e+00 3.200000000000000000e+01 0.000000000000000000e+00
5.003602953102641582e-01 1.946680804723200930e+00 1.000000000000000000e+01 1.720000000000000000e+02 0.000000000000000000e+00
8.113113022947342490e-01 1.796743636239260811e+00 1.400000000000000000e+01 1.980000000000000000e+02 0.000000000000000000e+00
6.754459764086216955e-01 3.864382849910389384e-01 1.600000000000000000e+01 1.650000000000000000e+02 0.000000000000000000e+00
1.260939075763874984e-01 2.547918752678227650e-01 3.000000000000000000e+00 2.700000000000000000e+01 0.000000000000000000e+00
3.929119243028822428e-01 3.928597070659390900e-01 1.000000000000000000e+00 1.020000000000000000e+02 0.000000000000000000e+00
4.578573133373240456e-01 8.110547142145373423e-01 4.000000000000000000e+00 9.200000000000000000e+01 0.000000000000000000e+00
4.431419298806186235e-01 1.701613276300888211e+00 1.400000000000000000e+01 6.400000000000000000e+01 0.000000000000000000e+00
3.650056769891987241e-01 1.955012011055609344e-01 1.300000000000000000e+01 1.110000000000000000e+02 0.000000000000000000e+00
8.595783956386441327e-01 1.346851361366661060e+00 5.000000000000000000e+00 1.490000000000000000e+02 0.000000000000000000e+00
1.515989311688155095e-01 2.094159621987393027e+00 1.700000000000000000e+01 1.880000000000000000e+02 0.000000000000000000e+00
4.405509097966551213e-01 1.945202463432136541e+00 1.600000000000000000e+01 6.400000000000000000e+01 0.000000000000000000e+00
2.404064674660083556e-01 1.133696958606784655e+00 1.700000000000000000e+01 1.740000000000000000e+02 0.000000000000000000e+00
7.524501263251793803e-01 2.751192600995654436e-01 4.000000000000000000e+00 5.000000000000000000e+01 0.000000000000000000e+00
2.138095778156581250e-01 1.212739409236893939e+00 4.000000000000000000e+00 1.430000000000000000e+02 0.000000000000000000e+00
1.694219910067028961e-02 8.132223032701685339e-01 1.000000000000000000e+01 8.000000000000000000e+00 0.000000000000000000e+00
8.597167582189909618e-01 2.826197196465646266e-01 1.200000000000000000e+01 1.320000000000000000e+02 0.000000000000000000e+00
1.403307953914606498e-01 1.738657718657009132e+00 1.400000000000000000e+01 1.800000000000000000e+01 0.000000000000000000e+00
7.212623424564651442e-01 1.131280078963603275e+00 1.900000000000000000e+01 1.570000000000000000e+02 0.000000000000000000e+00
3.384922640896493862e-01 1.337492093910511048e+00 1.700000000000000000e+01 1.540000000000000000e+02 0.000000000000000000e+00
8.384395725166099433e-01 1.137861888446525027e+00 1.800000000000000000e+01 1.600000000000000000e+01 0.000000000000000000e+00
6.614653580521728804e-01 1.793979295505752747e+00 1.800000000000000000e+01 7.900000000000000000e+01 0.000000000000000000e+00
4.879650727628924711e-01 1.540764917224722419e+00 1.900000000000000000e+01 1.490000000000000000e+02 0.000000000000000000e+00
7.157223978774200912e-01 1.648929486608602835e+00 3.000000000000000000e+00 1.500000000000000000e+02 0.000000000000000000e+00
1.678230742375165230e-01 3.008705233084679742e-01 6.000000000000000000e+00 9.900000000000000000e+01 0.000000000000000000e+00
6.498379294691575270e-01 3.444831662974144892e-01 3.000000000000000000e+00 1.690000000000000000e+02 0.000000000000000000e+00
5.536429619898399768e-01 9.455651468481766075e-01 2.000000000000000000e+01 1.600000000000000000e+01 0.000000000000000000e+00
7.593805316033993558e-01 1.279517903200570184e-01 5.000000000000000000e+00 9.700000000000000000e+01 0.000000000000000000e+00
8.592572803460505337e-01 1.659348893984757378e+00 2.000000000000000000e+01 1.630000000000000000e+02 0.000000000000000000e+00
2.480752298405195511e-01 1.840480857055135644e+00 1.100000000000000000e+01 1.860000000000000000e+02 0.000000000000000000e+00
4.536975008277677190e-01 4.715785644942113164e-01 1.100000000000000000e+01 1.610000000000000000e+02 0.000000000000000000e+00
9.372663484777783438e-01 3.920208029192667754e-01 1.700000000000000000e+01 1.510000000000000000e+02 0.000000000000000000e+00
5.737828791024232045e-01 1.977195065145491037e+00 7.000000000000000000e+00 6.300000000000000000e+01 0.000000000000000000e+00
2.825243683391974736e-01 1.446588673846145756e+00 8.000000000000000000e+00 8.000000000000000000e+01 1.000000000000000000e+00
3.075217536343070046e-01 1.990460476921251942e+00 3.000000000000000000e+00 2.500000000000000000e+01 1.000000000000000000e+00
7.080013569431575782e-01 1.573723922808631270e+00 9.000000000000000000e+00 7.400000000000000000e+01 1.000000000000000000e+00
9.178567360139655573e-01 2.987004782290031413e-01 1.600000000000000000e+01 1.070000000000000000e+02 1.000000000000000000e+00
4.736499470325284955e-01 1.231531780469305171e-01 1.500000000000000000e+01 1.210000000000000000e+02 1.000000000000000000e+00
2.923303492164015527e-01 1.666761083436237412e+00 1.500000000000000000e+01 9.800000000000000000e+01 1.000000000000000000e+00
2.643437755282245227e-01 7.121415591097034481e-01 5.000000000000000000e+00 1.160000000000000000e+02 1.000000000000000000e+00
3.847112888785430423e-02 1.198730292057119451e+00 1.900000000000000000e+01 1.690000000000000000e+02 1.000000000000000000e+00
2.813323699021462732e-01 4.645416916523142925e-01 2.000000000000000000e+00 1.740000000000000000e+02 1.000000000000000000e+00
8.756989899583291770e-01 4.145711934487666950e-01 1.100000000000000000e+01 7.200000000000000000e+01 1.000000000000000000e+00
2.652089578996666974e-01 1.409279898741210291e+00 1.300000000000000000e+01 3.500000000000000000e+01 1.000000000000000000e+00
3.260901155210315511e-02 2.023826173064364298e+00 1.500000000000000000e+01 9.900000000000000000e+01 1.000000000000000000e+00
9.076167691351321176e-01 3.411001549870528171e-01 4.000000000000000000e+00 1.140000000000000000e+02 1.000000000000000000e+00
7.320903548865994592e-01 2.017489928564334623e+00 1.000000000000000000e+01 6.900000000000000000e+01 1.000000000000000000e+00
5.042782236683046593e-01 1.977572877265957318e+00 1.100000000000000000e+01 1.550000000000000000e+02 1.000000000000000000e+00
5.077508916032913433e-01 1.209398428408979820e+00 7.000000000000000000e+00 2.000000000000000000e+01 1.000000000000000000e+00
5.119548583891501137e-01 1.770256810623484611e+00 4.000000000000000000e+00 4.600000000000000000e+01 1.000000000000000000e+00
1.322900036161998027e-01 2.567649652224900381e-01 2.000000000000000000e+00 7.700000000000000000e+01 1.000000000000000000e+00
4.505540068802179610e-01 7.023548763193047106e-01 2.000000000000000000e+00 1.410000000000000000e+02 1.000000000000000000e+00
8.549084195988762014e-01 1.440302203888015331e+00 1.600000000000000000e+01 1.160000000000000000e+02 1.000000000000000000e+00
8.000459333763361158e-01 2.587132159717889790e-01 6.000000000000000000e+00 9.100000000000000000e+01 1.000000000000000000e+00
6.681160438691959857e-01 5.420968164714802251e-01 1.700000000000000000e+01 1.880000000000000000e+02 1.000000000000000000e+00
3.640099294934985297e-01 1.281406196496085892e+00 9.000000000000000000e+00 3.900000000000000000e+01 1.000000000000000000e+00
5.087396985435523877e-01 1.680867715523837180e+00 1.400000000000000000e+01 9.800000000000000000e+01 1.000000000000000000e+00
4.810114603347851459e-01 6.825779885423136628e-01 1.600000000000000000e+01 1.570000000000000000e+02 1.000000000000000000e+00
4.831033039770499249e-01 1.627726440879968317e+00 1.800000000000000000e+01 1.100000000000000000e+02 1.000000000000000000e+00
7.866436121283998384e-01 5.442282039935771865e-01 7.000000000000000000e+00 1.950000000000000000e+02 1.000000000000000000e+00
3.276261635282062823e-01 1.034061303397050713e+00 7.000000000000000000e+00 3.000000000000000000e+01 1.000000000000000000e+00
2.646485936450525961e-02 1.468790477230139224e+00 1.500000000000000000e+01 1.180000000000000000e+02 1.000000000000000000e+00
1.008242632798348248e+00 1.843314088463350764e+00 8.000000000000000000e+00 1.370000000000000000e+02 1.000000000000000000e+00
2.381091074929322371e-01 1.968274720493243368e+00 1.800000000000000000e+01 3.500000000000000000e+01 1.000000000000000000e+00
5.857882990620731922e-01 1.821068254660293873e+00 1.700000000000000000e+01 6.200000000000000000e+01 1.000000000000000000e+00
4.460440044273789040e-01 1.674360488302651495e+00 4.000000000000000000e+00 1.600000000000000000e+01 1.000000000000000000e+00
3.352014156897863417e-01 8.206733313323292256e-01 5.000000000000000000e+00 6.900000000000000000e+01 1.000000000000000000e+00
2.382224139295562315e-01 1.979147887872338529e+00 1.700000000000000000e+01 1.710000000000000000e+02 1.000000000000000000e+00
6.338004580371529029e-01 6.886550900412690135e-01 9.000000000000000000e+00 4.000000000000000000e+00 1.000000000000000000e+00
7.522650782695726734e-01 7.320907995082966968e-01 1.500000000000000000e+01 5.900000000000000000e+01 1.000000000000000000e+00
5.045822773045282456e-02 1.441570544041014701e+00 3.000000000000000000e+00 5.400000000000000000e+01 1.000000000000000000e+00
1.383001713068753302e-01 1.792579899317449377e-01 7.000000000000000000e+00 1.280000000000000000e+02 1.000000000000000000e+00
8.070658512952449959e-01 1.473230829706317080e-01 1.600000000000000000e+01 6.900000000000000000e+01 1.000000000000000000e+00
3.601171823830764396e-01 1.991489304681302919e+00 1.000000000000000000e+01 1.340000000000000000e+02 1.000000000000000000e+00
1.924269865684484770e-01 1.685920074286330284e+00 1.100000000000000000e+01 7.200000000000000000e+01 1.000000000000000000e+00
7.620952396911882809e-02 1.649515590354895700e+00 2.000000000000000000e+01 4.600000000000000000e+01 1.000000000000000000e+00
8.345637804337502352e-01 1.844016506305563352e+00 1.300000000000000000e+01 1.590000000000000000e+02 1.000000000000000000e+00
1.006188335285116864e+00 1.443595794527601006e+00 1.100000000000000000e+01 8.000000000000000000e+00 1.000000000000000000e+00
2.149029002732381066e-01 2.747871128439437483e-01 1.000000000000000000e+00 2.800000000000000000e+01 1.000000000000000000e+00
7.287092007939482974e-01 5.485105465642033939e-01 1.700000000000000000e+01 1.300000000000000000e+01 1.000000000000000000e+00
5.866682742933938544e-01 1.679205233883551474e+00 2.000000000000000000e+01 8.200000000000000000e+01 1.000000000000000000e+00
3.622115582731680883e-01 1.302469371007472398e+00 8.000000000000000000e+00 1.550000000000000000e+02 1.000000000000000000e+00
9.941452513981228201e-01 4.657205609220579356e-01 8.000000000000000000e+00 1.510000000000000000e+02 1.000000000000000000e+00
8.062437175895714736e-01 1.802180986796439122e+00 8.000000000000000000e+00 1.530000000000000000e+02 2.000000000000000000e+00
4.074342170067640767e-01 1.991592118326801275e+00 4.000000000000000000e+00 8.000000000000000000e+01 2.000000000000000000e+00
5.783996942294411525e-01 1.358747745301636778e+00 2.000000000000000000e+00 1.370000000000000000e+02 2.000000000000000000e+00
4.390527906363848043e-01 6.758315114445013760e-01 8.000000000000000000e+00 2.000000000000000000e+00 2.000000000000000000e+00
3.927862633548953042e-01 1.523171068903721670e+00 8.000000000000000000e+00 2.000000000000000000e+01 2.000000000000000000e+00
9.826438299554234312e-01 7.694936833030702195e-01 1.100000000000000000e+01 1.690000000000000000e+02 2.000000000000000000e+00
7.275278447897027823e-01 1.781483763333759018e+00 1.800000000000000000e+01 1.700000000000000000e+01 2.000000000000000000e+00
8.942640365653318213e-01 1.202159073076541906e+00 1.300000000000000000e+01 5.000000000000000000e+00 2.000000000000000000e+00
9.096179563791348954e-01 1.655720622815015641e+00 2.000000000000000000e+01 1.020000000000000000e+02 2.000000000000000000e+00
6.976763291524070709e-01 7.902967003163267057e-01 5.000000000000000000e+00 8.700000000000000000e+01 2.000000000000000000e+00
8.731797353032461073e-01 1.791955368950187033e+00 2.000000000000000000e+00 5.400000000000000000e+01 2.000000000000000000e+00
9.261027088442751187e-02 1.852501867837188732e+00 1.600000000000000000e+01 1.620000000000000000e+02 2.000000000000000000e+00
5.526470135706417625e-02 9.514736834296745327e-01 1.000000000000000000e+00 1.330000000000000000e+02 2.000000000000000000e+00
6.237979218011990845e-01 1.320743541728886861e+00 2.000000000000000000e+00 2.200000000000000000e+01 2.000000000000000000e+00
5.292188717610659676e-01 1.176190515159111438e+00 1.700000000000000000e+01 1.780000000000000000e+02 2.000000000000000000e+00
7.996285949313702845e-01 2.035601176680695179e+00 2.000000000000000000e+01 1.900000000000000000e+01 2.000000000000000000e+00
1.128998346167150307e-01 4.326672405575356928e-01 2.000000000000000000e+00 1.220000000000000000e+02 2.000000000000000000e+00
7.535145095153471528e-01 1.955502252493186877e+00 2.000000000000000000e+00 1.750000000000000000e+02 2.000000000000000000e+00
9.175417784566507196e-02 1.184262857087205800e+00 1.400000000000000000e+01 4.200000000000000000e+01 2.000000000000000000e+00
8.167400624580455071e-02 1.972470162717808728e+00 1.900000000000000000e+01 6.300000000000000000e+01 2.000000000000000000e+00
9.854275938534696744e-01 1.097305665383689011e+00 1.900000000000000000e+01 1.180000000000000000e+02 2.000000000000000000e+00
5.325053398049057751e-01 1.958496830349853557e+00 9.000000000000000000e+00 1.890000000000000000e+02 2.000000000000000000e+00
8.497112384017087017e-01 1.160225068949918281e+00 1.000000000000000000e+01 4.000000000000000000e+01 2.000000000000000000e+00
9.216568835814663296e-02 1.032515454635510865e+00 2.000000000000000000e+01 1.140000000000000000e+02 2.000000000000000000e+00
1.763350967864255603e-01 1.698240248992611390e+00 5.000000000000000000e+00 7.600000000000000000e+01 2.000000000000000000e+00
1.132014964422723841e-01 2.033233768152622911e+00 1.800000000000000000e+01 1.320000000000000000e+02 2.000000000000000000e+00
4.382236418291474145e-01 4.721865757988205070e-01 6.000000000000000000e+00 9.400000000000000000e+01 2.000000000000000000e+00
4.311482574840739268e-01 6.279042065899381742e-01 2.000000000000000000e+00 1.260000000000000000e+02 2.000000000000000000e+00
7.017706681604161945e-02 8.149421848426726678e-01 1.400000000000000000e+01 1.090000000000000000e+02 2.000000000000000000e+00
1.654959835895105646e-01 1.063140287839574372e+00 1.200000000000000000e+01 2.800000000000000000e+01 2.000000000000000000e+00
4.677384389653228558e-01 1.276250186555007160e-01 1.600000000000000000e+01 1.660000000000000000e+02 2.000000000000000000e+00
8.805920848863383332e-01 1.505656228774991945e+00 6.000000000000000000e+00 2.600000000000000000e+01 2.000000000000000000e+00
2.108789987276625810e-01 7.371676320975965035e-01 1.000000000000000000e+00 4.700000000000000000e+01 2.000000000000000000e+00
5.244087755640791659e-01 3.239121880525169805e-01 7.000000000000000000e+00 1.420000000000000000e+02 2.000000000000000000e+00
8.574908320097412995e-01 1.717860684608400579e+00 1.400000000000000000e+01 1.710000000000000000e+02 2.000000000000000000e+00
4.695178525294795707e-02 6.733537982928136101e-01 2.000000000000000000e+01 3.800000000000000000e+01 2.000000000000000000e+00
2.910752770158177016e-01 1.576679894619968492e+00 1.900000000000000000e+01 1.370000000000000000e+02 2.000000000000000000e+00
3.017831949892618715e-01 2.084140732491779779e+00 1.500000000000000000e+01 1.790000000000000000e+02 2.000000000000000000e+00
3.632608512985778804e-01 1.351432051395956124e+00 2.000000000000000000e+00 8.600000000000000000e+01 2.000000000000000000e+00
9.173969739240004362e-01 1.204415713554370271e+00 1.800000000000000000e+01 1.620000000000000000e+02 2.000000000000000000e+00
3.904726810435337203e-01 1.723877235732068858e+00 7.000000000000000000e+00 1.620000000000000000e+02 2.000000000000000000e+00
4.363410310278027504e-01 7.695851673284795913e-01 2.000000000000000000e+00 6.200000000000000000e+01 2.000000000000000000e+00
7.075726294444979469e-01 3.463773721766255642e-01 1.900000000000000000e+01 4.900000000000000000e+01 2.000000000000000000e+00
4.051467465954209368e-01 4.195508620740416861e-01 2.000000000000000000e+00 1.000000000000000000e+01 2.000000000000000000e+00
3.207968747597707004e-01 1.776814303074895351e-01 8.000000000000000000e+00 1.870000000000000000e+02 2.000000000000000000e+00
9.299206990762921565e-01 6.640896749936048282e-01 4.000000000000000000e+00 4.400000000000000000e+01 2.000000000000000000e+00
7.070898855344037726e-01 7.117290199077287438e-01 3.000000000000000000e+00 1.150000000000000000e+02 2.000000000000000000e+00
6.462346973183769050e-01 1.642665599527719955e+00 1.000000000000000000e+01 8.000000000000000000e+00 2.000000000000000000e+00
4.459647859232968026e-01 6.255969916952422993e-01 1.000000000000000000e+00 1.860000000000000000e+02 2.000000000000000000e+00
8.766544603900248145e-01 2.026346345853648589e+00 1.000000000000000000e+00 1.500000000000000000e+02 2.000000000000000000e+00
2.023404388023679612e-01 1.481149540292105771e+00 1.000000000000000000e+00 4.400000000000000000e+01 3.000000000000000000e+00
8.058221343095060829e-02 3.328978457343524378e-01 1.200000000000000000e+01 1.400000000000000000e+02 3.000000000000000000e+00
7.540271910324519711e-01 1.319963496324440433e+00 4.000000000000000000e+00 1.080000000000000000e+02 3.000000000000000000e+00
7.648914154066452920e-01 5.530145498656909853e-01 1.200000000000000000e+01 1.250000000000000000e+02 3.000000000000000000e+00
8.220990039717999964e-02 1.790504697743963147e+00 3.000000000000000000e+00 8.100000000000000000e+01 3.000000000000000000e+00
1.671393592085090862e-01 9.495563402464427538e-01 5.000000000000000000e+00 1.340000000000000000e+02 3.000000000000000000e+00
3.367135742797678910e-01 5.156752656194746320e-01 4.000000000000000000e+00 1.320000000000000000e+02 3.000000000000000000e+00
3.733461651553144911e-01 1.135016413970894478e+00 8.000000000000000000e+00 3.300000000000000000e+01 3.000000000000000000e+00
8.414961924449755326e-01 1.068106280093857663e+00 2.000000000000000000e+01 1.440000000000000000e+02 3.000000000000000000e+00
4.695290129161310694e-02 2.581723768299745148e-01 6.000000000000000000e+00 5.400000000000000000e+01 3.000000000000000000e+00
6.485990158726246957e-01 1.127298693150905695e+00 1.300000000000000000e+01 1.360000000000000000e+02 3.000000000000000000e+00
9.448497366238571560e-02 2.811514140045009436e-01 8.000000000000000000e+00 7.700000000000000000e+01 3.000000000000000000e+00
8.103417811792190673e-01 1.658257659964574027e-01 8.000000000000000000e+00 7.700000000000000000e+01 3.000000000000000000e+00
6.221271964179043712e-01 4.125523683589434887e-01 2.000000000000000000e+00 6.900000000000000000e+01 3.000000000000000000e+00
5.674964134156910145e-01 1.416326533754038719e+00 1.700000000000000000e+01 1.810000000000000000e+02 3.000000000000000000e+00
8.443864234737002983e-01 1.426303934208647262e-01 1.200000000000000000e+01 1.700000000000000000e+02 3.000000000000000000e+00
2.154543657983455374e-01 1.721504950922822408e+00 1.000000000000000000e+01 1.980000000000000000e+02 3.000000000000000000e+00
1.567835760312278337e-01 4.827946010769029739e-01 2.000000000000000000e+00 1.550000000000000000e+02 3.000000000000000000e+00
7.721157406542907831e-01 1.557257599843526741e+00 2.000000000000000000e+00 1.500000000000000000e+01 3.000000000000000000e+00
4.963646841646907060e-01 1.893494081672257023e-01 1.200000000000000000e+01 1.870000000000000000e+02 3.000000000000000000e+00
6.558528046610649920e-01 1.898186084110470961e+00 1.200000000000000000e+01 2.000000000000000000e+01 3.000000000000000000e+00
2.840099616990779952e-01 1.486197154933281306e+00 1.600000000000000000e+01 1.930000000000000000e+02 3.000000000000000000e+00
2.279123730625234323e-01 6.193166729778950552e-01 2.000000000000000000e+01 1.120000000000000000e+02 3.000000000000000000e+00
4.058799244306218190e-01 1.031447883441804159e+00 1.600000000000000000e+01 4.000000000000000000e+00 3.000000000000000000e+00
3.164428153487481854e-01 1.273031471343190058e+00 2.000000000000000000e+00 6.800000000000000000e+01 3.000000000000000000e+00
8.829221177820960609e-01 1.816785156912327004e+00 2.000000000000000000e+00 1.390000000000000000e+02 3.000000000000000000e+00
8.194474201690854498e-01 1.646030490127830870e+00 2.000000000000000000e+01 1.640000000000000000e+02 3.000000000000000000e+00
2.218817476701333558e-01 9.407020657806369757e-01 1.900000000000000000e+01 6.000000000000000000e+01 3.000000000000000000e+00
2.587168930419957436e-01 8.958567358607819608e-01 1.800000000000000000e+01 3.500000000000000000e+01 3.000000000000000000e+00
8.648086765105976459e-02 2.395850021314795131e-01 1.100000000000000000e+01 1.750000000000000000e+02 3.000000000000000000e+00
3.239005901332825399e-01 1.932655475508780363e+00 1.500000000000000000e+01 9.500000000000000000e+01 3.000000000000000000e+00
5.959651507224608125e-01 2.017583133133949325e+00 3.000000000000000000e+00 6.700000000000000000e+01 3.000000000000000000e+00
9.092788833323467435e-01 5.179046816099820427e-01 1.000000000000000000e+01 1.120000000000000000e+02 3.000000000000000000e+00
3.915744378979061358e-01 1.345726799909064297e+00 1.000000000000000000e+00 7.200000000000000000e+01 3.000000000000000000e+00
5.328889335024902252e-01 1.414542764294074439e+00 1.800000000000000000e+01 5.500000000000000000e+01 3.000000000000000000e+00
8.069959805924735718e-01 1.367143241435310186e+00 1.000000000000000000e+00 1.100000000000000000e+02 3.000000000000000000e+00
6.887350176369620713e-02 1.696716863016808352e+00 1.000000000000000000e+00 1.420000000000000000e+02 3.000000000000000000e+00
2.675842437350157699e-01 2.571104637384092895e-01 8.000000000000000000e+00 1.270000000000000000e+02 3.000000000000000000e+00
5.559646336418141432e-01 1.687779140818663537e+00 1.300000000000000000e+01 3.500000000000000000e+01 3.000000000000000000e+00
6.481206412561723029e-01 4.828702061865633999e-01 8.000000000000000000e+00 1.330000000000000000e+02 3.000000000000000000e+00
2.302293635861827337e-01 2.094022128327632792e+00 1.600000000000000000e+01 1.440000000000000000e+02 3.000000000000000000e+00
9.045199441145579389e-01 1.313466695763767289e+00 1.000000000000000000e+00 1.520000000000000000e+02 3.000000000000000000e+00
5.005067187626425218e-01 1.364793749428873548e+00 1.100000000000000000e+01 6.500000000000000000e+01 3.000000000000000000e+00
2.586935806556304174e-01 1.184376287194887967e+00 1.000000000000000000e+00 9.400000000000000000e+01 3.000000000000000000e+00
7.929573725282128560e-01 6.640339751589078299e-01 1.800000000000000000e+01 1.200000000000000000e+01 3.000000000000000000e+00
7.658033334489129373e-01 1.368173732624916594e+00 1.300000000000000000e+01 3.500000000000000000e+01 3.000000000000000000e+00
1.050174451241682044e-01 1.548545345686012320e+00 1.800000000000000000e+01 1.300000000000000000e+01 3.000000000000000000e+00
6.751895344476827043e-01 1.833951784227668913e+00 1.900000000000000000e+01 2.000000000000000000e+00 3.000000000000000000e+00
6.530324082728609925e-02 1.223881261778140495e+00 1.200000000000000000e+01 8.000000000000000000e+01 3.000000000000000000e+00
1.174903961389889145e-01 1.114077821673283619e+00 4.000000000000000000e+00 1.370000000000000000e+02 3.000000000000000000e+00
5.228679238193644219e-01 8.337724759120178630e-01 8.000000000000000000e+00 8.600000000000000000e+01 4.000000000000000000e+00
2.327910590380001254e-01 6.866930757867998336e-01 1.200000000000000000e+01 1.500000000000000000e+01 4.000000000000000000e+00
6.449056232152446944e-01 6.438726815108243295e-01 1.200000000000000000e+01 1.540000000000000000e+02 4.000000000000000000e+00
7.486261178295083862e-01 1.122367448220362940e+00 1.500000000000000000e+01 8.200000000000000000e+01 4.000000000000000000e+00
4.140109983829909357e-01 1.100774180539997760e+00 1.600000000000000000e+01 3.400000000000000000e+01 4.000000000000000000e+00
7.531189191451688192e-01 1.773880864717936934e+00 8.000000000000000000e+00 1.460000000000000000e+02 4.000000000000000000e+00
3.408079536465873360e-01 7.343840584801418769e-01 6.000000000000000000e+00 6.300000000000000000e+01 4.000000000000000000e+00
1.339553782208446030e-02 1.172349165601776599e+00 1.300000000000000000e+01 6.200000000000000000e+01 4.000000000000000000e+00
9.368171339111385221e-01 6.664515259520172874e-01 1.600000000000000000e+01 1.090000000000000000e+02 4.000000000000000000e+00
4.659034368656573832e-01 1.222039131244360144e+00 2.000000000000000000e+01 1.670000000000000000e+02 4.000000000000000000e+00
9.352658218661280554e-01 2.789034955376005209e-01 3.000000000000000000e+00 1.860000000000000000e+02 4.000000000000000000e+00
1.892048352768089803e-01 1.107300503596084784e+00 6.000000000000000000e+00 6.500000000000000000e+01 4.000000000000000000e+00
5.934561338976971356e-01 4.401949243296329195e-01 1.600000000000000000e+01 1.910000000000000000e+02 4.000000000000000000e+00
8.473703927295032079e-01 2.078519562478216010e+00 9.000000000000000000e+00 1.200000000000000000e+02 4.000000000000000000e+00
5.039189508022664521e-01 1.733833067370402103e+00 2.000000000000000000e+00 1.600000000000000000e+01 4.000000000000000000e+00
1.296469132752211539e-01 1.828452200315661413e-01 1.500000000000000000e+01 9.200000000000000000e+01 4.000000000000000000e+00
6.800478594494273332e-02 1.962196346752469012e+00 1.600000000000000000e+01 4.700000000000000000e+01 4.000000000000000000e+00
6.493961405094160477e-02 7.226699713327896513e-01 1.600000000000000000e+01 1.040000000000000000e+02 4.000000000000000000e+00
9.377544731031925984e-01 7.565556352008736551e-01 1.700000000000000000e+01 1.650000000000000000e+02 4.000000000000000000e+00
5.867650136437857489e-01 1.579054472882227556e+00 6.000000000000000000e+00 1.250000000000000000e+02 4.000000000000000000e+00
8.776527792859383226e-01 1.661989201268436078e+00 6.000000000000000000e+00 2.300000000000000000e+01 4.000000000000000000e+00
4.320935321422569170e-02 2.538636123159591085e-01 5.000000000000000000e+00 1.370000000000000000e+02 4.000000000000000000e+00
8.227934836378127947e-01 1.607528078405914940e+00 8.000000000000000000e+00 1.350000000000000000e+02 4.000000000000000000e+00
3.941331542145023459e-01 2.489287758943105333e-01 7.000000000000000000e+00 1.560000000000000000e+02 4.000000000000000000e+00
8.250029593053956889e-01 1.970005227044762997e+00 1.400000000000000000e+01 5.100000000000000000e+01 4.000000000000000000e+00
8.329981436194795474e-01 9.510414196957927002e-01 6.000000000000000000e+00 1.400000000000000000e+02 4.000000000000000000e+00
8.790131429569600918e-01 3.864879464123615049e-01 1.800000000000000000e+01 1.480000000000000000e+02 4.000000000000000000e+00
9.880582538427910011e-01 6.792451089660332952e-01 1.100000000000000000e+01 1.970000000000000000e+02 4.000000000000000000e+00
3.863049826084405947e-01 4.724520745512840181e-01 1.500000000000000000e+01 6.400000000000000000e+01 4.000000000000000000e+00
1.388056750247891324e-01 7.197988494680352956e-01 1.300000000000000000e+01 1.550000000000000000e+02 4.000000000000000000e+00
7.648142509621477236e-01 3.464037701809666858e-01 1.100000000000000000e+01 1.090000000000000000e+02 4.000000000000000000e+00
9.709352603722191111e-01 1.305173032393982080e+00 2.000000000000000000e+01 7.100000000000000000e+01 4.000000000000000000e+00
3.223035374259576313e-01 1.388252190080103476e+00 6.000000000000000000e+00 1.770000000000000000e+02 4.000000000000000000e+00
9.297405173195664174e-01 3.506429852567286565e-01 1.600000000000000000e+01 1.070000000000000000e+02 4.000000000000000000e+00
6.914089742106271919e-01 5.830415090045258930e-01 1.600000000000000000e+01 8.100000000000000000e+01 4.000000000000000000e+00
5.281553564665988354e-01 3.737202181978430682e-01 1.300000000000000000e+01 8.800000000000000000e+01 4.000000000000000000e+00
7.423510951207796804e-01 1.294140197800211611e+00 8.000000000000000000e+00 1.000000000000000000e+01 4.000000000000000000e+00
9.497362711745074293e-01 1.609218641586792398e+00 9.000000000000000000e+00 9.700000000000000000e+01 4.000000000000000000e+00
6.079253203460269761e-01 1.063212412485680380e-01 7.000000000000000000e+00 8.000000000000000000e+01 4.000000000000000000e+00
1.266154481083184846e-01 1.885162136336675731e+00 1.000000000000000000e+00 1.770000000000000000e+02 4.000000000000000000e+00
5.554538732238173404e-01 1.913567258850684460e+00 8.000000000000000000e+00 1.050000000000000000e+02 4.000000000000000000e+00
2.024587943032390980e-01 7.336084841819384694e-01 1.300000000000000000e+01 1.260000000000000000e+02 4.000000000000000000e+00
4.544110800463899702e-01 1.796887849015693650e+00 5.000000000000000000e+00 9.900000000000000000e+01 4.000000000000000000e+00
2.549494403887074823e-01 3.267382836251574441e-01 1.600000000000000000e+01 1.970000000000000000e+02 4.000000000000000000e+00
9.663229732930797011e-01 1.749990100211482380e+00 1.200000000000000000e+01 4.600000000000000000e+01 4.000000000000000000e+00
1.428526156744346597e-02 2.872636098992277232e-01 1.000000000000000000e+01 2.300000000000000000e+01 4.000000000000000000e+00
5.067108297098449343e-01 2.828426381304581794e-01 1.000000000000000000e+00 3.800000000000000000e+01 4.000000000000000000e+00
8.663746761160016907e-02 1.892735992676043699e-01 9.000000000000000000e+00 1.240000000000000000e+02 4.000000000000000000e+00
5.070839288585878846e-01 1.228816285501111549e+00 1.800000000000000000e+01 1.310000000000000000e+02 4.000000000000000000e+00
2.997686884130708052e-01 3.599682902198700907e-01 1.000000000000000000e+01 6.700000000000000000e+01 4.000000000000000000e+00
