1.418269294239796752e-01 7.661920245073247093e-01 1.500000000000000000e+01 1.530000000000000000e+02 0.000000000000000000e+00
9.170354922585689517e-01 1.793578923538442949e+00 1.800000000000000000e+01 1.500000000000000000e+01 0.000000000000000000e+00
7.435209025278403105e-01 9.747228747709447694e-01 1.200000000000000000e+01 1.000000000000000000e+02 0.000000000000000000e+00
9.702692241013154417e-01 7.476309238507735655e-01 1.500000000000000000e+01 5.700000000000000000e+01 0.000000000000000000e+00
5.778762389006851796e-01 7.204132022638473076e-01 9.000000000000000000e+00 1.220000000000000000e+02 0.000000000000000000e+00
7.171183822805217156e-01 1.742950664384500803e-01 1.000000000000000000e+01 9.800000000000000000e+01 0.000000000000000000e+00
3.433525183527145197e-01 1.052276508236694941e+00 1.900000000000000000e+01 3.000000000000000000e+00 0.000000000000000000e+00
1.655120421784640472e-01 1.119922905294746807e+00 1.900000000000000000e+01 1.310000000000000000e+02 0.000000000000000000e+00
1.001478810150306265e+00 4.651867569583209017e-01 1.900000000000000000e+01 1.700000000000000000e+01 0.000000000000000000e+00
5.132186821143501776e-01 1.094647402272808989e+00 1.000000000000000000e+01 1.680000000000000000e+02 0.000000000000000000e+00
2.963143371125975811e-01 1.136024947615070779e+00 1.400000000000000000e+01 1.760000000000000000e+02 0.000000000000000000e+00
1.940813953699986882e-01 1.339168362927669387e+00 3.000000000000000000e+00 3.700000000000000000e+01 0.000000000000000000e+00
8.823828859106595812e-02 1.561719487708599585e+00 5.000000000000000000e+00 1.900000000000000000e+02 0.000000000000000000e+00
1.471515933962945777e-01 1.058319012887497745e+00 1.600000000000000000e+01 8.700000000000000000e+01 0.000000000000000000e+00
2.329443489737115236e-01 8.139246165722987536e-01 1.400000000000000000e+01 1.780000000000000000e+02 0.000000000000000000e+00
9.215614911115423968e-01 9.347210758269094422e-01 1.200000000000000000e+01 1.480000000000000000e+02 0.000000000000000000e+00
5.577996164028242720e-01 1.161277212598659236e+00 1.900000000000000000e+01 1.500000000000000000e+02 0.000000000000000000e+00
8.851168672174227758e-01 3.826084007356070904e-01 3.000000000000000000e+00 3.500000000000000000e+01 0.000000000000000000e+00
1.419854616106063228e-01 9.131832533352443049e-01 8.000000000000000000e+00 4.500000000000000000e+01 0.000000000000000000e+00
4.775281604045163997e-01 1.176489507533558188e+00 3.000000000000000000e+00 8.400000000000000000e+01 0.000000000000000000e+00
7.152022878582348087e-01 1.228411000223635252e+00 8.000000000000000000e+00 8.700000000000000000e+01 0.000000000000000000e+00
1.603719834557725266e-01 1.723852421357308762e+00 1.300000000000000000e+01 4.000000000000000000e+00 0.000000000000000000e+00
1.011189531678735459e-01 1.313248152404830338e-01 1.100000000000000000e+01 1.760000000000000000e+02 0.000000000000000000e+00
2.308695312968944702e-01 1.004287547694377170e-01 1.300000000000000000e+01 4.600000000000000000e+01 0.000000000000000000e+00
1.606437729892378208e-01 3.015502021005024291e-01 7.000000000000000000e+00 1.100000000000000000e+02 0.000000000000000000e+00
1.500448832196476200e-02 1.739558115372303204e+00 1.300000000000000000e+01 4.900000000000000000e+01 0.000000000000000000e+00
5.480135436212529160e-02 5.902207523163750524e-01 8.000000000000000000e+00 1.100000000000000000e+02 0.000000000000000000e+00
7.057121350610141564e-01 5.836973705100135801e-01 9.000000000000000000e+00 4.200000000000000000e+01 0.000000000000000000e+00
3.406829240839780448e-01 1.290697775597561547e-01 5.000000000000000000e+00 1.960000000000000000e+02 0.000000000000000000e+00
3.150716516660690969e-01 1.053854513523089453e+00 7.000000000000000000e+00 1.350000000000000000e+02 0.000000000000000000e+00
4.288526092799443967e-01 1.495838095018906966e+00 8.000000000000000000e+00 1.290000000000000000e+02 0.000000000000000000e+00
4.060916742137329338e-01 1.584715167613608422e+00 1.800000000000000000e+01 1.240000000000000000e+02 0.000000000000000000e+00
2.983501258461495470e-02 1.097725434371356334e-01 7.000000000000000000e+00 1.190000000000000000e+02 0.000000000000000000e+00
2.510913946580457523e-01 1.863817583112276743e+00 7.000000000000000000e+00 1.480000000000000000e+02 0.000000000000000000e+00
2.143891409354422573e-01 1.939071793340617633e+00 9.000000000000000000e+00 3.500000000000000000e+01 0.000000000000000000e+00
5.182701292408575799e-01 1.742895409836742848e+00 2.000000000000000000e+01 8.600000000000000000e+01 0.000000000000000000e+00
3.719217277570069369e-01 3.026724008373909980e-01 6.000000000000000000e+00 1.760000000000000000e+02 0.000000000000000000e+00
3.921518207304152542e-02 1.406240745395345604e+00 4.000000000000000000e+00 1.560000000000000000e+02 0.000000000000000000e+00
3.216129438583802819e-02 9.051842491943805635e-01 1.300000000000000000e+01 1.870000000000000000e+02 0.000000000000000000e+00
4.748417176757324665e-01 1.121418373927929091e+00 4.000000000000000000e+00 1.560000000000000000e+02 0.000000000000000000e+00
2.775019317524594076e-01 4.610369805641220120e-01 1.700000000000000000e+01 9.500000000000000000e+01 0.000000000000000000e+00
3.671876448339379539e-01 1.523908339103388965e+00 1.700000000000000000e+01 1.180000000000000000e+02 0.000000000000000000e+00
9.873537198919651869e-01 1.818493588543637296e+00 1.900000000000000000e+01 1.520000000000000000e+02 0.000000000000000000e+00
2.345075738417291555e-01 1.404797939225010506e+00 1.800000000000000000e+01 1.640000000000000000e+02 0.000000000000000000e+00
2.630576327424284377e-01 1.744988269137421000e+00 1.200000000000000000e+01 3.000000000000000000e+01 0.000000000000000000e+00
9.849207349826608615e-01 1.421217571784327616e+00 1.100000000000000000e+01 1.370000000000000000e+02 0.000000000000000000e+00
7.428683367273359872e-01 1.055427293809678702e+00 1.800000000000000000e+01 7.800000000000000000e+01 0.000000000000000000e+00
9.592082935215924255e-01 7.213327395679262066e-01 8.000000000000000000e+00 1.190000000000000000e+02 0.000000000000000000e+00
4.273852569712996985e-01 1.216947634688535951e+00 1.000000000000000000e+00 1.460000000000000000e+02 0.000000000000000000e+00
2.626237541067723003e-01 1.809183206562593460e+00 1.900000000000000000e+01 9.400000000000000000e+01 0.000000000000000000e+00
6.139810881181054780e-01 4.752856232895118493e-01 1.800000000000000000e+01 1.300000000000000000e+01 1.000000000000000000e+00
4.936090467104188306e-01 1.422774383414385779e+00 1.000000000000000000e+01 1.090000000000000000e+02 1.000000000000000000e+00
7.020976751719569808e-01 8.527796503668535477e-01 1.500000000000000000e+01 6.900000000000000000e+01 1.000000000000000000e+00
1.932480960324639563e-01 1.896348033376221265e+00 5.000000000000000000e+00 1.720000000000000000e+02 1.000000000000000000e+00
3.178994356476251282e-01 9.892028565489029424e-01 1.300000000000000000e+01 1.510000000000000000e+02 1.000000000000000000e+00
9.719818113625198208e-01 1.522711381910115902e+00 7.000000000000000000e+00 8.200000000000000000e+01 1.000000000000000000e+00
3.861892665510613387e-01 5.236825719906260668e-01 9.000000000000000000e+00 4.800000000000000000e+01 1.000000000000000000e+00
3.485294896449325774e-01 1.799250526164812403e+00 4.000000000000000000e+00 9.400000000000000000e+01 1.000000000000000000e+00
3.545620261571296172e-01 6.294707696374052253e-01 5.000000000000000000e+00 7.000000000000000000e+00 1.000000000000000000e+00
3.507325416576058119e-01 1.245394150308235304e+00 8.000000000000000000e+00 8.400000000000000000e+01 1.000000000000000000e+00
9.495561141144082118e-01 1.148637083524812086e+00 7.000000000000000000e+00 6.300000000000000000e+01 1.000000000000000000e+00
9.041022368472579895e-01 1.508524450076899726e+00 1.700000000000000000e+01 1.510000000000000000e+02 1.000000000000000000e+00
1.431895722778450120e-01 1.622440605814092551e+00 7.000000000000000000e+00 1.350000000000000000e+02 1.000000000000000000e+00
3.834807871292527093e-01 2.013242153202059015e+00 2.000000000000000000e+01 3.100000000000000000e+01 1.000000000000000000e+00
3.244432104159122171e-02 3.594932499455919528e-01 3.000000000000000000e+00 1.940000000000000000e+02 1.000000000000000000e+00
8.664340644370864819e-01 1.151187801139993638e+00 1.900000000000000000e+01 1.080000000000000000e+02 1.000000000000000000e+00
8.109410457601621269e-01 1.641665098574656589e+00 1.800000000000000000e+01 1.380000000000000000e+02 1.000000000000000000e+00
1.653835987914619582e-02 2.985533774529750550e-01 1.500000000000000000e+01 8.500000000000000000e+01 1.000000000000000000e+00
8.950236938270430542e-01 4.962457795204718858e-01 1.000000000000000000e+01 1.720000000000000000e+02 1.000000000000000000e+00
5.865471424244016879e-02 5.434752448577150341e-01 7.000000000000000000e+00 1.490000000000000000e+02 1.000000000000000000e+00
9.503662479711701971e-01 9.882637318876946741e-01 7.000000000000000000e+00 8.700000000000000000e+01 1.000000000000000000e+00
5.167676141906237808e-01 6.254404581880109726e-01 7.000000000000000000e+00 5.200000000000000000e+01 1.000000000000000000e+00
9.261816207429515169e-01 1.702794892582560227e+00 1.800000000000000000e+01 1.780000000000000000e+02 1.000000000000000000e+00
9.084281737350402564e-01 2.018252552088435792e+00 1.200000000000000000e+01 1.220000000000000000e+02 1.000000000000000000e+00
7.362603815894134263e-01 1.977387873806528029e+00 1.900000000000000000e+01 1.730000000000000000e+02 1.000000000000000000e+00
2.650887129476744430e-01 1.425728184433480150e+00 8.000000000000000000e+00 1.980000000000000000e+02 1.000000000000000000e+00
6.211737493455735670e-01 1.774657045162627123e+00 2.000000000000000000e+01 1.420000000000000000e+02 1.000000000000000000e+00
6.811741418057055686e-01 6.777587212639887282e-01 1.900000000000000000e+01 1.620000000000000000e+02 1.000000000000000000e+00
4.791861358673796811e-01 5.848274160257894705e-01 7.000000000000000000e+00 7.600000000000000000e+01 1.000000000000000000e+00
3.383298270770209726e-01 1.888279224087133112e+00 6.000000000000000000e+00 1.660000000000000000e+02 1.000000000000000000e+00
4.916446925948132485e-01 4.198764691773601010e-01 1.100000000000000000e+01 5.000000000000000000e+01 1.000000000000000000e+00
7.828568190479424649e-01 9.736298729373064065e-01 2.000000000000000000e+01 8.400000000000000000e+01 1.000000000000000000e+00
6.020617088841059283e-01 2.197198354127193609e-01 4.000000000000000000e+00 2.100000000000000000e+01 1.000000000000000000e+00
7.628095690174584442e-01 1.218161825196599546e+00 1.700000000000000000e+01 6.800000000000000000e+01 1.000000000000000000e+00
8.850183620290690278e-01 1.070556686112948963e+00 2.000000000000000000e+00 1.570000000000000000e+02 1.000000000000000000e+00
4.094049198412392787e-01 4.351059368507498304e-01 1.100000000000000000e+01 1.420000000000000000e+02 1.000000000000000000e+00
9.716244649977656689e-01 1.484195971229997024e+00 1.700000000000000000e+01 6.900000000000000000e+01 1.000000000000000000e+00
9.922338766885162309e-02 1.279543372253013622e+00 6.000000000000000000e+00 1.000000000000000000e+02 1.000000000000000000e+00
7.833350403411074581e-01 1.762250091836576216e+00 1.100000000000000000e+01 6.500000000000000000e+01 1.000000000000000000e+00
7.185736051521879331e-01 7.316744758739283094e-01 6.000000000000000000e+00 2.000000000000000000e+00 1.000000000000000000e+00
6.515598975789970160e-01 1.028980837558562067e+00 2.000000000000000000e+00 5.500000000000000000e+01 1.000000000000000000e+00
2.549841050975316659e-01 1.677195185108721454e+00 1.400000000000000000e+01 1.920000000000000000e+02 1.000000000000000000e+00
1.911984131281131427e-01 1.735405053648397367e+00 1.700000000000000000e+01 9.400000000000000000e+01 1.000000000000000000e+00
6.320468233597378305e-01 9.012378754145190518e-01 1.000000000000000000e+00 8.700000000000000000e+01 1.000000000000000000e+00
8.006337268745907787e-01 8.386491408608799381e-01 6.000000000000000000e+00 9.500000000000000000e+01 1.000000000000000000e+00
8.049569968281661270e-01 1.650979745060498605e+00 1.400000000000000000e+01 6.000000000000000000e+01 1.000000000000000000e+00
4.837905565476100511e-01 2.052453566597966184e+00 1.700000000000000000e+01 1.320000000000000000e+02 1.000000000000000000e+00
6.922220501432203577e-01 2.061562510707829254e+00 9.000000000000000000e+00 1.000000000000000000e+01 1.000000000000000000e+00
2.836079130122839409e-01 1.338783047149391392e-01 4.000000000000000000e+00 1.000000000000000000e+02 1.000000000000000000e+00
3.281635149038952121e-02 1.112022767856506222e+00 1.200000000000000000e+01 1.710000000000000000e+02 1.000000000000000000e+00
8.733920228683723641e-01 6.278977511669386891e-01 8.000000000000000000e+00 9.700000000000000000e+01 2.000000000000000000e+00
8.772331590053278338e-01 1.458917487164067550e+00 1.000000000000000000e+00 7.000000000000000000e+00 2.000000000000000000e+00
4.168266832278948453e-01 5.147564997495174266e-01 4.000000000000000000e+00 9.000000000000000000e+01 2.000000000000000000e+00
4.162278855890548801e-01 1.417122651194497429e+00 1.600000000000000000e+01 1.630000000000000000e+02 2.000000000000000000e+00
9.500435345451487823e-01 1.246441042172536928e+00 1.100000000000000000e+01 9.400000000000000000e+01 2.000000000000000000e+00
6.567675098419646362e-01 6.489409062610728141e-01 1.800000000000000000e+01 1.230000000000000000e+02 2.000000000000000000e+00
9.809833754253822757e-01 4.517646238249338753e-01 1.400000000000000000e+01 1.410000000000000000e+02 2.000000000000000000e+00
7.353707126458140786e-02 1.638919907979399682e+00 1.400000000000000000e+01 7.700000000000000000e+01 2.000000000000000000e+00
5.117305603000729120e-01 1.908926581156073388e+00 6.000000000000000000e+00 7.100000000000000000e+01 2.000000000000000000e+00
1.198382227383631114e-02 2.318272396691606618e-01 2.000000000000000000e+01 4.000000000000000000e+01 2.000000000000000000e+00
3.410970306784769646e-01 2.065059284208868640e+00 1.700000000000000000e+01 6.000000000000000000e+01 2.000000000000000000e+00
9.008350146977187611e-01 1.444251956867427023e+00 1.500000000000000000e+01 4.000000000000000000e+01 2.000000000000000000e+00
2.806264405717966426e-01 9.050425412653083646e-01 2.000000000000000000e+01 1.700000000000000000e+02 2.000000000000000000e+00
6.010614636321460758e-01 1.278964092772020944e+00 4.000000000000000000e+00 5.200000000000000000e+01 2.000000000000000000e+00
3.134299799844380008e-01 1.848889320988258422e+00 1.400000000000000000e+01 1.220000000000000000e+02 2.000000000000000000e+00
8.343763646484315677e-01 6.356734013455319632e-01 1.800000000000000000e+01 5.100000000000000000e+01 2.000000000000000000e+00
9.693282038279129598e-01 1.903822180536243636e+00 5.000000000000000000e+00 3.900000000000000000e+01 2.000000000000000000e+00
6.815662720435581301e-01 1.061944425525631841e+00 1.200000000000000000e+01 1.310000000000000000e+02 2.000000000000000000e+00
8.357423112480256711e-01 6.094208648413256268e-01 1.100000000000000000e+01 1.820000000000000000e+02 2.000000000000000000e+00
7.572399172000253420e-02 2.258976860899565564e-01 7.000000000000000000e+00 6.100000000000000000e+01 2.000000000000000000e+00
2.996207334444999509e-02 1.275761213956882134e+00 6.000000000000000000e+00 5.200000000000000000e+01 2.000000000000000000e+00
3.752343024012238376e-02 1.677304150336892397e+00 3.000000000000000000e+00 1.870000000000000000e+02 2.000000000000000000e+00
6.414298858626861222e-01 8.704413163161631717e-01 1.900000000000000000e+01 1.960000000000000000e+02 2.000000000000000000e+00
9.896653790992010480e-01 1.320543530354457040e+00 1.900000000000000000e+01 1.280000000000000000e+02 2.000000000000000000e+00
3.302460574753807165e-01 1.643323749715815296e+00 1.900000000000000000e+01 1.270000000000000000e+02 2.000000000000000000e+00
8.506334497396087491e-01 1.815205156394587904e+00 7.000000000000000000e+00 1.430000000000000000e+02 2.000000000000000000e+00
1.008883186499230034e+00 2.307907869483591112e-01 3.000000000000000000e+00 1.800000000000000000e+01 2.000000000000000000e+00
3.273431461440742263e-01 5.341679219863834094e-01 2.000000000000000000e+00 2.100000000000000000e+01 2.000000000000000000e+00
5.829179120698277927e-01 4.410746439015958975e-01 7.000000000000000000e+00 3.300000000000000000e+01 2.000000000000000000e+00
7.971081466481317879e-01 4.771766569685252923e-01 1.100000000000000000e+01 1.190000000000000000e+02 2.000000000000000000e+00
9.970930624002251053e-01 1.608510082510791861e+00 1.700000000000000000e+01 2.600000000000000000e+01 2.000000000000000000e+00
2.351354471127199419e-01 1.871651301222841068e+00 1.100000000000000000e+01 4.000000000000000000e+00 2.000000000000000000e+00
1.037343693472361078e-01 5.335629758492866914e-01 1.200000000000000000e+01 1.410000000000000000e+02 2.000000000000000000e+00
6.377317068114096710e-01 2.037064080324350268e+00 1.900000000000000000e+01 1.530000000000000000e+02 2.000000000000000000e+00
7.510148926318959139e-01 2.057009456818125859e+00 1.300000000000000000e+01 1.000000000000000000e+01 2.000000000000000000e+00
4.440858623241183273e-02 1.251909888366626866e+00 1.500000000000000000e+01 8.400000000000000000e+01 2.000000000000000000e+00
2.836965012193661817e-01 1.188867445390085820e+00 1.800000000000000000e+01 7.400000000000000000e+01 2.000000000000000000e+00
2.793007161558261897e-01 5.748921950407134274e-01 3.000000000000000000e+00 3.500000000000000000e+01 2.000000000000000000e+00
7.600032493278048307e-01 5.093901385289606454e-01 1.600000000000000000e+01 1.470000000000000000e+02 2.000000000000000000e+00
2.439504272401165075e-01 1.657635976298956315e+00 9.000000000000000000e+00 4.000000000000000000e+00 2.000000000000000000e+00
9.741611833296882628e-01 3.351864515185419835e-01 9.000000000000000000e+00 1.430000000000000000e+02 2.000000000000000000e+00
4.622899193630816139e-01 9.647232182638224574e-01 8.000000000000000000e+00 1.540000000000000000e+02 2.000000000000000000e+00
4.178801539942799542e-02 8.026019834573873135e-01 2.000000000000000000e+00 1.570000000000000000e+02 2.000000000000000000e+00
7.266424993048995473e-01 6.832065804368349093e-01 1.700000000000000000e+01 1.730000000000000000e+02 2.000000000000000000e+00
6.658362338102943312e-01 1.142898291456069693e+00 1.400000000000000000e+01 2.100000000000000000e+01 2.000000000000000000e+00
2.111660735042014680e-01 4.003401974553443265e-01 1.800000000000000000e+01 1.200000000000000000e+01 2.000000000000000000e+00
7.637244650476971985e-01 3.041777359319085550e-01 1.900000000000000000e+01 1.420000000000000000e+02 2.000000000000000000e+00
8.660556711144767883e-01 1.860903991880723751e+00 1.800000000000000000e+01 7.100000000000000000e+01 2.000000000000000000e+00
3.782343680559301369e-01 2.050111434324156434e+00 3.000000000000000000e+00 7.200000000000000000e+01 2.000000000000000000e+00
9.790271010535521456e-02 4.138196472498142375e-01 1.000000000000000000e+00 7.600000000000000000e+01 2.000000000000000000e+00
9.226254356212480745e-02 1.120431726347892010e+00 8.000000000000000000e+00 1.170000000000000000e+02 3.000000000000000000e+00
2.481271582726709557e-01 1.364234655707903254e+00 4.000000000000000000e+00 1.480000000000000000e+02 3.000000000000000000e+00
1.451010888822216183e-01 1.964986004859857749e+00 1.400000000000000000e+01 1.180000000000000000e+02 3.000000000000000000e+00
4.923624052456337941e-01 1.354379992939229505e+00 1.200000000000000000e+01 5.400000000000000000e+01 3.000000000000000000e+00
9.311511789343990264e-01 7.989900362452982963e-01 1.600000000000000000e+01 1.600000000000000000e+02 3.000000000000000000e+00
9.802731365636634386e-01 8.225022149646624703e-01 1.600000000000000000e+01 1.720000000000000000e+02 3.000000000000000000e+00
2.968888803185635306e-01 1.061331468600525296e+00 1.200000000000000000e+01 9.100000000000000000e+01 3.000000000000000000e+00
9.490522337432409916e-01 9.759513076152480648e-01 8.000000000000000000e+00 1.830000000000000000e+02 3.000000000000000000e+00
6.230671724468711536e-01 1.767815843018233579e+00 1.400000000000000000e+01 1.220000000000000000e+02 3.000000000000000000e+00
1.001248237831188881e+00 1.431117143769105260e+00 3.000000000000000000e+00 8.000000000000000000e+01 3.000000000000000000e+00
7.573900656762675432e-01 1.497994097726186968e+00 1.600000000000000000e+01 1.690000000000000000e+02 3.000000000000000000e+00
4.340270414038496227e-01 7.483394252449645512e-01 1.500000000000000000e+01 1.200000000000000000e+02 3.000000000000000000e+00
6.637681083417158456e-01 5.790581775860920155e-01 8.000000000000000000e+00 4.200000000000000000e+01 3.000000000000000000e+00
3.181642746207692385e-01 2.716246366481104291e-01 6.000000000000000000e+00 4.500000000000000000e+01 3.000000000000000000e+00
2.146551839936171602e-01 1.645497571150944083e+00 1.000000000000000000e+01 7.700000000000000000e+01 3.000000000000000000e+00
5.002023493544340838e-01 4.531081406548326251e-01 1.900000000000000000e+01 1.550000000000000000e+02 3.000000000000000000e+00
4.614657560735312830e-02 7.961866809592995642e-01 7.000000000000000000e+00 2.800000000000000000e+01 3.000000000000000000e+00
9.101238420972035392e-01 9.140415847820232420e-01 1.400000000000000000e+01 1.720000000000000000e+02 3.000000000000000000e+00
7.073945062334475731e-01 1.289763667112339585e+00 1.600000000000000000e+01 1.320000000000000000e+02 3.000000000000000000e+00
4.477595768465548742e-01 1.632633648724871878e-01 2.000000000000000000e+00 1.020000000000000000e+02 3.000000000000000000e+00
2.045081623769273715e-01 1.111268617096293099e+00 1.700000000000000000e+01 2.200000000000000000e+01 3.000000000000000000e+00
2.663233831299253174e-01 1.877096658081629510e+00 3.000000000000000000e+00 4.300000000000000000e+01 3.000000000000000000e+00
1.390599224525447264e-01 1.591517969600029003e+00 8.000000000000000000e+00 1.360000000000000000e+02 3.000000000000000000e+00
9.363808432815564631e-01 1.674119871062484277e+00 2.000000000000000000e+00 9.000000000000000000e+01 3.000000000000000000e+00
4.566505953253420236e-01 1.439697119912761059e+00 3.000000000000000000e+00 5.500000000000000000e+01 3.000000000000000000e+00
9.682051496846165450e-02 9.702955847712461113e-01 8.000000000000000000e+00 7.300000000000000000e+01 3.000000000000000000e+00
6.179218152858897417e-01 1.423671203455297629e+00 8.000000000000000000e+00 7.300000000000000000e+01 3.000000000000000000e+00
3.450395122600322662e-01 7.652976599405970637e-01 7.000000000000000000e+00 4.000000000000000000e+01 3.000000000000000000e+00
8.992614526868265568e-01 1.728451676872430953e+00 2.000000000000000000e+01 1.790000000000000000e+02 3.000000000000000000e+00
9.881668710618385365e-01 1.853239945006260658e+00 1.000000000000000000e+01 1.550000000000000000e+02 3.000000000000000000e+00
6.455015795777115928e-01 5.032763390355802224e-01 1.000000000000000000e+01 1.940000000000000000e+02 3.000000000000000000e+00
7.136748663209402377e-01 1.363202989753288907e+00 1.800000000000000000e+01 1.360000000000000000e+02 3.000000000000000000e+00
1.925445571751226853e-02 2.009151281022077740e+00 3.000000000000000000e+00 1.920000000000000000e+02 3.000000000000000000e+00
2.777164482232667986e-01 1.528212817024626524e+00 4.000000000000000000e+00 1.100000000000000000e+02 3.000000000000000000e+00
9.928094302792435100e-01 1.739918095110168261e+00 1.800000000000000000e+01 1.580000000000000000e+02 3.000000000000000000e+00
9.541554131424095919e-01 3.116663467670129917e-01 4.000000000000000000e+00 8.200000000000000000e+01 3.000000000000000000e+00
2.097111572780800959e-01 1.538079406549881512e+00 1.500000000000000000e+01 5.800000000000000000e+01 3.000000000000000000e+00
6.016961906771866042e-01 1.805593999316813969e+00 1.000000000000000000e+01 2.200000000000000000e+01 3.000000000000000000e+00
9.298347623513930627e-01 1.053069405495026034e+00 1.700000000000000000e+01 9.000000000000000000e+01 3.000000000000000000e+00
8.328366433725903351e-01 1.208148217193274698e+00 1.700000000000000000e+01 1.620000000000000000e+02 3.000000000000000000e+00
5.831883385380935980e-01 1.335055097237740629e+00 1.000000000000000000e+01 1.900000000000000000e+02 3.000000000000000000e+00
8.849232586012600876e-01 7.790804454757510600e-01 9.000000000000000000e+00 1.760000000000000000e+02 3.000000000000000000e+00
3.055959764078483021e-01 1.216785983786779157e+00 7.000000000000000000e+00 1.280000000000000000e+02 3.000000000000000000e+00
6.845126711782120177e-01 1.501400121179388147e+00 2.000000000000000000e+01 1.910000000000000000e+02 3.000000000000000000e+00
4.154197036141952237e-01 1.186974897210216762e+00 1.600000000000000000e+01 7.400000000000000000e+01 3.000000000000000000e+00
9.632099444667192589e-01 2.052477676818168784e-01 1.500000000000000000e+01 4.400000000000000000e+01 3.000000000000000000e+00
3.230345850286783227e-01 7.572601636118657664e-01 8.000000000000000000e+00 1.460000000000000000e+02 3.000000000000000000e+00
2.904825210730138663e-01 1.221807827893120146e+00 2.000000000000000000e+01 9.500000000000000000e+01 3.000000000000000000e+00
8.781916622246278559e-01 1.957130164587521648e+00 5.000000000000000000e+00 1.360000000000000000e+02 3.000000000000000000e+00
3.449258132129146004e-01 1.443474980922547779e+00 3.000000000000000000e+00 3.700000000000000000e+01 3.000000000000000000e+00
5.999829184058624865e-01 8.371508368849917003e-01 5.000000000000000000e+00 7.100000000000000000e+01 4.000000000000000000e+00
3.155834565436198974e-02 1.510025516690020719e+00 3.000000000000000000e+00 1.340000000000000000e+02 4.000000000000000000e+00
9.085817014376419420e-01 1.378291408471767898e+00 2.000000000000000000e+01 5.500000000000000000e+01 4.000000000000000000e+00
3.049137256530533024e-01 1.078275672645921501e+00 1.700000000000000000e+01 6.800000000000000000e+01 4.000000000000000000e+00
9.000614066090558696e-01 2.028599559743026470e-01 9.000000000000000000e+00 1.100000000000000000e+02 4.000000000000000000e+00
5.856206407824638971e-01 7.261773872829920817e-01 5.000000000000000000e+00 1.840000000000000000e+02 4.000000000000000000e+00
8.596183744165416529e-01 1.868819173370661835e+00 5.000000000000000000e+00 1.890000000000000000e+02 4.000000000000000000e+00
5.571460879761320761e-01 1.851670609412318536e+00 1.700000000000000000e+01 1.400000000000000000e+01 4.000000000000000000e+00
8.814912651547963662e-01 1.358397044417545496e+00 1.900000000000000000e+01 1.900000000000000000e+02 4.000000000000000000e+00
2.503423491624059416e-01 6.887227178698361874e-01 1.300000000000000000e+01 5.300000000000000000e+01 4.000000000000000000e+00
5.879475897651216254e-01 5.319222649442215678e-01 1.700000000000000000e+01 1.760000000000000000e+02 4.000000000000000000e+00
7.585094189268737352e-01 1.935088250408986355e+00 1.200000000000000000e+01 5.400000000000000000e+01 4.000000000000000000e+00
3.605311209084579582e-01 3.603750941587370304e-01 2.000000000000000000e+00 4.900000000000000000e+01 4.000000000000000000e+00
7.758769765467402602e-01 5.484487829818803784e-01 1.000000000000000000e+01 6.300000000000000000e+01 4.000000000000000000e+00
1.993471887463224013e-01 1.057747415934380486e+00 1.800000000000000000e+01 5.100000000000000000e+01 4.000000000000000000e+00
1.415442566748171815e-01 1.843457265303393600e+00 1.600000000000000000e+01 1.810000000000000000e+02 4.000000000000000000e+00
9.204345687345822924e-01 1.581985455543383212e+00 1.400000000000000000e+01 1.200000000000000000e+02 4.000000000000000000e+00
2.265675481074900244e-01 1.046492122386356860e-01 1.900000000000000000e+01 1.270000000000000000e+02 4.000000000000000000e+00
6.832673062673831621e-02 1.925493632761819285e+00 2.000000000000000000e+01 7.500000000000000000e+01 4.000000000000000000e+00
8.550453080574567100e-01 2.062796679122538279e+00 2.000000000000000000e+00 5.200000000000000000e+01 4.000000000000000000e+00
5.775706234820764395e-01 1.214648434392324061e+00 1.000000000000000000e+01 8.800000000000000000e+01 4.000000000000000000e+00
2.786192047384440373e-01 7.001095999855345697e-01 2.000000000000000000e+00 1.900000000000000000e+02 4.000000000000000000e+00
7.755728137628303820e-01 9.327808076757057032e-01 1.000000000000000000e+01 1.070000000000000000e+02 4.000000000000000000e+00
9.294021935746417107e-01 1.374143946986745579e+00 1.400000000000000000e+01 1.700000000000000000e+02 4.000000000000000000e+00
7.266222800334932730e-01 1.091827230588461595e-01 9.000000000000000000e+00 1.930000000000000000e+02 4.000000000000000000e+00
4.871733844578759465e-01 1.304746881281686033e+00 5.000000000000000000e+00 2.000000000000000000e+01 4.000000000000000000e+00
1.346158104471897321e-01 7.773714605406533140e-01 1.700000000000000000e+01 5.700000000000000000e+01 4.000000000000000000e+00
7.858662412467766201e-01 1.762420689083798564e+00 7.000000000000000000e+00 2.400000000000000000e+01 4.000000000000000000e+00
9.203096613318328956e-01 1.847710750091450249e+00 1.700000000000000000e+01 9.700000000000000000e+01 4.000000000000000000e+00
8.849744639080860953e-01 7.526071798475292285e-01 2.000000000000000000e+00 9.200000000000000000e+01 4.000000000000000000e+00
5.245497212111098762e-01 2.027009416827301624e+00 9.000000000000000000e+00 1.200000000000000000e+01 4.000000000000000000e+00
9.437145546930405526e-01 1.538084945483906063e+00 6.000000000000000000e+00 5.000000000000000000e+00 4.000000000000000000e+00
5.204070377252139057e-01 1.511143612119620228e+00 1.900000000000000000e+01 1.830000000000000000e+02 4.000000000000000000e+00
7.642499125387678394e-01 1.973657233501937114e+00 4.000000000000000000e+00 1.560000000000000000e+02 4.000000000000000000e+00
7.857991176740579675e-01 2.082261166116968543e+00 1.000000000000000000e+00 1.170000000000000000e+02 4.000000000000000000e+00
8.230438521642268190e-01 7.210762944627037152e-01 1.200000000000000000e+01 1.680000000000000000e+02 4.000000000000000000e+00
2.524355550752789279e-01 6.341436872454025986e-01 1.600000000000000000e+01 6.800000000000000000e+01 4.000000000000000000e+00
1.593831258174319698e-01 1.019722161826872142e+00 1.500000000000000000e+01 7.500000000000000000e+01 4.000000000000000000e+00
2.003670203511729309e-01 1.006176912941902091e-01 1.100000000000000000e+01 2.900000000000000000e+01 4.000000000000000000e+00
8.831549399120685040e-01 1.556095420310125155e+00 2.000000000000000000e+00 2.500000000000000000e+01 4.000000000000000000e+00
9.689104758019702057e-01 1.107359758631183411e+00 2.000000000000000000e+01 1.800000000000000000e+02 4.000000000000000000e+00
5.968774904309306351e-01 1.081321258098780991e+00 1.200000000000000000e+01 1.870000000000000000e+02 4.000000000000000000e+00
9.322119078342246956e-01 1.227744409386272606e+00 9.000000000000000000e+00 6.800000000000000000e+01 4.000000000000000000e+00
8.400475166946783645e-01 1.805365487279142034e+00 1.500000000000000000e+01 6.000000000000000000e+00 4.000000000000000000e+00
3.998573370922595682e-01 1.060082665828769866e+00 2.000000000000000000e+00 1.140000000000000000e+02 4.000000000000000000e+00
6.236737651920688519e-01 1.613851927190302238e+00 1.000000000000000000e+00 1.200000000000000000e+02 4.000000000000000000e+00
2.685215829058194004e-01 1.140293947677325503e+00 9.000000000000000000e+00 1.020000000000000000e+02 4.000000000000000000e+00
2.122906312059393841e-01 1.229325185484040350e+00 1.800000000000000000e+01 1.420000000000000000e+02 4.000000000000000000e+00
2.605682106362642303e-01 8.947282577311505003e-01 7.000000000000000000e+00 1.860000000000000000e+02 4.000000000000000000e+00
8.451928358386850970e-01 7.864059160081008359e-01 2.000000000000000000e+00 1.570000000000000000e+02 4.000000000000000000e+00
