1.922704029434506995e-02 1.860544066170419120e+00 5.000000000000000000e+00 1.600000000000000000e+01 0.000000000000000000e+00
9.208626731520690445e-01 1.265723468187438749e+00 8.000000000000000000e+00 5.800000000000000000e+01 0.000000000000000000e+00
5.260506973576515310e-01 2.253110272524906643e-01 1.700000000000000000e+01 1.600000000000000000e+01 0.000000000000000000e+00
2.911189203933516739e-02 1.000449776429222837e+00 5.000000000000000000e+00 1.470000000000000000e+02 0.000000000000000000e+00
6.639613739009629922e-01 2.594198735480853779e-01 3.000000000000000000e+00 1.140000000000000000e+02 0.000000000000000000e+00
8.022888418454591219e-01 2.002546076332314406e+00 1.300000000000000000e+01 4.300000000000000000e+01 0.000000000000000000e+00
1.202181793524630254e-01 3.986984506445058196e-01 1.000000000000000000e+00 1.430000000000000000e+02 0.000000000000000000e+00
9.128548995861421878e-01 3.878021983143954410e-01 8.000000000000000000e+00 3.500000000000000000e+01 0.000000000000000000e+00
9.009624451274220736e-01 7.541815559941252856e-01 1.700000000000000000e+01 1.270000000000000000e+02 0.000000000000000000e+00
7.795164505151487289e-01 1.112995891838051365e+00 1.500000000000000000e+01 1.450000000000000000e+02 0.000000000000000000e+00
7.774258929937536422e-01 9.917754842087368461e-01 5.000000000000000000e+00 8.600000000000000000e+01 0.000000000000000000e+00
8.653342393749200445e-01 1.559121134329677139e+00 2.000000000000000000e+00 9.800000000000000000e+01 0.000000000000000000e+00
8.599408251464313313e-01 5.051751122144628736e-01 1.200000000000000000e+01 1.000000000000000000e+00 0.000000000000000000e+00
4.706446630576063272e-01 2.268233053311129732e-01 4.000000000000000000e+00 1.070000000000000000e+02 0.000000000000000000e+00
4.256974698621148745e-01 1.862826790587571502e+00 1.500000000000000000e+01 9.000000000000000000e+00 0.000000000000000000e+00
8.486626315968607281e-01 1.304643391609562608e-01 8.000000000000000000e+00 6.500000000000000000e+01 0.000000000000000000e+00
7.779626345242266483e-01 2.492760948470444105e-01 1.700000000000000000e+01 1.840000000000000000e+02 0.000000000000000000e+00
6.121921302180045599e-01 3.288117516940988194e-01 1.300000000000000000e+01 1.300000000000000000e+02 0.000000000000000000e+00
9.321754568066760172e-01 5.321280603325867498e-01 1.700000000000000000e+01 1.380000000000000000e+02 0.000000000000000000e+00
3.536936232728161711e-01 1.347967223983575380e+00 6.000000000000000000e+00 1.630000000000000000e+02 0.000000000000000000e+00
3.858178282878486076e-01 1.814153766262767364e+00 9.000000000000000000e+00 1.030000000000000000e+02 0.000000000000000000e+00
7.261074154761525123e-02 1.033438186839863437e+00 2.000000000000000000e+00 6.500000000000000000e+01 0.000000000000000000e+00
6.700884429140553378e-01 1.441537712300200003e+00 1.300000000000000000e+01 5.500000000000000000e+01 0.000000000000000000e+00
1.091550967887497808e-01 1.663148351748233278e+00 1.300000000000000000e+01 1.280000000000000000e+02 0.000000000000000000e+00
5.890992867569462277e-01 1.862102014402188532e-01 4.000000000000000000e+00 1.730000000000000000e+02 0.000000000000000000e+00
5.618424833818737030e-01 3.853176684191398360e-01 5.000000000000000000e+00 1.200000000000000000e+02 0.000000000000000000e+00
5.740881058438167539e-01 1.800782247465371633e+00 1.700000000000000000e+01 5.000000000000000000e+00 0.000000000000000000e+00
9.727229497221240306e-01 9.890639928399728165e-01 1.800000000000000000e+01 1.070000000000000000e+02 0.000000000000000000e+00
1.725635107807326207e-01 1.983981142266679543e+00 9.000000000000000000e+00 8.200000000000000000e+01 0.000000000000000000e+00
6.996691522220254145e-01 1.076433449721304392e+00 7.000000000000000000e+00 1.360000000000000000e+02 0.000000000000000000e+00
8.744564995564396703e-01 4.295071744882760223e-01 7.000000000000000000e+00 8.500000000000000000e+01 0.000000000000000000e+00
8.539029358272386405e-01 1.269873891037366587e+00 9.000000000000000000e+00 8.500000000000000000e+01 0.000000000000000000e+00
1.561043518653126849e-01 2.004890129249798925e+00 1.700000000000000000e+01 1.000000000000000000e+00 0.000000000000000000e+00
5.329997603764746045e-02 9.460507577667550683e-01 1.700000000000000000e+01 1.950000000000000000e+02 0.000000000000000000e+00
5.380715014762184056e-01 1.949490564839715168e+00 3.000000000000000000e+00 3.800000000000000000e+01 0.000000000000000000e+00
4.539918717101993906e-01 2.059442340496530299e+00 5.000000000000000000e+00 1.630000000000000000e+02 0.000000000000000000e+00
1.340845919213904391e-01 3.929730968749108877e-01 1.700000000000000000e+01 1.170000000000000000e+02 0.000000000000000000e+00
4.338797302246492071e-01 1.650319089795105443e+00 1.100000000000000000e+01 1.650000000000000000e+02 0.000000000000000000e+00
5.704520430814111753e-01 1.833197053473385241e+00 1.000000000000000000e+01 2.000000000000000000e+01 0.000000000000000000e+00
7.731013316344604869e-01 3.585796023560833268e-01 1.100000000000000000e+01 9.000000000000000000e+01 0.000000000000000000e+00
5.236235762710382824e-01 9.393673750744290230e-01 2.000000000000000000e+00 3.000000000000000000e+00 0.000000000000000000e+00
7.141753226915521502e-01 9.036909895444725782e-01 1.000000000000000000e+00 2.700000000000000000e+01 0.000000000000000000e+00
5.049817217723359120e-01 9.123603501381719605e-01 1.000000000000000000e+00 1.920000000000000000e+02 0.000000000000000000e+00
4.955178241157508906e-02 1.185906661249286620e-01 3.000000000000000000e+00 1.860000000000000000e+02 0.000000000000000000e+00
6.213187588528806815e-01 6.747494121557843227e-01 5.000000000000000000e+00 9.800000000000000000e+01 0.000000000000000000e+00
7.693127842865907784e-01 1.286976412282976545e+00 1.700000000000000000e+01 1.240000000000000000e+02 0.000000000000000000e+00
7.902697254633199719e-01 7.306728232120750510e-01 3.000000000000000000e+00 1.390000000000000000e+02 0.000000000000000000e+00
3.556533812151106977e-01 5.351941456381669182e-01 1.400000000000000000e+01 5.700000000000000000e+01 0.000000000000000000e+00
1.005982802919895391e+00 1.075429477679889168e+00 4.000000000000000000e+00 1.740000000000000000e+02 0.000000000000000000e+00
3.073512577634450738e-01 1.106000065792680953e+00 1.600000000000000000e+01 1.950000000000000000e+02 0.000000000000000000e+00
5.934494048804220823e-01 1.157416158340827783e+00 3.000000000000000000e+00 5.900000000000000000e+01 1.000000000000000000e+00
9.435403394922440290e-01 1.046815942815009004e+00 1.400000000000000000e+01 1.400000000000000000e+01 1.000000000000000000e+00
6.903726398157722377e-01 1.354883533164456255e-01 1.600000000000000000e+01 4.900000000000000000e+01 1.000000000000000000e+00
6.836356845773775559e-01 8.045640862193083054e-01 1.300000000000000000e+01 1.260000000000000000e+02 1.000000000000000000e+00
6.620121156132428020e-01 9.583908811102453962e-01 1.000000000000000000e+01 8.500000000000000000e+01 1.000000000000000000e+00
9.218900412778034958e-01 1.227412146751689193e+00 1.900000000000000000e+01 1.900000000000000000e+01 1.000000000000000000e+00
6.806960854207687595e-01 9.639710104441076011e-01 1.200000000000000000e+01 1.100000000000000000e+01 1.000000000000000000e+00
1.844970002896894057e-01 1.296405814834056480e+00 1.300000000000000000e+01 5.500000000000000000e+01 1.000000000000000000e+00
1.773423292679433549e-01 1.227339915449106700e+00 4.000000000000000000e+00 6.300000000000000000e+01 1.000000000000000000e+00
6.561019245088384189e-01 1.946790806765904103e+00 6.000000000000000000e+00 6.200000000000000000e+01 1.000000000000000000e+00
7.064989747085177463e-01 9.454333429140878708e-01 1.000000000000000000e+01 9.100000000000000000e+01 1.000000000000000000e+00
8.720296687724891915e-02 3.425460282751103813e-01 3.000000000000000000e+00 5.000000000000000000e+01 1.000000000000000000e+00
9.438502579753703658e-01 8.896326573055771680e-01 1.800000000000000000e+01 3.100000000000000000e+01 1.000000000000000000e+00
9.430252726541675512e-02 1.161955635299780409e+00 1.900000000000000000e+01 9.300000000000000000e+01 1.000000000000000000e+00
2.691322930059687479e-01 1.426108667277452779e+00 3.000000000000000000e+00 1.930000000000000000e+02 1.000000000000000000e+00
3.879711900756450671e-01 1.793915912555394732e+00 9.000000000000000000e+00 1.060000000000000000e+02 1.000000000000000000e+00
8.129972344319823241e-02 9.140322676744553343e-01 1.700000000000000000e+01 1.680000000000000000e+02 1.000000000000000000e+00
6.565914726099423282e-01 1.982949630529937224e+00 3.000000000000000000e+00 1.490000000000000000e+02 1.000000000000000000e+00
5.415979671823666769e-02 4.699102805757154888e-01 1.500000000000000000e+01 7.000000000000000000e+01 1.000000000000000000e+00
2.719880825212702691e-01 6.543626743205398499e-01 1.400000000000000000e+01 4.700000000000000000e+01 1.000000000000000000e+00
2.001306894554292226e-01 4.913620085091366940e-01 1.800000000000000000e+01 1.420000000000000000e+02 1.000000000000000000e+00
7.688308829643769604e-01 7.867201929941552985e-01 1.000000000000000000e+00 4.500000000000000000e+01 1.000000000000000000e+00
6.423334332414216696e-01 1.317981131214258861e+00 1.000000000000000000e+01 1.660000000000000000e+02 1.000000000000000000e+00
1.835775387370282008e-01 7.164260283235465154e-01 1.500000000000000000e+01 1.260000000000000000e+02 1.000000000000000000e+00
7.499559903543255857e-01 5.984662882646268889e-01 9.000000000000000000e+00 1.390000000000000000e+02 1.000000000000000000e+00
9.221789501306375259e-02 1.710560164216115453e+00 8.000000000000000000e+00 1.840000000000000000e+02 1.000000000000000000e+00
7.586476961604724512e-01 4.490339683670524495e-01 4.000000000000000000e+00 1.700000000000000000e+02 1.000000000000000000e+00
1.215536658208839910e-01 1.782429560336435737e+00 3.000000000000000000e+00 8.000000000000000000e+01 1.000000000000000000e+00
9.450754534211057434e-02 1.544545045906551506e+00 1.200000000000000000e+01 1.920000000000000000e+02 1.000000000000000000e+00
2.849342659979586800e-01 1.390835078610178632e+00 3.000000000000000000e+00 1.660000000000000000e+02 1.000000000000000000e+00
6.415338544927738917e-01 8.867826750517368017e-01 1.200000000000000000e+01 8.300000000000000000e+01 1.000000000000000000e+00
6.983347756095705794e-01 1.172784825375172479e+00 1.600000000000000000e+01 1.360000000000000000e+02 1.000000000000000000e+00
2.276358945493148767e-01 1.844981727163831353e+00 1.700000000000000000e+01 2.000000000000000000e+00 1.000000000000000000e+00
1.351708632927793863e-01 2.069707917090298110e+00 7.000000000000000000e+00 1.100000000000000000e+02 1.000000000000000000e+00
9.645196148997132735e-01 1.151099233344766271e+00 8.000000000000000000e+00 1.170000000000000000e+02 1.000000000000000000e+00
6.028675460817380927e-01 9.487572348855864979e-01 1.700000000000000000e+01 6.000000000000000000e+00 1.000000000000000000e+00
1.979015871936016246e-01 8.361583450223518676e-01 1.000000000000000000e+01 8.500000000000000000e+01 1.000000000000000000e+00
9.101953714659517525e-01 7.044670902047270866e-01 8.000000000000000000e+00 6.600000000000000000e+01 1.000000000000000000e+00
3.256618793140648727e-01 1.691034159593403308e+00 1.000000000000000000e+01 1.910000000000000000e+02 1.000000000000000000e+00
8.309584305660501213e-01 1.756689379014360508e+00 1.200000000000000000e+01 1.690000000000000000e+02 1.000000000000000000e+00
8.793404640524338234e-01 9.185691023586800563e-01 8.000000000000000000e+00 1.910000000000000000e+02 1.000000000000000000e+00
7.345458031968252754e-01 2.065388681374578539e+00 9.000000000000000000e+00 1.140000000000000000e+02 1.000000000000000000e+00
8.426810888489142393e-01 5.185587678604045569e-01 1.000000000000000000e+01 6.500000000000000000e+01 1.000000000000000000e+00
7.316420923081147221e-01 1.028337300999699888e+00 8.000000000000000000e+00 4.100000000000000000e+01 1.000000000000000000e+00
4.606487490422944697e-01 3.089828762877667723e-01 1.900000000000000000e+01 1.840000000000000000e+02 1.000000000000000000e+00
2.150428063218206010e-01 3.348501405154872268e-01 2.000000000000000000e+00 1.320000000000000000e+02 1.000000000000000000e+00
4.206394039382346239e-01 1.575117029196548168e+00 1.900000000000000000e+01 1.710000000000000000e+02 1.000000000000000000e+00
9.950501551179894433e-01 1.300734404301492342e+00 7.000000000000000000e+00 1.090000000000000000e+02 1.000000000000000000e+00
9.493348412670051806e-01 1.245245156355908878e-01 4.000000000000000000e+00 4.300000000000000000e+01 1.000000000000000000e+00
9.066540873066439854e-01 7.864196479182538058e-01 7.000000000000000000e+00 4.600000000000000000e+01 1.000000000000000000e+00
9.016507015844532624e-01 8.089466062778379873e-01 1.900000000000000000e+01 1.310000000000000000e+02 2.000000000000000000e+00
1.894111181764132068e-01 3.413724726325783054e-01 4.000000000000000000e+00 1.980000000000000000e+02 2.000000000000000000e+00
1.357504979792577560e-01 1.950221225725904839e+00 1.000000000000000000e+01 9.000000000000000000e+00 2.000000000000000000e+00
9.660744001211448717e-01 5.597509388420619514e-01 4.000000000000000000e+00 9.000000000000000000e+01 2.000000000000000000e+00
2.086040399922632904e-01 1.633292588249591226e+00 1.000000000000000000e+01 1.450000000000000000e+02 2.000000000000000000e+00
9.145420005692946885e-01 1.525697969438993828e+00 1.000000000000000000e+01 1.030000000000000000e+02 2.000000000000000000e+00
1.006502214494613856e+00 4.641549478239069826e-01 4.000000000000000000e+00 3.100000000000000000e+01 2.000000000000000000e+00
1.141154260605894283e-01 1.986690520269888405e-01 1.000000000000000000e+01 1.600000000000000000e+02 2.000000000000000000e+00
7.183412109772489007e-01 9.785916781489379934e-01 7.000000000000000000e+00 9.000000000000000000e+00 2.000000000000000000e+00
1.909025631814158519e-01 1.846098969251381394e+00 4.000000000000000000e+00 8.900000000000000000e+01 2.000000000000000000e+00
8.479041748856952498e-01 5.753372197919949249e-01 1.700000000000000000e+01 2.900000000000000000e+01 2.000000000000000000e+00
3.224403765692176460e-01 1.161352062145253994e+00 5.000000000000000000e+00 1.950000000000000000e+02 2.000000000000000000e+00
8.703144288684714347e-01 1.128849483528589603e+00 1.200000000000000000e+01 1.870000000000000000e+02 2.000000000000000000e+00
9.819351531444484582e-01 1.242969234536769607e-01 1.900000000000000000e+01 1.670000000000000000e+02 2.000000000000000000e+00
5.789795894774855123e-01 1.014196966213537277e+00 1.600000000000000000e+01 1.420000000000000000e+02 2.000000000000000000e+00
6.132534192419670793e-01 1.952470727469305389e+00 4.000000000000000000e+00 3.700000000000000000e+01 2.000000000000000000e+00
7.848851421773734849e-01 1.834276468199851129e+00 1.400000000000000000e+01 1.340000000000000000e+02 2.000000000000000000e+00
9.230116892908389603e-02 1.066884754070437591e+00 1.900000000000000000e+01 1.100000000000000000e+01 2.000000000000000000e+00
5.407554295406626910e-01 1.596618715260117005e+00 5.000000000000000000e+00 1.830000000000000000e+02 2.000000000000000000e+00
6.722188294713646872e-01 1.659776948164895183e+00 1.200000000000000000e+01 5.500000000000000000e+01 2.000000000000000000e+00
9.835209994697077240e-01 3.684650906577769947e-01 7.000000000000000000e+00 1.300000000000000000e+02 2.000000000000000000e+00
6.193622176095558984e-01 9.210493462453287483e-01 1.600000000000000000e+01 6.900000000000000000e+01 2.000000000000000000e+00
1.543247002204174434e-01 1.194750770725067524e+00 1.600000000000000000e+01 1.000000000000000000e+01 2.000000000000000000e+00
1.571200600286565274e-01 1.997828794251487183e+00 6.000000000000000000e+00 1.490000000000000000e+02 2.000000000000000000e+00
8.561842711291181018e-01 5.507256621433357369e-01 5.000000000000000000e+00 8.200000000000000000e+01 2.000000000000000000e+00
2.595565399751981195e-01 1.334460874198981184e+00 9.000000000000000000e+00 8.600000000000000000e+01 2.000000000000000000e+00
7.832058713504884695e-01 1.004436537685996056e+00 9.000000000000000000e+00 1.970000000000000000e+02 2.000000000000000000e+00
8.042682497860501600e-01 1.648395589873604017e+00 1.400000000000000000e+01 1.100000000000000000e+01 2.000000000000000000e+00
9.241849763341540847e-01 4.753780536930999334e-01 1.900000000000000000e+01 4.100000000000000000e+01 2.000000000000000000e+00
9.022370135425149540e-01 1.304272791867478354e+00 2.000000000000000000e+01 2.000000000000000000e+00 2.000000000000000000e+00
9.755374463730757117e-01 1.834034853422512601e+00 2.000000000000000000e+01 1.770000000000000000e+02 2.000000000000000000e+00
1.910326921650161713e-01 7.479047518932230298e-01 1.300000000000000000e+01 1.920000000000000000e+02 2.000000000000000000e+00
7.811741132404418364e-01 1.957298246818396148e+00 7.000000000000000000e+00 1.330000000000000000e+02 2.000000000000000000e+00
7.119975396834146153e-01 1.552465801335039197e+00 6.000000000000000000e+00 1.450000000000000000e+02 2.000000000000000000e+00
1.341273978942227885e-01 2.565793317789842876e-01 9.000000000000000000e+00 4.600000000000000000e+01 2.000000000000000000e+00
7.365275159137528449e-02 1.769864414323757629e+00 1.300000000000000000e+01 1.000000000000000000e+01 2.000000000000000000e+00
3.673286761375260667e-01 5.267985906026496634e-01 1.100000000000000000e+01 1.650000000000000000e+02 2.000000000000000000e+00
9.807242835175332407e-02 6.991107562926220931e-01 1.100000000000000000e+01 1.630000000000000000e+02 2.000000000000000000e+00
4.437168772437722897e-01 4.959456609561513352e-01 1.500000000000000000e+01 1.960000000000000000e+02 2.000000000000000000e+00
1.409566688856009886e-01 1.357205713278007320e+00 1.200000000000000000e+01 8.900000000000000000e+01 2.000000000000000000e+00
6.564529935627914092e-01 2.014411738133562224e+00 4.000000000000000000e+00 1.130000000000000000e+02 2.000000000000000000e+00
8.184762593150504140e-01 8.498402848599676540e-01 1.800000000000000000e+01 1.520000000000000000e+02 2.000000000000000000e+00
7.489733488716763254e-01 1.858680845862939135e+00 9.000000000000000000e+00 1.070000000000000000e+02 2.000000000000000000e+00
1.978497390514745158e-01 1.574192344944402855e+00 2.000000000000000000e+00 1.200000000000000000e+02 2.000000000000000000e+00
3.967323574989364277e-01 1.606285450117229674e+00 8.000000000000000000e+00 1.800000000000000000e+01 2.000000000000000000e+00
3.123370627051046816e-02 1.318937661849342025e+00 2.000000000000000000e+01 6.200000000000000000e+01 2.000000000000000000e+00
8.515508070991235634e-01 4.902359537101160791e-01 5.000000000000000000e+00 6.100000000000000000e+01 2.000000000000000000e+00
7.247416364658374466e-01 1.104322595453723244e+00 1.200000000000000000e+01 4.500000000000000000e+01 2.000000000000000000e+00
3.064159333020191056e-01 4.103154662776981043e-01 8.000000000000000000e+00 1.380000000000000000e+02 2.000000000000000000e+00
7.913745675997296836e-01 4.551248502054981993e-01 3.000000000000000000e+00 9.800000000000000000e+01 2.000000000000000000e+00
1.084844862604238264e-01 1.544172948458056416e+00 8.000000000000000000e+00 5.600000000000000000e+01 3.000000000000000000e+00
9.875125089514227295e-01 1.413242464002717247e+00 1.200000000000000000e+01 1.300000000000000000e+02 3.000000000000000000e+00
7.484747973996770387e-01 1.707970370145220018e+00 1.800000000000000000e+01 7.100000000000000000e+01 3.000000000000000000e+00
8.638184069515881802e-01 2.013948668346489390e-01 1.500000000000000000e+01 1.200000000000000000e+02 3.000000000000000000e+00
4.700969263337764215e-01 2.088793000666022692e+00 3.000000000000000000e+00 9.400000000000000000e+01 3.000000000000000000e+00
6.142145962401127646e-01 1.755645758917367072e+00 1.700000000000000000e+01 2.200000000000000000e+01 3.000000000000000000e+00
7.051442179144552513e-01 1.514393853186389416e+00 2.000000000000000000e+01 4.300000000000000000e+01 3.000000000000000000e+00
2.454319825444668535e-01 1.811789188461236266e+00 1.500000000000000000e+01 1.620000000000000000e+02 3.000000000000000000e+00
1.788648796821384890e-01 1.552480944605087176e-01 1.500000000000000000e+01 3.400000000000000000e+01 3.000000000000000000e+00
4.500960021720236126e-01 1.926583162548917427e-01 6.000000000000000000e+00 9.700000000000000000e+01 3.000000000000000000e+00
6.784069991589035675e-01 7.720325406855449435e-01 5.000000000000000000e+00 1.470000000000000000e+02 3.000000000000000000e+00
7.243142430016742406e-01 5.582045800252540824e-01 7.000000000000000000e+00 7.800000000000000000e+01 3.000000000000000000e+00
3.090736309262865911e-01 1.711077641245928982e+00 7.000000000000000000e+00 1.630000000000000000e+02 3.000000000000000000e+00
6.415498965692405520e-01 1.378047232838951253e+00 1.500000000000000000e+01 1.830000000000000000e+02 3.000000000000000000e+00
9.737609785468401835e-01 1.007577278097436801e+00 1.600000000000000000e+01 8.700000000000000000e+01 3.000000000000000000e+00
3.939726015287172700e-01 7.447316511920044624e-01 1.000000000000000000e+00 1.050000000000000000e+02 3.000000000000000000e+00
7.872584639723164690e-01 1.806740016908921831e+00 1.000000000000000000e+01 1.250000000000000000e+02 3.000000000000000000e+00
2.032888260591444451e-01 9.156683454097028774e-01 1.200000000000000000e+01 9.200000000000000000e+01 3.000000000000000000e+00
4.903617252380753078e-01 1.130974199129576085e+00 8.000000000000000000e+00 1.900000000000000000e+01 3.000000000000000000e+00
5.425026578069624267e-02 1.988994921290535567e+00 1.000000000000000000e+00 1.600000000000000000e+01 3.000000000000000000e+00
1.848643926329176512e-01 7.702617927743015125e-01 8.000000000000000000e+00 4.900000000000000000e+01 3.000000000000000000e+00
8.994576077608656961e-01 1.167494720645107620e+00 1.800000000000000000e+01 8.400000000000000000e+01 3.000000000000000000e+00
3.528680892715491124e-01 8.280183967051960581e-01 2.000000000000000000e+01 8.700000000000000000e+01 3.000000000000000000e+00
3.991758351943827110e-01 5.268305129840419321e-01 2.000000000000000000e+01 9.700000000000000000e+01 3.000000000000000000e+00
1.415969548746230933e-01 9.780043137566761802e-01 2.000000000000000000e+01 5.300000000000000000e+01 3.000000000000000000e+00
8.437249431674088695e-01 1.716976327792646861e+00 9.000000000000000000e+00 7.500000000000000000e+01 3.000000000000000000e+00
8.021398788769260602e-01 5.444510543722748119e-01 3.000000000000000000e+00 1.300000000000000000e+01 3.000000000000000000e+00
5.134759973346593176e-01 1.539852727254872544e+00 1.500000000000000000e+01 9.000000000000000000e+01 3.000000000000000000e+00
7.635444988307837910e-01 4.743798763920020756e-01 8.000000000000000000e+00 5.200000000000000000e+01 3.000000000000000000e+00
6.541927287701532201e-01 1.100089285079340451e+00 9.000000000000000000e+00 1.130000000000000000e+02 3.000000000000000000e+00
9.048055076996071033e-01 1.448395977065413787e+00 1.000000000000000000e+00 1.700000000000000000e+01 3.000000000000000000e+00
2.037785195514573156e-01 3.004655624845063988e-01 1.700000000000000000e+01 2.400000000000000000e+01 3.000000000000000000e+00
3.113649170433019364e-01 8.826665670308718736e-01 1.300000000000000000e+01 5.400000000000000000e+01 3.000000000000000000e+00
6.978081702178329238e-01 1.272040650896099523e+00 1.800000000000000000e+01 1.030000000000000000e+02 3.000000000000000000e+00
7.375226714118179316e-01 1.405961102381125594e+00 1.200000000000000000e+01 5.900000000000000000e+01 3.000000000000000000e+00
9.346252513040065324e-01 6.614747676652573682e-01 2.000000000000000000e+01 1.610000000000000000e+02 3.000000000000000000e+00
5.923017145710196552e-01 4.487897712209129031e-01 1.000000000000000000e+00 1.950000000000000000e+02 3.000000000000000000e+00
3.841629847283755533e-02 1.336117251420267105e-01 1.100000000000000000e+01 4.200000000000000000e+01 3.000000000000000000e+00
8.944441295100236111e-01 8.475952165480614697e-01 8.000000000000000000e+00 9.000000000000000000e+01 3.000000000000000000e+00
4.579205113135053490e-02 1.958073309049785715e+00 1.000000000000000000e+00 8.000000000000000000e+00 3.000000000000000000e+00
4.642150995824382287e-01 1.584666031228735061e+00 5.000000000000000000e+00 1.710000000000000000e+02 3.000000000000000000e+00
5.538288028142345221e-01 1.635514646114765380e+00 8.000000000000000000e+00 1.030000000000000000e+02 3.000000000000000000e+00
1.317918513770607314e-01 7.750650788364142896e-01 9.000000000000000000e+00 1.670000000000000000e+02 3.000000000000000000e+00
4.885857167302144477e-01 1.507075415947809027e+00 1.700000000000000000e+01 4.000000000000000000e+01 3.000000000000000000e+00
9.658303515270385553e-01 1.164921510376927483e+00 1.100000000000000000e+01 1.720000000000000000e+02 3.000000000000000000e+00
5.588804281515171724e-01 1.754097106299492559e+00 1.800000000000000000e+01 9.500000000000000000e+01 3.000000000000000000e+00
2.061388328579195628e-01 3.120310065450911940e-01 4.000000000000000000e+00 1.750000000000000000e+02 3.000000000000000000e+00
6.594232669539954461e-01 1.594384507591303013e+00 1.600000000000000000e+01 1.800000000000000000e+01 3.000000000000000000e+00
9.760531900810871520e-01 4.443882659038397298e-01 7.000000000000000000e+00 1.350000000000000000e+02 3.000000000000000000e+00
1.002547114100792669e+00 2.178900564864353628e-01 2.000000000000000000e+01 1.660000000000000000e+02 3.000000000000000000e+00
9.692407402088104584e-01 1.662301811527702178e+00 2.000000000000000000e+00 1.700000000000000000e+01 4.000000000000000000e+00
9.663955591751880458e-01 1.909540473437590258e+00 1.800000000000000000e+01 1.770000000000000000e+02 4.000000000000000000e+00
1.203272434458516477e-01 1.175506865335497197e+00 8.000000000000000000e+00 1.500000000000000000e+01 4.000000000000000000e+00
7.354141054229134111e-01 1.823417990229698971e+00 7.000000000000000000e+00 1.200000000000000000e+01 4.000000000000000000e+00
7.087910946461666306e-01 9.258682816305644492e-01 4.000000000000000000e+00 1.570000000000000000e+02 4.000000000000000000e+00
9.693519159892507453e-01 2.072002646931642433e-01 4.000000000000000000e+00 9.900000000000000000e+01 4.000000000000000000e+00
5.318061702117731215e-01 1.520231444631004347e+00 4.000000000000000000e+00 1.470000000000000000e+02 4.000000000000000000e+00
5.518404519802099645e-02 1.609647322965234606e+00 3.000000000000000000e+00 2.400000000000000000e+01 4.000000000000000000e+00
2.408166424345453693e-01 1.255490266070392880e-01 1.800000000000000000e+01 1.970000000000000000e+02 4.000000000000000000e+00
4.855305445013509136e-01 4.770648696705409586e-01 1.000000000000000000e+00 1.220000000000000000e+02 4.000000000000000000e+00
8.192647863165866129e-01 7.337609938550980759e-01 6.000000000000000000e+00 1.180000000000000000e+02 4.000000000000000000e+00
6.425466766068953228e-02 1.434982831685488236e+00 5.000000000000000000e+00 2.900000000000000000e+01 4.000000000000000000e+00
4.309305481471349397e-01 3.832044301844285128e-01 1.200000000000000000e+01 8.800000000000000000e+01 4.000000000000000000e+00
1.785653485744653074e-02 1.454546480125451513e+00 1.500000000000000000e+01 6.600000000000000000e+01 4.000000000000000000e+00
8.271863047446574857e-01 8.155702839841362239e-01 7.000000000000000000e+00 6.000000000000000000e+00 4.000000000000000000e+00
2.339650821437858630e-01 1.579706026730044899e+00 2.000000000000000000e+00 1.320000000000000000e+02 4.000000000000000000e+00
4.130091982241621551e-01 1.014550061572379036e+00 8.000000000000000000e+00 1.110000000000000000e+02 4.000000000000000000e+00
8.686592013289372582e-01 2.811827078808603053e-01 6.000000000000000000e+00 1.720000000000000000e+02 4.000000000000000000e+00
9.189267177021563926e-01 1.990559841666183161e+00 1.100000000000000000e+01 1.770000000000000000e+02 4.000000000000000000e+00
9.564718368838881490e-01 5.203610057123576604e-01 1.000000000000000000e+01 1.500000000000000000e+02 4.000000000000000000e+00
5.847747295860812322e-01 1.101999514971121474e+00 9.000000000000000000e+00 5.800000000000000000e+01 4.000000000000000000e+00
4.816689688472667319e-01 1.388934044706281679e+00 2.000000000000000000e+00 1.880000000000000000e+02 4.000000000000000000e+00
9.104450858375109368e-01 6.804255595166103232e-01 1.200000000000000000e+01 3.500000000000000000e+01 4.000000000000000000e+00
8.817148635666367529e-01 1.663336029136361693e+00 3.000000000000000000e+00 1.800000000000000000e+01 4.000000000000000000e+00
6.590006738229108318e-01 1.488525263876576465e+00 1.400000000000000000e+01 1.340000000000000000e+02 4.000000000000000000e+00
6.271313323207602375e-01 7.293802594536017425e-01 1.800000000000000000e+01 1.240000000000000000e+02 4.000000000000000000e+00
3.596273830895067025e-01 1.913605837975556279e+00 1.300000000000000000e+01 1.500000000000000000e+02 4.000000000000000000e+00
5.622018924666063455e-01 6.004506788450177934e-01 1.100000000000000000e+01 1.780000000000000000e+02 4.000000000000000000e+00
3.094293414022012412e-01 5.546020022083241185e-01 1.800000000000000000e+01 6.800000000000000000e+01 4.000000000000000000e+00
9.250389146954630659e-01 3.246489309862262695e-01 5.000000000000000000e+00 7.100000000000000000e+01 4.000000000000000000e+00
6.741442309139653588e-01 1.030101541665563447e+00 1.900000000000000000e+01 1.830000000000000000e+02 4.000000000000000000e+00
1.727974735897629399e-01 6.425779759454505191e-01 1.500000000000000000e+01 7.900000000000000000e+01 4.000000000000000000e+00
9.955653622076952869e-02 2.488771220956095542e-01 2.000000000000000000e+00 1.620000000000000000e+02 4.000000000000000000e+00
8.961853490849849280e-01 1.001467612039377952e+00 8.000000000000000000e+00 1.120000000000000000e+02 4.000000000000000000e+00
5.015769123856026468e-01 1.712354227155847397e+00 1.100000000000000000e+01 1.850000000000000000e+02 4.000000000000000000e+00
6.572722184093154896e-01 3.424209269985521997e-01 1.700000000000000000e+01 1.200000000000000000e+01 4.000000000000000000e+00
3.975804102439707277e-01 3.159159875871487833e-01 3.000000000000000000e+00 1.970000000000000000e+02 4.000000000000000000e+00
3.300438964836926309e-02 5.287755006138218361e-01 1.400000000000000000e+01 1.140000000000000000e+02 4.000000000000000000e+00
8.976959430829408726e-01 9.914821071271041619e-01 9.000000000000000000e+00 2.000000000000000000e+01 4.000000000000000000e+00
7.564834052953101073e-01 1.678152051662368027e+00 1.800000000000000000e+01 1.180000000000000000e+02 4.000000000000000000e+00
6.904985320528167492e-01 1.162313321910891872e+00 1.000000000000000000e+00 2.100000000000000000e+01 4.000000000000000000e+00
1.070792378884003332e-01 1.594540865292398468e+00 1.600000000000000000e+01 1.650000000000000000e+02 4.000000000000000000e+00
3.859205716068617731e-01 1.379779266218051470e+00 1.400000000000000000e+01 7.000000000000000000e+00 4.000000000000000000e+00
3.315178369066063002e-01 8.114036049218901203e-01 1.600000000000000000e+01 2.200000000000000000e+01 4.000000000000000000e+00
1.887888150824547084e-01 1.731862664837430454e+00 3.000000000000000000e+00 1.990000000000000000e+02 4.000000000000000000e+00
4.525252440274617899e-02 1.836535753472369858e+00 1.000000000000000000e+01 8.700000000000000000e+01 4.000000000000000000e+00
4.633571715752111686e-01 2.094470283637806407e+00 9.000000000000000000e+00 1.000000000000000000e+00 4.000000000000000000e+00
6.477558457276286763e-01 1.554566211396327224e+00 5.000000000000000000e+00 1.270000000000000000e+02 4.000000000000000000e+00
3.299655436769807215e-01 9.496426694102150234e-01 3.000000000000000000e+00 9.000000000000000000e+00 4.000000000000000000e+00
8.690364444091521756e-01 2.015827444414630687e+00 1.000000000000000000e+01 6.800000000000000000e+01 4.000000000000000000e+00
