-9.176299278871309184e+01
-9.001312409756002353e+01
-8.784404513116406577e+01
-8.739734925092380990e+01
-8.911409488236499499e+01
-9.443924528481292668e+01
-9.261794708669903287e+01
-9.062658610353850008e+01
-8.990852984673354342e+01
-9.149863406727452286e+01
-1.330967366979861595e+02
-1.278399988868913226e+02
-1.235614673698996313e+02
-1.239422442915692102e+02
-1.251434124079337806e+02
-1.165589620701511251e+02
-1.129210230367393706e+02
-1.094865659669189029e+02
-1.102287918022263113e+02
-1.117767659414028714e+02
-1.237829700193059779e+02
-1.193533917575327479e+02
-1.155686027476385789e+02
-1.160009475857783059e+02
-1.174506835740575639e+02
-1.330969065263641085e+02
-1.278400068339940532e+02
-1.235615237337118373e+02
-1.239422300948753559e+02
-1.251434942379146378e+02
-1.330966572544593589e+02
-1.278397979764714023e+02
-1.235615783019112968e+02
-1.239422977091985132e+02
-1.251434470694374141e+02
-1.330851787750888207e+02
-1.278283025288264270e+02
-1.235483438498891928e+02
-1.239300277480475359e+02
-1.251288283051582084e+02
-9.248530650231219852e+01
-8.936098344390252635e+01
-8.899237808107623948e+01
-8.777272217007111976e+01
-9.004289613411133075e+01
-1.330958340881668676e+02
-1.278395448702837882e+02
-1.235610252992646423e+02
-1.239413660770385377e+02
-1.251421747445770905e+02
-9.549305833502971552e+01
-9.366922139693424754e+01
-9.124115824876362524e+01
-9.107176435093391831e+01
-9.251956122045508835e+01
-9.750177786449343387e+01
-9.552270671465701923e+01
-9.319639339001021483e+01
-9.270837494209030183e+01
-9.449534594332892823e+01
-1.300374449134638439e+02
-1.239081246435004999e+02
-1.192718600683285501e+02
-1.200451304481322978e+02
-1.209977955978652346e+02
-9.177120752336401210e+01
-9.010182542973068109e+01
-8.805830437598082483e+01
-8.738461744915314000e+01
-8.881305466271416549e+01
-1.066834548384055950e+02
-1.038124531953100558e+02
-1.012336514110932626e+02
-1.013606889918756906e+02
-1.029437411616204372e+02
-9.747810931331582651e+01
-9.497242893379187478e+01
-9.199665534174818049e+01
-9.104304520339090345e+01
-9.281441963633653813e+01
-1.330967827946412001e+02
-1.278399185343442497e+02
-1.235612468439778837e+02
-1.239421222419862687e+02
-1.251431523373566961e+02
-1.330959985784745925e+02
-1.278385835325661617e+02
-1.235594598306847445e+02
-1.239399933151120052e+02
-1.251413431272248857e+02
-9.131317184352266736e+01
-8.899823194318075537e+01
-8.790695301982086107e+01
-8.676823175542216404e+01
-8.802960294516951478e+01
-1.330782352175952497e+02
-1.277917421710900356e+02
-1.234766309178776993e+02
-1.238275428944664185e+02
-1.250830562000369213e+02
-1.330931423723690727e+02
-1.278394258339970975e+02
-1.235547117441315237e+02
-1.239379790898079960e+02
-1.251392543363678556e+02
-1.330967626368142191e+02
-1.278399846747528841e+02
-1.235614703559138690e+02
-1.239424034619226660e+02
-1.251433972559526921e+02
-1.330968482171393816e+02
-1.278387025466516178e+02
-1.235597149602584324e+02
-1.239416105515464039e+02
-1.251404893053746008e+02
-1.164571429823094206e+02
-1.131084768426956657e+02
-1.097332208103187270e+02
-1.100124245870413660e+02
-1.118974625416024651e+02
-9.683302438090831288e+01
-9.481400075180559384e+01
-9.257710074399064126e+01
-9.215766424337711271e+01
-9.337801749928604522e+01
-1.330951562803134607e+02
-1.278375300694926153e+02
-1.235590209471461947e+02
-1.239382900749022411e+02
-1.251429066785096751e+02
-1.071313656644099126e+02
-1.035168060285025717e+02
-1.008080238557963639e+02
-1.009798800629858135e+02
-1.023969186150532948e+02
-1.322039033595031299e+02
-1.270125894095410786e+02
-1.225500883359345750e+02
-1.230498728371798052e+02
-1.243024567662451574e+02
-1.330967174496005043e+02
-1.278399864087783442e+02
-1.235613790652718080e+02
-1.239421047081586522e+02
-1.251435509955632455e+02
-1.330967373162979754e+02
-1.278400422978718325e+02
-1.235614667127660482e+02
-1.239422428214344052e+02
-1.251434519179777567e+02
-1.176900338341631169e+02
-1.142405223098127038e+02
-1.107556915968724383e+02
-1.109303463638670451e+02
-1.126901066116876393e+02
-1.221611310149569363e+02
-1.180206015305895306e+02
-1.142448334059350969e+02
-1.148125175336667922e+02
-1.164158111224189014e+02
-1.330610950942769364e+02
-1.277805884638923288e+02
-1.235110437027155683e+02
-1.237703582816219239e+02
-1.250828131727881072e+02
-1.330827649776724968e+02
-1.278301128599070893e+02
-1.235467617466247390e+02
-1.239285703416888964e+02
-1.251248540894417118e+02
-1.055625822405067140e+02
-1.028280734806310477e+02
-1.003124659127969238e+02
-1.004578818194914476e+02
-1.021894165288397289e+02
-9.538912761903554838e+01
-9.339564204759579980e+01
-9.094324261430351442e+01
-9.052775554765601385e+01
-9.178693922601304678e+01
-1.049745141060319611e+02
-1.023618916867715427e+02
-9.976053109903179461e+01
-9.976118377187364672e+01
-1.013392723915505371e+02
-1.330789253805021133e+02
-1.278275686434103449e+02
-1.235470009616612401e+02
-1.239258436408894823e+02
-1.251277735279485341e+02
-1.330967044175807814e+02
-1.278399817177867419e+02
-1.235615112942056726e+02
-1.239421019648198126e+02
-1.251434141939982965e+02
-1.330968085102130942e+02
-1.278401485198674692e+02
-1.235614141823200498e+02
-1.239422490956006300e+02
-1.251434521735331344e+02
-1.248769400892846022e+02
-1.204245266016326781e+02
-1.163921094646185992e+02
-1.169185675136552760e+02
-1.184212235522859231e+02
-1.330966669112983141e+02
-1.278401030435065735e+02
-1.235614232741917249e+02
-1.239422833640943651e+02
-1.251434245375725709e+02
-1.330967410735752878e+02
-1.278395973070559677e+02
-1.235610346671054174e+02
-1.239420271459417080e+02
-1.251432773262857836e+02
-1.301599399929143317e+02
-1.248239620121049001e+02
-1.204517213751828137e+02
-1.209552777228409752e+02
-1.223083087325320406e+02
-1.021248821566497895e+02
-9.950727358803115408e+01
-9.959680915946844948e+01
-9.677494156375341561e+01
-9.932742273908100117e+01
-1.330968260314895701e+02
-1.278400634938654719e+02
-1.235615564765415968e+02
-1.239422167213860320e+02
-1.251434440412528346e+02
-1.330963885233980477e+02
-1.278398680322016219e+02
-1.235615817242302654e+02
-1.239423156119467251e+02
-1.251433949553966158e+02
-1.301107266872296293e+02
-1.247211815759807365e+02
-1.202914484958548513e+02
-1.207741163622098952e+02
-1.221589310124781491e+02
-1.061536032158654734e+02
-1.027376463501796167e+02
-1.004670822286626333e+02
-1.003241463166406788e+02
-1.018621064832745446e+02
-1.229236578374901114e+02
-1.186656662560136652e+02
-1.148207811488928485e+02
-1.153012321456553053e+02
-1.168676756688533374e+02
