-1.330956535943363974e+02
-1.278569297843697825e+02
-1.097189988366538387e+02
-1.047234698898373182e+02
-9.373426392545974295e+01
-1.329023160229997416e+02
-1.276382735916049143e+02
-1.326672205023597826e+02
-1.330968444805518232e+02
-1.149238221689652875e+02
-1.330767182254300565e+02
-1.297641085215424823e+02
-1.251404328404517514e+02
-1.330963821679535215e+02
-1.033003029333710714e+02
-1.093205245223089861e+02
-1.326357633495004791e+02
-1.329557317982155382e+02
-1.330967102734795731e+02
-1.330955523416977258e+02
-1.162227499467537939e+02
-1.330902157762447473e+02
-1.330968072517006533e+02
-9.294040870001597909e+01
-1.146546823324641906e+02
-1.241208148336280459e+02
-1.329272191060787520e+02
-1.330941456715754327e+02
-1.330967997368445026e+02
-1.160016956603029996e+02
-1.330967989746205831e+02
-1.033983766607130974e+02
-1.330968618790048197e+02
-9.134489194022911818e+01
-9.507316398599552087e+01
-9.176313554699027009e+01
-9.857866949090188768e+01
-9.999434123331410262e+01
-1.330206191512552039e+02
-1.330968036289398810e+02
-1.256547966735205080e+02
-1.023406756367621000e+02
-1.330967925032037726e+02
-1.330745123983760720e+02
-1.279533137084180225e+02
-1.330492225818832992e+02
-1.330965429896556884e+02
-1.124473331464522090e+02
-9.409818738108938874e+01
-9.923781417984089614e+01
-8.931896087131670470e+01
-1.277371117823656590e+02
-1.201804024248148721e+02
-1.218509577770775536e+02
-1.026629665778399527e+02
-1.212151685277103752e+02
-1.002924024750709151e+02
-1.235493068015324241e+02
-1.156044540184792311e+02
-8.845332843788693822e+01
-1.273761500449846125e+02
-1.278188306268129821e+02
-8.934541358486055174e+01
-1.278389658929193615e+02
-9.399977582359392159e+01
-1.133147065572439089e+02
-1.278313323510199382e+02
-1.278398739255856640e+02
-1.269608947691347396e+02
-8.834702473894209618e+01
-9.210690911986874596e+01
-1.231043474953063850e+02
-1.086159315342529936e+02
-1.177003317329646990e+02
-8.892512456884924177e+01
-9.154171157560691086e+01
-1.276175855830533123e+02
-1.277093360764416872e+02
-1.277032838416352689e+02
-1.278398471861264625e+02
-1.258806071219403293e+02
-1.278139043193888540e+02
-1.278400443897904921e+02
-9.422113615937034581e+01
-1.167204213113675308e+02
-1.150968277532106612e+02
-9.405418878631670054e+01
-1.278399887607708791e+02
-1.138030207211732971e+02
-1.278400119271052091e+02
-1.156452086435539144e+02
-1.018889854710024281e+02
-1.140367940025722078e+02
-1.278400815209255796e+02
-1.249275976381288871e+02
-9.104082579856373059e+01
-1.107762872747092899e+02
-1.035373765078493591e+02
-1.176606807541332955e+02
-1.277206414432913135e+02
-9.267119599946632036e+01
-8.946378013773814075e+01
-1.127792299944221384e+02
-9.030577272790023358e+01
-1.235300971221751780e+02
-1.143723982316653576e+02
-9.414285526232846735e+01
-1.235615248360383305e+02
-1.221607710497339667e+02
-1.235615116279310257e+02
-8.687303400060736180e+01
-1.235615430153811616e+02
-1.235571352153571638e+02
-1.095449652502523890e+02
-8.618497145474215415e+01
-1.172879171462619041e+02
-1.235614972363415092e+02
-1.163242784893255646e+02
-1.232172523026625583e+02
-1.126217904386867446e+02
-1.199172966329116434e+02
-1.235614435142431233e+02
-8.946324544536167878e+01
-1.215827854475498810e+02
-1.182252036449648926e+02
-1.060448141434895035e+02
-1.100999312083956738e+02
-1.173730278358481058e+02
-9.115143408063526920e+01
-9.046422904146280075e+01
-8.602950893936306898e+01
-1.235077443253216103e+02
-1.235440293335599478e+02
-1.217993454719470634e+02
-1.235570701917220333e+02
-1.160319734144006389e+02
-1.235614830713512191e+02
-1.232156453282391482e+02
-8.693135423535659356e+01
-1.235179480336821882e+02
-1.227572160179655185e+02
-1.233362433290057396e+02
-1.235552478823998399e+02
-8.702749196840530033e+01
-1.063505958544750172e+02
-1.148845461264880470e+02
-1.235615378531911119e+02
-1.138947452034821310e+02
-9.403583353089032926e+01
-1.229496229008743029e+02
-8.516827146006562543e+01
-1.234054280552339122e+02
-1.238392623297664557e+02
-8.759306911877379775e+01
-1.196099520165229393e+02
-1.239287899941418090e+02
-9.854405886182172480e+01
-1.217905384203135952e+02
-9.283419908674943599e+01
-1.005018218197121627e+02
-1.211426592885722897e+02
-1.239423026628274016e+02
-1.170712590753473279e+02
-1.239423249036996992e+02
-1.239414599424049754e+02
-1.056288754459283155e+02
-8.681656964457073400e+01
-1.239390855143282835e+02
-8.666034886810322746e+01
-1.239422783851952090e+02
-1.096909673477651950e+02
-1.239422690303073580e+02
-1.081060312857987640e+02
-1.235392585202996258e+02
-1.239415190059362004e+02
-9.686432113002790345e+01
-8.482982522634785028e+01
-1.239284016256293057e+02
-8.758968818604120088e+01
-8.518816254602997162e+01
-9.773818253951958468e+01
-1.144681626722547065e+02
-1.078765822931406149e+02
-1.090311426051106167e+02
-8.640970478054408943e+01
-8.533449498592490556e+01
-9.831446004724317334e+01
-8.905538637052750062e+01
-1.238845543381578835e+02
-8.790992041004889757e+01
-1.203778357805466328e+02
-1.239420179037868337e+02
-1.239420807245944474e+02
-1.236285897880950557e+02
-1.238579703940148420e+02
-1.239415192918935702e+02
-1.239405791876333467e+02
-1.239397973700443174e+02
-8.858873252157046352e+01
-1.239288043800583949e+02
-1.249237285235491441e+02
-1.251434683327538551e+02
-1.173294796702637228e+02
-1.250460682306653126e+02
-8.821096171481822523e+01
-1.167938938897452772e+02
-1.061595164324904488e+02
-1.138781452453645500e+02
-1.018483982887754138e+02
-1.246884110616387886e+02
-1.052065839707461095e+02
-9.819946136456998431e+01
-1.148423448920808312e+02
-1.251271075834298614e+02
-1.124200848017896703e+02
-9.698494484523303072e+01
-9.216235970492724050e+01
-1.036573348315843504e+02
-1.154528899606170000e+02
-9.993451586004916010e+01
-1.240651783724987496e+02
-9.733628368108870177e+01
-1.249642217948434819e+02
-1.251418316133941460e+02
-1.251433856189575948e+02
-1.119856357586672289e+02
-1.251434510557891429e+02
-1.246292804320876968e+02
-1.090520989401605618e+02
-9.764872455211262547e+01
-1.251437497838825408e+02
-1.040653294697552838e+02
-1.146662685165223365e+02
-1.015190229724727544e+02
-8.671442408639055088e+01
-1.247501958887177693e+02
-1.251433053785769403e+02
-1.040686185002392534e+02
-9.357018811349260545e+01
-1.251434419811515255e+02
-1.251434417531385890e+02
-9.887589816374506313e+01
-1.246619570854433192e+02
-1.131496180356806889e+02
-1.251434132868852487e+02
-1.042241267666909295e+02
-1.247343925044068271e+02
-1.251432299555747818e+02
-1.157919812149193177e+02
-1.023547842845293729e+02
