4.794490111556765077e-01 8.871014044450665770e-01 7.000000000000000000e+00 9.000000000000000000e+00 0.000000000000000000e+00
8.661670278605234641e-01 1.159909878077056478e+00 9.000000000000000000e+00 4.400000000000000000e+01 0.000000000000000000e+00
1.144435761835575910e-01 5.003671143658839915e-01 1.900000000000000000e+01 1.680000000000000000e+02 0.000000000000000000e+00
2.007912135048067759e-01 1.357227262505594334e+00 1.000000000000000000e+00 8.100000000000000000e+01 0.000000000000000000e+00
8.549387592635182553e-01 3.888532328474424427e-01 3.000000000000000000e+00 2.700000000000000000e+01 0.000000000000000000e+00
1.772082172541359357e-01 7.708843899027774116e-01 1.900000000000000000e+01 1.700000000000000000e+01 0.000000000000000000e+00
5.193342698884494402e-01 1.083958731888147620e+00 1.900000000000000000e+01 1.420000000000000000e+02 0.000000000000000000e+00
8.462390067897834767e-01 7.377812298390004075e-01 1.500000000000000000e+01 6.900000000000000000e+01 0.000000000000000000e+00
2.456302104001367725e-01 1.608097600881448264e+00 4.000000000000000000e+00 1.870000000000000000e+02 0.000000000000000000e+00
3.855383524458537714e-01 6.366534780944158589e-01 1.000000000000000000e+01 1.930000000000000000e+02 0.000000000000000000e+00
7.602156124976647833e-01 1.564176783856043196e+00 2.000000000000000000e+01 1.550000000000000000e+02 0.000000000000000000e+00
5.563290858445196774e-01 1.404589262414034589e+00 1.600000000000000000e+01 7.000000000000000000e+01 0.000000000000000000e+00
6.674035417782751001e-01 3.184009437704783396e-01 1.000000000000000000e+01 1.330000000000000000e+02 0.000000000000000000e+00
4.746327408286965532e-01 1.236050472929114685e-01 7.000000000000000000e+00 1.630000000000000000e+02 0.000000000000000000e+00
7.306066142168377020e-01 1.573511316090783652e+00 1.200000000000000000e+01 1.270000000000000000e+02 0.000000000000000000e+00
2.077818255061744113e-01 6.406328379083295887e-01 5.000000000000000000e+00 1.200000000000000000e+02 0.000000000000000000e+00
9.600669999910491637e-01 5.610565429042025931e-01 1.800000000000000000e+01 8.200000000000000000e+01 0.000000000000000000e+00
8.880072251281780904e-01 1.927927756515167790e+00 6.000000000000000000e+00 1.640000000000000000e+02 0.000000000000000000e+00
1.332849891457480451e-01 8.215753100171817591e-01 9.000000000000000000e+00 1.600000000000000000e+01 0.000000000000000000e+00
3.945385122553179968e-01 1.434258701365959399e-01 1.700000000000000000e+01 3.300000000000000000e+01 0.000000000000000000e+00
5.372019306617670242e-01 8.407622724345075182e-01 1.000000000000000000e+00 5.600000000000000000e+01 0.000000000000000000e+00
7.193590465365212738e-01 1.580226578939980975e+00 1.400000000000000000e+01 4.000000000000000000e+01 0.000000000000000000e+00
5.084146420353590212e-01 1.535038268514080873e+00 3.000000000000000000e+00 1.480000000000000000e+02 0.000000000000000000e+00
6.817352526185214978e-02 1.432547673771519481e+00 4.000000000000000000e+00 1.200000000000000000e+02 0.000000000000000000e+00
9.390285032439092960e-01 8.488078673155626808e-01 1.700000000000000000e+01 1.950000000000000000e+02 0.000000000000000000e+00
2.708069344807089163e-01 3.110186301589322744e-01 1.000000000000000000e+01 5.000000000000000000e+00 0.000000000000000000e+00
1.219995562607392031e-01 2.850835563196197908e-01 1.800000000000000000e+01 7.400000000000000000e+01 0.000000000000000000e+00
2.751587576409872948e-01 1.211107443500982539e+00 3.000000000000000000e+00 6.300000000000000000e+01 0.000000000000000000e+00
5.891494505617299593e-01 1.283360470593946534e+00 3.000000000000000000e+00 1.180000000000000000e+02 0.000000000000000000e+00
6.008654152152114181e-01 6.731807503365564438e-01 1.400000000000000000e+01 5.900000000000000000e+01 0.000000000000000000e+00
4.965911730346838082e-01 8.704467526775893083e-01 5.000000000000000000e+00 1.450000000000000000e+02 0.000000000000000000e+00
9.745625818584689737e-02 1.217809494667928316e+00 6.000000000000000000e+00 3.300000000000000000e+01 0.000000000000000000e+00
9.130309070911235558e-01 9.249268747819791026e-01 1.100000000000000000e+01 1.150000000000000000e+02 0.000000000000000000e+00
8.234847730361581630e-02 1.921938422376479050e+00 1.300000000000000000e+01 1.960000000000000000e+02 0.000000000000000000e+00
9.375180229160255951e-01 1.089903758323797600e+00 1.000000000000000000e+01 5.800000000000000000e+01 0.000000000000000000e+00
2.318547003213925484e-01 1.446039621817235776e+00 1.600000000000000000e+01 1.210000000000000000e+02 0.000000000000000000e+00
7.759473657750620701e-01 1.340727006746373073e-01 6.000000000000000000e+00 1.660000000000000000e+02 0.000000000000000000e+00
5.205488496024771594e-01 1.698244403739145980e+00 1.700000000000000000e+01 8.300000000000000000e+01 0.000000000000000000e+00
8.153689087181794637e-01 1.839385190711402940e+00 1.800000000000000000e+01 1.370000000000000000e+02 0.000000000000000000e+00
5.431848807103571986e-01 1.522890199602964900e+00 3.000000000000000000e+00 8.800000000000000000e+01 0.000000000000000000e+00
9.070040663240102052e-01 7.265361507552224873e-01 5.000000000000000000e+00 1.200000000000000000e+02 0.000000000000000000e+00
2.202308586490678843e-01 5.431550539667625577e-01 1.500000000000000000e+01 1.820000000000000000e+02 0.000000000000000000e+00
9.448754853788242369e-02 1.934016719831316511e+00 4.000000000000000000e+00 1.500000000000000000e+02 0.000000000000000000e+00
1.008805288716019488e+00 2.762677057569234984e-01 1.000000000000000000e+01 1.950000000000000000e+02 0.000000000000000000e+00
3.235448689474929029e-01 8.847714197093260458e-01 4.000000000000000000e+00 1.660000000000000000e+02 0.000000000000000000e+00
3.493629937379432171e-01 1.368330614654821309e+00 6.000000000000000000e+00 9.600000000000000000e+01 0.000000000000000000e+00
1.827663854070357141e-01 3.552185492747289564e-01 1.900000000000000000e+01 5.900000000000000000e+01 0.000000000000000000e+00
7.383523273602832226e-01 1.814366186540701253e+00 1.800000000000000000e+01 9.600000000000000000e+01 0.000000000000000000e+00
8.465423361981954109e-01 7.140440768028445406e-01 1.800000000000000000e+01 3.200000000000000000e+01 0.000000000000000000e+00
8.051198191123318804e-01 1.748504983139759494e-01 5.000000000000000000e+00 1.530000000000000000e+02 0.000000000000000000e+00
7.785847748066828666e-01 1.127884826295756149e+00 1.900000000000000000e+01 1.030000000000000000e+02 1.000000000000000000e+00
1.380911810504658298e-02 1.959442760650575321e+00 2.000000000000000000e+01 1.630000000000000000e+02 1.000000000000000000e+00
4.364281296391477882e-01 1.686275902699420515e+00 2.000000000000000000e+00 1.670000000000000000e+02 1.000000000000000000e+00
6.241494453630423989e-01 1.575924552635273646e+00 2.000000000000000000e+01 7.000000000000000000e+00 1.000000000000000000e+00
7.857291765844343079e-01 1.109884502472323620e+00 1.500000000000000000e+01 1.200000000000000000e+01 1.000000000000000000e+00
2.098417557426094371e-01 5.397212567641952452e-01 7.000000000000000000e+00 1.300000000000000000e+01 1.000000000000000000e+00
8.093082337088621792e-01 9.807379912906736275e-01 1.700000000000000000e+01 1.710000000000000000e+02 1.000000000000000000e+00
4.390090895021147022e-01 1.858046188058059434e+00 1.300000000000000000e+01 1.580000000000000000e+02 1.000000000000000000e+00
2.179489724442120746e-01 1.354366675225182171e+00 2.000000000000000000e+00 4.200000000000000000e+01 1.000000000000000000e+00
3.527996414834388278e-02 8.783084918383882167e-01 1.900000000000000000e+01 1.400000000000000000e+01 1.000000000000000000e+00
2.262938016121232021e-01 1.311573033230732044e+00 2.000000000000000000e+01 4.500000000000000000e+01 1.000000000000000000e+00
4.479537048157802293e-01 1.379396410108375992e+00 1.500000000000000000e+01 6.000000000000000000e+00 1.000000000000000000e+00
3.965445514399267291e-01 1.055541140772921382e+00 1.800000000000000000e+01 8.700000000000000000e+01 1.000000000000000000e+00
2.667504033372527505e-01 1.588420159067580606e+00 1.700000000000000000e+01 1.580000000000000000e+02 1.000000000000000000e+00
7.514071902954189142e-01 1.768415483706932800e+00 8.000000000000000000e+00 1.740000000000000000e+02 1.000000000000000000e+00
5.948999668098901017e-01 1.778401287752811921e+00 1.900000000000000000e+01 1.080000000000000000e+02 1.000000000000000000e+00
6.522981726270541403e-01 1.791925910123057353e+00 9.000000000000000000e+00 1.840000000000000000e+02 1.000000000000000000e+00
4.191748196164207796e-01 1.539700746067387049e+00 1.000000000000000000e+01 1.260000000000000000e+02 1.000000000000000000e+00
1.694509878821841564e-01 1.974345875250018478e+00 1.800000000000000000e+01 6.600000000000000000e+01 1.000000000000000000e+00
5.745899820228422827e-01 1.919847141532168511e+00 2.000000000000000000e+01 1.670000000000000000e+02 1.000000000000000000e+00
1.341141621130795825e-01 1.694671750847224490e-01 1.800000000000000000e+01 7.100000000000000000e+01 1.000000000000000000e+00
3.018981446333812019e-02 1.204213352879587084e+00 2.000000000000000000e+01 5.500000000000000000e+01 1.000000000000000000e+00
2.581889226746295618e-01 1.455417625796949777e+00 1.800000000000000000e+01 3.800000000000000000e+01 1.000000000000000000e+00
3.922974433834833796e-01 1.461738203987099416e+00 6.000000000000000000e+00 4.700000000000000000e+01 1.000000000000000000e+00
7.504047373053507330e-01 9.693249038077972335e-01 1.400000000000000000e+01 9.300000000000000000e+01 1.000000000000000000e+00
8.592155452522209913e-01 1.614929755413647916e+00 8.000000000000000000e+00 1.940000000000000000e+02 1.000000000000000000e+00
2.820046789750455529e-01 1.625295175322860608e+00 2.000000000000000000e+01 2.500000000000000000e+01 1.000000000000000000e+00
4.387991973129879986e-01 7.592027307686949333e-01 1.200000000000000000e+01 4.900000000000000000e+01 1.000000000000000000e+00
4.420146581062436297e-01 3.067513087764649482e-01 7.000000000000000000e+00 4.700000000000000000e+01 1.000000000000000000e+00
8.311477774384662398e-01 8.274013559156624398e-01 1.500000000000000000e+01 1.070000000000000000e+02 1.000000000000000000e+00
5.048999552568834703e-01 7.002299549887550656e-01 1.100000000000000000e+01 6.800000000000000000e+01 1.000000000000000000e+00
7.205654852918673692e-01 1.825690591373356986e+00 2.000000000000000000e+00 4.000000000000000000e+01 1.000000000000000000e+00
2.890039147316282309e-01 6.019420096100448481e-01 1.600000000000000000e+01 1.450000000000000000e+02 1.000000000000000000e+00
3.819177884120997790e-01 1.915918242883552836e+00 4.000000000000000000e+00 6.000000000000000000e+01 1.000000000000000000e+00
4.136546833971814774e-01 1.675858630290268048e+00 2.000000000000000000e+00 1.700000000000000000e+01 1.000000000000000000e+00
9.914906709286729347e-01 2.059335820744662815e+00 1.000000000000000000e+00 1.340000000000000000e+02 1.000000000000000000e+00
8.138108423752586640e-02 1.534680332491792587e+00 2.000000000000000000e+00 1.880000000000000000e+02 1.000000000000000000e+00
1.107138390550460455e-01 1.858711568139734815e+00 2.000000000000000000e+00 1.470000000000000000e+02 1.000000000000000000e+00
1.071006474308163620e-01 1.245137907556582491e+00 1.800000000000000000e+01 1.730000000000000000e+02 1.000000000000000000e+00
5.132528563847249536e-01 1.949588492415358643e-01 3.000000000000000000e+00 9.600000000000000000e+01 1.000000000000000000e+00
1.902560724203760517e-02 1.682264649568142811e+00 1.600000000000000000e+01 4.400000000000000000e+01 1.000000000000000000e+00
2.805303380060857332e-01 2.063358842030684315e+00 8.000000000000000000e+00 5.800000000000000000e+01 1.000000000000000000e+00
8.544172228629590693e-01 6.035034309761678761e-01 3.000000000000000000e+00 7.800000000000000000e+01 1.000000000000000000e+00
8.176046520080908486e-01 1.900588459466851232e-01 1.100000000000000000e+01 7.100000000000000000e+01 1.000000000000000000e+00
2.059120395442730622e-01 7.578296229291471287e-01 2.000000000000000000e+00 1.790000000000000000e+02 1.000000000000000000e+00
3.713249230088190300e-01 1.007919091639408737e+00 1.600000000000000000e+01 1.340000000000000000e+02 1.000000000000000000e+00
2.210096444453902853e-01 1.907670035739068792e+00 5.000000000000000000e+00 1.600000000000000000e+01 1.000000000000000000e+00
4.690897159791087567e-01 1.159478314228366225e+00 8.000000000000000000e+00 8.600000000000000000e+01 1.000000000000000000e+00
1.207326815733150566e-01 7.013962569958839266e-01 1.800000000000000000e+01 3.700000000000000000e+01 1.000000000000000000e+00
9.210975149665533157e-02 1.061598783933163537e+00 7.000000000000000000e+00 1.000000000000000000e+00 1.000000000000000000e+00
8.714621593282667611e-01 1.007259108118515378e+00 4.000000000000000000e+00 1.230000000000000000e+02 2.000000000000000000e+00
7.296984819431103775e-01 1.459281662165127502e-01 4.000000000000000000e+00 4.000000000000000000e+00 2.000000000000000000e+00
9.911138132496652986e-01 7.978469302109242323e-01 9.000000000000000000e+00 9.200000000000000000e+01 2.000000000000000000e+00
9.345396804162282578e-01 6.044873373432092523e-01 9.000000000000000000e+00 1.990000000000000000e+02 2.000000000000000000e+00
6.658763462457144566e-01 1.009781895970152110e+00 1.100000000000000000e+01 5.700000000000000000e+01 2.000000000000000000e+00
7.089378350701377451e-01 1.185707484117563881e+00 2.000000000000000000e+00 1.430000000000000000e+02 2.000000000000000000e+00
7.434866268553460555e-01 1.789031057247651546e+00 1.300000000000000000e+01 1.630000000000000000e+02 2.000000000000000000e+00
1.045229721703877374e-01 1.717966848287702408e+00 1.500000000000000000e+01 1.300000000000000000e+02 2.000000000000000000e+00
9.246090496956583804e-01 5.214205217757678090e-01 1.500000000000000000e+01 1.760000000000000000e+02 2.000000000000000000e+00
7.204012457933675062e-01 1.254790783659903264e+00 7.000000000000000000e+00 4.000000000000000000e+01 2.000000000000000000e+00
4.274833187612533392e-01 1.225269046902859982e+00 9.000000000000000000e+00 1.550000000000000000e+02 2.000000000000000000e+00
1.387131765497420233e-01 1.766381018924070512e+00 1.700000000000000000e+01 1.970000000000000000e+02 2.000000000000000000e+00
6.353996762012503741e-01 1.013865425285108701e+00 1.200000000000000000e+01 5.500000000000000000e+01 2.000000000000000000e+00
2.942217001598824710e-01 2.729234835039796581e-01 6.000000000000000000e+00 6.000000000000000000e+01 2.000000000000000000e+00
7.842546325849051314e-01 1.476028124900641947e+00 1.400000000000000000e+01 1.440000000000000000e+02 2.000000000000000000e+00
8.373751517386261722e-02 1.940232304646579975e-01 4.000000000000000000e+00 4.700000000000000000e+01 2.000000000000000000e+00
6.286103755901818468e-01 5.254455678659856188e-01 3.000000000000000000e+00 1.400000000000000000e+01 2.000000000000000000e+00
4.205643974007385877e-01 1.503278117039397843e+00 5.000000000000000000e+00 1.740000000000000000e+02 2.000000000000000000e+00
2.356334700338469368e-01 1.936681416416262236e+00 1.000000000000000000e+00 1.010000000000000000e+02 2.000000000000000000e+00
9.428125010134741357e-01 1.128533481699020680e+00 1.700000000000000000e+01 1.860000000000000000e+02 2.000000000000000000e+00
5.542490577991071588e-01 1.838356333388702080e+00 1.900000000000000000e+01 1.610000000000000000e+02 2.000000000000000000e+00
5.824586246310847759e-01 2.053093696416881109e+00 1.600000000000000000e+01 9.500000000000000000e+01 2.000000000000000000e+00
7.635383785340754681e-01 1.270337935662527507e+00 5.000000000000000000e+00 1.730000000000000000e+02 2.000000000000000000e+00
1.138971922067563008e-01 1.841578602972821221e-01 1.400000000000000000e+01 1.520000000000000000e+02 2.000000000000000000e+00
4.189177579971394838e-01 1.726190043158825349e-01 1.600000000000000000e+01 1.290000000000000000e+02 2.000000000000000000e+00
1.842377554759678793e-01 5.630893952890735354e-01 1.900000000000000000e+01 2.800000000000000000e+01 2.000000000000000000e+00
2.255924168923367779e-01 1.796006005139339612e+00 1.700000000000000000e+01 8.100000000000000000e+01 2.000000000000000000e+00
6.087696492406202697e-01 1.713853365521966321e+00 4.000000000000000000e+00 8.000000000000000000e+01 2.000000000000000000e+00
3.899040496625045815e-01 6.978417358921730207e-01 1.500000000000000000e+01 1.590000000000000000e+02 2.000000000000000000e+00
1.449990149866443589e-01 1.245248958063842171e+00 1.800000000000000000e+01 1.030000000000000000e+02 2.000000000000000000e+00
8.156424534405700699e-01 4.394053856941867453e-01 2.000000000000000000e+01 1.190000000000000000e+02 2.000000000000000000e+00
7.031174518901519566e-01 2.014050983059835431e+00 1.300000000000000000e+01 1.330000000000000000e+02 2.000000000000000000e+00
3.574440316842472098e-01 9.699205043637214585e-01 1.000000000000000000e+01 2.000000000000000000e+01 2.000000000000000000e+00
3.826173508725321248e-01 8.019180363764496500e-01 7.000000000000000000e+00 9.400000000000000000e+01 2.000000000000000000e+00
8.778473619422342278e-01 5.657320594490974353e-01 5.000000000000000000e+00 1.550000000000000000e+02 2.000000000000000000e+00
5.289656393813824131e-01 1.125268356183591001e+00 3.000000000000000000e+00 1.170000000000000000e+02 2.000000000000000000e+00
6.160406045640726136e-01 1.987373870297957090e+00 1.300000000000000000e+01 1.410000000000000000e+02 2.000000000000000000e+00
6.731572522097324374e-01 1.282846905572775809e+00 1.000000000000000000e+00 5.200000000000000000e+01 2.000000000000000000e+00
2.412428114501746768e-01 4.460028829287069341e-01 1.400000000000000000e+01 3.000000000000000000e+00 2.000000000000000000e+00
2.883370335502563053e-01 1.562354792261771985e+00 1.100000000000000000e+01 1.400000000000000000e+01 2.000000000000000000e+00
6.603578853658357284e-01 1.756958778031275203e+00 1.500000000000000000e+01 1.130000000000000000e+02 2.000000000000000000e+00
7.099921152911557731e-02 1.309516262897827188e+00 7.000000000000000000e+00 1.940000000000000000e+02 2.000000000000000000e+00
2.590705549539946695e-01 2.078855394886656160e+00 1.200000000000000000e+01 1.740000000000000000e+02 2.000000000000000000e+00
6.168871819494405884e-01 5.860008495316443300e-01 1.500000000000000000e+01 9.400000000000000000e+01 2.000000000000000000e+00
9.764567734929142651e-01 9.345313998085348350e-01 5.000000000000000000e+00 1.840000000000000000e+02 2.000000000000000000e+00
2.381466660434804899e-02 6.890473715571304725e-01 1.700000000000000000e+01 1.450000000000000000e+02 2.000000000000000000e+00
6.029262469725352735e-01 1.648653026750045880e+00 1.100000000000000000e+01 1.530000000000000000e+02 2.000000000000000000e+00
1.979437712353077083e-01 8.560048533472418564e-01 1.900000000000000000e+01 1.250000000000000000e+02 2.000000000000000000e+00
2.725800577396443325e-01 6.754938624995822094e-01 2.000000000000000000e+00 2.400000000000000000e+01 2.000000000000000000e+00
4.897525189388419742e-01 7.078446543041326811e-01 6.000000000000000000e+00 4.100000000000000000e+01 2.000000000000000000e+00
2.677148410918973598e-01 8.966521487962361148e-01 8.000000000000000000e+00 3.000000000000000000e+01 3.000000000000000000e+00
6.004519312842049317e-01 8.269744070244927636e-01 1.500000000000000000e+01 1.310000000000000000e+02 3.000000000000000000e+00
1.319259426135509505e-01 6.133464603182946506e-01 1.600000000000000000e+01 1.130000000000000000e+02 3.000000000000000000e+00
8.086489776765493076e-01 1.455837008937234389e-01 1.000000000000000000e+01 6.700000000000000000e+01 3.000000000000000000e+00
1.330332754433271036e-01 1.849705673497983982e+00 8.000000000000000000e+00 1.770000000000000000e+02 3.000000000000000000e+00
4.016081560049850063e-01 9.136855130236384293e-01 1.100000000000000000e+01 3.800000000000000000e+01 3.000000000000000000e+00
3.602585198920451592e-01 1.307515667049053532e+00 6.000000000000000000e+00 1.970000000000000000e+02 3.000000000000000000e+00
9.019036520621794839e-01 1.887622008923699468e+00 6.000000000000000000e+00 1.680000000000000000e+02 3.000000000000000000e+00
8.044229221750148762e-01 5.531979723194496712e-01 1.500000000000000000e+01 1.430000000000000000e+02 3.000000000000000000e+00
3.175369218114084680e-01 8.703937219919940516e-01 1.500000000000000000e+01 4.100000000000000000e+01 3.000000000000000000e+00
9.942462242015918106e-01 1.392773354286853893e+00 1.100000000000000000e+01 1.580000000000000000e+02 3.000000000000000000e+00
3.279549695548684696e-01 3.288897869489290082e-01 1.000000000000000000e+01 2.900000000000000000e+01 3.000000000000000000e+00
9.803722363201715639e-01 1.553650710034601534e+00 1.000000000000000000e+00 1.470000000000000000e+02 3.000000000000000000e+00
7.653234194634275234e-01 1.045885401416963845e+00 1.700000000000000000e+01 1.580000000000000000e+02 3.000000000000000000e+00
9.016535437133937902e-01 1.037674173091953644e+00 1.300000000000000000e+01 1.930000000000000000e+02 3.000000000000000000e+00
6.818249506393866399e-01 1.547181127853520133e+00 2.000000000000000000e+00 8.200000000000000000e+01 3.000000000000000000e+00
2.995671361485111595e-01 1.740647974280075783e+00 1.000000000000000000e+01 2.200000000000000000e+01 3.000000000000000000e+00
6.723048483018407850e-01 1.629018873971967152e-01 1.300000000000000000e+01 1.710000000000000000e+02 3.000000000000000000e+00
7.276378941693314450e-01 2.027589294426532351e+00 1.600000000000000000e+01 4.300000000000000000e+01 3.000000000000000000e+00
8.138414653223889905e-01 4.712184486459575217e-01 1.000000000000000000e+00 1.800000000000000000e+02 3.000000000000000000e+00
9.119692019738591116e-01 6.402083743918997039e-01 4.000000000000000000e+00 1.000000000000000000e+00 3.000000000000000000e+00
6.033200510350420487e-01 1.641671199018525762e+00 6.000000000000000000e+00 2.700000000000000000e+01 3.000000000000000000e+00
4.917542298349119462e-02 3.656356455457959731e-01 4.000000000000000000e+00 6.700000000000000000e+01 3.000000000000000000e+00
9.407640251134263831e-01 1.350825204095047027e+00 1.300000000000000000e+01 8.100000000000000000e+01 3.000000000000000000e+00
1.583475017822268960e-01 1.755230744768677964e-01 8.000000000000000000e+00 1.140000000000000000e+02 3.000000000000000000e+00
9.838406945429817307e-01 1.488906819414595795e+00 1.400000000000000000e+01 1.740000000000000000e+02 3.000000000000000000e+00
7.515752163938085317e-01 9.983103888506951185e-01 2.000000000000000000e+01 5.000000000000000000e+00 3.000000000000000000e+00
8.612882730666650000e-01 2.843575178165743678e-01 8.000000000000000000e+00 3.700000000000000000e+01 3.000000000000000000e+00
8.902455037150087680e-01 4.941797355429969896e-01 7.000000000000000000e+00 1.940000000000000000e+02 3.000000000000000000e+00
2.467850894542240603e-01 1.654092697044668159e-01 1.300000000000000000e+01 1.030000000000000000e+02 3.000000000000000000e+00
6.948195744051000045e-01 8.228957159047326497e-01 1.400000000000000000e+01 1.770000000000000000e+02 3.000000000000000000e+00
7.482466477630206336e-01 1.908222771661708839e+00 9.000000000000000000e+00 1.100000000000000000e+02 3.000000000000000000e+00
8.865183366722102498e-01 1.694988398064937840e+00 1.900000000000000000e+01 1.430000000000000000e+02 3.000000000000000000e+00
4.023696963015176431e-01 1.061857159254685490e+00 1.000000000000000000e+01 1.600000000000000000e+02 3.000000000000000000e+00
2.504830386542055143e-01 1.592531098239517329e+00 1.300000000000000000e+01 1.960000000000000000e+02 3.000000000000000000e+00
6.337104962200159619e-01 9.391603370692137576e-01 4.000000000000000000e+00 1.630000000000000000e+02 3.000000000000000000e+00
6.066311103729891130e-01 5.530499510235468152e-01 2.000000000000000000e+01 1.590000000000000000e+02 3.000000000000000000e+00
9.749891111890159889e-01 1.595943142067751008e+00 2.000000000000000000e+00 1.920000000000000000e+02 3.000000000000000000e+00
7.511574616685577632e-02 2.044627808774701627e+00 1.800000000000000000e+01 1.070000000000000000e+02 3.000000000000000000e+00
2.419571139318660302e-01 1.654103731536697985e+00 1.500000000000000000e+01 1.850000000000000000e+02 3.000000000000000000e+00
8.857471967772617694e-01 1.321549979427773414e+00 8.000000000000000000e+00 1.950000000000000000e+02 3.000000000000000000e+00
5.244517142275832988e-01 2.689093592039825120e-01 1.000000000000000000e+00 1.310000000000000000e+02 3.000000000000000000e+00
3.282930705043407560e-01 1.065978152140850954e-01 1.800000000000000000e+01 1.550000000000000000e+02 3.000000000000000000e+00
5.036353159465376539e-01 7.426963433794863123e-01 1.400000000000000000e+01 9.500000000000000000e+01 3.000000000000000000e+00
8.891473467829900945e-02 1.183743103523083651e+00 6.000000000000000000e+00 1.480000000000000000e+02 3.000000000000000000e+00
1.168003520553212299e-01 8.070251373346301049e-01 8.000000000000000000e+00 1.210000000000000000e+02 3.000000000000000000e+00
6.553705636566014014e-01 1.016987130715979015e+00 1.200000000000000000e+01 1.480000000000000000e+02 3.000000000000000000e+00
8.055343231097116252e-01 5.310775166841518180e-01 8.000000000000000000e+00 1.970000000000000000e+02 3.000000000000000000e+00
1.399533753714993223e-01 7.125632632905626318e-01 5.000000000000000000e+00 1.950000000000000000e+02 3.000000000000000000e+00
3.853880117715929865e-01 1.399038112455659233e+00 1.600000000000000000e+01 4.100000000000000000e+01 3.000000000000000000e+00
7.554479478615413468e-01 5.493288008052067406e-01 1.600000000000000000e+01 1.530000000000000000e+02 4.000000000000000000e+00
7.657680367721391157e-01 1.764285649176193793e+00 1.300000000000000000e+01 1.580000000000000000e+02 4.000000000000000000e+00
4.016770045221474961e-01 1.633756101683023543e+00 4.000000000000000000e+00 1.600000000000000000e+01 4.000000000000000000e+00
7.510883902724391215e-01 9.460600302066567435e-01 1.800000000000000000e+01 1.300000000000000000e+01 4.000000000000000000e+00
6.471553276044801351e-01 1.491740389699170333e+00 4.000000000000000000e+00 1.280000000000000000e+02 4.000000000000000000e+00
7.532169066822707038e-01 5.529294236793637074e-01 1.100000000000000000e+01 5.900000000000000000e+01 4.000000000000000000e+00
6.079648191042547056e-01 1.716431576359073841e+00 1.700000000000000000e+01 7.400000000000000000e+01 4.000000000000000000e+00
6.730959050851514913e-01 1.158295462983028656e+00 2.000000000000000000e+00 6.100000000000000000e+01 4.000000000000000000e+00
3.727461119045673010e-01 2.015925712497233402e+00 1.600000000000000000e+01 1.920000000000000000e+02 4.000000000000000000e+00
2.242260134859781484e-01 5.369707420373109885e-01 1.500000000000000000e+01 3.300000000000000000e+01 4.000000000000000000e+00
6.757354508516968394e-01 1.550524717230022942e+00 2.000000000000000000e+00 1.370000000000000000e+02 4.000000000000000000e+00
7.147743213172972343e-01 4.708030196566158621e-01 3.000000000000000000e+00 3.600000000000000000e+01 4.000000000000000000e+00
4.947235612033119567e-01 1.020767695974547529e+00 1.000000000000000000e+01 1.750000000000000000e+02 4.000000000000000000e+00
4.025549225068556503e-01 2.610669682828686833e-01 2.000000000000000000e+00 1.830000000000000000e+02 4.000000000000000000e+00
3.966109404414862594e-01 1.495029678280466179e+00 1.800000000000000000e+01 7.200000000000000000e+01 4.000000000000000000e+00
6.295358908930153152e-01 1.333638119335889050e+00 4.000000000000000000e+00 3.000000000000000000e+00 4.000000000000000000e+00
8.200041619412001825e-01 7.066809115852697998e-01 8.000000000000000000e+00 4.500000000000000000e+01 4.000000000000000000e+00
9.342521115380455488e-01 4.296107529221228072e-01 2.000000000000000000e+01 6.000000000000000000e+00 4.000000000000000000e+00
1.006988984589859276e-01 9.094781239647665716e-01 1.900000000000000000e+01 1.690000000000000000e+02 4.000000000000000000e+00
3.154304516651563750e-01 4.068774316043500816e-01 4.000000000000000000e+00 1.200000000000000000e+02 4.000000000000000000e+00
4.667543405060681216e-01 7.254536796824130329e-01 1.100000000000000000e+01 8.400000000000000000e+01 4.000000000000000000e+00
3.314562135235760154e-01 4.493974555973910823e-01 2.000000000000000000e+01 4.700000000000000000e+01 4.000000000000000000e+00
5.590213186124288747e-01 1.782667877820906188e+00 1.000000000000000000e+01 1.000000000000000000e+02 4.000000000000000000e+00
6.942788795754973874e-01 1.599775868016896363e-01 1.100000000000000000e+01 8.800000000000000000e+01 4.000000000000000000e+00
3.296198419703026961e-01 1.932297882753984730e+00 1.000000000000000000e+01 1.670000000000000000e+02 4.000000000000000000e+00
4.742041074125091099e-02 2.308282544280052806e-01 8.000000000000000000e+00 4.200000000000000000e+01 4.000000000000000000e+00
4.880490888787047260e-02 1.199970942045874400e+00 1.900000000000000000e+01 4.200000000000000000e+01 4.000000000000000000e+00
9.267164583803116917e-01 3.355054839030507940e-01 5.000000000000000000e+00 6.000000000000000000e+01 4.000000000000000000e+00
3.537523537417798236e-01 1.955592827564911707e+00 3.000000000000000000e+00 8.700000000000000000e+01 4.000000000000000000e+00
5.944878331672871496e-01 2.034396850165424819e+00 1.000000000000000000e+01 3.600000000000000000e+01 4.000000000000000000e+00
9.695669298779517609e-02 1.382705627596450659e+00 1.700000000000000000e+01 1.210000000000000000e+02 4.000000000000000000e+00
5.624929070052794300e-01 7.562419626306301490e-01 1.200000000000000000e+01 1.510000000000000000e+02 4.000000000000000000e+00
2.361610217131635547e-01 1.018943401204467580e+00 1.800000000000000000e+01 1.130000000000000000e+02 4.000000000000000000e+00
6.835131175774393775e-01 1.951395446384308396e+00 1.100000000000000000e+01 1.890000000000000000e+02 4.000000000000000000e+00
1.017661303984473825e-01 3.165784898078972676e-01 1.900000000000000000e+01 1.870000000000000000e+02 4.000000000000000000e+00
4.246714449187432017e-01 1.533063461737432132e+00 2.000000000000000000e+00 5.800000000000000000e+01 4.000000000000000000e+00
9.496841987636738258e-01 1.596068152350102576e+00 2.000000000000000000e+00 1.210000000000000000e+02 4.000000000000000000e+00
3.638423856893486796e-01 9.969074782938908141e-01 7.000000000000000000e+00 1.220000000000000000e+02 4.000000000000000000e+00
5.076249908549961276e-01 1.275184982573764447e+00 1.400000000000000000e+01 1.500000000000000000e+02 4.000000000000000000e+00
2.687559794250892614e-02 4.409768767870957396e-01 2.000000000000000000e+01 8.000000000000000000e+01 4.000000000000000000e+00
7.330513831741638509e-01 2.989520641418622615e-01 8.000000000000000000e+00 3.800000000000000000e+01 4.000000000000000000e+00
9.178350696194491620e-01 1.907481548638223057e+00 1.100000000000000000e+01 9.500000000000000000e+01 4.000000000000000000e+00
3.811378641549828528e-01 1.693232219913451131e-01 1.200000000000000000e+01 1.880000000000000000e+02 4.000000000000000000e+00
8.468123092615678082e-01 8.076906752469640294e-01 1.600000000000000000e+01 1.900000000000000000e+01 4.000000000000000000e+00
8.153294284364291933e-01 1.856786776384095339e-01 2.000000000000000000e+01 1.300000000000000000e+02 4.000000000000000000e+00
1.501434873377991419e-01 1.573404512884503781e+00 9.000000000000000000e+00 1.260000000000000000e+02 4.000000000000000000e+00
5.569001564640161384e-01 1.848732483038475705e+00 5.000000000000000000e+00 6.900000000000000000e+01 4.000000000000000000e+00
8.877219819496120490e-01 6.947612883805519557e-01 1.000000000000000000e+00 1.690000000000000000e+02 4.000000000000000000e+00
7.728626389630047777e-01 1.152738486948811758e+00 9.000000000000000000e+00 6.100000000000000000e+01 4.000000000000000000e+00
5.954315175140987293e-01 1.484452316260726379e+00 5.000000000000000000e+00 1.300000000000000000e+01 4.000000000000000000e+00
