5.657330128333665220e-01 5.731448224940035585e-01 1.200000000000000000e+01 1.160000000000000000e+02 0.000000000000000000e+00
2.724148288612671109e-01 2.081869350279118791e+00 9.000000000000000000e+00 2.600000000000000000e+01 0.000000000000000000e+00
2.203979774057648333e-01 1.183324611821591654e+00 1.300000000000000000e+01 7.400000000000000000e+01 0.000000000000000000e+00
6.265218465246468194e-01 1.393615673802523158e+00 1.300000000000000000e+01 7.100000000000000000e+01 0.000000000000000000e+00
3.374884766753760007e-02 1.071774857191953034e-01 1.000000000000000000e+01 1.900000000000000000e+01 0.000000000000000000e+00
3.096765725825939564e-01 7.884108942261641717e-01 8.000000000000000000e+00 1.480000000000000000e+02 0.000000000000000000e+00
8.407100592504425096e-01 1.853007419564274505e+00 5.000000000000000000e+00 3.700000000000000000e+01 0.000000000000000000e+00
5.220334249388159931e-01 6.172715243341854174e-01 1.000000000000000000e+00 9.200000000000000000e+01 0.000000000000000000e+00
1.168981441097888124e-01 9.126089387882708737e-01 1.600000000000000000e+01 1.590000000000000000e+02 0.000000000000000000e+00
4.606948513946829138e-01 1.557691720000765612e+00 2.000000000000000000e+00 1.190000000000000000e+02 0.000000000000000000e+00
4.932796943738121387e-01 1.352678677779728611e+00 5.000000000000000000e+00 7.600000000000000000e+01 0.000000000000000000e+00
8.361573964329468422e-01 1.128619877296245688e+00 5.000000000000000000e+00 1.600000000000000000e+01 0.000000000000000000e+00
4.855176449178515430e-01 5.754315862392170855e-01 4.000000000000000000e+00 1.220000000000000000e+02 0.000000000000000000e+00
2.665860273884890219e-01 1.204425065549177720e+00 9.000000000000000000e+00 1.010000000000000000e+02 0.000000000000000000e+00
4.241111849140860590e-01 1.529405904447648457e+00 4.000000000000000000e+00 1.030000000000000000e+02 0.000000000000000000e+00
7.213455457490246248e-02 2.019909785026615001e+00 1.500000000000000000e+01 3.900000000000000000e+01 0.000000000000000000e+00
3.008055578669486252e-01 1.391080689055553821e+00 1.400000000000000000e+01 1.470000000000000000e+02 0.000000000000000000e+00
7.277534968527302750e-01 2.093496492922099161e+00 1.400000000000000000e+01 1.820000000000000000e+02 0.000000000000000000e+00
4.331058022188402079e-01 1.685150826312983963e+00 9.000000000000000000e+00 1.890000000000000000e+02 0.000000000000000000e+00
7.274102983456564031e-01 1.414521459916096457e+00 1.800000000000000000e+01 4.900000000000000000e+01 0.000000000000000000e+00
2.290238451883205295e-01 1.171109199533839851e+00 1.000000000000000000e+00 1.860000000000000000e+02 0.000000000000000000e+00
9.610555518356811433e-01 7.805696616079725869e-01 2.000000000000000000e+00 9.400000000000000000e+01 0.000000000000000000e+00
6.491539182639269878e-01 5.534048205354796801e-01 8.000000000000000000e+00 6.600000000000000000e+01 0.000000000000000000e+00
6.969391041801785702e-01 1.107861849662117315e+00 1.400000000000000000e+01 2.600000000000000000e+01 0.000000000000000000e+00
7.367076498506855975e-01 1.232158645596394875e+00 1.100000000000000000e+01 1.120000000000000000e+02 0.000000000000000000e+00
4.125380794721677374e-02 9.005671478494786664e-01 1.300000000000000000e+01 1.300000000000000000e+01 0.000000000000000000e+00
4.721121064251267985e-01 4.970019444249388352e-01 1.300000000000000000e+01 1.830000000000000000e+02 0.000000000000000000e+00
1.568387722989792454e-01 1.684121720955409574e+00 3.000000000000000000e+00 1.370000000000000000e+02 0.000000000000000000e+00
1.130945814294980444e-02 7.146578342060169176e-01 1.000000000000000000e+00 8.000000000000000000e+00 0.000000000000000000e+00
3.050128142300115863e-01 1.541205180902717409e+00 1.900000000000000000e+01 9.900000000000000000e+01 0.000000000000000000e+00
8.961466549907912693e-01 1.258405820598486491e+00 1.000000000000000000e+00 1.180000000000000000e+02 0.000000000000000000e+00
9.449974656864397193e-01 1.667912523502258770e-01 1.400000000000000000e+01 1.560000000000000000e+02 0.000000000000000000e+00
5.188334196658211939e-01 2.052827209856216140e+00 1.900000000000000000e+01 4.200000000000000000e+01 0.000000000000000000e+00
9.702543965683957383e-01 1.115312572622526366e+00 7.000000000000000000e+00 2.900000000000000000e+01 0.000000000000000000e+00
5.758356551391289324e-01 5.120955450484275806e-01 8.000000000000000000e+00 1.680000000000000000e+02 0.000000000000000000e+00
4.445230382027753890e-01 1.112732597172350957e+00 1.000000000000000000e+00 1.190000000000000000e+02 0.000000000000000000e+00
3.247639372726964790e-01 1.050856717982598942e+00 1.000000000000000000e+00 1.260000000000000000e+02 0.000000000000000000e+00
3.998850443284985845e-01 9.085228682280021006e-01 1.000000000000000000e+01 1.410000000000000000e+02 0.000000000000000000e+00
1.007442888407038412e-01 1.642179034998652698e+00 6.000000000000000000e+00 1.290000000000000000e+02 0.000000000000000000e+00
8.329002666137895472e-02 6.661513998149789506e-01 1.100000000000000000e+01 1.780000000000000000e+02 0.000000000000000000e+00
7.214420038224729215e-01 2.092846054865829863e+00 7.000000000000000000e+00 1.230000000000000000e+02 0.000000000000000000e+00
8.669787914495877823e-01 8.777312710395565043e-01 1.900000000000000000e+01 4.300000000000000000e+01 0.000000000000000000e+00
1.224930827292300822e-01 1.637035769414620034e+00 2.000000000000000000e+00 4.700000000000000000e+01 0.000000000000000000e+00
2.671488136664256635e-02 1.873945069371474759e+00 5.000000000000000000e+00 4.100000000000000000e+01 0.000000000000000000e+00
5.131856146535904717e-01 1.174391833873858593e+00 1.400000000000000000e+01 3.400000000000000000e+01 0.000000000000000000e+00
1.127538578955247089e-01 1.844909539178386737e+00 1.600000000000000000e+01 7.500000000000000000e+01 0.000000000000000000e+00
9.654185465731839333e-01 4.288330389549263044e-01 1.300000000000000000e+01 7.300000000000000000e+01 0.000000000000000000e+00
9.510610994333100476e-02 1.496883323171780189e+00 1.300000000000000000e+01 8.100000000000000000e+01 0.000000000000000000e+00
7.858374008880182338e-01 1.238939834874449142e+00 1.500000000000000000e+01 1.500000000000000000e+02 0.000000000000000000e+00
6.689917230570201490e-01 1.488166391104935649e+00 1.000000000000000000e+00 1.590000000000000000e+02 0.000000000000000000e+00
4.086412210367634801e-01 2.743546635161985270e-01 1.600000000000000000e+01 1.070000000000000000e+02 1.000000000000000000e+00
3.943437872881726952e-02 6.215949182351220292e-01 1.300000000000000000e+01 4.300000000000000000e+01 1.000000000000000000e+00
6.249809901727042954e-02 2.041946100999358915e+00 1.400000000000000000e+01 1.910000000000000000e+02 1.000000000000000000e+00
4.384771249031349516e-01 1.615891662898241821e+00 1.200000000000000000e+01 1.110000000000000000e+02 1.000000000000000000e+00
9.317429853240926096e-01 1.655545348381780579e+00 4.000000000000000000e+00 4.200000000000000000e+01 1.000000000000000000e+00
2.290762875496124007e-01 1.972896292841167742e+00 4.000000000000000000e+00 1.070000000000000000e+02 1.000000000000000000e+00
6.727876777614261172e-01 4.689725087960935346e-01 1.900000000000000000e+01 1.320000000000000000e+02 1.000000000000000000e+00
1.816553292082567078e-02 4.195403422106952496e-01 9.000000000000000000e+00 1.950000000000000000e+02 1.000000000000000000e+00
1.250522456106616387e-01 1.892094552511164984e+00 2.000000000000000000e+00 2.000000000000000000e+00 1.000000000000000000e+00
4.733158763810296071e-02 3.418851587993424479e-01 1.800000000000000000e+01 1.490000000000000000e+02 1.000000000000000000e+00
7.885688705215732064e-01 1.503804858778887477e+00 9.000000000000000000e+00 1.900000000000000000e+01 1.000000000000000000e+00
7.591639942162208277e-01 1.847946698052827408e+00 6.000000000000000000e+00 1.340000000000000000e+02 1.000000000000000000e+00
8.721215388124968770e-01 6.581071724270953771e-01 1.800000000000000000e+01 1.320000000000000000e+02 1.000000000000000000e+00
1.049614989261316994e-01 1.136544649355158976e+00 1.900000000000000000e+01 3.900000000000000000e+01 1.000000000000000000e+00
1.104537657530378775e-01 1.693943238781895122e+00 7.000000000000000000e+00 6.100000000000000000e+01 1.000000000000000000e+00
4.285125861141583226e-01 1.619898111396535167e+00 1.200000000000000000e+01 8.000000000000000000e+01 1.000000000000000000e+00
8.144014654103166606e-01 4.865239232682959658e-01 1.600000000000000000e+01 6.700000000000000000e+01 1.000000000000000000e+00
1.217435282165911653e-01 2.051208098759179865e+00 1.100000000000000000e+01 6.400000000000000000e+01 1.000000000000000000e+00
9.171680194642320982e-01 1.352711617172553948e+00 3.000000000000000000e+00 1.560000000000000000e+02 1.000000000000000000e+00
9.121125880679951115e-01 1.873122755554710528e+00 3.000000000000000000e+00 9.400000000000000000e+01 1.000000000000000000e+00
5.682460284036227049e-01 1.448382309663406586e-01 1.000000000000000000e+01 5.800000000000000000e+01 1.000000000000000000e+00
3.010027837234939829e-01 1.319123006530614761e+00 1.100000000000000000e+01 3.500000000000000000e+01 1.000000000000000000e+00
8.159214238008096753e-01 1.031770843722302322e+00 1.500000000000000000e+01 5.500000000000000000e+01 1.000000000000000000e+00
5.515244700337466055e-01 1.113378331653399889e-01 6.000000000000000000e+00 1.870000000000000000e+02 1.000000000000000000e+00
9.692661933855072076e-02 1.075647701939180800e+00 1.400000000000000000e+01 1.580000000000000000e+02 1.000000000000000000e+00
4.899418684669765156e-01 8.719391008194613546e-01 5.000000000000000000e+00 1.750000000000000000e+02 1.000000000000000000e+00
2.829881522821992013e-01 4.363542011011515287e-01 3.000000000000000000e+00 1.600000000000000000e+01 1.000000000000000000e+00
5.009834364019175590e-01 1.249316897906804114e+00 3.000000000000000000e+00 1.210000000000000000e+02 1.000000000000000000e+00
3.280148724134005489e-01 5.521206894657929576e-01 1.800000000000000000e+01 2.900000000000000000e+01 1.000000000000000000e+00
3.165626763258500009e-01 1.153178765273963569e+00 1.500000000000000000e+01 1.690000000000000000e+02 1.000000000000000000e+00
8.819202855017825582e-02 3.328417335011019107e-01 6.000000000000000000e+00 1.690000000000000000e+02 1.000000000000000000e+00
7.474010786109479554e-01 1.526460544817316078e+00 1.200000000000000000e+01 9.200000000000000000e+01 1.000000000000000000e+00
6.033381322473437836e-01 1.469518640926497755e+00 3.000000000000000000e+00 5.300000000000000000e+01 1.000000000000000000e+00
9.283537427768705219e-02 1.796562659603541112e+00 1.700000000000000000e+01 4.300000000000000000e+01 1.000000000000000000e+00
3.761118943369911455e-02 2.196116888758782582e-01 2.000000000000000000e+01 7.800000000000000000e+01 1.000000000000000000e+00
7.887892293208125238e-01 3.063441012816426889e-01 9.000000000000000000e+00 5.000000000000000000e+01 1.000000000000000000e+00
3.852524316457541786e-01 9.836728873301380238e-01 6.000000000000000000e+00 1.130000000000000000e+02 1.000000000000000000e+00
1.485676242895924704e-01 1.764170951439455903e+00 7.000000000000000000e+00 1.800000000000000000e+01 1.000000000000000000e+00
1.151906953589596355e-01 1.831435287849424720e-01 1.900000000000000000e+01 5.500000000000000000e+01 1.000000000000000000e+00
1.453315638846037761e-01 4.239061943609826466e-01 9.000000000000000000e+00 8.500000000000000000e+01 1.000000000000000000e+00
5.157085567259201975e-01 2.056962417978153379e+00 5.000000000000000000e+00 3.500000000000000000e+01 1.000000000000000000e+00
2.489789412063827534e-01 1.239794460510011964e+00 1.900000000000000000e+01 3.900000000000000000e+01 1.000000000000000000e+00
7.418184257144099236e-01 1.586271041029730933e+00 5.000000000000000000e+00 1.410000000000000000e+02 1.000000000000000000e+00
4.445754844520704019e-01 1.335540852707223669e+00 1.000000000000000000e+00 1.280000000000000000e+02 1.000000000000000000e+00
3.973062674204382860e-01 8.494069790774935180e-01 1.200000000000000000e+01 6.200000000000000000e+01 1.000000000000000000e+00
4.326230507662399694e-01 1.807026054801714077e+00 1.300000000000000000e+01 1.080000000000000000e+02 1.000000000000000000e+00
4.733440105900884598e-01 7.901918429702355917e-01 3.000000000000000000e+00 8.200000000000000000e+01 1.000000000000000000e+00
8.571413900106282791e-01 1.462710528233637230e+00 1.700000000000000000e+01 1.720000000000000000e+02 1.000000000000000000e+00
3.881776931344952386e-01 1.783376450980800110e+00 8.000000000000000000e+00 1.140000000000000000e+02 1.000000000000000000e+00
4.092147408251747276e-01 1.466900551400246000e+00 1.000000000000000000e+01 1.770000000000000000e+02 1.000000000000000000e+00
7.592237567984907454e-01 1.970864452034445602e+00 6.000000000000000000e+00 1.170000000000000000e+02 2.000000000000000000e+00
4.542303125754471038e-01 2.034492551250567605e+00 1.000000000000000000e+01 1.790000000000000000e+02 2.000000000000000000e+00
7.741569236039868018e-01 1.294758793509597883e+00 1.000000000000000000e+00 1.070000000000000000e+02 2.000000000000000000e+00
6.270179474598328584e-01 5.361256620846689414e-01 1.000000000000000000e+01 7.200000000000000000e+01 2.000000000000000000e+00
9.118438373874268033e-01 1.719337979438935848e+00 4.000000000000000000e+00 8.700000000000000000e+01 2.000000000000000000e+00
5.048823976031503458e-01 1.931563280629666535e+00 5.000000000000000000e+00 4.400000000000000000e+01 2.000000000000000000e+00
5.309789004323260952e-01 6.805426414144225555e-01 3.000000000000000000e+00 1.030000000000000000e+02 2.000000000000000000e+00
3.130631915054504083e-02 1.023901393906157864e+00 1.600000000000000000e+01 7.000000000000000000e+01 2.000000000000000000e+00
2.232523157842398742e-01 1.208399872682629717e+00 5.000000000000000000e+00 7.000000000000000000e+00 2.000000000000000000e+00
1.326711544329437498e-01 7.505677314315181148e-01 1.000000000000000000e+01 1.390000000000000000e+02 2.000000000000000000e+00
1.783976916404321766e-01 1.499332039062501787e+00 8.000000000000000000e+00 1.100000000000000000e+01 2.000000000000000000e+00
6.981362547287298659e-01 1.267804568200841420e+00 3.000000000000000000e+00 9.600000000000000000e+01 2.000000000000000000e+00
1.331161549805037758e-01 6.197127906926717111e-01 1.800000000000000000e+01 5.600000000000000000e+01 2.000000000000000000e+00
3.719951779946909509e-01 2.040323295031567508e+00 2.000000000000000000e+01 1.820000000000000000e+02 2.000000000000000000e+00
3.348328370223820905e-01 4.373083160670095948e-01 1.000000000000000000e+00 3.000000000000000000e+00 2.000000000000000000e+00
3.602298365226032084e-01 4.572096277248708374e-01 1.800000000000000000e+01 7.900000000000000000e+01 2.000000000000000000e+00
5.519735674754353560e-01 7.237630949974652728e-01 1.600000000000000000e+01 1.030000000000000000e+02 2.000000000000000000e+00
2.939904739748407936e-01 1.899483472576209309e+00 1.500000000000000000e+01 9.100000000000000000e+01 2.000000000000000000e+00
7.030213712221087263e-01 1.333766709821915697e+00 1.000000000000000000e+01 6.000000000000000000e+01 2.000000000000000000e+00
3.085760603535802477e-02 1.959941246094678791e+00 9.000000000000000000e+00 4.100000000000000000e+01 2.000000000000000000e+00
1.851170460180383975e-02 1.057542303947434981e+00 1.100000000000000000e+01 1.380000000000000000e+02 2.000000000000000000e+00
6.185068839499623383e-01 1.018210763602820812e+00 1.700000000000000000e+01 1.600000000000000000e+01 2.000000000000000000e+00
5.955250027288037096e-01 1.022582222362757032e-01 1.000000000000000000e+00 1.660000000000000000e+02 2.000000000000000000e+00
5.755044651718594917e-01 1.618800744622839627e+00 2.000000000000000000e+01 8.000000000000000000e+00 2.000000000000000000e+00
3.646286082880453305e-01 1.455726983537260155e+00 2.000000000000000000e+01 1.790000000000000000e+02 2.000000000000000000e+00
2.808314297079472083e-02 1.732516279163822448e+00 3.000000000000000000e+00 2.400000000000000000e+01 2.000000000000000000e+00
4.264569563506538374e-01 4.782995478339474582e-01 1.500000000000000000e+01 1.980000000000000000e+02 2.000000000000000000e+00
1.182162154550797512e-01 1.570510781391180055e+00 9.000000000000000000e+00 1.450000000000000000e+02 2.000000000000000000e+00
7.550645047884344541e-01 4.958148810858281630e-01 1.000000000000000000e+00 1.990000000000000000e+02 2.000000000000000000e+00
4.730879174612264704e-01 2.073721435090015996e-01 1.300000000000000000e+01 5.000000000000000000e+00 2.000000000000000000e+00
8.751871606990667685e-01 3.456857716305680173e-01 1.000000000000000000e+00 1.300000000000000000e+02 2.000000000000000000e+00
8.501237661419490388e-02 5.027884531100678123e-01 1.400000000000000000e+01 1.420000000000000000e+02 2.000000000000000000e+00
2.579291389298055126e-01 9.029699579783002639e-01 1.800000000000000000e+01 1.030000000000000000e+02 2.000000000000000000e+00
1.617765780048222579e-01 1.360100906172193813e+00 1.200000000000000000e+01 8.100000000000000000e+01 2.000000000000000000e+00
9.948341537954535907e-01 1.961917821666006478e+00 5.000000000000000000e+00 1.290000000000000000e+02 2.000000000000000000e+00
3.547539675298917450e-01 2.001490732309929577e+00 4.000000000000000000e+00 6.600000000000000000e+01 2.000000000000000000e+00
9.345064789177981446e-01 1.205934630664409202e+00 9.000000000000000000e+00 3.400000000000000000e+01 2.000000000000000000e+00
2.556901683708442397e-01 9.257416022721568494e-01 7.000000000000000000e+00 8.900000000000000000e+01 2.000000000000000000e+00
1.940626565352123745e-01 1.588168673380847329e+00 1.000000000000000000e+01 1.300000000000000000e+01 2.000000000000000000e+00
4.983525320373578538e-01 1.414581465114685077e+00 7.000000000000000000e+00 1.730000000000000000e+02 2.000000000000000000e+00
7.509299753050983073e-01 2.049670675541348519e+00 1.200000000000000000e+01 5.400000000000000000e+01 2.000000000000000000e+00
4.551684382824892072e-01 8.040693992679678326e-01 1.500000000000000000e+01 1.400000000000000000e+01 2.000000000000000000e+00
1.058509122381844601e-02 1.528213719542817373e+00 2.000000000000000000e+00 1.840000000000000000e+02 2.000000000000000000e+00
4.544207107085017627e-01 1.037661857151963130e+00 1.700000000000000000e+01 1.820000000000000000e+02 2.000000000000000000e+00
1.418361694682649388e-01 5.327105215611863676e-01 1.400000000000000000e+01 6.900000000000000000e+01 2.000000000000000000e+00
8.406978242420384273e-01 9.685034317640622836e-01 1.200000000000000000e+01 1.010000000000000000e+02 2.000000000000000000e+00
6.575508369290816724e-01 1.820521919257489296e+00 1.500000000000000000e+01 1.570000000000000000e+02 2.000000000000000000e+00
3.583219255240891465e-01 7.195783233420961489e-01 1.700000000000000000e+01 1.140000000000000000e+02 2.000000000000000000e+00
3.121590410697613338e-01 7.800429452219511672e-01 1.600000000000000000e+01 6.700000000000000000e+01 2.000000000000000000e+00
6.534886025992204805e-01 3.709898119791598115e-01 2.000000000000000000e+01 1.720000000000000000e+02 2.000000000000000000e+00
8.627025048364808102e-01 1.024193537213892613e+00 1.600000000000000000e+01 1.320000000000000000e+02 3.000000000000000000e+00
4.574121459430448011e-01 9.994942412986750346e-01 1.600000000000000000e+01 1.900000000000000000e+01 3.000000000000000000e+00
7.297741424766848173e-01 1.589741969610933003e-01 7.000000000000000000e+00 6.500000000000000000e+01 3.000000000000000000e+00
5.126207875984251094e-01 1.216552588839806770e+00 9.000000000000000000e+00 1.150000000000000000e+02 3.000000000000000000e+00
8.475718307786705985e-01 1.811226602899051186e-01 9.000000000000000000e+00 1.100000000000000000e+02 3.000000000000000000e+00
5.589772586700634260e-01 5.120648676549049982e-01 1.100000000000000000e+01 1.540000000000000000e+02 3.000000000000000000e+00
4.070517150861225897e-01 1.661959617555156532e+00 1.800000000000000000e+01 4.300000000000000000e+01 3.000000000000000000e+00
2.849688304404903727e-01 6.861370201128457191e-01 8.000000000000000000e+00 6.600000000000000000e+01 3.000000000000000000e+00
7.323011760457463770e-02 1.120114148107612007e+00 1.000000000000000000e+00 1.030000000000000000e+02 3.000000000000000000e+00
5.198408106446283927e-01 1.805699775524385320e+00 1.300000000000000000e+01 1.700000000000000000e+01 3.000000000000000000e+00
6.179330775452153146e-01 1.776011507333053352e+00 4.000000000000000000e+00 1.690000000000000000e+02 3.000000000000000000e+00
2.493465513126638111e-01 1.630438726429028762e+00 8.000000000000000000e+00 1.970000000000000000e+02 3.000000000000000000e+00
5.577779021441645613e-01 1.780298075054223217e+00 1.300000000000000000e+01 1.720000000000000000e+02 3.000000000000000000e+00
6.189973719800763163e-01 1.210134149018659455e+00 1.000000000000000000e+01 3.700000000000000000e+01 3.000000000000000000e+00
6.964416115889888736e-01 5.224429454107387683e-01 1.800000000000000000e+01 1.690000000000000000e+02 3.000000000000000000e+00
2.956746462492846339e-01 1.023891510185003018e+00 8.000000000000000000e+00 1.300000000000000000e+01 3.000000000000000000e+00
8.437923738645523863e-02 1.431204371934706510e+00 7.000000000000000000e+00 4.300000000000000000e+01 3.000000000000000000e+00
3.071212300364011688e-02 1.214740106961242905e+00 6.000000000000000000e+00 1.960000000000000000e+02 3.000000000000000000e+00
7.763190773794419464e-01 1.436502437881147509e+00 1.100000000000000000e+01 2.100000000000000000e+01 3.000000000000000000e+00
5.632885381457560792e-01 9.891165307120196593e-01 5.000000000000000000e+00 1.530000000000000000e+02 3.000000000000000000e+00
2.896847883181603578e-01 4.992579783717986386e-01 5.000000000000000000e+00 7.700000000000000000e+01 3.000000000000000000e+00
8.677533949643910505e-02 3.600407856853552468e-01 2.000000000000000000e+01 1.260000000000000000e+02 3.000000000000000000e+00
4.091861829186766997e-01 5.244958201287827082e-01 1.000000000000000000e+00 5.400000000000000000e+01 3.000000000000000000e+00
6.456338265659911091e-01 8.127055241219570680e-01 6.000000000000000000e+00 3.700000000000000000e+01 3.000000000000000000e+00
2.167806895612732765e-01 1.471280101676579521e+00 5.000000000000000000e+00 4.100000000000000000e+01 3.000000000000000000e+00
4.820242414360169647e-01 1.207400279009879229e+00 1.600000000000000000e+01 2.000000000000000000e+02 3.000000000000000000e+00
6.571781560551377410e-01 1.164694522684204703e+00 6.000000000000000000e+00 1.920000000000000000e+02 3.000000000000000000e+00
2.068514029816042044e-01 4.479914930688405628e-01 1.000000000000000000e+01 1.770000000000000000e+02 3.000000000000000000e+00
7.339485149591487012e-01 2.074088264999097486e+00 1.500000000000000000e+01 1.000000000000000000e+02 3.000000000000000000e+00
6.648851336360031006e-01 1.520970670213905196e+00 1.400000000000000000e+01 9.200000000000000000e+01 3.000000000000000000e+00
8.870977337024850140e-01 1.179931619326895609e+00 1.300000000000000000e+01 1.500000000000000000e+01 3.000000000000000000e+00
6.971537089347402683e-01 1.337065355069912531e+00 5.000000000000000000e+00 1.160000000000000000e+02 3.000000000000000000e+00
3.811121128407721770e-01 1.315094389858316948e+00 2.000000000000000000e+01 6.400000000000000000e+01 3.000000000000000000e+00
4.067272929686087668e-01 4.191620405995640786e-01 5.000000000000000000e+00 1.170000000000000000e+02 3.000000000000000000e+00
3.062622522017930393e-01 1.599921604019217236e+00 1.200000000000000000e+01 1.500000000000000000e+02 3.000000000000000000e+00
7.279713994810091959e-01 5.780194493523583832e-01 1.200000000000000000e+01 2.600000000000000000e+01 3.000000000000000000e+00
9.745718873980967478e-01 7.897246109050112262e-01 9.000000000000000000e+00 6.800000000000000000e+01 3.000000000000000000e+00
2.656283088816011606e-01 1.946968908011034394e+00 1.400000000000000000e+01 2.000000000000000000e+02 3.000000000000000000e+00
2.904581008183555468e-01 1.616911183603487068e+00 1.800000000000000000e+01 4.900000000000000000e+01 3.000000000000000000e+00
2.915850563374647875e-01 1.861497961857273564e+00 2.000000000000000000e+01 1.740000000000000000e+02 3.000000000000000000e+00
9.848783436397027247e-01 3.577486849584566864e-01 2.000000000000000000e+00 1.330000000000000000e+02 3.000000000000000000e+00
9.485668803727381748e-01 7.004077165803385130e-01 1.000000000000000000e+01 1.320000000000000000e+02 3.000000000000000000e+00
1.393869743563217467e-01 1.317698143688307288e+00 1.800000000000000000e+01 2.000000000000000000e+00 3.000000000000000000e+00
1.859852148863636589e-01 4.297660998624109885e-01 8.000000000000000000e+00 1.060000000000000000e+02 3.000000000000000000e+00
7.501649882891535670e-01 1.970119612988711355e-01 6.000000000000000000e+00 8.600000000000000000e+01 3.000000000000000000e+00
3.739051486373463629e-01 1.250651068152916212e-01 2.000000000000000000e+01 1.720000000000000000e+02 3.000000000000000000e+00
8.108251669694672703e-01 1.823386481293845840e+00 1.000000000000000000e+00 1.930000000000000000e+02 3.000000000000000000e+00
1.533172172244895437e-01 3.626151934182227921e-01 1.200000000000000000e+01 1.370000000000000000e+02 3.000000000000000000e+00
5.730341210131015828e-01 1.641167221111446084e+00 1.600000000000000000e+01 1.560000000000000000e+02 3.000000000000000000e+00
8.199433637898142502e-01 2.060833168888353661e+00 6.000000000000000000e+00 4.300000000000000000e+01 3.000000000000000000e+00
4.662784019243632061e-01 1.610188267857170230e-01 4.000000000000000000e+00 1.310000000000000000e+02 4.000000000000000000e+00
3.142326703862519111e-01 5.456742707255871627e-01 1.100000000000000000e+01 1.930000000000000000e+02 4.000000000000000000e+00
3.782748504890288688e-01 1.216354374415109074e+00 4.000000000000000000e+00 2.400000000000000000e+01 4.000000000000000000e+00
7.633571449198164327e-01 6.544264519694321658e-01 1.000000000000000000e+01 6.600000000000000000e+01 4.000000000000000000e+00
4.615628565348172535e-02 5.021443887576296783e-01 2.000000000000000000e+01 1.410000000000000000e+02 4.000000000000000000e+00
6.368593884934133920e-01 2.012517241516951216e+00 1.600000000000000000e+01 1.750000000000000000e+02 4.000000000000000000e+00
1.050031019544851313e-01 1.468818335587450008e+00 1.100000000000000000e+01 4.500000000000000000e+01 4.000000000000000000e+00
3.680308390495166115e-01 6.698916010662346876e-01 4.000000000000000000e+00 1.880000000000000000e+02 4.000000000000000000e+00
3.860138647399388168e-01 2.088912355326265402e+00 4.000000000000000000e+00 1.950000000000000000e+02 4.000000000000000000e+00
5.623892486516174349e-01 8.148012405641263944e-01 5.000000000000000000e+00 1.810000000000000000e+02 4.000000000000000000e+00
6.785923178473891593e-01 2.180717211190511817e-01 1.700000000000000000e+01 1.220000000000000000e+02 4.000000000000000000e+00
1.855752910883208262e-01 1.899510813994654601e+00 6.000000000000000000e+00 9.900000000000000000e+01 4.000000000000000000e+00
6.207080433135169217e-01 3.717500683144486784e-01 1.500000000000000000e+01 1.480000000000000000e+02 4.000000000000000000e+00
1.008870394362363143e+00 3.559856842724936632e-01 1.800000000000000000e+01 1.240000000000000000e+02 4.000000000000000000e+00
8.413554235589724983e-02 1.053731732154106648e+00 7.000000000000000000e+00 1.160000000000000000e+02 4.000000000000000000e+00
2.442333377441585629e-01 1.160469211318065907e+00 1.000000000000000000e+01 1.400000000000000000e+01 4.000000000000000000e+00
2.656950496051069255e-01 2.081579362263403787e+00 1.700000000000000000e+01 1.720000000000000000e+02 4.000000000000000000e+00
1.829137082346709436e-02 1.512943926345681200e+00 8.000000000000000000e+00 3.900000000000000000e+01 4.000000000000000000e+00
5.286093746954005912e-01 1.313559839463602996e+00 1.700000000000000000e+01 2.300000000000000000e+01 4.000000000000000000e+00
1.101903989056065430e-01 1.975054104620885376e+00 1.000000000000000000e+00 3.000000000000000000e+01 4.000000000000000000e+00
3.628883565608025386e-01 1.485484575321848855e+00 1.500000000000000000e+01 1.900000000000000000e+02 4.000000000000000000e+00
5.766375245042247855e-01 1.704107564989924439e+00 1.700000000000000000e+01 1.530000000000000000e+02 4.000000000000000000e+00
8.495844382370734138e-01 1.891434308504265305e+00 1.400000000000000000e+01 1.290000000000000000e+02 4.000000000000000000e+00
2.612907140103384318e-01 5.114215342092470751e-01 1.700000000000000000e+01 1.190000000000000000e+02 4.000000000000000000e+00
8.655655850292915954e-01 1.363276506053690884e+00 1.300000000000000000e+01 1.930000000000000000e+02 4.000000000000000000e+00
9.481943201760748563e-01 1.439812715561798184e-01 8.000000000000000000e+00 1.950000000000000000e+02 4.000000000000000000e+00
8.961066049140005152e-01 6.353151780684570538e-01 1.500000000000000000e+01 7.200000000000000000e+01 4.000000000000000000e+00
4.508682194921311837e-01 1.997254832931645296e+00 1.200000000000000000e+01 1.220000000000000000e+02 4.000000000000000000e+00
2.090367570568317790e-01 1.045661508793566397e-01 1.000000000000000000e+01 1.600000000000000000e+02 4.000000000000000000e+00
6.710306984571293709e-01 1.599996398208592741e+00 6.000000000000000000e+00 1.500000000000000000e+02 4.000000000000000000e+00
1.779706847071884646e-01 1.050242264335162101e+00 2.000000000000000000e+00 9.800000000000000000e+01 4.000000000000000000e+00
2.418873436181179226e-01 1.823233245531661106e+00 5.000000000000000000e+00 1.480000000000000000e+02 4.000000000000000000e+00
4.359656410033340562e-02 5.617939640982007043e-01 4.000000000000000000e+00 1.010000000000000000e+02 4.000000000000000000e+00
6.404124080334925306e-01 2.070197210105122476e+00 1.600000000000000000e+01 9.500000000000000000e+01 4.000000000000000000e+00
3.627325015577261835e-01 1.924678936649063310e+00 1.800000000000000000e+01 4.900000000000000000e+01 4.000000000000000000e+00
5.126843988205925795e-01 1.620802199612741301e+00 1.500000000000000000e+01 3.000000000000000000e+01 4.000000000000000000e+00
8.913537223884472338e-01 3.787519255651990990e-01 1.400000000000000000e+01 5.800000000000000000e+01 4.000000000000000000e+00
9.363282656200246912e-01 9.441624306960260116e-01 1.000000000000000000e+01 1.870000000000000000e+02 4.000000000000000000e+00
2.650026128738141029e-01 8.226364064474221971e-01 1.300000000000000000e+01 4.400000000000000000e+01 4.000000000000000000e+00
9.415370678414280992e-01 4.536522464206335092e-01 7.000000000000000000e+00 1.670000000000000000e+02 4.000000000000000000e+00
8.913933762111198034e-01 1.611301454612824868e-01 1.800000000000000000e+01 7.000000000000000000e+00 4.000000000000000000e+00
1.922721982556151454e-01 9.070827966823667987e-01 1.000000000000000000e+01 9.200000000000000000e+01 4.000000000000000000e+00
7.069462981783072308e-01 1.747089045206376090e+00 1.800000000000000000e+01 1.820000000000000000e+02 4.000000000000000000e+00
9.136210762458051304e-01 1.853646392026731204e+00 1.500000000000000000e+01 8.400000000000000000e+01 4.000000000000000000e+00
6.267131649209150002e-01 1.443256713679853087e+00 7.000000000000000000e+00 8.000000000000000000e+01 4.000000000000000000e+00
2.810848610200987752e-01 1.558558148429971979e+00 1.300000000000000000e+01 1.660000000000000000e+02 4.000000000000000000e+00
5.105020941882575380e-01 1.614486538792719639e+00 7.000000000000000000e+00 1.000000000000000000e+02 4.000000000000000000e+00
1.972667151290437015e-01 4.250954477826475175e-01 8.000000000000000000e+00 6.800000000000000000e+01 4.000000000000000000e+00
4.576993325803180301e-01 1.037888220834590758e+00 1.900000000000000000e+01 4.900000000000000000e+01 4.000000000000000000e+00
4.896111721747773426e-01 3.388195635951615214e-01 1.700000000000000000e+01 4.400000000000000000e+01 4.000000000000000000e+00
