-1.011340868264447295e+02
-9.245273251781208046e+01
-1.225073142707429668e+02
-1.330966966250470591e+02
-1.312690652167561325e+02
-1.152528604399136043e+02
-1.277888306900386368e+02
-1.327261993126021764e+02
-1.330968331040780868e+02
-1.330388401436058814e+02
-1.330967195101293328e+02
-1.122037577442996508e+02
-1.330970359470561846e+02
-9.113705329370108643e+01
-1.330964585274389265e+02
-1.098609794091674843e+02
-1.329532598775579402e+02
-1.196886711535116063e+02
-1.330946134473588813e+02
-1.330968346438347396e+02
-1.330958586886891055e+02
-1.330629709403617085e+02
-1.196875894062640100e+02
-1.330968063784073649e+02
-1.330968635303323708e+02
-1.330964873891593356e+02
-1.029394352477955437e+02
-1.018960894140600146e+02
-1.329923889897723370e+02
-1.330968212589129678e+02
-1.330947549188999233e+02
-1.328506988486553553e+02
-1.308327085994677645e+02
-1.082078277059782749e+02
-1.330684957721858552e+02
-1.162997198729479607e+02
-1.330965987055773780e+02
-9.264643498700955604e+01
-1.330929970163697078e+02
-1.325618991653932710e+02
-1.327573150770320751e+02
-9.358105132236603652e+01
-1.320352900900889779e+02
-1.330838836344536276e+02
-1.324551252823453353e+02
-9.512269901646710935e+01
-1.330966595211729100e+02
-1.330967208444227765e+02
-1.304950560941448714e+02
-9.318367666092237300e+01
-1.278401032366992069e+02
-8.801973892358265061e+01
-8.861064724839739881e+01
-1.278399806872198923e+02
-1.010598966523631645e+02
-1.235133083284392370e+02
-1.278396593162124901e+02
-1.278390036432980139e+02
-1.277929882130382140e+02
-1.278395544103686348e+02
-1.081997503725058891e+02
-1.107139193144096367e+02
-1.120633847115877444e+02
-9.515862314879385053e+01
-1.122326970239592612e+02
-1.054499437617899531e+02
-1.278400972006612903e+02
-1.050759442868203877e+02
-1.277909389246022727e+02
-1.162157325694766854e+02
-1.275195453426310337e+02
-1.268343372872450061e+02
-8.945550769367051203e+01
-8.975061322429722566e+01
-1.274454919784919156e+02
-1.278269605122685135e+02
-1.278398588845111448e+02
-1.278335885157026723e+02
-1.278400005878684880e+02
-1.030601200423241863e+02
-1.262448254506590075e+02
-8.787476895386313913e+01
-1.276683743828496773e+02
-1.270404611947852516e+02
-1.169414439911984829e+02
-1.144905463215409469e+02
-1.278402134762003328e+02
-1.269645376048664076e+02
-1.197721311623023013e+02
-1.278304409055587882e+02
-1.184068190652501187e+02
-1.278400252832792887e+02
-1.270078644328903152e+02
-1.278399077638574255e+02
-1.209814158379127917e+02
-1.278401274671426648e+02
-1.278387327797927639e+02
-8.857936913734356210e+01
-1.244402855569502577e+02
-1.278362860440171289e+02
-9.768885310914573950e+01
-1.132449070949502499e+02
-1.232222991650592263e+02
-1.136308941028967752e+02
-1.154993564035303706e+02
-1.173458989842793017e+02
-1.235613279659116444e+02
-1.132168569306271309e+02
-9.216742032323193712e+01
-9.928171632203047636e+01
-1.235614325627409187e+02
-1.226536714009572648e+02
-1.235166885297833232e+02
-1.235591247659708642e+02
-8.754203590896423748e+01
-1.203978940171466832e+02
-1.060980715242334469e+02
-1.235610432069357216e+02
-1.235609986929367778e+02
-1.158652855215725879e+02
-1.197255920602073189e+02
-1.119328624023003158e+02
-1.206388655441528357e+02
-9.604395205835349714e+01
-1.206627355545884797e+02
-1.189970164296646686e+02
-1.235615337807453500e+02
-8.650277401313942960e+01
-9.510824496356229929e+01
-1.234201246673002572e+02
-1.217894054029682707e+02
-1.235605402471287420e+02
-1.235614450758715179e+02
-1.232662390490234685e+02
-1.139182050720714017e+02
-1.235461639186519847e+02
-9.376134212905694199e+01
-1.206461984159097511e+02
-1.008659485137273180e+02
-1.214866701140615390e+02
-9.660347408973964889e+01
-1.188548894812963397e+02
-1.225133335844491285e+02
-1.155486572306904947e+02
-1.234679416090493476e+02
-1.235585458657727997e+02
-1.087636035548491122e+02
-1.235613845364668322e+02
-1.166321786798250741e+02
-1.024535218084797918e+02
-1.239406790910287981e+02
-1.239413358057677215e+02
-1.239420808220695278e+02
-1.224286997425653425e+02
-1.179662511404609120e+02
-9.046285186814333201e+01
-8.917062422211955663e+01
-1.238273812327219048e+02
-1.239368108443824781e+02
-1.239406553036792360e+02
-1.237738943994236536e+02
-1.239305989421973067e+02
-8.588967617489015538e+01
-8.876597765215208824e+01
-8.648762910200889564e+01
-1.000516037938313616e+02
-1.101370202204712996e+02
-1.239301569186431919e+02
-1.181346079807913156e+02
-1.078766303559448971e+02
-1.142791617801489821e+02
-1.085744483370165483e+02
-1.237853566730055803e+02
-8.553248736694702359e+01
-9.170476857744137078e+01
-1.119157706749306129e+02
-1.239096925791947683e+02
-8.941960288045537197e+01
-1.137260198358879535e+02
-1.091561443924448298e+02
-1.239408633680837681e+02
-1.239421936239966726e+02
-1.157555531188594955e+02
-1.239423128340480247e+02
-1.231641674191822062e+02
-1.001903802630404385e+02
-1.164966956071056501e+02
-9.368356413787422809e+01
-1.239407761116421796e+02
-1.111011568523913979e+02
-1.239421037230054310e+02
-1.210269837985197086e+02
-1.050057120750479811e+02
-1.238994192111078263e+02
-1.227859899893301758e+02
-1.213603303355241962e+02
-9.952952044970241730e+01
-1.233704677932082632e+02
-1.224534038575538375e+02
-1.231814086524662741e+02
-1.218377383118141495e+02
-9.101592623744426191e+01
-9.832725733624641862e+01
-1.251434295874656328e+02
-1.026495258295034034e+02
-1.193623584686898056e+02
-1.251432500909011196e+02
-1.195088401580532604e+02
-1.199980622796955174e+02
-1.251434087615575379e+02
-9.269444390297249470e+01
-1.251431613323053682e+02
-1.241776776194590326e+02
-1.005787217329547474e+02
-1.181393762802849494e+02
-1.251433399868415108e+02
-1.251423130507945558e+02
-1.048905857862592228e+02
-1.028606351063365594e+02
-9.214843374167813295e+01
-1.251397404125288375e+02
-8.725136864881206122e+01
-1.251431776572284491e+02
-1.027683866013038738e+02
-1.251433358589053597e+02
-1.072455673228962496e+02
-1.251433531979325551e+02
-1.236863827972235725e+02
-1.174440270392497894e+02
-1.251434381696781202e+02
-1.234769927321304124e+02
-8.923661327619134909e+01
-1.251403403570821951e+02
-1.251376282807648863e+02
-9.235050647714555794e+01
-1.251435017925581690e+02
-1.193808961220174041e+02
-1.251430254949291481e+02
-1.061346586682491164e+02
-1.191471999531985801e+02
-1.251434557898238040e+02
-1.083386880164106714e+02
-1.251434456836381486e+02
-1.251432930617874035e+02
-8.853403365542025938e+01
-1.251418627807431676e+02
-1.251434419677276253e+02
-9.244513595613803147e+01
-1.251355078801343410e+02
-1.248442896605779850e+02
