4.644396646813383489e-01 2.757920193654282981e-01 1.900000000000000000e+01 1.090000000000000000e+02 0.000000000000000000e+00
1.329639811692434614e-01 6.931209969714525743e-01 1.900000000000000000e+01 1.030000000000000000e+02 0.000000000000000000e+00
6.596405499982391785e-01 1.256475969947519866e+00 6.000000000000000000e+00 1.730000000000000000e+02 0.000000000000000000e+00
3.530070942862953975e-01 6.822757888540377236e-01 1.200000000000000000e+01 5.600000000000000000e+01 0.000000000000000000e+00
7.820431967404700702e-01 5.712983088541255805e-01 1.400000000000000000e+01 5.200000000000000000e+01 0.000000000000000000e+00
4.649208312197764537e-01 1.065216573577371539e+00 1.800000000000000000e+01 1.410000000000000000e+02 0.000000000000000000e+00
2.662482897262155035e-01 1.910535785441846546e+00 1.400000000000000000e+01 9.300000000000000000e+01 0.000000000000000000e+00
5.664735695200261434e-01 8.883557597180334886e-01 2.000000000000000000e+00 5.800000000000000000e+01 0.000000000000000000e+00
2.413090835305885529e-01 1.621390637405789870e-01 1.800000000000000000e+01 3.000000000000000000e+01 0.000000000000000000e+00
3.565695558984426777e-02 1.021867126928569292e+00 1.500000000000000000e+01 1.050000000000000000e+02 0.000000000000000000e+00
5.228726016883740169e-01 3.361539533428362647e-01 1.500000000000000000e+01 1.770000000000000000e+02 0.000000000000000000e+00
2.424278883395289963e-01 2.836515003316343320e-01 7.000000000000000000e+00 1.670000000000000000e+02 0.000000000000000000e+00
1.670931901155341404e-01 6.483938416026654439e-01 1.200000000000000000e+01 6.000000000000000000e+00 0.000000000000000000e+00
6.454844633900275186e-01 9.537493948363010565e-01 1.300000000000000000e+01 8.400000000000000000e+01 0.000000000000000000e+00
7.009231807903081035e-02 2.587871753550098353e-01 1.300000000000000000e+01 3.100000000000000000e+01 0.000000000000000000e+00
4.436005413645791595e-01 1.073367304471319061e-01 2.000000000000000000e+00 1.310000000000000000e+02 0.000000000000000000e+00
7.791965588845524149e-01 1.297433741108092287e+00 2.000000000000000000e+01 1.410000000000000000e+02 0.000000000000000000e+00
3.889306086154858955e-01 1.839546946572691299e-01 7.000000000000000000e+00 5.000000000000000000e+00 0.000000000000000000e+00
9.444329601562754251e-01 1.839889412299743621e-01 6.000000000000000000e+00 7.500000000000000000e+01 0.000000000000000000e+00
3.615531963192819553e-01 3.308949001682534030e-01 2.000000000000000000e+00 1.520000000000000000e+02 0.000000000000000000e+00
1.007865321412926285e+00 1.996000477899607439e+00 2.000000000000000000e+01 7.900000000000000000e+01 0.000000000000000000e+00
1.628179865528167625e-01 1.747466315297014683e+00 1.700000000000000000e+01 5.100000000000000000e+01 0.000000000000000000e+00
1.648108301795253583e-01 5.872254000482782788e-01 9.000000000000000000e+00 1.390000000000000000e+02 0.000000000000000000e+00
1.088809457219191840e-01 4.666421442846545586e-01 1.500000000000000000e+01 2.900000000000000000e+01 0.000000000000000000e+00
1.937699237661205665e-01 7.853878689917000999e-01 1.800000000000000000e+01 1.650000000000000000e+02 0.000000000000000000e+00
2.564386215341111219e-01 4.655481006038099112e-01 1.200000000000000000e+01 1.030000000000000000e+02 0.000000000000000000e+00
7.671073450282904493e-02 7.918492508404549879e-01 9.000000000000000000e+00 1.250000000000000000e+02 0.000000000000000000e+00
6.458612840123379994e-01 1.891966105624668382e+00 2.000000000000000000e+00 1.080000000000000000e+02 0.000000000000000000e+00
1.748266545525324345e-01 1.274462818531765906e+00 1.600000000000000000e+01 1.660000000000000000e+02 0.000000000000000000e+00
4.141046652730246969e-01 1.047784544555771635e+00 1.000000000000000000e+01 5.900000000000000000e+01 0.000000000000000000e+00
6.591322786668916967e-02 1.190773733195234163e+00 1.700000000000000000e+01 1.890000000000000000e+02 0.000000000000000000e+00
6.388777597379018403e-01 4.527798813769922104e-01 1.200000000000000000e+01 7.500000000000000000e+01 0.000000000000000000e+00
6.315846631960716495e-01 4.923698839205575828e-01 1.800000000000000000e+01 4.500000000000000000e+01 0.000000000000000000e+00
6.696178516404788228e-01 6.455382080976520554e-01 2.000000000000000000e+00 4.200000000000000000e+01 0.000000000000000000e+00
9.222756377515772819e-01 1.575828941669300820e-01 9.000000000000000000e+00 9.900000000000000000e+01 0.000000000000000000e+00
4.123883596074771063e-01 4.044126267099606986e-01 1.700000000000000000e+01 1.150000000000000000e+02 0.000000000000000000e+00
1.369660794210281196e-01 1.467602368724989725e+00 1.400000000000000000e+01 7.600000000000000000e+01 0.000000000000000000e+00
3.136095856348751765e-01 3.222025223305039487e-01 1.800000000000000000e+01 6.500000000000000000e+01 0.000000000000000000e+00
9.497871356976377299e-01 1.629899442678159449e+00 4.000000000000000000e+00 1.380000000000000000e+02 0.000000000000000000e+00
7.747959169556919434e-01 1.140064113395519829e+00 2.000000000000000000e+01 1.580000000000000000e+02 0.000000000000000000e+00
4.614881281636561833e-02 1.139933957260352626e+00 1.600000000000000000e+01 1.420000000000000000e+02 0.000000000000000000e+00
5.795845456541539598e-01 1.497905244843894312e+00 1.300000000000000000e+01 1.670000000000000000e+02 0.000000000000000000e+00
3.548194064529339720e-01 8.391724269640666867e-01 1.300000000000000000e+01 1.820000000000000000e+02 0.000000000000000000e+00
5.338407098369246651e-01 1.784659340906226133e+00 9.000000000000000000e+00 3.300000000000000000e+01 0.000000000000000000e+00
9.300191389833188660e-02 2.073091231901498244e+00 1.600000000000000000e+01 1.730000000000000000e+02 0.000000000000000000e+00
8.363872459377883484e-01 1.647944324786727144e+00 7.000000000000000000e+00 1.020000000000000000e+02 0.000000000000000000e+00
2.597276833752674152e-01 1.899510888007768905e+00 1.400000000000000000e+01 8.900000000000000000e+01 0.000000000000000000e+00
5.940469906225157581e-01 6.666716312515460485e-01 1.600000000000000000e+01 1.980000000000000000e+02 0.000000000000000000e+00
8.404938458096254950e-01 1.878693527926334816e+00 5.000000000000000000e+00 2.900000000000000000e+01 0.000000000000000000e+00
7.405022309543315417e-01 8.080375012530550682e-01 1.900000000000000000e+01 1.180000000000000000e+02 0.000000000000000000e+00
5.258706823672115727e-01 1.868658963735418510e+00 5.000000000000000000e+00 1.420000000000000000e+02 1.000000000000000000e+00
1.791226719427673614e-02 1.763500021441706922e+00 1.700000000000000000e+01 1.950000000000000000e+02 1.000000000000000000e+00
6.087371931410600068e-01 2.090689436611716356e+00 1.500000000000000000e+01 1.430000000000000000e+02 1.000000000000000000e+00
7.408572189554682996e-01 1.277357754919526300e+00 1.900000000000000000e+01 1.920000000000000000e+02 1.000000000000000000e+00
2.312957519742308427e-02 4.509771468421447382e-01 1.200000000000000000e+01 4.800000000000000000e+01 1.000000000000000000e+00
5.128307309666100267e-01 9.083793940182144366e-01 9.000000000000000000e+00 1.490000000000000000e+02 1.000000000000000000e+00
5.819207126635186356e-01 1.004503784681111345e+00 9.000000000000000000e+00 1.720000000000000000e+02 1.000000000000000000e+00
7.739294154845922646e-01 1.863858436642714222e+00 1.000000000000000000e+00 1.300000000000000000e+01 1.000000000000000000e+00
7.920268325528216913e-01 6.470267669615813455e-01 1.900000000000000000e+01 1.160000000000000000e+02 1.000000000000000000e+00
8.905748968069896465e-01 3.666556896792650955e-01 1.900000000000000000e+01 1.970000000000000000e+02 1.000000000000000000e+00
1.537805761965675977e-01 2.322391729605321198e-01 6.000000000000000000e+00 3.000000000000000000e+01 1.000000000000000000e+00
6.434966560701025351e-01 1.154636248596336401e+00 1.000000000000000000e+00 1.510000000000000000e+02 1.000000000000000000e+00
6.828470416689761402e-01 1.337768513200007225e+00 2.000000000000000000e+00 1.620000000000000000e+02 1.000000000000000000e+00
7.683631567856642475e-01 1.274335925100775535e+00 1.700000000000000000e+01 4.700000000000000000e+01 1.000000000000000000e+00
1.781630755925287524e-01 1.957092539924880414e+00 1.400000000000000000e+01 1.250000000000000000e+02 1.000000000000000000e+00
9.886744841286641827e-02 7.133312944782005394e-01 1.200000000000000000e+01 1.230000000000000000e+02 1.000000000000000000e+00
5.737032829411758961e-01 5.067397755890069577e-01 1.800000000000000000e+01 3.000000000000000000e+01 1.000000000000000000e+00
2.413865947346354179e-01 4.884413382937354831e-01 1.300000000000000000e+01 1.970000000000000000e+02 1.000000000000000000e+00
3.731572147562509656e-01 5.394694650432382277e-01 6.000000000000000000e+00 6.600000000000000000e+01 1.000000000000000000e+00
8.642482030536317028e-01 1.365503837870444270e+00 1.100000000000000000e+01 9.200000000000000000e+01 1.000000000000000000e+00
5.804528585565126714e-02 1.089313824199958036e+00 1.000000000000000000e+00 1.410000000000000000e+02 1.000000000000000000e+00
5.255546933227627227e-01 8.546863259847824468e-01 9.000000000000000000e+00 1.000000000000000000e+01 1.000000000000000000e+00
9.868619254647771344e-01 1.309789088935354284e+00 1.700000000000000000e+01 6.400000000000000000e+01 1.000000000000000000e+00
9.138559789625240182e-01 1.395550698857848770e+00 1.300000000000000000e+01 1.570000000000000000e+02 1.000000000000000000e+00
5.390695830995739096e-02 1.528455433697348154e+00 1.100000000000000000e+01 1.540000000000000000e+02 1.000000000000000000e+00
4.749553245008408808e-01 1.199598642878531685e+00 1.500000000000000000e+01 8.600000000000000000e+01 1.000000000000000000e+00
3.252203566945830460e-01 2.006310426569479777e+00 1.400000000000000000e+01 1.010000000000000000e+02 1.000000000000000000e+00
8.076840006966470309e-01 1.289429345804582905e+00 1.600000000000000000e+01 7.400000000000000000e+01 1.000000000000000000e+00
5.904942112406902366e-01 2.633385570508727236e-01 2.000000000000000000e+01 1.240000000000000000e+02 1.000000000000000000e+00
4.733867242692079563e-02 2.293212147628672926e-01 8.000000000000000000e+00 1.240000000000000000e+02 1.000000000000000000e+00
5.445158018969886021e-02 1.552224850243161924e+00 1.600000000000000000e+01 8.300000000000000000e+01 1.000000000000000000e+00
5.898157287681252692e-01 1.046009983578614522e+00 1.500000000000000000e+01 1.230000000000000000e+02 1.000000000000000000e+00
8.257735990615446831e-01 1.170833859940122679e+00 1.700000000000000000e+01 8.300000000000000000e+01 1.000000000000000000e+00
8.594486388368515195e-01 3.300124164727130660e-01 7.000000000000000000e+00 1.400000000000000000e+02 1.000000000000000000e+00
9.525214191711133260e-01 1.457576992206824018e+00 1.200000000000000000e+01 1.030000000000000000e+02 1.000000000000000000e+00
7.219002975724516658e-01 5.115755538492384735e-01 1.200000000000000000e+01 4.200000000000000000e+01 1.000000000000000000e+00
8.599488089185237660e-01 4.124478208334388940e-01 1.400000000000000000e+01 6.300000000000000000e+01 1.000000000000000000e+00
7.589153371254652169e-01 4.775261360372112796e-01 1.200000000000000000e+01 3.000000000000000000e+01 1.000000000000000000e+00
4.171512789617809469e-01 1.639325671273780538e-01 1.400000000000000000e+01 7.500000000000000000e+01 1.000000000000000000e+00
9.948787323969356944e-01 1.675537777140962137e-01 1.200000000000000000e+01 9.000000000000000000e+01 1.000000000000000000e+00
7.430413291994690805e-01 1.786974660361754008e+00 7.000000000000000000e+00 5.200000000000000000e+01 1.000000000000000000e+00
9.756777075751171813e-01 2.867490243336677791e-01 3.000000000000000000e+00 7.000000000000000000e+00 1.000000000000000000e+00
7.041293418976617424e-01 3.317206494928798266e-01 1.100000000000000000e+01 1.850000000000000000e+02 1.000000000000000000e+00
7.665220745579377493e-01 6.688888966097829014e-01 1.600000000000000000e+01 1.620000000000000000e+02 1.000000000000000000e+00
7.520205317025520086e-01 6.603635176909162796e-01 2.000000000000000000e+00 1.000000000000000000e+02 1.000000000000000000e+00
2.496901312106637461e-01 1.662072599358065672e-01 7.000000000000000000e+00 1.440000000000000000e+02 1.000000000000000000e+00
6.856554230981206643e-01 6.943280217046786662e-01 1.000000000000000000e+00 2.900000000000000000e+01 1.000000000000000000e+00
9.015228236655179472e-01 1.558440598372069774e-01 1.200000000000000000e+01 1.900000000000000000e+02 1.000000000000000000e+00
7.602375919889912959e-02 1.502990783346479786e-01 1.500000000000000000e+01 4.000000000000000000e+01 1.000000000000000000e+00
7.422932350858004735e-01 2.160647068628681888e-01 1.600000000000000000e+01 1.000000000000000000e+00 1.000000000000000000e+00
7.320380202690948135e-01 2.016700462877357936e+00 4.000000000000000000e+00 1.100000000000000000e+02 2.000000000000000000e+00
4.769174903800925680e-01 7.851457806803913142e-01 5.000000000000000000e+00 1.280000000000000000e+02 2.000000000000000000e+00
9.265891688883328703e-01 1.819655272914838529e+00 1.000000000000000000e+00 8.500000000000000000e+01 2.000000000000000000e+00
6.085894250658077098e-01 1.753098176825223620e+00 4.000000000000000000e+00 1.460000000000000000e+02 2.000000000000000000e+00
8.795722701226525719e-02 5.415979920248418233e-01 1.400000000000000000e+01 1.670000000000000000e+02 2.000000000000000000e+00
8.798222541539765240e-01 7.647609519469670269e-01 1.700000000000000000e+01 1.360000000000000000e+02 2.000000000000000000e+00
6.106834960494067488e-01 2.007024983183255673e-01 1.200000000000000000e+01 1.140000000000000000e+02 2.000000000000000000e+00
2.349259508026875221e-01 6.381928607996391056e-01 6.000000000000000000e+00 1.840000000000000000e+02 2.000000000000000000e+00
9.550174369809727448e-01 5.459975137330806971e-01 5.000000000000000000e+00 4.600000000000000000e+01 2.000000000000000000e+00
5.094599172349744548e-02 1.831147283673697501e+00 1.700000000000000000e+01 1.600000000000000000e+02 2.000000000000000000e+00
7.915999585241482173e-01 1.019190507406555257e+00 1.200000000000000000e+01 1.680000000000000000e+02 2.000000000000000000e+00
7.103777475119833484e-01 7.279586528050300265e-01 1.200000000000000000e+01 3.300000000000000000e+01 2.000000000000000000e+00
9.982163532096117731e-01 1.565521869124438581e+00 3.000000000000000000e+00 8.900000000000000000e+01 2.000000000000000000e+00
2.168127356855726884e-01 1.768259275782841700e+00 9.000000000000000000e+00 2.400000000000000000e+01 2.000000000000000000e+00
8.659402170147921518e-02 8.612809271108151643e-01 5.000000000000000000e+00 1.370000000000000000e+02 2.000000000000000000e+00
8.901564869076000752e-01 1.688094819325890006e+00 7.000000000000000000e+00 7.400000000000000000e+01 2.000000000000000000e+00
9.073774195857968738e-01 9.131103685919647051e-01 1.600000000000000000e+01 1.500000000000000000e+01 2.000000000000000000e+00
4.999900257915147472e-01 7.767821877082644599e-01 1.300000000000000000e+01 1.020000000000000000e+02 2.000000000000000000e+00
6.999349879454452861e-01 1.138225537798405185e+00 1.300000000000000000e+01 1.580000000000000000e+02 2.000000000000000000e+00
2.343028288585493613e-01 8.483011091937483483e-01 1.000000000000000000e+01 5.200000000000000000e+01 2.000000000000000000e+00
8.505907209625760412e-01 1.412643834264852016e-01 1.000000000000000000e+00 1.990000000000000000e+02 2.000000000000000000e+00
2.373064604687273871e-01 1.223339099976517685e+00 1.200000000000000000e+01 1.730000000000000000e+02 2.000000000000000000e+00
6.225616437037335693e-01 5.088382573121229546e-01 1.000000000000000000e+01 2.500000000000000000e+01 2.000000000000000000e+00
4.334501363868279444e-01 3.939722467594829469e-01 1.900000000000000000e+01 9.600000000000000000e+01 2.000000000000000000e+00
8.282803949536050592e-01 1.982643953421507010e+00 1.100000000000000000e+01 6.300000000000000000e+01 2.000000000000000000e+00
4.338571643865742899e-01 1.208549888379626847e+00 1.600000000000000000e+01 9.400000000000000000e+01 2.000000000000000000e+00
5.081240130897782814e-01 1.857859553051359081e+00 1.400000000000000000e+01 1.560000000000000000e+02 2.000000000000000000e+00
4.395032856796687176e-02 3.087646639023539086e-01 1.600000000000000000e+01 6.500000000000000000e+01 2.000000000000000000e+00
6.109201320000029467e-01 2.061201486783121872e+00 1.400000000000000000e+01 1.140000000000000000e+02 2.000000000000000000e+00
4.055904585614156233e-01 3.153980972440032504e-01 1.600000000000000000e+01 1.600000000000000000e+01 2.000000000000000000e+00
6.011542021534758140e-01 4.992060815984636912e-01 1.100000000000000000e+01 1.320000000000000000e+02 2.000000000000000000e+00
1.040898423295231051e-01 5.786080060962662808e-01 1.000000000000000000e+00 2.000000000000000000e+02 2.000000000000000000e+00
7.349303149848927796e-02 2.143515367708960506e-01 1.900000000000000000e+01 1.460000000000000000e+02 2.000000000000000000e+00
5.087610737430979801e-01 6.588714037588102590e-01 6.000000000000000000e+00 7.400000000000000000e+01 2.000000000000000000e+00
2.918701288582014053e-01 1.815016025608854611e-01 1.800000000000000000e+01 2.600000000000000000e+01 2.000000000000000000e+00
5.034869964866384162e-01 1.584012025242264476e+00 8.000000000000000000e+00 1.030000000000000000e+02 2.000000000000000000e+00
9.142070198211021959e-01 2.188954236566872658e-01 1.400000000000000000e+01 1.350000000000000000e+02 2.000000000000000000e+00
4.636617281675963209e-01 1.127002265763354494e+00 2.000000000000000000e+00 6.400000000000000000e+01 2.000000000000000000e+00
1.002149972453393989e+00 1.567076944638017943e+00 1.900000000000000000e+01 5.500000000000000000e+01 2.000000000000000000e+00
1.002943141213768902e-01 2.132949128781333192e-01 1.300000000000000000e+01 5.700000000000000000e+01 2.000000000000000000e+00
6.574903802804171749e-01 5.201934451304727203e-01 6.000000000000000000e+00 7.700000000000000000e+01 2.000000000000000000e+00
8.401885554268694045e-02 1.485990838349148468e+00 1.000000000000000000e+01 1.140000000000000000e+02 2.000000000000000000e+00
9.571512207383255921e-01 1.430512805488354244e+00 7.000000000000000000e+00 1.850000000000000000e+02 2.000000000000000000e+00
3.030972835258023412e-01 2.511110490283404717e-01 8.000000000000000000e+00 5.200000000000000000e+01 2.000000000000000000e+00
4.128521125804298642e-01 1.173410368278971605e+00 2.000000000000000000e+00 3.100000000000000000e+01 2.000000000000000000e+00
8.490014452277248047e-01 1.643389901331338665e+00 1.500000000000000000e+01 4.900000000000000000e+01 2.000000000000000000e+00
4.342160634882149539e-01 7.065640686016642080e-01 7.000000000000000000e+00 1.890000000000000000e+02 2.000000000000000000e+00
5.596144116975198396e-02 1.061219026844917313e+00 1.100000000000000000e+01 6.000000000000000000e+01 2.000000000000000000e+00
5.558652577938230088e-01 6.426873813171573024e-01 1.300000000000000000e+01 7.400000000000000000e+01 2.000000000000000000e+00
3.207436273188526421e-01 1.951247312576176451e+00 2.000000000000000000e+00 1.810000000000000000e+02 2.000000000000000000e+00
9.332556164287003631e-01 6.134440001856357183e-01 5.000000000000000000e+00 1.650000000000000000e+02 3.000000000000000000e+00
5.605682080784494259e-01 2.001898130217165228e+00 2.000000000000000000e+00 3.900000000000000000e+01 3.000000000000000000e+00
9.712645277687508294e-01 1.885432530969783915e+00 8.000000000000000000e+00 5.500000000000000000e+01 3.000000000000000000e+00
5.934465449092907186e-01 1.152527280661390208e+00 9.000000000000000000e+00 5.900000000000000000e+01 3.000000000000000000e+00
9.823481032451522044e-01 9.295429581339266223e-01 1.700000000000000000e+01 1.720000000000000000e+02 3.000000000000000000e+00
1.724950311945980808e-01 1.930974127212572222e+00 9.000000000000000000e+00 8.300000000000000000e+01 3.000000000000000000e+00
5.459647362117165947e-01 2.240045308200505902e-01 1.000000000000000000e+00 2.000000000000000000e+00 3.000000000000000000e+00
7.276425248961231329e-01 9.333357702841421633e-01 5.000000000000000000e+00 4.200000000000000000e+01 3.000000000000000000e+00
5.401847261435427372e-01 9.056155559128674648e-01 4.000000000000000000e+00 3.700000000000000000e+01 3.000000000000000000e+00
8.895928171306431986e-01 1.516338794811660895e+00 1.000000000000000000e+00 5.400000000000000000e+01 3.000000000000000000e+00
6.106514384132543105e-01 5.124312245362335760e-01 1.100000000000000000e+01 1.840000000000000000e+02 3.000000000000000000e+00
3.828769718507050168e-01 1.449444296766202678e+00 1.100000000000000000e+01 9.400000000000000000e+01 3.000000000000000000e+00
5.366440064428201762e-01 8.782609477062063297e-01 7.000000000000000000e+00 2.000000000000000000e+00 3.000000000000000000e+00
7.794413795656360833e-01 7.556185813360815073e-01 9.000000000000000000e+00 1.700000000000000000e+02 3.000000000000000000e+00
4.678640379244161096e-01 1.721259926548813990e+00 1.900000000000000000e+01 1.010000000000000000e+02 3.000000000000000000e+00
9.313785599198732834e-01 6.880422930971871187e-01 1.200000000000000000e+01 1.900000000000000000e+01 3.000000000000000000e+00
4.772614956661732633e-01 3.151801242214525844e-01 2.000000000000000000e+00 8.700000000000000000e+01 3.000000000000000000e+00
3.069630290824219010e-01 1.882282736290086911e+00 2.000000000000000000e+01 6.300000000000000000e+01 3.000000000000000000e+00
7.657710822454110167e-01 1.341830044340475148e+00 1.800000000000000000e+01 1.590000000000000000e+02 3.000000000000000000e+00
9.648613514715528305e-01 1.754802160896352659e+00 1.500000000000000000e+01 2.100000000000000000e+01 3.000000000000000000e+00
3.477441301777413063e-01 1.818213326941775509e+00 1.500000000000000000e+01 1.880000000000000000e+02 3.000000000000000000e+00
4.645746982398197833e-01 1.334578555717379489e+00 8.000000000000000000e+00 1.600000000000000000e+01 3.000000000000000000e+00
9.934796610266107830e-01 8.976311714415555754e-01 1.800000000000000000e+01 1.230000000000000000e+02 3.000000000000000000e+00
5.418495417414127546e-01 1.980060630592064719e+00 1.800000000000000000e+01 1.370000000000000000e+02 3.000000000000000000e+00
5.540188919455035776e-01 2.232368518543396407e-01 1.200000000000000000e+01 1.440000000000000000e+02 3.000000000000000000e+00
5.948722496172264423e-02 1.669001110731175741e+00 1.700000000000000000e+01 7.000000000000000000e+01 3.000000000000000000e+00
1.417187188414520405e-01 5.343338170155779165e-01 1.000000000000000000e+01 1.180000000000000000e+02 3.000000000000000000e+00
5.489044084103554821e-01 1.463609700983183048e-01 1.700000000000000000e+01 1.990000000000000000e+02 3.000000000000000000e+00
6.757867968821528182e-01 1.075299980191982252e+00 1.900000000000000000e+01 8.400000000000000000e+01 3.000000000000000000e+00
8.241586619401656266e-01 1.168679750826059349e+00 1.000000000000000000e+01 1.490000000000000000e+02 3.000000000000000000e+00
1.372368561387781426e-02 1.526382490265612679e+00 1.000000000000000000e+01 1.120000000000000000e+02 3.000000000000000000e+00
9.852925976811698072e-02 2.122427734926503329e-01 6.000000000000000000e+00 1.460000000000000000e+02 3.000000000000000000e+00
4.590778522010140889e-02 1.349795858627558021e+00 1.000000000000000000e+00 1.850000000000000000e+02 3.000000000000000000e+00
3.805947308376481653e-01 9.869614526692850331e-01 1.200000000000000000e+01 1.930000000000000000e+02 3.000000000000000000e+00
1.929186225814739641e-01 6.675199433224682233e-01 2.000000000000000000e+00 1.700000000000000000e+02 3.000000000000000000e+00
9.690023402525566043e-01 1.236219436521732939e+00 7.000000000000000000e+00 1.060000000000000000e+02 3.000000000000000000e+00
1.029994471794907079e-01 1.401946026717357796e+00 5.000000000000000000e+00 8.500000000000000000e+01 3.000000000000000000e+00
3.348637424810868568e-01 1.585911181996275676e+00 1.400000000000000000e+01 1.620000000000000000e+02 3.000000000000000000e+00
2.121933506103064193e-01 3.350646524455093145e-01 1.400000000000000000e+01 2.000000000000000000e+01 3.000000000000000000e+00
7.695349316343657042e-01 1.963391891253555288e+00 3.000000000000000000e+00 7.700000000000000000e+01 3.000000000000000000e+00
1.002672562421278002e+00 1.512167177954075070e+00 8.000000000000000000e+00 7.400000000000000000e+01 3.000000000000000000e+00
5.802686078313379348e-01 2.041471996480683337e+00 1.600000000000000000e+01 1.210000000000000000e+02 3.000000000000000000e+00
7.662789700808365634e-01 1.855268383206216010e+00 8.000000000000000000e+00 1.250000000000000000e+02 3.000000000000000000e+00
1.612219757771983231e-01 7.204922070134370804e-01 1.400000000000000000e+01 2.100000000000000000e+01 3.000000000000000000e+00
8.652550466332828982e-01 1.423334602980307340e+00 1.600000000000000000e+01 1.900000000000000000e+02 3.000000000000000000e+00
9.152884587375496872e-02 1.388379662015171379e+00 8.000000000000000000e+00 1.460000000000000000e+02 3.000000000000000000e+00
8.582283942049073744e-01 9.936205386635225123e-01 1.000000000000000000e+01 1.640000000000000000e+02 3.000000000000000000e+00
1.815994215816455482e-01 1.993299622500140700e+00 2.000000000000000000e+01 2.300000000000000000e+01 3.000000000000000000e+00
6.664516083719189687e-01 9.368398736911077718e-01 1.900000000000000000e+01 5.700000000000000000e+01 3.000000000000000000e+00
7.151684859325043719e-01 1.262513167328261687e+00 3.000000000000000000e+00 8.400000000000000000e+01 3.000000000000000000e+00
3.497876736635183725e-01 8.289552418570199643e-01 1.900000000000000000e+01 1.490000000000000000e+02 4.000000000000000000e+00
4.368141457374239423e-01 8.860085996849430545e-01 8.000000000000000000e+00 2.000000000000000000e+01 4.000000000000000000e+00
5.687581518347940568e-01 1.565503522261585623e+00 9.000000000000000000e+00 1.930000000000000000e+02 4.000000000000000000e+00
4.549041348352331759e-01 1.840725775770394590e-01 1.000000000000000000e+01 8.900000000000000000e+01 4.000000000000000000e+00
6.007799872928708956e-02 1.887625301826755919e+00 1.300000000000000000e+01 5.800000000000000000e+01 4.000000000000000000e+00
4.936329667213050776e-01 2.051295220857893842e+00 2.000000000000000000e+01 1.050000000000000000e+02 4.000000000000000000e+00
8.903472250447150849e-01 1.655906228382040712e+00 2.000000000000000000e+01 9.000000000000000000e+01 4.000000000000000000e+00
8.955553800780664542e-01 2.956809557723335535e-01 1.500000000000000000e+01 8.600000000000000000e+01 4.000000000000000000e+00
7.781580321463152927e-01 2.082682210378385523e+00 1.400000000000000000e+01 4.800000000000000000e+01 4.000000000000000000e+00
9.886283396863955186e-01 3.691764192401377764e-01 1.300000000000000000e+01 4.700000000000000000e+01 4.000000000000000000e+00
5.354383888274437675e-01 4.266670177219037408e-01 1.800000000000000000e+01 4.500000000000000000e+01 4.000000000000000000e+00
5.507765997436054883e-01 1.290955487591436412e+00 9.000000000000000000e+00 1.050000000000000000e+02 4.000000000000000000e+00
7.706871446928095226e-01 3.217504682071855582e-01 1.700000000000000000e+01 9.000000000000000000e+01 4.000000000000000000e+00
4.008098791451535359e-01 1.360193387019989819e+00 8.000000000000000000e+00 1.950000000000000000e+02 4.000000000000000000e+00
3.342784625378023566e-01 5.081941533809256617e-01 2.000000000000000000e+01 1.630000000000000000e+02 4.000000000000000000e+00
6.683915170271415018e-01 6.229403164142431892e-01 1.600000000000000000e+01 4.400000000000000000e+01 4.000000000000000000e+00
3.641625865705276910e-01 1.426200306449491917e+00 1.000000000000000000e+00 3.400000000000000000e+01 4.000000000000000000e+00
2.576726021434523339e-01 1.152761324992102043e+00 5.000000000000000000e+00 7.000000000000000000e+01 4.000000000000000000e+00
8.159709697217478741e-01 8.755287692225807161e-01 1.100000000000000000e+01 6.700000000000000000e+01 4.000000000000000000e+00
1.740994997079055029e-01 2.251676980440223963e-01 1.800000000000000000e+01 1.800000000000000000e+02 4.000000000000000000e+00
8.219924170282599807e-01 8.866497499871864862e-01 3.000000000000000000e+00 7.000000000000000000e+01 4.000000000000000000e+00
2.619445395133352950e-01 8.596290424215772275e-01 1.000000000000000000e+00 1.230000000000000000e+02 4.000000000000000000e+00
9.156894193750664268e-01 1.325991694319971659e+00 1.900000000000000000e+01 1.720000000000000000e+02 4.000000000000000000e+00
1.750809640368390374e-01 5.402155260329372100e-01 8.000000000000000000e+00 6.000000000000000000e+01 4.000000000000000000e+00
3.626537320788140173e-01 2.360664346077189502e-01 2.000000000000000000e+00 1.450000000000000000e+02 4.000000000000000000e+00
4.634855471770121804e-01 9.000372865872500183e-01 6.000000000000000000e+00 1.190000000000000000e+02 4.000000000000000000e+00
2.363076235358970711e-01 2.065809136447488203e+00 3.000000000000000000e+00 1.520000000000000000e+02 4.000000000000000000e+00
5.947345640232503533e-02 1.615441471942638429e+00 1.000000000000000000e+01 1.390000000000000000e+02 4.000000000000000000e+00
9.172292037841994761e-01 2.099165386612594553e+00 9.000000000000000000e+00 1.270000000000000000e+02 4.000000000000000000e+00
9.728576794615215739e-01 1.809564050670464441e+00 1.900000000000000000e+01 1.270000000000000000e+02 4.000000000000000000e+00
5.287796700829143770e-01 1.948819484941096025e+00 1.100000000000000000e+01 1.580000000000000000e+02 4.000000000000000000e+00
6.376834463958388488e-01 1.804666949005553356e+00 1.700000000000000000e+01 2.500000000000000000e+01 4.000000000000000000e+00
2.673684203382897806e-01 7.012803682559837215e-01 1.400000000000000000e+01 1.940000000000000000e+02 4.000000000000000000e+00
1.705384474156365071e-01 1.769392465104764778e+00 5.000000000000000000e+00 7.700000000000000000e+01 4.000000000000000000e+00
7.495421764914498297e-01 1.466169885185027555e+00 5.000000000000000000e+00 1.120000000000000000e+02 4.000000000000000000e+00
1.330852236992281501e-01 1.366591527926836358e+00 1.300000000000000000e+01 1.150000000000000000e+02 4.000000000000000000e+00
1.835307864800890254e-01 1.656681693724485926e+00 1.300000000000000000e+01 1.120000000000000000e+02 4.000000000000000000e+00
4.475192098316234102e-01 1.283815324956194104e+00 2.000000000000000000e+01 1.620000000000000000e+02 4.000000000000000000e+00
2.150862806960370799e-01 1.871520830590227558e+00 1.400000000000000000e+01 1.380000000000000000e+02 4.000000000000000000e+00
8.625448149061825109e-01 1.149190247835746304e+00 2.000000000000000000e+00 6.900000000000000000e+01 4.000000000000000000e+00
3.178259970974780524e-01 1.391953639400080878e+00 1.600000000000000000e+01 1.890000000000000000e+02 4.000000000000000000e+00
6.190385053521400005e-01 1.414245941917292859e-01 1.000000000000000000e+01 1.520000000000000000e+02 4.000000000000000000e+00
1.208425852277111717e-01 1.008690019235070290e+00 2.000000000000000000e+00 3.100000000000000000e+01 4.000000000000000000e+00
3.189732389227585285e-01 1.735068885853107146e+00 9.000000000000000000e+00 1.670000000000000000e+02 4.000000000000000000e+00
3.608527877230904846e-01 1.427024139901466482e+00 8.000000000000000000e+00 7.000000000000000000e+00 4.000000000000000000e+00
7.149738566416562191e-02 1.630076330603030366e+00 6.000000000000000000e+00 5.200000000000000000e+01 4.000000000000000000e+00
3.204190784324717489e-01 1.601890247010926416e+00 3.000000000000000000e+00 1.730000000000000000e+02 4.000000000000000000e+00
9.806537817436375981e-01 1.330700419461871897e+00 1.000000000000000000e+01 1.230000000000000000e+02 4.000000000000000000e+00
6.021347116594292226e-01 1.938944953593009002e+00 1.000000000000000000e+01 6.000000000000000000e+01 4.000000000000000000e+00
6.547743941736851037e-01 6.425616226108145090e-01 1.700000000000000000e+01 1.310000000000000000e+02 4.000000000000000000e+00
