-9.059891657709320612e+01
-1.113874113190745874e+02
-1.312998913362088160e+02
-1.096148188598503168e+02
-1.039991159590763345e+02
-1.265992823777354346e+02
-1.330969200508141057e+02
-1.201017302042921386e+02
-8.942425079290981671e+01
-1.321021953381948606e+02
-9.241539926210019473e+01
-9.105226476095685939e+01
-1.307763479948692122e+02
-1.224452240318174603e+02
-1.096976308925667922e+02
-9.348897206434575935e+01
-1.317896726324530050e+02
-1.124809688203070692e+02
-9.058772094752420401e+01
-9.540444826185620286e+01
-1.330968166357296809e+02
-1.330964377071757951e+02
-1.041833128426531374e+02
-1.116533621536040641e+02
-1.141151233722587079e+02
-9.800824099056201533e+01
-1.175086596887971382e+02
-1.330968309483734515e+02
-1.326468400014273357e+02
-1.266807859123026105e+02
-1.327302435080031842e+02
-9.748887525791717223e+01
-9.981261464300528985e+01
-1.074591485744807500e+02
-9.233880988976501669e+01
-9.487760694925071903e+01
-1.330929495150703588e+02
-9.161198627354578150e+01
-1.330941989637936160e+02
-1.291349687942785636e+02
-1.326874875468704431e+02
-1.330213894759023958e+02
-1.168123827489597915e+02
-1.330966162675050271e+02
-1.330963798347566467e+02
-1.330964932277117612e+02
-1.330965852974402708e+02
-1.081500925915203339e+02
-1.330966409508395145e+02
-1.155323738452506319e+02
-1.278401102952877721e+02
-1.278354736429942164e+02
-1.278400844702897103e+02
-1.264129962619850289e+02
-1.217603157664448759e+02
-1.167199039808031387e+02
-1.198719721884400400e+02
-1.278401875581848657e+02
-1.048463076846650353e+02
-9.176707821181213376e+01
-9.438273906291443893e+01
-1.242370421237431515e+02
-1.269423530950693362e+02
-1.271833670142658264e+02
-1.278398016309219827e+02
-1.100672378141055248e+02
-9.862626706230523155e+01
-9.669074586622896561e+01
-9.968417728604447348e+01
-1.272969333210145919e+02
-1.276948461256431671e+02
-1.221242252129417665e+02
-1.269454090350118349e+02
-1.273095922056672151e+02
-1.278383851968349916e+02
-1.254347795916870751e+02
-1.278401361637339022e+02
-1.267742152001089266e+02
-8.853407460058672029e+01
-9.106383198892548592e+01
-1.278294470624576888e+02
-1.212818739940166495e+02
-1.248381401184208670e+02
-9.071036624760387213e+01
-1.276544683127296196e+02
-9.844554171627041228e+01
-9.410385493804182033e+01
-9.742819722846816433e+01
-8.984760952087123087e+01
-9.040145388254656211e+01
-1.278399237281162328e+02
-9.501469670682371316e+01
-9.061373524271347435e+01
-1.056595234639876111e+02
-1.052208879707263804e+02
-8.826933931163645752e+01
-1.101634393956470319e+02
-9.077488798884613175e+01
-9.493760644902781110e+01
-1.232489747208712174e+02
-1.235615278901095024e+02
-1.076946395309888516e+02
-1.235615173269647897e+02
-1.235613457685532239e+02
-9.754241098777529828e+01
-1.071684251451856369e+02
-8.705421222854349139e+01
-1.010094659916040740e+02
-9.788349349292855095e+01
-1.235608113756652102e+02
-1.165326248494693999e+02
-1.063127051612664076e+02
-1.235534683525581983e+02
-1.235613265874780211e+02
-1.122148468265723835e+02
-1.235613477867565138e+02
-1.143047998527829918e+02
-1.073523268411870504e+02
-1.195953075777650412e+02
-1.116842295267364022e+02
-9.911953902645103653e+01
-1.214064500274341469e+02
-9.670253983653044827e+01
-9.050719249982650183e+01
-1.235614940190450994e+02
-1.211557018713477589e+02
-1.235613926039583532e+02
-1.006166127807762081e+02
-1.235614888778040097e+02
-9.182485913068579464e+01
-9.516261528544811199e+01
-1.040641456983483266e+02
-8.523803314005070320e+01
-1.021919362945531020e+02
-8.564119726605342464e+01
-1.235597687414622357e+02
-8.716267691522733685e+01
-1.199301515323123937e+02
-1.235550056349220540e+02
-8.861795619046075956e+01
-9.603946090111301714e+01
-1.235584561398976859e+02
-1.230051031634940841e+02
-8.624678298028575796e+01
-1.233803363568712399e+02
-1.235603073731460881e+02
-1.040404757812402465e+02
-1.230632773767493120e+02
-1.015011061779608923e+02
-1.235614739482332283e+02
-1.006238208927547220e+02
-1.239422387196829334e+02
-1.239421960293541076e+02
-1.207386232115343887e+02
-1.144304043658857211e+02
-1.239421059495535076e+02
-1.228314155080461916e+02
-1.144621283198961663e+02
-1.136943876549406269e+02
-1.239400832002760779e+02
-9.543477759037226349e+01
-1.239119751755659991e+02
-1.235115630528282651e+02
-1.068061541908752901e+02
-1.239420092276474890e+02
-1.055956174604208258e+02
-9.022241606106769041e+01
-1.239418807201321471e+02
-1.229608854961199711e+02
-1.239418682247630272e+02
-1.239421781332553394e+02
-1.239296952939888001e+02
-1.133347976156114782e+02
-1.239422564830508549e+02
-8.662283346040172205e+01
-1.239360723919234317e+02
-9.703039210818749893e+01
-9.043394901370471928e+01
-1.186212186356353442e+02
-1.208539377301191422e+02
-1.239035298883854210e+02
-8.551301454675085267e+01
-1.239406692549351874e+02
-1.158834629036774402e+02
-1.025689929945405368e+02
-1.220275809187054961e+02
-1.239391380592585108e+02
-1.239313378157773684e+02
-9.770072240271619535e+01
-1.239423326710996491e+02
-1.239246355418534904e+02
-1.239422698296586418e+02
-1.239422760808675008e+02
-1.143182352285851522e+02
-1.233846146300437283e+02
-1.239324137922219506e+02
-1.162916971237143002e+02
-1.239409510925465696e+02
-1.144971576259735713e+02
-1.223627425149888381e+02
-1.118120054209629615e+02
-1.167376803457930095e+02
-1.250895943316285468e+02
-8.932194166528897483e+01
-1.251413905118714354e+02
-1.251434337689939440e+02
-1.251414599203481970e+02
-8.872440871113283833e+01
-1.251433762243611199e+02
-9.100385261133376957e+01
-9.312859651178855813e+01
-1.238818738482912067e+02
-8.913866122696545347e+01
-1.243459641498616151e+02
-9.641135798824765857e+01
-1.026026970234178890e+02
-1.251433716719489979e+02
-1.237507919373447720e+02
-1.143594946435309225e+02
-8.739717817895612484e+01
-1.145821196622255798e+02
-1.134942465492386816e+02
-1.241396520835819928e+02
-1.008944156606772538e+02
-8.966342168218804431e+01
-1.148233747290937004e+02
-1.251434194315802557e+02
-1.251425596872155239e+02
-1.251434505141035629e+02
-1.251433375343784746e+02
-1.251434998244737216e+02
-1.251434516718841365e+02
-1.056122301356250404e+02
-1.251434676566686193e+02
-1.249763194490762999e+02
-1.251204378903686631e+02
-1.251428482271171418e+02
-1.237494211284462864e+02
-1.251434907532600818e+02
-1.218984411879171432e+02
-1.247189189184390727e+02
-9.074817885316913646e+01
-1.249811474134879177e+02
-1.251434330697763926e+02
-1.251176155789073903e+02
-1.251419873355104500e+02
-1.251433936214639857e+02
-1.241680315987555758e+02
-1.251434087513554374e+02
-1.033251222193321439e+02
