1.257528358092654397e-01 8.626514418397207562e-01 1.500000000000000000e+01 9.000000000000000000e+00 0.000000000000000000e+00
6.860696106714141429e-01 1.344042921931226653e+00 3.000000000000000000e+00 3.600000000000000000e+01 0.000000000000000000e+00
1.462419454449291889e-01 7.079825122611501653e-01 1.400000000000000000e+01 7.600000000000000000e+01 0.000000000000000000e+00
4.745181371897244649e-01 1.344986223255214108e+00 6.000000000000000000e+00 8.700000000000000000e+01 0.000000000000000000e+00
9.147182136657078244e-01 5.462599390469872196e-01 8.000000000000000000e+00 1.390000000000000000e+02 0.000000000000000000e+00
5.977720257987934049e-01 2.009381881084578991e-01 7.000000000000000000e+00 2.000000000000000000e+00 0.000000000000000000e+00
7.509194089194669575e-01 4.898537837270725559e-01 1.300000000000000000e+01 1.690000000000000000e+02 0.000000000000000000e+00
7.482065231052071885e-01 7.042520225021432489e-01 8.000000000000000000e+00 1.360000000000000000e+02 0.000000000000000000e+00
7.843316946409220058e-01 1.757907612553786025e+00 1.500000000000000000e+01 1.390000000000000000e+02 0.000000000000000000e+00
9.187386457062046707e-01 1.195845670344455103e+00 1.800000000000000000e+01 7.300000000000000000e+01 0.000000000000000000e+00
4.429730088009767863e-01 8.489691705241518838e-01 9.000000000000000000e+00 1.880000000000000000e+02 0.000000000000000000e+00
6.778381567188989099e-01 6.149300595164425287e-01 1.000000000000000000e+01 8.200000000000000000e+01 0.000000000000000000e+00
1.878198418890459909e-01 2.025008350511964927e+00 1.700000000000000000e+01 1.930000000000000000e+02 0.000000000000000000e+00
2.084011475751336162e-01 7.382727199166577714e-01 1.900000000000000000e+01 3.700000000000000000e+01 0.000000000000000000e+00
4.593184811771522380e-01 9.030051927483134788e-01 9.000000000000000000e+00 2.000000000000000000e+01 0.000000000000000000e+00
3.890215107089994850e-01 1.256260369406279720e+00 1.700000000000000000e+01 7.400000000000000000e+01 0.000000000000000000e+00
9.950957251265555303e-01 4.845231902551377923e-01 8.000000000000000000e+00 1.760000000000000000e+02 0.000000000000000000e+00
4.066331977194168612e-01 1.761497969937227293e+00 2.000000000000000000e+00 7.900000000000000000e+01 0.000000000000000000e+00
7.006860803576979713e-01 1.319996194829342828e+00 2.000000000000000000e+00 6.800000000000000000e+01 0.000000000000000000e+00
9.846946149190051178e-01 1.042126380378082251e+00 5.000000000000000000e+00 9.100000000000000000e+01 0.000000000000000000e+00
8.702492054879948924e-01 1.253489302355056401e+00 1.000000000000000000e+01 1.270000000000000000e+02 0.000000000000000000e+00
5.782585653188936359e-01 4.625664283191096571e-01 1.600000000000000000e+01 7.100000000000000000e+01 0.000000000000000000e+00
3.001895188655135938e-01 1.214177295347947716e+00 3.000000000000000000e+00 5.400000000000000000e+01 0.000000000000000000e+00
1.727661767918392544e-01 1.250043582806293907e+00 9.000000000000000000e+00 9.900000000000000000e+01 0.000000000000000000e+00
3.495841233060913850e-02 3.711561518608247345e-01 1.300000000000000000e+01 1.100000000000000000e+01 0.000000000000000000e+00
9.405207167284378444e-01 4.796810945222435008e-01 5.000000000000000000e+00 1.240000000000000000e+02 0.000000000000000000e+00
2.323208735649036072e-01 1.073623549698681012e+00 6.000000000000000000e+00 9.000000000000000000e+01 0.000000000000000000e+00
4.829811789653485343e-01 1.782060414528624515e+00 3.000000000000000000e+00 9.300000000000000000e+01 0.000000000000000000e+00
1.851408214167938882e-01 2.016158987466624364e+00 1.000000000000000000e+00 1.000000000000000000e+00 0.000000000000000000e+00
6.700464042058766889e-01 6.490047075620154482e-01 1.400000000000000000e+01 3.500000000000000000e+01 0.000000000000000000e+00
3.996964121312829299e-01 1.669718623185786566e+00 4.000000000000000000e+00 1.030000000000000000e+02 0.000000000000000000e+00
5.192215168803508973e-01 1.531316815396318365e+00 2.000000000000000000e+01 1.310000000000000000e+02 0.000000000000000000e+00
6.736822708974198326e-01 1.132839787198209658e+00 9.000000000000000000e+00 7.500000000000000000e+01 0.000000000000000000e+00
9.443921726146619067e-01 1.956378715038005867e+00 1.600000000000000000e+01 1.550000000000000000e+02 0.000000000000000000e+00
9.333135980754256877e-01 1.523762041795772293e-01 4.000000000000000000e+00 1.170000000000000000e+02 0.000000000000000000e+00
2.867322179070465049e-01 1.257746130602488632e+00 1.900000000000000000e+01 8.200000000000000000e+01 0.000000000000000000e+00
1.256492096036290196e-01 1.002737009301390758e+00 9.000000000000000000e+00 9.500000000000000000e+01 0.000000000000000000e+00
2.320364394805304320e-01 6.590779256743491965e-01 7.000000000000000000e+00 1.250000000000000000e+02 0.000000000000000000e+00
9.299140445429416868e-01 4.769656993000740419e-01 2.000000000000000000e+00 4.300000000000000000e+01 0.000000000000000000e+00
3.802294351753766621e-01 3.431612201090884495e-01 9.000000000000000000e+00 9.000000000000000000e+00 0.000000000000000000e+00
4.280919553453966797e-01 1.242192509470962047e+00 1.800000000000000000e+01 5.600000000000000000e+01 0.000000000000000000e+00
1.575024925011712096e-01 6.931000917660775640e-01 6.000000000000000000e+00 1.030000000000000000e+02 0.000000000000000000e+00
8.829267236158631071e-01 1.065583239092020351e+00 1.900000000000000000e+01 1.920000000000000000e+02 0.000000000000000000e+00
1.252440468830184027e-02 8.007901134644727081e-01 5.000000000000000000e+00 5.700000000000000000e+01 0.000000000000000000e+00
8.947885746924720551e-02 7.756048783403867164e-01 1.200000000000000000e+01 1.400000000000000000e+02 0.000000000000000000e+00
4.153523172807579433e-01 1.046529618542241524e-01 1.800000000000000000e+01 3.500000000000000000e+01 0.000000000000000000e+00
8.770493112988417828e-01 1.222769883356290110e+00 1.000000000000000000e+01 2.800000000000000000e+01 0.000000000000000000e+00
6.001682612345514700e-01 1.710698033596551371e+00 1.100000000000000000e+01 1.290000000000000000e+02 0.000000000000000000e+00
9.394244490087695354e-01 1.508163697534103120e-01 1.600000000000000000e+01 7.200000000000000000e+01 0.000000000000000000e+00
7.053440070587554400e-01 3.653081952731694892e-01 1.200000000000000000e+01 1.500000000000000000e+01 0.000000000000000000e+00
2.296706649730362315e-01 8.978958983190291621e-01 1.100000000000000000e+01 1.790000000000000000e+02 1.000000000000000000e+00
9.539295450074137817e-01 1.670594655382111160e+00 1.900000000000000000e+01 6.200000000000000000e+01 1.000000000000000000e+00
1.910244935177932701e-01 6.693283473571048914e-01 1.300000000000000000e+01 5.000000000000000000e+00 1.000000000000000000e+00
7.901829840720806519e-01 1.601258543952309488e+00 9.000000000000000000e+00 1.820000000000000000e+02 1.000000000000000000e+00
8.964581176543833241e-01 1.862509964920098460e+00 1.000000000000000000e+00 8.000000000000000000e+01 1.000000000000000000e+00
4.992742807697474472e-01 1.103007818851307720e+00 1.100000000000000000e+01 6.300000000000000000e+01 1.000000000000000000e+00
9.390051322573671477e-01 1.501500996348822670e-01 1.300000000000000000e+01 5.300000000000000000e+01 1.000000000000000000e+00
7.104126779866878350e-01 2.031895455979995102e+00 1.100000000000000000e+01 2.400000000000000000e+01 1.000000000000000000e+00
6.017223212865792092e-01 1.596461266006440116e+00 1.400000000000000000e+01 1.150000000000000000e+02 1.000000000000000000e+00
3.538714763515553585e-01 7.999224028945349785e-01 5.000000000000000000e+00 5.500000000000000000e+01 1.000000000000000000e+00
2.116577458002076861e-01 2.596982707881662078e-01 6.000000000000000000e+00 1.850000000000000000e+02 1.000000000000000000e+00
7.938298834430567164e-01 1.496191928189625209e+00 1.700000000000000000e+01 6.800000000000000000e+01 1.000000000000000000e+00
3.204450074348663691e-01 8.228968439978151528e-01 1.700000000000000000e+01 7.300000000000000000e+01 1.000000000000000000e+00
2.118807772409545542e-01 2.521277970848704308e-01 2.000000000000000000e+00 1.220000000000000000e+02 1.000000000000000000e+00
6.144705650333183167e-01 2.049604802688498761e+00 1.400000000000000000e+01 1.170000000000000000e+02 1.000000000000000000e+00
5.944681494414590928e-01 7.754881662504630180e-01 1.600000000000000000e+01 1.050000000000000000e+02 1.000000000000000000e+00
6.850187835092033106e-01 5.045417045479730911e-01 9.000000000000000000e+00 1.660000000000000000e+02 1.000000000000000000e+00
2.499373963410680410e-01 5.872933709836732907e-01 1.000000000000000000e+01 6.700000000000000000e+01 1.000000000000000000e+00
6.353779390382195968e-01 4.486696579459351630e-01 1.200000000000000000e+01 2.300000000000000000e+01 1.000000000000000000e+00
4.256190313640153544e-01 1.573492772522326888e+00 1.700000000000000000e+01 2.000000000000000000e+02 1.000000000000000000e+00
6.770280973053389717e-01 2.833596893258004679e-01 1.100000000000000000e+01 5.700000000000000000e+01 1.000000000000000000e+00
1.002192465517159764e-01 9.591561110877931950e-01 7.000000000000000000e+00 1.000000000000000000e+02 1.000000000000000000e+00
6.768221740202385872e-01 4.565983038212996226e-01 1.900000000000000000e+01 9.200000000000000000e+01 1.000000000000000000e+00
8.410400631624428414e-01 5.216889792850482044e-01 1.200000000000000000e+01 1.840000000000000000e+02 1.000000000000000000e+00
5.849639675648431458e-01 4.818368448984738928e-01 2.000000000000000000e+01 1.360000000000000000e+02 1.000000000000000000e+00
9.719111107300132391e-01 7.606439028891486265e-01 8.000000000000000000e+00 8.700000000000000000e+01 1.000000000000000000e+00
8.974595313275345321e-01 8.439894867762535169e-01 3.000000000000000000e+00 4.500000000000000000e+01 1.000000000000000000e+00
7.575675153324155087e-01 1.247418284323621729e-01 7.000000000000000000e+00 1.380000000000000000e+02 1.000000000000000000e+00
6.680130807824320449e-01 1.039276332840568751e+00 9.000000000000000000e+00 1.040000000000000000e+02 1.000000000000000000e+00
2.432295252830577459e-01 1.945448065334373755e+00 4.000000000000000000e+00 1.000000000000000000e+02 1.000000000000000000e+00
5.272450329883408005e-01 4.143441812913449818e-01 1.900000000000000000e+01 1.450000000000000000e+02 1.000000000000000000e+00
6.683162763082849123e-02 2.037764932144763286e+00 1.600000000000000000e+01 9.500000000000000000e+01 1.000000000000000000e+00
2.301736659840258187e-02 1.235951809907606336e+00 1.300000000000000000e+01 7.700000000000000000e+01 1.000000000000000000e+00
5.029558153913873397e-01 4.103014437122983749e-01 1.900000000000000000e+01 8.300000000000000000e+01 1.000000000000000000e+00
6.275709747175511888e-01 4.428702589143599377e-01 3.000000000000000000e+00 1.050000000000000000e+02 1.000000000000000000e+00
2.497059183416555639e-01 1.398481266113045018e+00 1.600000000000000000e+01 5.300000000000000000e+01 1.000000000000000000e+00
7.042535895475232621e-01 2.883174789581440800e-01 1.200000000000000000e+01 2.000000000000000000e+01 1.000000000000000000e+00
3.991862040843838777e-01 3.977641546297508990e-01 6.000000000000000000e+00 5.700000000000000000e+01 1.000000000000000000e+00
2.829167250015205415e-01 1.086869150974886900e+00 1.300000000000000000e+01 1.270000000000000000e+02 1.000000000000000000e+00
4.434220001802489097e-01 1.390310268248286241e-01 4.000000000000000000e+00 7.400000000000000000e+01 1.000000000000000000e+00
3.865901639090703057e-01 4.227405026728426884e-01 9.000000000000000000e+00 1.430000000000000000e+02 1.000000000000000000e+00
7.232512380994459145e-01 8.276614129861509239e-01 1.000000000000000000e+00 1.100000000000000000e+02 1.000000000000000000e+00
7.262708173733077588e-02 7.946575020327496519e-01 1.400000000000000000e+01 5.800000000000000000e+01 1.000000000000000000e+00
5.129862404669349729e-01 1.694740640213242333e+00 1.300000000000000000e+01 1.930000000000000000e+02 1.000000000000000000e+00
1.120599906927153139e-01 5.947319856913056979e-01 1.900000000000000000e+01 5.100000000000000000e+01 1.000000000000000000e+00
3.547943137900321231e-01 1.499809589285737987e-01 2.000000000000000000e+00 1.200000000000000000e+01 1.000000000000000000e+00
3.118693318850884050e-02 1.201802802766592349e+00 1.200000000000000000e+01 3.300000000000000000e+01 1.000000000000000000e+00
4.657859209189403327e-01 1.405901939751184937e+00 2.000000000000000000e+00 1.340000000000000000e+02 1.000000000000000000e+00
2.453662746974767384e-01 9.470643246236897239e-01 3.000000000000000000e+00 1.730000000000000000e+02 1.000000000000000000e+00
3.045418613578595446e-01 7.600460971674379840e-01 7.000000000000000000e+00 1.830000000000000000e+02 1.000000000000000000e+00
3.274029933271138670e-01 2.044419363413290558e+00 1.000000000000000000e+00 1.370000000000000000e+02 2.000000000000000000e+00
4.860082982381935812e-01 4.477503796758760535e-01 9.000000000000000000e+00 7.800000000000000000e+01 2.000000000000000000e+00
5.827114254855095821e-01 6.369299411004561984e-01 1.400000000000000000e+01 1.550000000000000000e+02 2.000000000000000000e+00
7.310111050887919681e-01 4.083375066367308515e-01 4.000000000000000000e+00 8.000000000000000000e+01 2.000000000000000000e+00
8.069457985978008008e-01 6.686925351581579635e-01 9.000000000000000000e+00 1.670000000000000000e+02 2.000000000000000000e+00
8.192453806081478884e-01 1.440819730583419611e+00 1.600000000000000000e+01 8.100000000000000000e+01 2.000000000000000000e+00
2.015133025119436594e-01 9.023377721664019857e-01 1.000000000000000000e+00 1.820000000000000000e+02 2.000000000000000000e+00
9.312394031982017539e-01 4.480600786117111545e-01 1.200000000000000000e+01 2.000000000000000000e+02 2.000000000000000000e+00
7.654866511314213362e-01 1.785771302097214130e+00 9.000000000000000000e+00 1.680000000000000000e+02 2.000000000000000000e+00
3.461610892392136263e-01 1.708936255217939237e+00 1.900000000000000000e+01 1.280000000000000000e+02 2.000000000000000000e+00
1.006100995229190831e+00 3.850817783722063625e-01 1.800000000000000000e+01 5.500000000000000000e+01 2.000000000000000000e+00
6.117058955084666572e-01 1.430793184002669971e+00 1.800000000000000000e+01 7.400000000000000000e+01 2.000000000000000000e+00
9.757822966677807131e-01 1.440881240582436273e+00 1.900000000000000000e+01 2.100000000000000000e+01 2.000000000000000000e+00
9.607756637553765966e-01 1.766065363322510129e-01 5.000000000000000000e+00 1.240000000000000000e+02 2.000000000000000000e+00
2.497827487794352930e-01 1.677354261458911866e+00 1.100000000000000000e+01 1.240000000000000000e+02 2.000000000000000000e+00
9.223758553297339846e-01 5.140914243678301743e-01 1.000000000000000000e+00 1.750000000000000000e+02 2.000000000000000000e+00
5.710161358734681114e-01 1.431445085883609192e+00 3.000000000000000000e+00 1.540000000000000000e+02 2.000000000000000000e+00
3.289332374188437269e-01 2.033831101884605808e+00 2.000000000000000000e+00 1.590000000000000000e+02 2.000000000000000000e+00
9.243509391970723410e-01 1.979407086877569277e+00 1.400000000000000000e+01 1.840000000000000000e+02 2.000000000000000000e+00
7.196702412241680058e-01 4.665654800304656069e-01 1.000000000000000000e+00 2.600000000000000000e+01 2.000000000000000000e+00
4.921565368855840283e-01 1.536595949510451309e+00 1.800000000000000000e+01 5.500000000000000000e+01 2.000000000000000000e+00
3.568776158214798100e-01 1.464530144153749047e+00 1.000000000000000000e+00 1.190000000000000000e+02 2.000000000000000000e+00
8.104824690317311564e-01 1.401937597037001382e+00 1.000000000000000000e+01 1.540000000000000000e+02 2.000000000000000000e+00
3.212046636664304122e-01 9.197107533842275862e-01 3.000000000000000000e+00 1.260000000000000000e+02 2.000000000000000000e+00
6.729469525302194111e-01 1.293772051290949632e+00 5.000000000000000000e+00 1.380000000000000000e+02 2.000000000000000000e+00
8.546330823430491053e-02 1.057983292451924184e-01 1.900000000000000000e+01 1.610000000000000000e+02 2.000000000000000000e+00
8.779060681881621919e-01 7.464647754251073630e-01 1.000000000000000000e+01 1.890000000000000000e+02 2.000000000000000000e+00
9.025937448107779204e-01 2.406848712416106706e-01 8.000000000000000000e+00 1.010000000000000000e+02 2.000000000000000000e+00
7.207793044130658133e-01 1.126861206168989993e+00 1.900000000000000000e+01 1.580000000000000000e+02 2.000000000000000000e+00
4.798622251571937197e-02 8.478519899821886918e-01 5.000000000000000000e+00 1.550000000000000000e+02 2.000000000000000000e+00
1.272745231859931936e-01 1.339007350653829809e+00 1.100000000000000000e+01 4.700000000000000000e+01 2.000000000000000000e+00
4.082143384264764752e-01 2.038226825533004938e+00 9.000000000000000000e+00 3.700000000000000000e+01 2.000000000000000000e+00
7.859445607862962646e-01 3.704540168464399708e-01 1.400000000000000000e+01 1.510000000000000000e+02 2.000000000000000000e+00
7.321049973736064587e-01 1.321325453355625568e+00 1.400000000000000000e+01 2.200000000000000000e+01 2.000000000000000000e+00
9.121656663661642517e-01 1.532188998096167154e+00 2.000000000000000000e+01 9.000000000000000000e+01 2.000000000000000000e+00
4.454736978273489134e-01 1.001279675106673261e+00 6.000000000000000000e+00 8.100000000000000000e+01 2.000000000000000000e+00
7.446947131303862655e-01 1.437211025265298092e+00 5.000000000000000000e+00 3.000000000000000000e+01 2.000000000000000000e+00
6.908978141380870408e-01 1.817030717423994413e-01 1.700000000000000000e+01 1.490000000000000000e+02 2.000000000000000000e+00
8.147731044499816333e-01 9.135158623186928617e-01 4.000000000000000000e+00 3.700000000000000000e+01 2.000000000000000000e+00
1.774583128281448374e-01 3.016777301487904017e-01 1.700000000000000000e+01 1.160000000000000000e+02 2.000000000000000000e+00
1.973118786475727138e-01 3.358833321044897291e-01 1.300000000000000000e+01 1.080000000000000000e+02 2.000000000000000000e+00
5.038443089215913773e-01 1.538185505562158939e+00 5.000000000000000000e+00 3.500000000000000000e+01 2.000000000000000000e+00
5.267973594646244706e-01 1.669732502345637970e+00 5.000000000000000000e+00 5.900000000000000000e+01 2.000000000000000000e+00
4.635793662621966460e-01 4.367193247054240723e-01 2.000000000000000000e+01 2.500000000000000000e+01 2.000000000000000000e+00
8.401936760808248472e-01 6.293459665595692032e-01 1.900000000000000000e+01 3.000000000000000000e+01 2.000000000000000000e+00
6.317090401711390468e-01 4.232238081454141598e-01 8.000000000000000000e+00 1.770000000000000000e+02 2.000000000000000000e+00
8.895036598536321115e-01 1.458315957997611045e+00 1.400000000000000000e+01 1.220000000000000000e+02 2.000000000000000000e+00
7.479671527631309713e-01 6.318938289691181653e-01 6.000000000000000000e+00 2.400000000000000000e+01 2.000000000000000000e+00
2.344520167456911608e-01 8.353806936584430298e-01 1.100000000000000000e+01 1.310000000000000000e+02 2.000000000000000000e+00
7.055464407783565983e-01 1.400276231807402905e+00 7.000000000000000000e+00 1.220000000000000000e+02 2.000000000000000000e+00
1.188228450494665939e-01 1.294340637838591990e+00 4.000000000000000000e+00 2.300000000000000000e+01 3.000000000000000000e+00
9.847252332881704928e-02 2.020106851594845043e+00 7.000000000000000000e+00 1.320000000000000000e+02 3.000000000000000000e+00
1.611831578883670124e-01 1.615693541837178504e+00 1.200000000000000000e+01 7.100000000000000000e+01 3.000000000000000000e+00
8.979927700061699491e-01 4.674046426861221404e-01 9.000000000000000000e+00 1.990000000000000000e+02 3.000000000000000000e+00
6.858635270510191617e-01 8.993945866159039904e-01 3.000000000000000000e+00 1.700000000000000000e+01 3.000000000000000000e+00
1.066498400691458931e-01 1.711512196210839554e-01 1.700000000000000000e+01 1.070000000000000000e+02 3.000000000000000000e+00
2.065260857884564788e-02 8.707164810306434743e-01 1.000000000000000000e+01 1.940000000000000000e+02 3.000000000000000000e+00
6.559963441952515462e-01 1.540305125906686667e+00 7.000000000000000000e+00 1.250000000000000000e+02 3.000000000000000000e+00
6.052820069383494372e-01 4.436953483734406012e-01 8.000000000000000000e+00 1.600000000000000000e+02 3.000000000000000000e+00
7.997535789393154237e-01 9.857892021913768899e-01 1.100000000000000000e+01 2.500000000000000000e+01 3.000000000000000000e+00
2.120417015230812580e-02 2.936361282459994948e-01 1.300000000000000000e+01 8.400000000000000000e+01 3.000000000000000000e+00
4.798446308238621949e-01 1.887320028159835017e+00 9.000000000000000000e+00 1.370000000000000000e+02 3.000000000000000000e+00
5.171935073562763385e-01 1.506769966715730380e+00 1.200000000000000000e+01 5.000000000000000000e+01 3.000000000000000000e+00
5.131684775983751390e-01 1.143252763024516616e+00 1.700000000000000000e+01 1.640000000000000000e+02 3.000000000000000000e+00
1.282514196709475529e-01 3.454248641793088437e-01 1.800000000000000000e+01 1.060000000000000000e+02 3.000000000000000000e+00
9.393873915499671989e-01 8.554557232476885931e-01 1.700000000000000000e+01 5.800000000000000000e+01 3.000000000000000000e+00
6.488552662279946093e-01 5.313267336403083574e-01 1.100000000000000000e+01 1.390000000000000000e+02 3.000000000000000000e+00
6.072097431592977657e-01 1.063051469634259671e+00 1.500000000000000000e+01 2.000000000000000000e+00 3.000000000000000000e+00
7.149912158754051505e-01 1.678093244277972573e+00 1.600000000000000000e+01 8.400000000000000000e+01 3.000000000000000000e+00
4.552391032955476202e-01 4.181319377127058479e-01 1.000000000000000000e+01 2.100000000000000000e+01 3.000000000000000000e+00
4.372195364476039181e-01 1.861632752744794284e-01 3.000000000000000000e+00 7.700000000000000000e+01 3.000000000000000000e+00
6.758009502889610332e-01 1.828488755188420356e+00 7.000000000000000000e+00 1.190000000000000000e+02 3.000000000000000000e+00
3.485315368894969373e-02 1.727709156066784102e+00 1.400000000000000000e+01 1.030000000000000000e+02 3.000000000000000000e+00
4.083652400579460551e-01 1.531899938253446614e+00 8.000000000000000000e+00 1.900000000000000000e+02 3.000000000000000000e+00
6.748705807757918729e-01 9.784277500457968513e-01 1.200000000000000000e+01 1.000000000000000000e+00 3.000000000000000000e+00
1.742656612420654394e-01 1.188287117548682270e-01 1.300000000000000000e+01 1.540000000000000000e+02 3.000000000000000000e+00
2.173524892190270563e-01 1.470398958225673125e+00 1.600000000000000000e+01 1.670000000000000000e+02 3.000000000000000000e+00
7.961482896108705853e-01 9.604646520945826493e-01 1.800000000000000000e+01 2.000000000000000000e+00 3.000000000000000000e+00
3.685620136473298780e-01 9.438252249323922927e-01 1.400000000000000000e+01 8.000000000000000000e+01 3.000000000000000000e+00
2.927842863951654051e-01 3.723113848598461617e-01 1.900000000000000000e+01 1.080000000000000000e+02 3.000000000000000000e+00
3.113872415245992897e-01 5.513086380567576716e-01 9.000000000000000000e+00 8.900000000000000000e+01 3.000000000000000000e+00
8.456880277182720063e-01 6.587242201379227557e-01 1.800000000000000000e+01 4.500000000000000000e+01 3.000000000000000000e+00
2.487129038412977389e-01 3.257711565882713822e-01 1.400000000000000000e+01 7.700000000000000000e+01 3.000000000000000000e+00
3.518684835225559526e-01 1.930667758966231773e+00 1.700000000000000000e+01 2.300000000000000000e+01 3.000000000000000000e+00
9.810563105074735502e-01 1.990306182899777898e+00 1.700000000000000000e+01 1.550000000000000000e+02 3.000000000000000000e+00
5.751382673984279936e-01 1.984840985910147237e+00 1.700000000000000000e+01 2.100000000000000000e+01 3.000000000000000000e+00
7.737478104703557902e-01 1.161234165960077336e+00 1.200000000000000000e+01 1.960000000000000000e+02 3.000000000000000000e+00
1.860856367266618960e-01 1.036510317051897889e+00 3.000000000000000000e+00 1.310000000000000000e+02 3.000000000000000000e+00
2.538878423811929963e-01 1.226557487898114251e+00 4.000000000000000000e+00 6.100000000000000000e+01 3.000000000000000000e+00
7.410916711129417189e-01 6.203851150445310880e-01 2.000000000000000000e+00 1.320000000000000000e+02 3.000000000000000000e+00
7.579414909466113404e-01 1.836497994224234098e+00 1.400000000000000000e+01 1.400000000000000000e+01 3.000000000000000000e+00
1.655558222206809232e-02 6.299256366710171973e-01 1.600000000000000000e+01 1.680000000000000000e+02 3.000000000000000000e+00
7.660948165905228091e-01 1.841992387887604110e+00 1.300000000000000000e+01 9.700000000000000000e+01 3.000000000000000000e+00
1.467016998776113912e-01 1.113673855513657385e+00 5.000000000000000000e+00 1.000000000000000000e+00 3.000000000000000000e+00
8.128642699155732565e-01 1.353095165598773963e+00 6.000000000000000000e+00 1.240000000000000000e+02 3.000000000000000000e+00
8.696101366384767495e-01 6.993191842209970366e-01 1.500000000000000000e+01 3.200000000000000000e+01 3.000000000000000000e+00
7.870363932042560018e-01 1.691809062805387898e+00 1.100000000000000000e+01 1.490000000000000000e+02 3.000000000000000000e+00
4.813733160045717829e-01 1.731429698515426718e+00 1.000000000000000000e+00 1.040000000000000000e+02 3.000000000000000000e+00
1.438038257594131952e-01 1.690911184803028044e+00 8.000000000000000000e+00 1.900000000000000000e+02 3.000000000000000000e+00
9.138417488803838307e-01 2.002137510315357805e+00 1.300000000000000000e+01 9.200000000000000000e+01 3.000000000000000000e+00
8.385270825731516720e-01 5.199238431665255122e-01 7.000000000000000000e+00 1.500000000000000000e+01 4.000000000000000000e+00
2.451004342700543459e-01 1.592813768526081475e+00 1.200000000000000000e+01 7.100000000000000000e+01 4.000000000000000000e+00
6.505614449479761863e-01 6.566457660665679930e-01 2.000000000000000000e+00 9.300000000000000000e+01 4.000000000000000000e+00
8.179114077232229052e-01 1.274605266917371582e-01 1.000000000000000000e+00 1.350000000000000000e+02 4.000000000000000000e+00
1.815495338527227664e-01 2.542573841362291143e-01 5.000000000000000000e+00 1.700000000000000000e+01 4.000000000000000000e+00
5.858451845876044839e-01 1.339901449187377303e+00 1.000000000000000000e+01 1.690000000000000000e+02 4.000000000000000000e+00
2.830319817262373361e-01 9.557499280123132879e-01 8.000000000000000000e+00 7.700000000000000000e+01 4.000000000000000000e+00
9.349669792510175714e-01 9.054009936808992132e-01 1.200000000000000000e+01 1.720000000000000000e+02 4.000000000000000000e+00
6.845712746052081688e-01 1.613348560956139988e+00 2.000000000000000000e+01 1.620000000000000000e+02 4.000000000000000000e+00
8.561327214256582163e-01 1.336077460164175612e+00 1.800000000000000000e+01 1.020000000000000000e+02 4.000000000000000000e+00
5.193729059138519899e-01 1.251828756520541264e+00 2.000000000000000000e+00 3.300000000000000000e+01 4.000000000000000000e+00
9.988491134194662502e-01 2.065747221656900390e+00 5.000000000000000000e+00 1.950000000000000000e+02 4.000000000000000000e+00
5.585971517317567248e-01 5.156944387214433823e-01 3.000000000000000000e+00 1.070000000000000000e+02 4.000000000000000000e+00
9.685099796456363153e-02 1.579357442788277055e+00 1.100000000000000000e+01 1.490000000000000000e+02 4.000000000000000000e+00
3.041890877586237441e-01 1.451767247210692668e-01 1.000000000000000000e+00 8.000000000000000000e+00 4.000000000000000000e+00
1.004560820051146441e+00 1.166150923347557766e+00 1.000000000000000000e+00 2.800000000000000000e+01 4.000000000000000000e+00
5.302433604029684888e-01 6.607533607714138890e-01 7.000000000000000000e+00 1.830000000000000000e+02 4.000000000000000000e+00
7.882654575907253880e-02 1.882903675410248168e+00 1.300000000000000000e+01 7.300000000000000000e+01 4.000000000000000000e+00
8.522627091772945196e-01 1.433866686292343262e+00 8.000000000000000000e+00 1.290000000000000000e+02 4.000000000000000000e+00
2.576606471229536677e-01 1.660128788482120310e+00 2.000000000000000000e+01 7.500000000000000000e+01 4.000000000000000000e+00
2.390444284983949536e-02 1.141517689193380258e+00 1.000000000000000000e+01 1.120000000000000000e+02 4.000000000000000000e+00
2.044143634083392946e-01 1.645818969339352567e+00 1.600000000000000000e+01 7.200000000000000000e+01 4.000000000000000000e+00
9.667759581570416483e-01 8.977970720054005982e-01 3.000000000000000000e+00 8.600000000000000000e+01 4.000000000000000000e+00
7.967555870563429732e-01 1.616491857163126600e+00 1.000000000000000000e+00 9.900000000000000000e+01 4.000000000000000000e+00
2.492066411634709100e-01 1.483806544787262371e+00 9.000000000000000000e+00 5.500000000000000000e+01 4.000000000000000000e+00
2.502712772136238967e-02 1.862764617057450556e+00 8.000000000000000000e+00 1.500000000000000000e+02 4.000000000000000000e+00
8.828740088710973488e-01 3.654667853867453742e-01 1.800000000000000000e+01 1.700000000000000000e+02 4.000000000000000000e+00
9.629755054651352175e-01 1.984927883663343495e+00 6.000000000000000000e+00 9.700000000000000000e+01 4.000000000000000000e+00
5.172850861830960989e-01 4.888233216857399421e-01 1.100000000000000000e+01 1.080000000000000000e+02 4.000000000000000000e+00
4.225501763691129620e-01 1.854229955657573869e+00 2.000000000000000000e+01 4.200000000000000000e+01 4.000000000000000000e+00
2.227713911419025861e-01 8.820780718873867388e-01 1.100000000000000000e+01 1.560000000000000000e+02 4.000000000000000000e+00
7.295991199974850572e-01 1.448861239288444347e+00 1.700000000000000000e+01 1.770000000000000000e+02 4.000000000000000000e+00
2.773554992216870074e-01 2.084113495813632255e+00 2.000000000000000000e+01 1.240000000000000000e+02 4.000000000000000000e+00
2.311216692928854677e-01 1.552427725419144589e-01 1.600000000000000000e+01 1.500000000000000000e+01 4.000000000000000000e+00
4.404348043532883006e-01 1.494110981509090053e+00 1.700000000000000000e+01 2.400000000000000000e+01 4.000000000000000000e+00
9.224911648012685816e-01 9.814906483600190912e-01 9.000000000000000000e+00 1.400000000000000000e+02 4.000000000000000000e+00
6.263154533443414385e-02 4.656085459592141929e-01 1.300000000000000000e+01 1.860000000000000000e+02 4.000000000000000000e+00
6.315274517061061355e-01 6.064703750332657295e-01 1.400000000000000000e+01 1.900000000000000000e+02 4.000000000000000000e+00
7.319281455989862240e-01 1.976078990896514842e+00 1.600000000000000000e+01 1.170000000000000000e+02 4.000000000000000000e+00
9.647728375853868721e-02 1.044409569581744579e+00 1.800000000000000000e+01 1.120000000000000000e+02 4.000000000000000000e+00
7.761715614411551778e-01 9.766469479076814730e-01 6.000000000000000000e+00 1.360000000000000000e+02 4.000000000000000000e+00
2.183028265903423915e-01 1.481834107935538158e+00 1.000000000000000000e+01 1.760000000000000000e+02 4.000000000000000000e+00
1.170414990984035807e-02 3.179352642277503138e-01 6.000000000000000000e+00 9.700000000000000000e+01 4.000000000000000000e+00
1.053303299321119851e-01 1.326843457734861120e+00 1.700000000000000000e+01 1.410000000000000000e+02 4.000000000000000000e+00
9.550011787675034558e-01 1.246900489251580924e+00 1.000000000000000000e+00 1.680000000000000000e+02 4.000000000000000000e+00
6.749800800296654746e-01 8.854596711965728728e-01 9.000000000000000000e+00 8.000000000000000000e+00 4.000000000000000000e+00
7.216903458421274342e-01 4.451728287706081533e-01 1.900000000000000000e+01 1.460000000000000000e+02 4.000000000000000000e+00
1.273040879967937133e-01 1.931094661593097284e+00 1.000000000000000000e+01 9.300000000000000000e+01 4.000000000000000000e+00
3.092553184313207026e-01 7.106183721248572338e-01 3.000000000000000000e+00 1.380000000000000000e+02 4.000000000000000000e+00
7.126849330722162534e-01 7.539459052217490909e-01 1.200000000000000000e+01 3.400000000000000000e+01 4.000000000000000000e+00
