-1.330965750783641113e+02
-1.330691720324606138e+02
-1.320290183205540870e+02
-9.208568394076208108e+01
-1.205279901224008086e+02
-1.128894476505798252e+02
-9.251658364656306333e+01
-1.330960213250889694e+02
-1.316360110347593206e+02
-1.112056834338887086e+02
-1.329054140294236959e+02
-1.330967859860627698e+02
-1.052026016626617348e+02
-1.330964458253055511e+02
-9.490489654083866355e+01
-1.076849878307850901e+02
-1.034153598918503718e+02
-1.329956627692285451e+02
-9.867026825877363194e+01
-1.122736176141387858e+02
-1.005048576082160849e+02
-1.214849927672709100e+02
-1.319976333508573987e+02
-1.330969536311956745e+02
-1.323997898439894527e+02
-1.253614319735425084e+02
-1.304093021658611633e+02
-1.330965474065760077e+02
-1.330968297612020592e+02
-1.319068444853850792e+02
-1.329048792851250482e+02
-1.054703581701116519e+02
-1.025481442891373689e+02
-9.868595845165854996e+01
-1.273446605463401085e+02
-1.194253371395562482e+02
-1.252574695449357307e+02
-1.020724619590313296e+02
-1.103015443116775174e+02
-1.191275597325207229e+02
-8.985753482103487499e+01
-1.086799511948612462e+02
-1.330968404552456263e+02
-1.328476357167854189e+02
-9.277646219761369650e+01
-1.330956028807661653e+02
-1.330968147096804444e+02
-1.002834179310770395e+02
-1.330966934038194722e+02
-9.108719566145340707e+01
-1.278400020481123249e+02
-8.983921318232475528e+01
-9.498075850505209416e+01
-1.088390442577441490e+02
-1.273062758344989192e+02
-1.275416179000057753e+02
-9.553437547418558040e+01
-1.275341766492543911e+02
-1.275226109097800702e+02
-1.278399125636439493e+02
-1.000483112422417094e+02
-1.278269562607237759e+02
-1.278353473151912851e+02
-1.278318584267269955e+02
-1.278398694619428966e+02
-9.519552815368876963e+01
-1.253992809127753958e+02
-1.278401034862128398e+02
-9.052012892046165859e+01
-1.205831437049566404e+02
-1.237849172916319276e+02
-9.970268381109114841e+01
-9.758837739930892496e+01
-1.278399417784557670e+02
-1.278400352617315292e+02
-1.278396748686507323e+02
-1.126905954601661364e+02
-8.998973614528684095e+01
-1.278389408894569357e+02
-1.278389129250033278e+02
-9.308957785333743118e+01
-1.262512408038308109e+02
-1.016957073250936077e+02
-1.122585942227700713e+02
-9.150094788205805685e+01
-1.276716019869664080e+02
-8.988625584262068458e+01
-1.278117916767323123e+02
-1.277048778840216698e+02
-1.278400987710997896e+02
-8.961619433424357339e+01
-8.738563115966772443e+01
-1.278387088030483483e+02
-1.029626187830441353e+02
-1.115542840774139677e+02
-1.278397687379905250e+02
-1.277775332027924833e+02
-1.096194211565475456e+02
-1.274831851940428891e+02
-8.874321435052030438e+01
-1.222098335038929662e+02
-8.601181030107228764e+01
-1.235088994339606785e+02
-1.235593443027753153e+02
-1.232642430151097841e+02
-1.222310646444014708e+02
-1.235615207493533632e+02
-1.234114566439403546e+02
-1.235610965306591709e+02
-1.234725967988694180e+02
-1.235185269832490320e+02
-1.205611523599959156e+02
-1.177851148175178508e+02
-8.797717727150072164e+01
-1.205809584966082184e+02
-1.139143560875804297e+02
-1.235290112315210678e+02
-8.667273757992923322e+01
-1.230772549075534101e+02
-9.832888337955398583e+01
-9.804038682202815380e+01
-1.006808915043853290e+02
-9.483136184346172115e+01
-1.233249072600883522e+02
-1.020035315420621913e+02
-8.661666674690059153e+01
-1.191363860703552149e+02
-1.023802021876078783e+02
-9.275267389053783518e+01
-1.235460819329734790e+02
-1.235585056080170716e+02
-1.235575773874409578e+02
-1.128947820901180137e+02
-1.186732182871256072e+02
-1.232486242235888199e+02
-1.188285855433941691e+02
-1.070486734945937997e+02
-1.235568356323457238e+02
-9.979468774017732358e+01
-1.235615112320207061e+02
-9.320266972764557067e+01
-1.058103085406097534e+02
-1.235614335940533124e+02
-1.235614810223098630e+02
-1.112814231745793592e+02
-1.235615005567018727e+02
-1.235614779722102270e+02
-1.235612759550900535e+02
-1.191481003283028599e+02
-1.073883720278466853e+02
-1.239231634454764048e+02
-8.817248634670883689e+01
-1.236303768772412610e+02
-1.239417865217357360e+02
-1.053079075946723862e+02
-1.239420254940044401e+02
-9.825443100095013449e+01
-1.086912790369958941e+02
-1.239358806147684504e+02
-1.162209936740131724e+02
-1.026299491741868337e+02
-1.239354783130594910e+02
-1.239306772364585356e+02
-1.234794595875091403e+02
-1.212129760252292954e+02
-1.185391079405738139e+02
-1.159836322174189860e+02
-9.993894408414493569e+01
-1.239213174823122472e+02
-1.239415836139744300e+02
-1.002737462441859009e+02
-1.239241794840251600e+02
-1.239422129810407540e+02
-1.234170671899779848e+02
-1.078552193054049440e+02
-1.234512214610172549e+02
-1.216808278346783538e+02
-9.415655960805871416e+01
-1.239332480200301347e+02
-1.145432149147231513e+02
-1.227987766037345665e+02
-1.010517198675050565e+02
-1.159130347365159537e+02
-1.187682816945685431e+02
-1.239419621752984995e+02
-8.526676225446017554e+01
-1.220036388879341303e+02
-1.088623447651381468e+02
-1.214933718523437705e+02
-8.603549583534719147e+01
-1.119834059419033281e+02
-1.193564268388534089e+02
-1.000007824014608815e+02
-1.027828556755130620e+02
-1.239252025738671676e+02
-1.046823506736645157e+02
-9.198136023167425890e+01
-1.196899216641349852e+02
-8.584280957833554737e+01
-1.114505293302945574e+02
-1.244319378309810276e+02
-9.583706700172713511e+01
-8.821304182676230710e+01
-1.037672130639232222e+02
-8.685476121705775654e+01
-9.546171589007055047e+01
-1.250234814809165584e+02
-9.948311600683132383e+01
-8.915872656510292416e+01
-9.083751901797913320e+01
-1.251434551202885643e+02
-1.251327055401978043e+02
-1.244746790027944030e+02
-1.166714346241564328e+02
-1.233704407116990041e+02
-1.047717730497793980e+02
-1.251041586334785478e+02
-1.169763266370785146e+02
-1.251431961272661226e+02
-1.251434512224804507e+02
-9.034137829298720135e+01
-1.251432943221117995e+02
-9.921847599340019030e+01
-1.238330409892536892e+02
-1.194497156789034165e+02
-1.251419615588243772e+02
-1.244589441924397732e+02
-1.107427823027713742e+02
-1.026010891925478461e+02
-1.234860631130477486e+02
-1.251434385194695693e+02
-1.251433418551877850e+02
-1.202362590360139194e+02
-1.245993297508283035e+02
-1.235111451268200256e+02
-1.250797107940162505e+02
-8.770618652206145782e+01
-1.251433080508826237e+02
-9.448298827567109015e+01
-1.250255271675123794e+02
-1.157495283613445309e+02
-1.251434453598525351e+02
-9.680625486402625768e+01
-1.251434262453735187e+02
-8.843601372182995135e+01
-9.185021390826919685e+01
-1.251434781423991467e+02
-9.707923062685446780e+01
-1.244888391844499012e+02
-1.251434418310978458e+02
