-1.330955576985471112e+02
-1.330967732753828727e+02
-1.105376817319472309e+02
-1.120173526753123667e+02
-1.099242136577738762e+02
-9.437891905712243101e+01
-1.274161789065714601e+02
-1.177248405583899000e+02
-1.330968700064860286e+02
-9.226435077577923494e+01
-1.223619597160823957e+02
-1.221366778465981895e+02
-1.330002882521891081e+02
-1.330964516654494503e+02
-9.604301278248432538e+01
-1.093828487882438196e+02
-9.579153558132429680e+01
-1.330968875483519014e+02
-1.213586515209451164e+02
-1.180445744670866048e+02
-1.330970387410881415e+02
-9.270017080316004865e+01
-1.283650596635470436e+02
-1.330968448078471909e+02
-1.330962257373414843e+02
-1.326974293138507051e+02
-1.330959467390414943e+02
-9.343077840414065349e+01
-1.029822466227942499e+02
-1.330954298487687311e+02
-9.185027916573879736e+01
-1.074327324527233287e+02
-9.617385430253419543e+01
-1.109784938688927127e+02
-1.083241006995916820e+02
-1.053980375529724824e+02
-1.306809821351102983e+02
-1.330920985675144266e+02
-1.253312496032441743e+02
-1.298389104055140706e+02
-1.330969015974148419e+02
-1.011032155189144106e+02
-9.526773253343692716e+01
-9.585702980300105480e+01
-1.330964348584544723e+02
-1.152620950680455252e+02
-1.330554068452515821e+02
-1.330966637037301439e+02
-1.222746044781257950e+02
-1.330920023548281392e+02
-8.891191092988994171e+01
-1.185574870063545774e+02
-1.277828226210232572e+02
-1.276013604821078218e+02
-8.922037166515448803e+01
-8.772707552569433176e+01
-1.278381452353323624e+02
-1.278393120005312227e+02
-8.910675679217531808e+01
-1.278296463597735908e+02
-1.261441993834332891e+02
-8.818517706309970094e+01
-1.270985204956218411e+02
-8.936427401859403119e+01
-1.265451696450244867e+02
-1.052455646088184693e+02
-1.278397910891879263e+02
-1.277749505695612271e+02
-1.276049771987989061e+02
-1.278402080126225684e+02
-9.146609901804923481e+01
-1.278109591689956233e+02
-1.159680527542925432e+02
-1.016674680706295391e+02
-1.268766030930816697e+02
-9.446769834318004655e+01
-1.278397774863750982e+02
-1.278153154895289418e+02
-1.278279075043431021e+02
-1.276881268114811121e+02
-1.278112554675809633e+02
-9.519075506624500349e+01
-1.278400077558653294e+02
-1.171170933055973649e+02
-1.277833193178941684e+02
-1.269320889452495038e+02
-1.276356508958925673e+02
-1.109356364500324617e+02
-1.278395079324286883e+02
-8.829916900093553522e+01
-1.278403484451983161e+02
-1.006418516010536308e+02
-8.890234696669212155e+01
-1.198217957492812644e+02
-1.278301182290725251e+02
-9.792480613638562659e+01
-1.278401419256304195e+02
-1.278400681625697359e+02
-9.013875850876166851e+01
-1.278392806163719086e+02
-9.130820903915139297e+01
-1.226319439664005841e+02
-1.182263345106786545e+02
-1.197484945518407073e+02
-8.671562490245580079e+01
-1.235610627718693308e+02
-1.233633046202151462e+02
-1.235610965194236570e+02
-1.235107208604839286e+02
-1.023441632099922742e+02
-1.232896668319445581e+02
-1.016545506162028971e+02
-1.211733120797234449e+02
-1.235611186500014185e+02
-1.235615079228554691e+02
-1.130129913556490209e+02
-1.031694450993228145e+02
-8.881386810215535377e+01
-1.061026953392049563e+02
-1.235606107715449014e+02
-1.083174073099161916e+02
-1.235556796920004814e+02
-1.211862912646824100e+02
-9.825544622317607946e+01
-1.017734917853808412e+02
-1.171829839278880883e+02
-1.053183092150311211e+02
-1.048116072670913752e+02
-8.821589526368437362e+01
-1.060315786851092810e+02
-1.235605962851965813e+02
-9.098948126789527180e+01
-8.905571241305732144e+01
-1.189018076382368321e+02
-1.114850714087986887e+02
-1.055048871205030565e+02
-1.235615223509616101e+02
-1.048278623503650522e+02
-9.671716683332736864e+01
-8.794369700994535322e+01
-1.235614381915933961e+02
-1.235615143161037821e+02
-1.234002118071767455e+02
-1.088422194225560986e+02
-1.235614937960501862e+02
-8.694405887804104793e+01
-1.235617691851660425e+02
-1.134846167801070607e+02
-1.143688836403046025e+02
-1.235615170435129500e+02
-1.239422558199171078e+02
-9.333931909401704274e+01
-1.239422918893455119e+02
-1.239422746429258666e+02
-1.239420229599058132e+02
-9.690621584632197028e+01
-1.238917881916603108e+02
-1.138890944038757311e+02
-1.239421719052473492e+02
-1.138984037628509611e+02
-1.126960242591130310e+02
-1.081766063151020489e+02
-1.227825910108188339e+02
-1.239038748818312570e+02
-9.585401104641564984e+01
-1.209121268184851061e+02
-1.222443458337242106e+02
-9.169396245607914864e+01
-1.238504502280216144e+02
-1.239133293427240972e+02
-9.587735182093889819e+01
-1.012789379348842260e+02
-1.004952037049241369e+02
-1.125166320184408022e+02
-1.123140849319254784e+02
-9.252429530489978049e+01
-1.239221323674458404e+02
-1.239422885096768852e+02
-1.136936673219327503e+02
-9.529728577982425008e+01
-1.205002024949634460e+02
-1.239422838124883128e+02
-1.239421335226976311e+02
-1.155854693376897444e+02
-1.047355958964014633e+02
-1.239329530417906540e+02
-1.239384749708714537e+02
-9.581830397189470716e+01
-8.959244622585600837e+01
-1.239306518334251166e+02
-1.239417380744180122e+02
-9.944165737607391975e+01
-9.437987891499811610e+01
-8.736310207007768724e+01
-1.197582861013446944e+02
-1.217803762083319299e+02
-1.213161654437307391e+02
-8.935128835682279203e+01
-1.222299873569569542e+02
-1.239410145095134936e+02
-1.007790098173201585e+02
-1.250469098600989213e+02
-1.251412790199631075e+02
-1.241686310760094614e+02
-1.002613033724107083e+02
-1.189682582245912954e+02
-1.155728429519332252e+02
-1.237069917951249636e+02
-1.250824514450318219e+02
-1.251433720342786557e+02
-9.396427253354802644e+01
-8.602732624729306110e+01
-1.251161870647970744e+02
-9.101746236644434873e+01
-1.068207715972331613e+02
-1.250552359613961784e+02
-1.251286502183624805e+02
-1.195286668852054106e+02
-1.251434774172631990e+02
-1.093794749013249827e+02
-1.032054193671847315e+02
-8.963854304275503182e+01
-1.145702821622168130e+02
-1.251337212575378999e+02
-1.177393917202219882e+02
-1.251433736398911378e+02
-9.594114780509022467e+01
-1.251433249786481525e+02
-1.251160648564702029e+02
-9.259548275937395090e+01
-1.059891687351036467e+02
-1.015840210620827548e+02
-1.225168425877892986e+02
-8.911807430936133301e+01
-1.218476965234437159e+02
-1.224504770095989272e+02
-1.133162066099514931e+02
-1.251196966086021405e+02
-1.214298488093912880e+02
-1.118221292092913330e+02
-9.350730322313678755e+01
-8.707888945298080330e+01
-1.149632489893255922e+02
-1.251425693779111725e+02
-1.143623149289750671e+02
-1.232956923592202259e+02
-1.251431417967098412e+02
-1.251394306026328422e+02
-1.080677980056747458e+02
-1.251429752762287961e+02
