8.102150308310681615e-01 2.097183201598783242e+00 1.000000000000000000e+00 6.000000000000000000e+01 0.000000000000000000e+00
9.805681419831610013e-01 7.206238653326032528e-01 1.400000000000000000e+01 1.710000000000000000e+02 0.000000000000000000e+00
9.817129207215176123e-01 1.078070129918161868e+00 1.800000000000000000e+01 1.550000000000000000e+02 0.000000000000000000e+00
5.961338375668531198e-01 1.319703640452779991e+00 6.000000000000000000e+00 5.300000000000000000e+01 0.000000000000000000e+00
5.612258387577060414e-01 1.957193494891540819e+00 1.900000000000000000e+01 9.500000000000000000e+01 0.000000000000000000e+00
5.160098223463793071e-02 1.513325448094975822e+00 9.000000000000000000e+00 1.420000000000000000e+02 0.000000000000000000e+00
3.191858758649067651e-01 7.553450634447381740e-01 1.900000000000000000e+01 1.550000000000000000e+02 0.000000000000000000e+00
2.849431115594994735e-01 7.539006811856744372e-01 1.700000000000000000e+01 5.400000000000000000e+01 0.000000000000000000e+00
2.481066995539981529e-02 1.500175366450496650e+00 1.000000000000000000e+01 1.690000000000000000e+02 0.000000000000000000e+00
3.332874286492299998e-01 1.183778311178484977e+00 1.900000000000000000e+01 8.200000000000000000e+01 0.000000000000000000e+00
1.009783180942786629e+00 1.699105560322983433e+00 2.000000000000000000e+01 7.600000000000000000e+01 0.000000000000000000e+00
8.693682391483951166e-01 1.633839758629487493e+00 1.700000000000000000e+01 1.940000000000000000e+02 0.000000000000000000e+00
1.907568137404610509e-01 8.465407083140917832e-01 6.000000000000000000e+00 1.670000000000000000e+02 0.000000000000000000e+00
8.791594240665078219e-01 1.640066194740561922e+00 1.000000000000000000e+01 2.900000000000000000e+01 0.000000000000000000e+00
6.964952894012798046e-01 1.439693624579879261e+00 2.000000000000000000e+00 1.500000000000000000e+02 0.000000000000000000e+00
6.885682789601899056e-01 1.700036773115876088e+00 9.000000000000000000e+00 2.200000000000000000e+01 0.000000000000000000e+00
5.558687019938466367e-01 1.404109716647025385e-01 1.000000000000000000e+01 8.900000000000000000e+01 0.000000000000000000e+00
7.788798089005898317e-01 1.515171268048930431e+00 2.000000000000000000e+01 1.930000000000000000e+02 0.000000000000000000e+00
7.821382245465414718e-01 1.042861323311609356e-01 1.500000000000000000e+01 8.800000000000000000e+01 0.000000000000000000e+00
4.839796116018982852e-01 1.584282731974490765e+00 3.000000000000000000e+00 1.360000000000000000e+02 0.000000000000000000e+00
9.745972283202585240e-01 6.518461865348269546e-01 4.000000000000000000e+00 1.960000000000000000e+02 0.000000000000000000e+00
6.467290190330562405e-01 2.535718562125010012e-01 1.900000000000000000e+01 5.800000000000000000e+01 0.000000000000000000e+00
3.407490667999466538e-01 2.592989273396960614e-01 5.000000000000000000e+00 1.420000000000000000e+02 0.000000000000000000e+00
2.910268153241378775e-01 1.885217848438068833e+00 4.000000000000000000e+00 6.300000000000000000e+01 0.000000000000000000e+00
7.102373586224717261e-01 1.581502716507429795e+00 1.900000000000000000e+01 5.600000000000000000e+01 0.000000000000000000e+00
1.004990016398985997e+00 1.609009143913787243e+00 1.700000000000000000e+01 1.600000000000000000e+02 0.000000000000000000e+00
8.315046603581407458e-01 6.747288343181087056e-01 7.000000000000000000e+00 5.400000000000000000e+01 0.000000000000000000e+00
1.127738381749453372e-01 5.584171123565712103e-01 4.000000000000000000e+00 1.520000000000000000e+02 0.000000000000000000e+00
9.048188747684871025e-01 1.466269953125048264e+00 1.200000000000000000e+01 1.660000000000000000e+02 0.000000000000000000e+00
9.806240244543804607e-01 9.960791308299675739e-01 1.700000000000000000e+01 4.400000000000000000e+01 0.000000000000000000e+00
3.165421647130973737e-01 1.787422333571622168e+00 8.000000000000000000e+00 1.700000000000000000e+01 0.000000000000000000e+00
9.005440086114842035e-01 7.518118823857605770e-01 1.400000000000000000e+01 1.180000000000000000e+02 0.000000000000000000e+00
6.526528072237101075e-01 7.018747544889479828e-01 2.000000000000000000e+00 1.460000000000000000e+02 0.000000000000000000e+00
4.056406602207980328e-01 6.875776961388401221e-01 1.000000000000000000e+00 3.500000000000000000e+01 0.000000000000000000e+00
1.020369439730005462e-01 4.349404355618723406e-01 3.000000000000000000e+00 1.840000000000000000e+02 0.000000000000000000e+00
3.251563489265847373e-01 1.714751298356917975e+00 1.000000000000000000e+01 7.900000000000000000e+01 0.000000000000000000e+00
8.721147494219928520e-01 1.483098795250024526e+00 8.000000000000000000e+00 5.000000000000000000e+00 0.000000000000000000e+00
3.852195536779087215e-01 1.256189042832605240e+00 1.500000000000000000e+01 1.070000000000000000e+02 0.000000000000000000e+00
9.207028759513875560e-01 1.658165937952711833e+00 1.300000000000000000e+01 7.800000000000000000e+01 0.000000000000000000e+00
8.184576473461202539e-01 6.077072305845329092e-01 1.000000000000000000e+00 1.670000000000000000e+02 0.000000000000000000e+00
4.897365259393259285e-01 1.645322455294806030e+00 3.000000000000000000e+00 1.300000000000000000e+01 0.000000000000000000e+00
2.819146706538530056e-01 1.367221097877081126e+00 3.000000000000000000e+00 3.700000000000000000e+01 0.000000000000000000e+00
3.924937287603188496e-01 3.572510076333855755e-01 1.900000000000000000e+01 1.480000000000000000e+02 0.000000000000000000e+00
1.817526368892907751e-01 1.857343152451100821e+00 9.000000000000000000e+00 3.800000000000000000e+01 0.000000000000000000e+00
3.133890436083663911e-01 8.951875113617554502e-01 1.900000000000000000e+01 1.120000000000000000e+02 0.000000000000000000e+00
3.618214847604560996e-02 4.159994588251109127e-01 6.000000000000000000e+00 1.470000000000000000e+02 0.000000000000000000e+00
9.658071989694274606e-01 7.553847978561453180e-01 1.600000000000000000e+01 1.000000000000000000e+00 0.000000000000000000e+00
5.080593282411084433e-01 7.167362155061448581e-01 2.000000000000000000e+00 3.700000000000000000e+01 0.000000000000000000e+00
1.524667649491215915e-01 1.305893615755213233e+00 6.000000000000000000e+00 1.300000000000000000e+01 0.000000000000000000e+00
3.962859200183260766e-01 1.985833100612432789e+00 1.800000000000000000e+01 1.200000000000000000e+01 0.000000000000000000e+00
9.614086330580827733e-01 7.335109402246086097e-01 1.600000000000000000e+01 1.760000000000000000e+02 1.000000000000000000e+00
2.214779644256733571e-01 9.987530046769025338e-01 9.000000000000000000e+00 6.800000000000000000e+01 1.000000000000000000e+00
7.291149289948274381e-01 1.442844265887404553e+00 1.000000000000000000e+01 1.160000000000000000e+02 1.000000000000000000e+00
9.020399980881776969e-01 8.927867064626510141e-01 1.500000000000000000e+01 1.000000000000000000e+00 1.000000000000000000e+00
6.840737114715317313e-01 1.847877152514919852e-01 1.300000000000000000e+01 1.830000000000000000e+02 1.000000000000000000e+00
3.495676247657703017e-01 6.035185236951398080e-01 1.000000000000000000e+01 1.380000000000000000e+02 1.000000000000000000e+00
4.552025746935247641e-01 1.704829832087479513e+00 1.600000000000000000e+01 1.740000000000000000e+02 1.000000000000000000e+00
7.199183457766006322e-01 1.711186028853102004e+00 1.500000000000000000e+01 1.770000000000000000e+02 1.000000000000000000e+00
5.421825899375107838e-01 8.480369813802505208e-01 1.300000000000000000e+01 1.190000000000000000e+02 1.000000000000000000e+00
4.025670926583407860e-01 2.099066698627168215e+00 5.000000000000000000e+00 6.900000000000000000e+01 1.000000000000000000e+00
8.582041445661265922e-01 1.682160464446789794e+00 4.000000000000000000e+00 8.600000000000000000e+01 1.000000000000000000e+00
5.658906049645586744e-01 1.587468404236191732e+00 7.000000000000000000e+00 9.600000000000000000e+01 1.000000000000000000e+00
4.162044788558126873e-01 1.729087159017923092e+00 1.500000000000000000e+01 1.920000000000000000e+02 1.000000000000000000e+00
1.240819780611887996e-01 4.257522131439678281e-01 2.000000000000000000e+01 1.950000000000000000e+02 1.000000000000000000e+00
7.324907163495477658e-01 1.196047329872955478e+00 1.000000000000000000e+00 1.880000000000000000e+02 1.000000000000000000e+00
7.161601458382299557e-01 1.076765203914307856e+00 4.000000000000000000e+00 1.140000000000000000e+02 1.000000000000000000e+00
3.171169761294552192e-01 5.196751889584053652e-01 1.000000000000000000e+01 9.900000000000000000e+01 1.000000000000000000e+00
8.352560217079161298e-01 1.546924579170718683e+00 4.000000000000000000e+00 1.800000000000000000e+02 1.000000000000000000e+00
9.018049664166963852e-01 7.407463299569555515e-01 1.400000000000000000e+01 9.400000000000000000e+01 1.000000000000000000e+00
1.164105019756823539e-01 5.053710108852352834e-01 7.000000000000000000e+00 9.300000000000000000e+01 1.000000000000000000e+00
9.052744985584831872e-01 1.117531722974827169e+00 9.000000000000000000e+00 7.500000000000000000e+01 1.000000000000000000e+00
4.988191185365565827e-01 2.066418691363300475e+00 8.000000000000000000e+00 1.890000000000000000e+02 1.000000000000000000e+00
8.448404202128824148e-01 9.644971203505968704e-01 9.000000000000000000e+00 1.320000000000000000e+02 1.000000000000000000e+00
9.989992251226641473e-01 5.603078776361919422e-01 1.700000000000000000e+01 1.500000000000000000e+02 1.000000000000000000e+00
7.060948036281186058e-01 1.550536248689753149e+00 1.900000000000000000e+01 2.000000000000000000e+02 1.000000000000000000e+00
7.897980438456203567e-01 2.466871348947860254e-01 1.000000000000000000e+01 8.900000000000000000e+01 1.000000000000000000e+00
6.617527771214735122e-01 1.434248370374615611e+00 1.300000000000000000e+01 9.500000000000000000e+01 1.000000000000000000e+00
8.486328532796160173e-01 1.835885737421371733e+00 1.100000000000000000e+01 3.000000000000000000e+00 1.000000000000000000e+00
1.237224339179013727e-01 9.078372841334737542e-01 2.000000000000000000e+01 1.840000000000000000e+02 1.000000000000000000e+00
1.409616443005002884e-01 1.947133045798491890e+00 1.500000000000000000e+01 2.000000000000000000e+00 1.000000000000000000e+00
1.577152897038185397e-01 1.388398501677431618e+00 1.900000000000000000e+01 1.980000000000000000e+02 1.000000000000000000e+00
3.893211180101443514e-01 4.317877301420379732e-01 1.300000000000000000e+01 8.200000000000000000e+01 1.000000000000000000e+00
2.437287556400230537e-01 6.724142555293212142e-01 2.000000000000000000e+01 6.000000000000000000e+00 1.000000000000000000e+00
7.413239391817241231e-01 5.245496690240217807e-01 1.400000000000000000e+01 1.620000000000000000e+02 1.000000000000000000e+00
8.380794771460533532e-01 1.645791394922877959e+00 8.000000000000000000e+00 9.900000000000000000e+01 1.000000000000000000e+00
2.164477280166409168e-01 1.287583406899054650e-01 1.000000000000000000e+01 1.740000000000000000e+02 1.000000000000000000e+00
9.938294980163474290e-02 2.038813888991613865e+00 1.000000000000000000e+00 8.500000000000000000e+01 1.000000000000000000e+00
9.871281032888544749e-01 5.934375172223335104e-01 1.400000000000000000e+01 8.200000000000000000e+01 1.000000000000000000e+00
7.340043774659098241e-02 1.444113078445333320e+00 1.200000000000000000e+01 8.900000000000000000e+01 1.000000000000000000e+00
4.781519235194533479e-01 7.125981198623806412e-01 1.200000000000000000e+01 2.700000000000000000e+01 1.000000000000000000e+00
5.691555603513345218e-01 1.060140490094402921e+00 1.500000000000000000e+01 1.400000000000000000e+01 1.000000000000000000e+00
3.152512186785271231e-01 4.799858842307503926e-01 1.700000000000000000e+01 1.420000000000000000e+02 1.000000000000000000e+00
7.529123786800194507e-02 3.497662369063562204e-01 1.000000000000000000e+00 1.250000000000000000e+02 1.000000000000000000e+00
7.133158902643086385e-01 1.858653672827342174e+00 1.200000000000000000e+01 1.350000000000000000e+02 1.000000000000000000e+00
8.196364900336041703e-01 1.583363149496739730e+00 1.400000000000000000e+01 1.970000000000000000e+02 1.000000000000000000e+00
6.133542120727910607e-01 1.069251748706121941e+00 1.800000000000000000e+01 8.500000000000000000e+01 1.000000000000000000e+00
7.084101495382539859e-01 3.585209910997854132e-01 1.300000000000000000e+01 8.300000000000000000e+01 1.000000000000000000e+00
1.909002051976523839e-01 1.747934117876101423e+00 1.800000000000000000e+01 1.300000000000000000e+02 1.000000000000000000e+00
3.912217963231345852e-01 2.889300069577437347e-01 1.800000000000000000e+01 1.420000000000000000e+02 1.000000000000000000e+00
3.678963259630266824e-01 1.360988081792130933e+00 2.000000000000000000e+01 9.600000000000000000e+01 1.000000000000000000e+00
7.757781028498329512e-01 9.567858559488006120e-01 8.000000000000000000e+00 1.200000000000000000e+02 2.000000000000000000e+00
4.307294399233262405e-01 1.827410467501627389e+00 1.200000000000000000e+01 1.800000000000000000e+02 2.000000000000000000e+00
3.039196297219344256e-01 1.851376332183572115e+00 1.900000000000000000e+01 1.900000000000000000e+01 2.000000000000000000e+00
8.796187664120862504e-01 1.891610735674544186e+00 3.000000000000000000e+00 1.160000000000000000e+02 2.000000000000000000e+00
6.927067344150443784e-01 5.542806079648444628e-01 8.000000000000000000e+00 1.580000000000000000e+02 2.000000000000000000e+00
3.376645662971047290e-01 5.880628628784768663e-01 4.000000000000000000e+00 3.900000000000000000e+01 2.000000000000000000e+00
5.506003415206511820e-01 1.619217114133006508e+00 9.000000000000000000e+00 4.500000000000000000e+01 2.000000000000000000e+00
3.204288019499287321e-01 1.603499446047227606e+00 2.000000000000000000e+00 1.640000000000000000e+02 2.000000000000000000e+00
9.839943868324680931e-01 1.488886540362414357e-01 1.600000000000000000e+01 1.400000000000000000e+01 2.000000000000000000e+00
2.189748354758624255e-02 6.727701254379815365e-01 1.400000000000000000e+01 1.260000000000000000e+02 2.000000000000000000e+00
2.924815623551624277e-01 6.200741870804532541e-01 1.000000000000000000e+00 1.070000000000000000e+02 2.000000000000000000e+00
6.243152156121370977e-01 1.995596716203402732e+00 2.000000000000000000e+01 1.890000000000000000e+02 2.000000000000000000e+00
2.718528835868613269e-01 3.484341874472457468e-01 1.000000000000000000e+01 5.700000000000000000e+01 2.000000000000000000e+00
4.087556029872967400e-01 1.010388103314414643e+00 3.000000000000000000e+00 8.000000000000000000e+01 2.000000000000000000e+00
6.605729856266390199e-01 1.268405559004493588e+00 2.000000000000000000e+00 4.500000000000000000e+01 2.000000000000000000e+00
2.627124482786646203e-02 2.403133692103022467e-01 1.600000000000000000e+01 9.000000000000000000e+00 2.000000000000000000e+00
4.422224870250245354e-01 1.371037442035037301e+00 1.300000000000000000e+01 5.000000000000000000e+00 2.000000000000000000e+00
9.508275858291652671e-01 3.402711799764833733e-01 7.000000000000000000e+00 9.800000000000000000e+01 2.000000000000000000e+00
4.627812760978333717e-01 1.937840014147717671e+00 1.300000000000000000e+01 1.180000000000000000e+02 2.000000000000000000e+00
7.347094669441720516e-01 1.429290450622638042e+00 1.100000000000000000e+01 1.020000000000000000e+02 2.000000000000000000e+00
3.481729411420076969e-01 1.914035597885693996e+00 1.800000000000000000e+01 1.560000000000000000e+02 2.000000000000000000e+00
1.568639104696168962e-01 2.028834122762765535e+00 1.200000000000000000e+01 9.900000000000000000e+01 2.000000000000000000e+00
3.655253196843526453e-01 8.674400588455642991e-01 8.000000000000000000e+00 6.200000000000000000e+01 2.000000000000000000e+00
7.609225227289890814e-01 4.561392547379593543e-01 7.000000000000000000e+00 1.600000000000000000e+01 2.000000000000000000e+00
4.761755419521828542e-02 1.460363098273043114e+00 6.000000000000000000e+00 1.150000000000000000e+02 2.000000000000000000e+00
4.380358053672864793e-01 2.602618564997577488e-01 1.500000000000000000e+01 1.000000000000000000e+00 2.000000000000000000e+00
3.657453055491122207e-01 1.602781220512492943e+00 2.000000000000000000e+00 1.680000000000000000e+02 2.000000000000000000e+00
7.424795497079798023e-01 7.141335551773470014e-01 3.000000000000000000e+00 9.000000000000000000e+01 2.000000000000000000e+00
7.249829167312707989e-01 3.942430098367272207e-01 1.900000000000000000e+01 1.500000000000000000e+02 2.000000000000000000e+00
5.189313654880099991e-01 1.683077037353019334e-01 1.900000000000000000e+01 6.900000000000000000e+01 2.000000000000000000e+00
4.595046011297365673e-01 5.663242247220722225e-01 8.000000000000000000e+00 5.300000000000000000e+01 2.000000000000000000e+00
7.569851298519130189e-01 1.897779988964484410e+00 5.000000000000000000e+00 1.420000000000000000e+02 2.000000000000000000e+00
8.961273537242732123e-01 6.092225335040325485e-01 9.000000000000000000e+00 4.000000000000000000e+01 2.000000000000000000e+00
9.711938224790360730e-01 1.374640793153045326e+00 2.000000000000000000e+01 1.010000000000000000e+02 2.000000000000000000e+00
5.177385100570393028e-01 1.326451377426123290e+00 1.200000000000000000e+01 1.360000000000000000e+02 2.000000000000000000e+00
2.920330593553971399e-01 6.812868201032119542e-01 1.000000000000000000e+00 1.570000000000000000e+02 2.000000000000000000e+00
1.772164581501673997e-01 1.467923361920425052e+00 1.900000000000000000e+01 5.500000000000000000e+01 2.000000000000000000e+00
8.313134263136237045e-01 1.330529508738011568e+00 2.000000000000000000e+01 1.170000000000000000e+02 2.000000000000000000e+00
7.149013423146431678e-02 6.042190709776432689e-01 2.000000000000000000e+01 1.270000000000000000e+02 2.000000000000000000e+00
8.065230739813212812e-01 2.023422915651447163e+00 3.000000000000000000e+00 1.770000000000000000e+02 2.000000000000000000e+00
9.132393155288989206e-01 1.335913934564812999e+00 1.200000000000000000e+01 4.700000000000000000e+01 2.000000000000000000e+00
3.580994338804798227e-01 1.436606451881167645e+00 1.900000000000000000e+01 1.840000000000000000e+02 2.000000000000000000e+00
8.592604902814345857e-01 9.455340830170128053e-01 5.000000000000000000e+00 8.900000000000000000e+01 2.000000000000000000e+00
4.146544255130837353e-01 2.837482555089271274e-01 4.000000000000000000e+00 1.440000000000000000e+02 2.000000000000000000e+00
1.946786144635134219e-01 6.478161020861979980e-01 1.500000000000000000e+01 2.000000000000000000e+00 2.000000000000000000e+00
8.174707030064278790e-01 7.717252867751455137e-01 1.300000000000000000e+01 4.000000000000000000e+00 2.000000000000000000e+00
1.009666537993949120e+00 6.840445967584311004e-01 1.800000000000000000e+01 4.800000000000000000e+01 2.000000000000000000e+00
4.704114747917107486e-01 1.744946104798290154e+00 1.800000000000000000e+01 1.820000000000000000e+02 2.000000000000000000e+00
4.322990925598183543e-01 3.533444887197766393e-01 6.000000000000000000e+00 1.490000000000000000e+02 2.000000000000000000e+00
4.717635436165549256e-01 8.944465483905704728e-01 2.000000000000000000e+00 1.410000000000000000e+02 2.000000000000000000e+00
7.021385954031263976e-01 1.306074927090057347e+00 1.400000000000000000e+01 1.070000000000000000e+02 3.000000000000000000e+00
4.025706270708371282e-01 1.652729878469760827e+00 1.300000000000000000e+01 1.460000000000000000e+02 3.000000000000000000e+00
1.889379825344424946e-01 3.045664808255864608e-01 1.300000000000000000e+01 1.960000000000000000e+02 3.000000000000000000e+00
6.758736854642813929e-01 5.451206811122270013e-01 1.500000000000000000e+01 1.160000000000000000e+02 3.000000000000000000e+00
5.302511356793216946e-01 2.002624756800313488e+00 1.700000000000000000e+01 1.320000000000000000e+02 3.000000000000000000e+00
6.942039783454087010e-01 1.336520317737624142e+00 1.300000000000000000e+01 1.700000000000000000e+02 3.000000000000000000e+00
2.737479619670035724e-01 1.027442028782062700e+00 4.000000000000000000e+00 6.700000000000000000e+01 3.000000000000000000e+00
4.340268736489139023e-01 1.182287485894479184e+00 2.000000000000000000e+01 1.000000000000000000e+02 3.000000000000000000e+00
3.744139689031236173e-01 1.032957182206530433e+00 6.000000000000000000e+00 1.400000000000000000e+02 3.000000000000000000e+00
3.431042045637465732e-01 7.440498890280403677e-01 6.000000000000000000e+00 8.700000000000000000e+01 3.000000000000000000e+00
2.823961880127378449e-02 1.575252646506522414e+00 8.000000000000000000e+00 1.420000000000000000e+02 3.000000000000000000e+00
3.934929528600015214e-01 1.692279126852591409e+00 3.000000000000000000e+00 1.400000000000000000e+02 3.000000000000000000e+00
2.262137977269240013e-02 1.490301145627176638e+00 9.000000000000000000e+00 1.640000000000000000e+02 3.000000000000000000e+00
8.562541009648879653e-01 1.549675309714025229e+00 5.000000000000000000e+00 6.000000000000000000e+01 3.000000000000000000e+00
4.033778912949614187e-02 1.428481485570010756e+00 9.000000000000000000e+00 8.600000000000000000e+01 3.000000000000000000e+00
2.915122569132688746e-01 3.878368308422434074e-01 2.000000000000000000e+01 2.300000000000000000e+01 3.000000000000000000e+00
4.909062709145917136e-01 1.679088396642299585e+00 1.400000000000000000e+01 1.850000000000000000e+02 3.000000000000000000e+00
8.494644951191452353e-01 1.259205573233209474e+00 4.000000000000000000e+00 6.000000000000000000e+01 3.000000000000000000e+00
9.985656980372127345e-01 1.231709164965841596e+00 2.000000000000000000e+01 3.200000000000000000e+01 3.000000000000000000e+00
1.099759755152538293e-01 1.737935734665222887e+00 2.000000000000000000e+01 1.660000000000000000e+02 3.000000000000000000e+00
6.332417824639875459e-01 3.388256183485672812e-01 1.200000000000000000e+01 2.900000000000000000e+01 3.000000000000000000e+00
4.536689698995511888e-01 1.245464646805121589e+00 1.000000000000000000e+00 1.340000000000000000e+02 3.000000000000000000e+00
5.551000243212759200e-01 1.367153241641627881e+00 5.000000000000000000e+00 1.240000000000000000e+02 3.000000000000000000e+00
4.014136355871188860e-02 2.083758191057556441e+00 1.300000000000000000e+01 8.800000000000000000e+01 3.000000000000000000e+00
4.918503944391022786e-01 1.559281214789192793e+00 8.000000000000000000e+00 8.300000000000000000e+01 3.000000000000000000e+00
7.896005113569031231e-01 1.498656402231575591e+00 1.800000000000000000e+01 3.400000000000000000e+01 3.000000000000000000e+00
5.777757528222136063e-01 5.008728888357286690e-01 1.400000000000000000e+01 6.400000000000000000e+01 3.000000000000000000e+00
7.994916052859570854e-01 1.954683263535310855e+00 1.000000000000000000e+00 1.070000000000000000e+02 3.000000000000000000e+00
3.768690294852817813e-01 1.637794057944664150e+00 5.000000000000000000e+00 1.090000000000000000e+02 3.000000000000000000e+00
3.773752374196414489e-02 1.234188407962182987e+00 1.400000000000000000e+01 2.600000000000000000e+01 3.000000000000000000e+00
6.668480635554606684e-01 1.485147989288233550e+00 1.000000000000000000e+01 9.400000000000000000e+01 3.000000000000000000e+00
1.926794390570707449e-01 9.557296415105364096e-01 1.300000000000000000e+01 1.600000000000000000e+02 3.000000000000000000e+00
5.141671177751637734e-01 1.970987151908727641e+00 1.800000000000000000e+01 1.600000000000000000e+01 3.000000000000000000e+00
9.793425672519432412e-01 1.448993978816992767e+00 1.000000000000000000e+00 1.370000000000000000e+02 3.000000000000000000e+00
1.575151111348187527e-01 1.452281941038749746e+00 2.000000000000000000e+00 1.310000000000000000e+02 3.000000000000000000e+00
8.070973769513835050e-01 1.530585421431731818e+00 2.000000000000000000e+01 1.630000000000000000e+02 3.000000000000000000e+00
8.669956787880841453e-01 6.947239633320315688e-01 4.000000000000000000e+00 7.900000000000000000e+01 3.000000000000000000e+00
8.507191117538466241e-01 4.019266910243134427e-01 1.000000000000000000e+00 1.410000000000000000e+02 3.000000000000000000e+00
3.785841369661270273e-01 9.973175619155693061e-01 1.000000000000000000e+01 6.600000000000000000e+01 3.000000000000000000e+00
7.193734281671803066e-01 7.680697273916429202e-01 1.000000000000000000e+01 1.730000000000000000e+02 3.000000000000000000e+00
9.627543419749312603e-01 5.985598521677514272e-01 1.300000000000000000e+01 1.240000000000000000e+02 3.000000000000000000e+00
9.047062921140024416e-01 1.353883725080807787e+00 1.300000000000000000e+01 1.090000000000000000e+02 3.000000000000000000e+00
5.208919737833027641e-01 1.230717573078349947e+00 1.500000000000000000e+01 1.100000000000000000e+01 3.000000000000000000e+00
7.695875035101652495e-01 4.542292627576866026e-01 1.900000000000000000e+01 1.110000000000000000e+02 3.000000000000000000e+00
3.531586656207185565e-02 1.063323088936212191e+00 1.600000000000000000e+01 1.090000000000000000e+02 3.000000000000000000e+00
7.740072989002867443e-01 1.756869495224481215e+00 2.000000000000000000e+01 7.100000000000000000e+01 3.000000000000000000e+00
7.215786772719171571e-01 1.008740979152916939e+00 1.500000000000000000e+01 4.400000000000000000e+01 3.000000000000000000e+00
1.000624916779333740e+00 1.423550819627187103e+00 2.000000000000000000e+00 3.100000000000000000e+01 3.000000000000000000e+00
6.292960211985481056e-01 1.537261413671592081e+00 4.000000000000000000e+00 1.690000000000000000e+02 3.000000000000000000e+00
3.744529460818741828e-01 4.952541310058692359e-01 1.300000000000000000e+01 4.800000000000000000e+01 3.000000000000000000e+00
1.136279581910584063e-01 2.733735762659498247e-01 9.000000000000000000e+00 1.100000000000000000e+01 4.000000000000000000e+00
7.211220480190903837e-02 4.644377708361243640e-01 7.000000000000000000e+00 1.060000000000000000e+02 4.000000000000000000e+00
4.191900214575687844e-01 9.470585523339344336e-01 1.300000000000000000e+01 1.400000000000000000e+01 4.000000000000000000e+00
1.269194389954014790e-01 8.160533356761662249e-01 9.000000000000000000e+00 1.990000000000000000e+02 4.000000000000000000e+00
2.821278352046030502e-01 1.538199425547233767e+00 2.000000000000000000e+01 1.980000000000000000e+02 4.000000000000000000e+00
3.746151871681416834e-01 1.759459555123007668e+00 1.100000000000000000e+01 3.400000000000000000e+01 4.000000000000000000e+00
6.957973485717593443e-01 1.964259448965122390e+00 3.000000000000000000e+00 1.670000000000000000e+02 4.000000000000000000e+00
9.258359542024843236e-01 1.298008088223023160e+00 1.200000000000000000e+01 1.200000000000000000e+01 4.000000000000000000e+00
1.090484373614004493e-01 7.763201334801360654e-01 1.200000000000000000e+01 1.100000000000000000e+01 4.000000000000000000e+00
8.527400686599959645e-01 6.692916644602709964e-01 1.800000000000000000e+01 7.500000000000000000e+01 4.000000000000000000e+00
7.023168837702924439e-01 1.864509994571001084e+00 1.300000000000000000e+01 1.700000000000000000e+01 4.000000000000000000e+00
3.030025858663646376e-01 1.170189083261309326e+00 1.800000000000000000e+01 1.980000000000000000e+02 4.000000000000000000e+00
4.471153992591039295e-01 1.080476407159918439e+00 2.000000000000000000e+01 1.100000000000000000e+02 4.000000000000000000e+00
5.747847821104803412e-01 9.335860756959356577e-01 1.300000000000000000e+01 1.490000000000000000e+02 4.000000000000000000e+00
3.187551050927639462e-01 5.019657248457246590e-01 4.000000000000000000e+00 8.500000000000000000e+01 4.000000000000000000e+00
1.173177785619835406e-01 1.915912486854220775e+00 1.900000000000000000e+01 1.500000000000000000e+02 4.000000000000000000e+00
3.455527549178647462e-01 1.123528343268124674e+00 1.700000000000000000e+01 5.900000000000000000e+01 4.000000000000000000e+00
7.471380993757491262e-02 3.576634281261917847e-01 1.200000000000000000e+01 9.500000000000000000e+01 4.000000000000000000e+00
9.544472790276556928e-01 4.608595165571410801e-01 1.400000000000000000e+01 1.340000000000000000e+02 4.000000000000000000e+00
6.250172657445469682e-01 1.090526051903265847e-01 1.600000000000000000e+01 1.680000000000000000e+02 4.000000000000000000e+00
9.188199493318788269e-01 1.951523590289244936e+00 1.500000000000000000e+01 1.150000000000000000e+02 4.000000000000000000e+00
7.343498584344172464e-01 1.357219580125013758e+00 9.000000000000000000e+00 3.500000000000000000e+01 4.000000000000000000e+00
8.746094734653030167e-02 1.280012086494025647e+00 9.000000000000000000e+00 7.000000000000000000e+01 4.000000000000000000e+00
6.869842087723766477e-01 1.384352766479314045e+00 2.000000000000000000e+00 1.630000000000000000e+02 4.000000000000000000e+00
9.975841312986524212e-01 1.264211017863467179e-01 4.000000000000000000e+00 8.000000000000000000e+00 4.000000000000000000e+00
2.183633776690616646e-01 1.508848893762461785e+00 1.400000000000000000e+01 1.920000000000000000e+02 4.000000000000000000e+00
2.616438294905820694e-01 4.704336363877389404e-01 1.300000000000000000e+01 6.800000000000000000e+01 4.000000000000000000e+00
7.895354984463860415e-01 1.758883884817851406e+00 6.000000000000000000e+00 1.670000000000000000e+02 4.000000000000000000e+00
2.560091146362480918e-01 1.321752291399497681e+00 3.000000000000000000e+00 6.700000000000000000e+01 4.000000000000000000e+00
5.215884736634909258e-01 1.393760123991469202e+00 1.500000000000000000e+01 1.420000000000000000e+02 4.000000000000000000e+00
2.392662405253597191e-01 8.255843505003098715e-01 2.000000000000000000e+00 8.600000000000000000e+01 4.000000000000000000e+00
9.041443757680854842e-01 1.898003393243239190e+00 6.000000000000000000e+00 9.000000000000000000e+00 4.000000000000000000e+00
8.705854042195237952e-01 1.121015646281534606e+00 1.300000000000000000e+01 6.300000000000000000e+01 4.000000000000000000e+00
9.312433864506295400e-01 1.977680380704174734e+00 1.700000000000000000e+01 1.700000000000000000e+01 4.000000000000000000e+00
5.976744654656802602e-01 1.975925912811510310e+00 1.900000000000000000e+01 2.300000000000000000e+01 4.000000000000000000e+00
5.131160136731979238e-01 1.209933734884890699e-01 8.000000000000000000e+00 1.800000000000000000e+02 4.000000000000000000e+00
1.661308394493793417e-01 1.711554284956748440e+00 1.500000000000000000e+01 4.200000000000000000e+01 4.000000000000000000e+00
2.451457661312747005e-01 4.764660572941089578e-01 1.600000000000000000e+01 1.700000000000000000e+01 4.000000000000000000e+00
3.586649885959224404e-01 1.083234033064607971e+00 1.800000000000000000e+01 4.200000000000000000e+01 4.000000000000000000e+00
2.788032775830444621e-01 7.227375510283061688e-01 7.000000000000000000e+00 9.000000000000000000e+01 4.000000000000000000e+00
6.484779297183589364e-01 1.695040204140530360e+00 1.800000000000000000e+01 1.110000000000000000e+02 4.000000000000000000e+00
3.814109087860966252e-01 6.278858406455350982e-01 5.000000000000000000e+00 8.500000000000000000e+01 4.000000000000000000e+00
2.843796299149908835e-01 2.895014516519781589e-01 3.000000000000000000e+00 1.220000000000000000e+02 4.000000000000000000e+00
1.505193810320115677e-01 1.288894178981351724e+00 1.000000000000000000e+01 1.680000000000000000e+02 4.000000000000000000e+00
3.311313425611318584e-01 1.227925319486418809e+00 1.300000000000000000e+01 1.300000000000000000e+02 4.000000000000000000e+00
7.474655575809650010e-01 4.423634709872495963e-01 1.000000000000000000e+00 9.100000000000000000e+01 4.000000000000000000e+00
3.380633243959231260e-01 1.173666706102411972e+00 1.500000000000000000e+01 1.500000000000000000e+02 4.000000000000000000e+00
1.509097028121504369e-01 1.379734005318973056e+00 1.800000000000000000e+01 4.600000000000000000e+01 4.000000000000000000e+00
1.004117148545859983e+00 9.003447672139847091e-01 1.000000000000000000e+00 8.700000000000000000e+01 4.000000000000000000e+00
4.777019105296600454e-01 8.482415902193717328e-01 1.900000000000000000e+01 7.300000000000000000e+01 4.000000000000000000e+00
