6.441266054854132006e-02 9.272426226167428398e-01 7.000000000000000000e+00 6.100000000000000000e+01 0.000000000000000000e+00
3.656681796717479171e-01 5.344312865595118867e-01 1.300000000000000000e+01 1.290000000000000000e+02 0.000000000000000000e+00
8.213902872764307084e-01 1.358926481387640051e+00 1.400000000000000000e+01 1.030000000000000000e+02 0.000000000000000000e+00
4.466189800077182692e-01 1.200833939762573577e+00 1.700000000000000000e+01 6.300000000000000000e+01 0.000000000000000000e+00
3.328790177120288796e-01 3.275724199005350945e-01 4.000000000000000000e+00 1.490000000000000000e+02 0.000000000000000000e+00
1.637834561501197994e-01 1.788990901046623838e+00 5.000000000000000000e+00 1.230000000000000000e+02 0.000000000000000000e+00
5.880875049673387478e-01 2.721302409832327962e-01 1.100000000000000000e+01 1.550000000000000000e+02 0.000000000000000000e+00
2.975037629678115580e-01 1.172800566774486741e+00 3.000000000000000000e+00 7.500000000000000000e+01 0.000000000000000000e+00
7.154745406398577146e-01 4.369090060579819967e-01 1.000000000000000000e+01 6.500000000000000000e+01 0.000000000000000000e+00
8.623732556107414071e-01 1.440834062816511718e+00 3.000000000000000000e+00 1.080000000000000000e+02 0.000000000000000000e+00
2.965003013359607253e-01 3.876669400401452359e-01 1.400000000000000000e+01 1.600000000000000000e+01 0.000000000000000000e+00
6.462244765965151627e-01 9.050272417825969695e-01 1.900000000000000000e+01 1.820000000000000000e+02 0.000000000000000000e+00
3.758960436089890944e-01 1.448286813919704985e-01 8.000000000000000000e+00 1.500000000000000000e+02 0.000000000000000000e+00
1.732459057432356175e-01 4.014909407172576605e-01 4.000000000000000000e+00 7.700000000000000000e+01 0.000000000000000000e+00
8.395875924828177794e-01 1.917612333304934635e+00 1.000000000000000000e+00 5.100000000000000000e+01 0.000000000000000000e+00
4.303531663662455431e-01 1.809793980406858849e-01 8.000000000000000000e+00 1.480000000000000000e+02 0.000000000000000000e+00
2.327660958923889467e-01 1.416086023139481842e+00 7.000000000000000000e+00 1.950000000000000000e+02 0.000000000000000000e+00
8.284591906793402349e-02 1.726408397176292242e+00 3.000000000000000000e+00 1.270000000000000000e+02 0.000000000000000000e+00
8.154560931151582093e-01 1.346448430070712243e+00 6.000000000000000000e+00 1.670000000000000000e+02 0.000000000000000000e+00
7.782483858525388598e-01 9.405728403290617434e-01 1.800000000000000000e+01 1.200000000000000000e+02 0.000000000000000000e+00
9.038185931865865275e-01 1.113240138494866471e+00 1.400000000000000000e+01 5.000000000000000000e+00 0.000000000000000000e+00
6.614017617582359509e-01 2.096516033624252096e+00 8.000000000000000000e+00 9.600000000000000000e+01 0.000000000000000000e+00
8.132719178844208807e-01 1.988108073985900281e+00 3.000000000000000000e+00 1.650000000000000000e+02 0.000000000000000000e+00
9.839709215104969209e-01 6.018814393439236854e-01 1.500000000000000000e+01 8.600000000000000000e+01 0.000000000000000000e+00
9.097920178260239243e-01 9.046365178835310550e-01 1.500000000000000000e+01 1.310000000000000000e+02 0.000000000000000000e+00
7.248078162847552131e-01 1.802761509839173382e+00 8.000000000000000000e+00 1.840000000000000000e+02 0.000000000000000000e+00
7.987470607187945326e-01 1.545829895318912683e+00 3.000000000000000000e+00 1.930000000000000000e+02 0.000000000000000000e+00
3.215628267228332060e-01 4.856678378846900346e-01 1.800000000000000000e+01 5.900000000000000000e+01 0.000000000000000000e+00
4.700463784821994340e-01 7.222444785840637094e-01 4.000000000000000000e+00 1.920000000000000000e+02 0.000000000000000000e+00
9.523235117728495736e-01 1.419566711514747448e+00 1.800000000000000000e+01 5.400000000000000000e+01 0.000000000000000000e+00
7.624005555927820810e-01 1.593455078146483794e+00 1.000000000000000000e+00 1.230000000000000000e+02 0.000000000000000000e+00
3.848318451544815444e-01 3.455867184476258958e-01 1.400000000000000000e+01 7.100000000000000000e+01 0.000000000000000000e+00
1.498218733752459952e-01 3.528238330412959423e-01 1.700000000000000000e+01 1.100000000000000000e+02 0.000000000000000000e+00
1.007578151473859540e+00 2.047880541010715927e+00 3.000000000000000000e+00 2.300000000000000000e+01 0.000000000000000000e+00
2.547349145660526837e-01 1.928459301975322226e+00 1.400000000000000000e+01 8.900000000000000000e+01 0.000000000000000000e+00
4.018535195030772389e-01 8.443346030266966062e-01 1.000000000000000000e+01 3.900000000000000000e+01 0.000000000000000000e+00
7.215279056335738295e-01 1.851405366149273091e+00 1.200000000000000000e+01 1.400000000000000000e+02 0.000000000000000000e+00
4.560389886096098966e-01 1.945948611501214565e+00 1.000000000000000000e+01 3.800000000000000000e+01 0.000000000000000000e+00
9.736077064158690231e-01 1.058919577327785522e+00 9.000000000000000000e+00 1.910000000000000000e+02 0.000000000000000000e+00
8.873028132517398747e-01 1.448227149447025797e+00 1.200000000000000000e+01 1.790000000000000000e+02 0.000000000000000000e+00
2.619532941266491388e-01 1.915328098642804067e+00 1.800000000000000000e+01 8.400000000000000000e+01 0.000000000000000000e+00
5.415323364970791031e-01 1.870108444390061742e+00 1.700000000000000000e+01 1.370000000000000000e+02 0.000000000000000000e+00
1.316204592100674864e-01 1.481636199784430286e+00 1.000000000000000000e+00 2.600000000000000000e+01 0.000000000000000000e+00
2.510447523712876911e-02 3.642542804996212746e-01 2.000000000000000000e+00 1.100000000000000000e+01 0.000000000000000000e+00
2.746918481464545314e-01 1.908883324383114255e+00 4.000000000000000000e+00 1.880000000000000000e+02 0.000000000000000000e+00
9.774809486286488713e-01 1.881921781194665577e+00 1.600000000000000000e+01 1.690000000000000000e+02 0.000000000000000000e+00
2.468713426678001976e-01 1.619775662571260932e+00 2.000000000000000000e+00 5.500000000000000000e+01 0.000000000000000000e+00
2.090221907476077501e-01 6.135865683474009957e-01 8.000000000000000000e+00 9.300000000000000000e+01 0.000000000000000000e+00
2.311052533013371324e-01 1.238450801896221032e+00 1.200000000000000000e+01 1.230000000000000000e+02 0.000000000000000000e+00
5.398617692074485497e-01 1.809076542173791546e+00 1.900000000000000000e+01 1.140000000000000000e+02 0.000000000000000000e+00
9.822570012791835836e-01 2.084134956219732882e+00 1.400000000000000000e+01 5.800000000000000000e+01 1.000000000000000000e+00
4.696716098369702053e-01 7.897435288798489994e-01 1.800000000000000000e+01 1.790000000000000000e+02 1.000000000000000000e+00
2.933260762130694976e-01 1.474238461146796519e-01 1.300000000000000000e+01 2.900000000000000000e+01 1.000000000000000000e+00
4.567590092787738865e-01 2.979100461557774304e-01 1.000000000000000000e+00 1.500000000000000000e+02 1.000000000000000000e+00
7.808026270435000082e-01 1.018867667835755775e+00 1.500000000000000000e+01 9.000000000000000000e+01 1.000000000000000000e+00
7.343502150799405825e-01 1.092529861002840441e+00 1.300000000000000000e+01 1.200000000000000000e+01 1.000000000000000000e+00
2.068507608532426101e-01 2.002890586334692635e+00 1.000000000000000000e+01 8.000000000000000000e+01 1.000000000000000000e+00
7.459292804498368623e-01 2.133057951459393087e-01 1.500000000000000000e+01 4.100000000000000000e+01 1.000000000000000000e+00
1.157816504572694270e-02 1.156264216100316045e+00 3.000000000000000000e+00 1.470000000000000000e+02 1.000000000000000000e+00
4.283861008796315817e-01 3.538099679431184752e-01 1.400000000000000000e+01 7.500000000000000000e+01 1.000000000000000000e+00
7.236179812555214586e-01 7.309317355836525421e-01 2.000000000000000000e+01 1.920000000000000000e+02 1.000000000000000000e+00
9.064335795328435363e-01 1.582699651704912114e+00 1.700000000000000000e+01 6.900000000000000000e+01 1.000000000000000000e+00
9.082022373925323633e-01 1.676630218312409992e+00 1.300000000000000000e+01 1.850000000000000000e+02 1.000000000000000000e+00
4.515607291301475534e-01 1.870944444607101076e+00 1.300000000000000000e+01 1.290000000000000000e+02 1.000000000000000000e+00
2.451843766979620032e-01 1.779711078558227966e+00 4.000000000000000000e+00 1.900000000000000000e+02 1.000000000000000000e+00
6.694938767069150698e-01 1.754857368512938720e+00 5.000000000000000000e+00 1.890000000000000000e+02 1.000000000000000000e+00
9.640395646049659817e-01 3.837737222418547978e-01 1.300000000000000000e+01 1.700000000000000000e+01 1.000000000000000000e+00
3.906964671278081447e-01 1.071244020511596728e+00 1.500000000000000000e+01 1.410000000000000000e+02 1.000000000000000000e+00
9.849489692251492956e-01 1.247786763085887429e+00 1.500000000000000000e+01 6.900000000000000000e+01 1.000000000000000000e+00
7.130724904487918403e-01 1.155492722847863141e-01 1.400000000000000000e+01 2.600000000000000000e+01 1.000000000000000000e+00
3.023480142075506832e-02 6.600421709686982163e-01 1.000000000000000000e+01 1.270000000000000000e+02 1.000000000000000000e+00
1.849558788371551410e-01 2.289800465511359351e-01 2.000000000000000000e+01 4.000000000000000000e+00 1.000000000000000000e+00
9.445553045716872376e-01 1.369257429888749211e+00 1.200000000000000000e+01 4.900000000000000000e+01 1.000000000000000000e+00
3.638959286290206485e-01 1.403104170227833514e+00 1.200000000000000000e+01 1.550000000000000000e+02 1.000000000000000000e+00
6.436251408176494326e-01 2.652750820696568868e-01 1.600000000000000000e+01 7.600000000000000000e+01 1.000000000000000000e+00
2.340760939084838288e-01 1.789064689137713993e+00 1.700000000000000000e+01 4.200000000000000000e+01 1.000000000000000000e+00
8.353936407802152742e-01 1.771687436509937985e+00 1.100000000000000000e+01 5.400000000000000000e+01 1.000000000000000000e+00
2.758817727843392298e-01 1.374469261008474386e-01 1.600000000000000000e+01 1.430000000000000000e+02 1.000000000000000000e+00
2.102139219332863629e-01 5.774003712592808979e-01 2.000000000000000000e+01 1.000000000000000000e+00 1.000000000000000000e+00
7.406683029564766763e-01 1.800651642671041941e+00 1.800000000000000000e+01 6.300000000000000000e+01 1.000000000000000000e+00
6.358569285820508954e-01 3.761787211951977961e-01 5.000000000000000000e+00 1.000000000000000000e+02 1.000000000000000000e+00
5.074390557534290691e-01 1.916298954367964935e+00 1.000000000000000000e+00 1.360000000000000000e+02 1.000000000000000000e+00
8.898711311413312064e-01 3.448840648595677960e-01 5.000000000000000000e+00 5.100000000000000000e+01 1.000000000000000000e+00
4.867607617233694617e-01 2.049921009586019416e+00 1.700000000000000000e+01 1.540000000000000000e+02 1.000000000000000000e+00
1.219483300031142109e-01 1.395024176541421523e+00 3.000000000000000000e+00 5.100000000000000000e+01 1.000000000000000000e+00
8.088654657205732734e-01 9.630404988526536370e-01 6.000000000000000000e+00 1.680000000000000000e+02 1.000000000000000000e+00
8.300402971314400080e-01 4.155587844013511889e-01 1.500000000000000000e+01 1.560000000000000000e+02 1.000000000000000000e+00
9.132365081293905007e-01 1.219347263101623613e-01 2.000000000000000000e+00 5.200000000000000000e+01 1.000000000000000000e+00
8.468079807040265194e-01 6.347491216667014990e-01 4.000000000000000000e+00 2.200000000000000000e+01 1.000000000000000000e+00
2.308392137355873563e-01 1.095626188537946133e+00 1.600000000000000000e+01 1.030000000000000000e+02 1.000000000000000000e+00
3.391324906543135009e-01 1.770457743672155804e+00 1.000000000000000000e+01 4.700000000000000000e+01 1.000000000000000000e+00
5.190365363515532238e-01 1.693998446200914165e-01 1.100000000000000000e+01 5.000000000000000000e+00 1.000000000000000000e+00
8.640147761530566628e-01 9.626359252600497074e-01 1.100000000000000000e+01 5.300000000000000000e+01 1.000000000000000000e+00
1.005363931817721657e+00 9.138687073262891092e-01 4.000000000000000000e+00 1.010000000000000000e+02 1.000000000000000000e+00
1.948145880870317814e-01 2.058992224460668652e+00 1.100000000000000000e+01 1.920000000000000000e+02 1.000000000000000000e+00
7.968340802839170012e-01 5.005354723460843092e-01 1.100000000000000000e+01 1.510000000000000000e+02 1.000000000000000000e+00
6.808838053994473727e-01 2.085721493412407757e+00 9.000000000000000000e+00 2.900000000000000000e+01 1.000000000000000000e+00
9.973021451060601894e-01 8.137332383704817262e-01 1.000000000000000000e+01 1.120000000000000000e+02 1.000000000000000000e+00
1.741311842918199515e-01 6.230454881579200466e-01 3.000000000000000000e+00 1.850000000000000000e+02 1.000000000000000000e+00
4.168256604912843333e-01 2.014491960577332874e-01 1.300000000000000000e+01 1.050000000000000000e+02 1.000000000000000000e+00
3.913090179080268988e-02 1.757582090708024847e+00 1.000000000000000000e+01 1.750000000000000000e+02 2.000000000000000000e+00
9.251917860599986332e-01 1.905384576602006774e+00 4.000000000000000000e+00 2.000000000000000000e+00 2.000000000000000000e+00
5.202491659853082373e-01 9.769883539883460477e-01 6.000000000000000000e+00 1.350000000000000000e+02 2.000000000000000000e+00
9.903955756186724191e-01 1.774193797321359067e+00 1.900000000000000000e+01 1.150000000000000000e+02 2.000000000000000000e+00
8.223352161471055854e-01 1.108238369878173091e-01 1.600000000000000000e+01 1.800000000000000000e+02 2.000000000000000000e+00
7.069121948298068281e-01 1.009995251407022343e-01 7.000000000000000000e+00 1.940000000000000000e+02 2.000000000000000000e+00
7.358868649995335964e-01 1.783303365163433130e+00 1.900000000000000000e+01 5.000000000000000000e+01 2.000000000000000000e+00
9.914097843071699445e-02 1.455712371758425272e+00 1.900000000000000000e+01 1.280000000000000000e+02 2.000000000000000000e+00
5.670393117857463333e-02 1.705658029126424280e+00 1.000000000000000000e+00 1.530000000000000000e+02 2.000000000000000000e+00
6.031231143847159970e-01 1.457304727347221052e+00 1.000000000000000000e+01 9.000000000000000000e+01 2.000000000000000000e+00
3.950350349216178447e-01 4.840041876772048779e-01 1.000000000000000000e+01 2.100000000000000000e+01 2.000000000000000000e+00
8.326938426333109211e-01 1.630409659682140022e+00 6.000000000000000000e+00 1.100000000000000000e+01 2.000000000000000000e+00
4.286783791222289475e-01 1.405927691142720315e+00 2.000000000000000000e+00 1.370000000000000000e+02 2.000000000000000000e+00
2.709657435003863801e-01 1.477540324982399955e+00 1.400000000000000000e+01 1.230000000000000000e+02 2.000000000000000000e+00
1.153940923393692447e-01 5.430654961736208763e-01 3.000000000000000000e+00 1.080000000000000000e+02 2.000000000000000000e+00
9.839602679645695904e-01 1.476466251574519495e+00 6.000000000000000000e+00 8.400000000000000000e+01 2.000000000000000000e+00
3.539407833448345864e-01 1.707478139655375982e+00 3.000000000000000000e+00 7.000000000000000000e+01 2.000000000000000000e+00
3.344135896891681226e-01 2.714788217549238825e-01 2.000000000000000000e+00 1.760000000000000000e+02 2.000000000000000000e+00
1.131609916014813949e-01 1.394083998886679998e+00 4.000000000000000000e+00 8.100000000000000000e+01 2.000000000000000000e+00
6.945068468820133623e-01 1.088276213915231327e+00 1.900000000000000000e+01 2.200000000000000000e+01 2.000000000000000000e+00
6.633565597468720210e-01 2.083292211357323787e+00 1.000000000000000000e+01 1.350000000000000000e+02 2.000000000000000000e+00
7.574987678084105225e-01 2.270777899680701817e-01 2.000000000000000000e+01 1.630000000000000000e+02 2.000000000000000000e+00
4.670405981444433197e-01 2.034516713657773312e+00 7.000000000000000000e+00 6.200000000000000000e+01 2.000000000000000000e+00
7.696065581752952189e-01 1.536797860720591657e+00 1.000000000000000000e+00 1.770000000000000000e+02 2.000000000000000000e+00
7.533785644185012620e-01 1.001329734340894229e+00 1.000000000000000000e+01 5.200000000000000000e+01 2.000000000000000000e+00
6.269045974806440602e-02 1.311202934176729507e+00 1.800000000000000000e+01 1.570000000000000000e+02 2.000000000000000000e+00
4.023970555950571182e-01 1.790458487754645001e+00 1.000000000000000000e+00 1.830000000000000000e+02 2.000000000000000000e+00
5.661824467272146277e-01 1.306512053184858635e+00 1.800000000000000000e+01 1.540000000000000000e+02 2.000000000000000000e+00
2.089690058516555649e-01 1.577384765846918668e+00 1.800000000000000000e+01 1.500000000000000000e+02 2.000000000000000000e+00
8.405835661531023406e-02 5.376743133670985886e-01 3.000000000000000000e+00 6.300000000000000000e+01 2.000000000000000000e+00
5.488367761552465085e-01 1.940648567411939140e+00 1.500000000000000000e+01 1.140000000000000000e+02 2.000000000000000000e+00
2.621281592495646739e-01 1.255527505247393316e+00 1.000000000000000000e+00 1.000000000000000000e+00 2.000000000000000000e+00
2.623677596549296442e-01 8.281271158134698718e-01 2.000000000000000000e+00 3.900000000000000000e+01 2.000000000000000000e+00
9.505372189870685551e-01 2.074469197411196841e+00 1.900000000000000000e+01 1.130000000000000000e+02 2.000000000000000000e+00
9.577154269555097077e-01 1.306127789616024215e-01 8.000000000000000000e+00 7.100000000000000000e+01 2.000000000000000000e+00
8.378506750453649232e-01 1.599845190341592005e+00 1.000000000000000000e+00 1.500000000000000000e+02 2.000000000000000000e+00
7.310753348602043733e-01 7.881589578718307676e-01 1.800000000000000000e+01 9.000000000000000000e+00 2.000000000000000000e+00
8.940013187270851036e-01 3.559334382702227240e-01 5.000000000000000000e+00 1.960000000000000000e+02 2.000000000000000000e+00
8.446413825233533013e-01 1.449801674512076088e+00 5.000000000000000000e+00 1.830000000000000000e+02 2.000000000000000000e+00
9.414988497014080693e-01 4.188853780070566080e-01 1.900000000000000000e+01 1.110000000000000000e+02 2.000000000000000000e+00
9.705567456104760016e-01 6.787408390398400604e-01 1.100000000000000000e+01 1.280000000000000000e+02 2.000000000000000000e+00
7.552200931047322596e-01 5.571403573370360407e-01 1.700000000000000000e+01 1.060000000000000000e+02 2.000000000000000000e+00
3.071165315860028278e-01 8.104581510100116182e-01 1.100000000000000000e+01 1.240000000000000000e+02 2.000000000000000000e+00
6.956624344654628311e-01 1.590020178992685329e+00 8.000000000000000000e+00 1.720000000000000000e+02 2.000000000000000000e+00
6.748117941569081735e-01 2.653153171384304843e-01 1.000000000000000000e+01 6.000000000000000000e+00 2.000000000000000000e+00
4.504828082306521209e-01 1.707543322028756416e-01 1.000000000000000000e+01 1.290000000000000000e+02 2.000000000000000000e+00
9.849640388603866370e-01 1.880795537860346700e+00 1.600000000000000000e+01 1.030000000000000000e+02 2.000000000000000000e+00
7.385715819265006310e-01 9.349682661382340276e-01 1.000000000000000000e+01 9.600000000000000000e+01 2.000000000000000000e+00
1.306149100308778843e-01 7.651527026166408119e-01 1.300000000000000000e+01 1.400000000000000000e+02 2.000000000000000000e+00
9.777893646749229450e-01 1.211386144768967332e+00 4.000000000000000000e+00 7.000000000000000000e+00 2.000000000000000000e+00
2.573721281648971848e-01 9.822111683260711379e-01 1.900000000000000000e+01 1.880000000000000000e+02 3.000000000000000000e+00
6.235427410410820936e-01 1.285003113835204269e+00 9.000000000000000000e+00 1.320000000000000000e+02 3.000000000000000000e+00
2.088514076877646675e-01 5.251730717177093277e-01 7.000000000000000000e+00 6.600000000000000000e+01 3.000000000000000000e+00
3.793570810961010009e-01 3.148221656027708759e-01 4.000000000000000000e+00 1.550000000000000000e+02 3.000000000000000000e+00
5.749467441373923293e-01 1.660891133644826434e+00 1.400000000000000000e+01 8.800000000000000000e+01 3.000000000000000000e+00
7.972593463068191610e-01 1.222317290749143082e+00 1.600000000000000000e+01 1.210000000000000000e+02 3.000000000000000000e+00
6.667309264296541471e-01 1.790781936614229020e+00 1.800000000000000000e+01 1.200000000000000000e+01 3.000000000000000000e+00
5.225513908754988446e-01 2.595140313378964114e-01 1.600000000000000000e+01 2.200000000000000000e+01 3.000000000000000000e+00
3.362289031080811785e-01 4.553075405318606217e-01 1.200000000000000000e+01 4.200000000000000000e+01 3.000000000000000000e+00
2.749922150064050275e-01 8.189621938916035182e-01 1.600000000000000000e+01 1.960000000000000000e+02 3.000000000000000000e+00
3.266708931375347236e-01 6.969923818612678845e-01 5.000000000000000000e+00 1.100000000000000000e+02 3.000000000000000000e+00
2.620414041062123500e-01 3.332041018061785431e-01 2.000000000000000000e+01 2.200000000000000000e+01 3.000000000000000000e+00
7.338600343349838129e-01 4.430267843108258718e-01 4.000000000000000000e+00 2.700000000000000000e+01 3.000000000000000000e+00
8.397038866186464778e-01 1.818220340525547485e+00 2.000000000000000000e+00 1.830000000000000000e+02 3.000000000000000000e+00
5.778749997949077510e-01 2.077243817442813167e+00 1.800000000000000000e+01 1.010000000000000000e+02 3.000000000000000000e+00
2.887058707091807452e-01 1.001440679658988975e+00 1.800000000000000000e+01 7.600000000000000000e+01 3.000000000000000000e+00
1.043342801403872450e-01 5.611467112340152719e-01 8.000000000000000000e+00 9.800000000000000000e+01 3.000000000000000000e+00
9.220341394001019264e-01 8.733678907904448563e-01 1.400000000000000000e+01 1.530000000000000000e+02 3.000000000000000000e+00
9.730088075654611535e-01 1.816427247675953094e+00 5.000000000000000000e+00 4.200000000000000000e+01 3.000000000000000000e+00
7.582627722129220427e-01 1.582828389785214451e+00 8.000000000000000000e+00 1.910000000000000000e+02 3.000000000000000000e+00
7.491398483738688219e-01 4.736083782549566079e-01 2.000000000000000000e+01 1.770000000000000000e+02 3.000000000000000000e+00
4.554886543482860456e-02 1.994659038920107763e+00 7.000000000000000000e+00 1.000000000000000000e+01 3.000000000000000000e+00
6.459579244092858996e-01 1.204131937671156560e+00 1.400000000000000000e+01 1.680000000000000000e+02 3.000000000000000000e+00
2.880373650347124448e-01 8.226461586314227636e-01 1.100000000000000000e+01 1.780000000000000000e+02 3.000000000000000000e+00
2.326203977810709089e-01 1.725192592477601039e+00 5.000000000000000000e+00 1.990000000000000000e+02 3.000000000000000000e+00
1.004853304129676106e+00 1.597391935814299391e+00 1.000000000000000000e+00 1.780000000000000000e+02 3.000000000000000000e+00
7.879196137790991372e-01 4.646837128523958471e-01 1.400000000000000000e+01 1.310000000000000000e+02 3.000000000000000000e+00
2.096133082604744596e-02 8.659896087924993102e-01 8.000000000000000000e+00 9.000000000000000000e+00 3.000000000000000000e+00
4.854151823264885035e-01 1.917064147738746449e+00 8.000000000000000000e+00 1.570000000000000000e+02 3.000000000000000000e+00
1.737085375640591289e-01 9.292008588341450492e-01 2.000000000000000000e+01 1.840000000000000000e+02 3.000000000000000000e+00
1.157815178406342710e-01 6.234810431854674873e-01 1.600000000000000000e+01 1.980000000000000000e+02 3.000000000000000000e+00
7.048700684244860737e-01 1.504377282852181086e+00 1.200000000000000000e+01 1.000000000000000000e+01 3.000000000000000000e+00
6.403363712845696609e-01 1.393336040711445678e+00 1.600000000000000000e+01 4.300000000000000000e+01 3.000000000000000000e+00
4.878103127502121383e-01 1.071453675560254615e+00 1.000000000000000000e+00 1.090000000000000000e+02 3.000000000000000000e+00
7.304601733891158410e-01 1.224088163397746731e+00 6.000000000000000000e+00 4.400000000000000000e+01 3.000000000000000000e+00
6.528599738315042644e-02 4.856696262846132983e-01 1.600000000000000000e+01 9.700000000000000000e+01 3.000000000000000000e+00
1.390798760488033414e-01 1.008200764052949561e+00 1.000000000000000000e+00 1.900000000000000000e+01 3.000000000000000000e+00
2.298641933978882168e-01 3.952931457194780451e-01 8.000000000000000000e+00 1.680000000000000000e+02 3.000000000000000000e+00
1.006547373585033878e+00 6.530181186359603762e-01 1.800000000000000000e+01 2.000000000000000000e+00 3.000000000000000000e+00
4.925742614291815924e-01 2.820743503183377188e-01 9.000000000000000000e+00 7.700000000000000000e+01 3.000000000000000000e+00
4.498280251110668981e-01 7.749129470620060856e-01 5.000000000000000000e+00 1.220000000000000000e+02 3.000000000000000000e+00
1.413988450851003664e-01 1.531991064174875516e+00 8.000000000000000000e+00 8.100000000000000000e+01 3.000000000000000000e+00
6.384046684644816283e-01 1.827184565899832691e+00 5.000000000000000000e+00 9.500000000000000000e+01 3.000000000000000000e+00
7.998520922143799172e-01 5.594656018398714847e-01 2.000000000000000000e+00 1.260000000000000000e+02 3.000000000000000000e+00
3.491474084878077866e-01 1.645133502554278371e+00 2.000000000000000000e+01 8.000000000000000000e+01 3.000000000000000000e+00
7.559665493037147355e-02 1.624546502833875916e+00 1.500000000000000000e+01 2.400000000000000000e+01 3.000000000000000000e+00
1.410455645696266913e-01 1.511588443421736816e+00 2.000000000000000000e+01 2.200000000000000000e+01 3.000000000000000000e+00
7.744407192324447298e-01 6.651691686619566335e-01 1.000000000000000000e+01 1.300000000000000000e+02 3.000000000000000000e+00
2.933034502106364183e-01 7.438738402015218076e-01 2.000000000000000000e+00 3.100000000000000000e+01 3.000000000000000000e+00
2.338414402511911766e-02 1.927545190533339836e+00 1.900000000000000000e+01 1.680000000000000000e+02 3.000000000000000000e+00
2.752101069981413017e-01 1.605428210850334159e+00 1.400000000000000000e+01 1.660000000000000000e+02 4.000000000000000000e+00
3.857517292021045430e-01 1.824278840766290655e+00 1.400000000000000000e+01 7.700000000000000000e+01 4.000000000000000000e+00
1.351219736274779093e-01 7.723686184340597949e-01 4.000000000000000000e+00 6.700000000000000000e+01 4.000000000000000000e+00
5.557284894837898337e-01 1.415038250947433962e+00 8.000000000000000000e+00 1.370000000000000000e+02 4.000000000000000000e+00
5.552650319401554180e-01 1.202354772627030721e+00 6.000000000000000000e+00 1.680000000000000000e+02 4.000000000000000000e+00
4.779891790713384214e-01 3.649627171726360642e-01 8.000000000000000000e+00 5.100000000000000000e+01 4.000000000000000000e+00
3.352380171867851838e-02 1.884803094932326895e+00 1.100000000000000000e+01 1.260000000000000000e+02 4.000000000000000000e+00
8.096276035990233044e-01 1.666697409561849197e+00 2.000000000000000000e+01 6.400000000000000000e+01 4.000000000000000000e+00
8.955190537990727062e-01 4.431285459963602014e-01 6.000000000000000000e+00 1.640000000000000000e+02 4.000000000000000000e+00
6.093521168353654288e-02 4.806920335294354585e-01 1.400000000000000000e+01 6.100000000000000000e+01 4.000000000000000000e+00
9.019997883517981707e-01 1.271895502155668378e+00 9.000000000000000000e+00 1.710000000000000000e+02 4.000000000000000000e+00
6.197108464562209873e-01 1.504947459150849820e+00 1.800000000000000000e+01 1.200000000000000000e+02 4.000000000000000000e+00
5.200688904195365225e-01 4.594691467169892407e-01 1.000000000000000000e+00 4.700000000000000000e+01 4.000000000000000000e+00
7.496964301966587696e-01 1.831304147692212725e+00 9.000000000000000000e+00 3.800000000000000000e+01 4.000000000000000000e+00
9.798881625930134787e-01 8.472622779795028203e-01 1.500000000000000000e+01 2.400000000000000000e+01 4.000000000000000000e+00
4.837079755037611006e-01 2.638374521863410260e-01 1.600000000000000000e+01 9.100000000000000000e+01 4.000000000000000000e+00
4.026606835820433633e-02 1.297971118788263434e+00 1.400000000000000000e+01 1.590000000000000000e+02 4.000000000000000000e+00
9.156719476090151577e-01 4.859084155116871750e-01 1.200000000000000000e+01 1.070000000000000000e+02 4.000000000000000000e+00
1.747927515022297262e-01 1.368044147372983854e+00 1.600000000000000000e+01 1.770000000000000000e+02 4.000000000000000000e+00
5.473834630859820694e-01 1.670175953760761001e+00 1.100000000000000000e+01 9.400000000000000000e+01 4.000000000000000000e+00
7.936245359682361222e-01 1.976732029073464902e+00 1.600000000000000000e+01 9.100000000000000000e+01 4.000000000000000000e+00
1.001554856224998957e+00 1.306909384087457493e+00 1.800000000000000000e+01 1.950000000000000000e+02 4.000000000000000000e+00
1.359794977454069631e-01 2.084238468307293424e+00 1.700000000000000000e+01 1.180000000000000000e+02 4.000000000000000000e+00
6.394987046804831987e-01 6.599976341894732146e-01 9.000000000000000000e+00 1.980000000000000000e+02 4.000000000000000000e+00
2.797457071196172151e-01 1.800961205563394785e+00 3.000000000000000000e+00 1.390000000000000000e+02 4.000000000000000000e+00
7.439361937433506267e-01 6.588735469575525139e-01 1.900000000000000000e+01 2.300000000000000000e+01 4.000000000000000000e+00
3.685138775683271389e-02 2.365107570347310395e-01 9.000000000000000000e+00 4.700000000000000000e+01 4.000000000000000000e+00
4.923886167614331955e-01 1.448281313328990239e+00 1.500000000000000000e+01 9.200000000000000000e+01 4.000000000000000000e+00
3.568613814721814936e-01 1.838054397823077002e+00 6.000000000000000000e+00 7.800000000000000000e+01 4.000000000000000000e+00
5.225354613371990115e-02 1.401517432307781252e+00 5.000000000000000000e+00 5.700000000000000000e+01 4.000000000000000000e+00
7.995135733254280508e-01 1.062785957164310346e+00 1.500000000000000000e+01 2.800000000000000000e+01 4.000000000000000000e+00
9.395981195949294484e-01 9.812605607582370881e-01 4.000000000000000000e+00 1.470000000000000000e+02 4.000000000000000000e+00
3.489453802310308328e-01 2.155361709654692037e-01 1.100000000000000000e+01 1.080000000000000000e+02 4.000000000000000000e+00
8.677691173969152016e-01 3.045778540532607659e-01 1.100000000000000000e+01 7.300000000000000000e+01 4.000000000000000000e+00
3.558540596513035670e-01 1.251824120966056109e+00 1.100000000000000000e+01 1.460000000000000000e+02 4.000000000000000000e+00
5.560067754056942091e-01 1.846301336780113156e-01 7.000000000000000000e+00 8.100000000000000000e+01 4.000000000000000000e+00
6.938869674860660419e-01 1.839787544473948211e+00 5.000000000000000000e+00 1.800000000000000000e+02 4.000000000000000000e+00
2.831503083521248465e-01 6.428607567569969428e-01 1.500000000000000000e+01 1.630000000000000000e+02 4.000000000000000000e+00
2.348354719083737274e-01 5.067692554554413809e-01 1.600000000000000000e+01 1.020000000000000000e+02 4.000000000000000000e+00
7.442146318980741304e-01 1.873512010093202118e+00 1.400000000000000000e+01 8.300000000000000000e+01 4.000000000000000000e+00
2.145963887570264683e-01 9.305296096029010977e-01 1.000000000000000000e+00 1.500000000000000000e+02 4.000000000000000000e+00
8.265487521882057820e-01 1.698615532527779859e+00 1.500000000000000000e+01 1.160000000000000000e+02 4.000000000000000000e+00
8.261978413577866220e-01 3.804288508735286234e-01 8.000000000000000000e+00 2.600000000000000000e+01 4.000000000000000000e+00
5.046538851565730566e-01 1.902671941706411962e+00 5.000000000000000000e+00 1.920000000000000000e+02 4.000000000000000000e+00
2.898694584559952103e-01 1.479431893781121499e+00 1.500000000000000000e+01 9.000000000000000000e+01 4.000000000000000000e+00
8.260459409200685554e-01 3.025352864504061712e-01 1.300000000000000000e+01 9.900000000000000000e+01 4.000000000000000000e+00
4.930534062291270780e-01 1.696155115339080144e+00 1.300000000000000000e+01 1.540000000000000000e+02 4.000000000000000000e+00
3.249369961254366251e-02 5.735465695262299546e-01 6.000000000000000000e+00 1.750000000000000000e+02 4.000000000000000000e+00
1.796158359076613920e-01 1.895426692125601775e+00 5.000000000000000000e+00 1.730000000000000000e+02 4.000000000000000000e+00
2.061807176659861129e-01 8.837600523776126815e-01 8.000000000000000000e+00 1.960000000000000000e+02 4.000000000000000000e+00
