4.685250751611490933e-02 6.346024177501342622e-01 1.200000000000000000e+01 4.900000000000000000e+01 0.000000000000000000e+00
3.500047848806647766e-01 1.836542187763400058e+00 7.000000000000000000e+00 5.600000000000000000e+01 0.000000000000000000e+00
5.102460541644183722e-01 7.627770049504575267e-01 2.000000000000000000e+01 2.000000000000000000e+02 0.000000000000000000e+00
6.268731539797265384e-01 2.638438398579324717e-01 1.500000000000000000e+01 1.990000000000000000e+02 0.000000000000000000e+00
1.099803615347500901e-01 4.491083023678138497e-01 2.000000000000000000e+01 4.700000000000000000e+01 0.000000000000000000e+00
2.760647211697582204e-01 9.774625512078284340e-01 4.000000000000000000e+00 7.900000000000000000e+01 0.000000000000000000e+00
6.580699152617718040e-02 1.826392538397216603e+00 1.900000000000000000e+01 1.720000000000000000e+02 0.000000000000000000e+00
2.412293043265111708e-02 1.702160211305236148e-01 1.000000000000000000e+01 6.000000000000000000e+01 0.000000000000000000e+00
2.503934032185176628e-01 7.767935740819224000e-01 5.000000000000000000e+00 4.000000000000000000e+00 0.000000000000000000e+00
8.712504809163071906e-01 4.380698081172783587e-01 1.000000000000000000e+00 1.590000000000000000e+02 0.000000000000000000e+00
8.453342532191396863e-01 1.572635588786374106e+00 1.200000000000000000e+01 1.730000000000000000e+02 0.000000000000000000e+00
3.672957002120377235e-01 7.616051667510329581e-01 6.000000000000000000e+00 6.000000000000000000e+00 0.000000000000000000e+00
1.002141581425898487e+00 1.953421519327418920e+00 5.000000000000000000e+00 1.000000000000000000e+01 0.000000000000000000e+00
6.318524380007503050e-01 1.178343368765973231e+00 2.000000000000000000e+00 1.770000000000000000e+02 0.000000000000000000e+00
6.417675374259859122e-01 3.866564047995942888e-01 6.000000000000000000e+00 1.790000000000000000e+02 0.000000000000000000e+00
1.457420956827324421e-01 6.247808646730154125e-01 1.000000000000000000e+01 1.660000000000000000e+02 0.000000000000000000e+00
4.322224557025731162e-01 9.169063078743812101e-01 2.000000000000000000e+00 3.100000000000000000e+01 0.000000000000000000e+00
3.085523121063655783e-01 1.873704613795040386e+00 1.800000000000000000e+01 1.200000000000000000e+01 0.000000000000000000e+00
4.367420129678019070e-01 1.312223292909230121e+00 1.000000000000000000e+00 1.450000000000000000e+02 0.000000000000000000e+00
2.986866002120120989e-01 1.356392660573816134e+00 1.100000000000000000e+01 2.700000000000000000e+01 0.000000000000000000e+00
2.547989139843379602e-01 3.979381996405034760e-01 1.800000000000000000e+01 6.600000000000000000e+01 0.000000000000000000e+00
9.900079926257308038e-01 2.016300147847230662e+00 3.000000000000000000e+00 1.440000000000000000e+02 0.000000000000000000e+00
7.318457026014626443e-01 7.120929082803756360e-01 1.800000000000000000e+01 7.600000000000000000e+01 0.000000000000000000e+00
9.310343265747044184e-01 1.678688379768650707e+00 8.000000000000000000e+00 1.290000000000000000e+02 0.000000000000000000e+00
6.650750632449653477e-01 1.021823758545902239e+00 6.000000000000000000e+00 4.800000000000000000e+01 0.000000000000000000e+00
8.360122893982555592e-01 5.705533139284889588e-01 1.400000000000000000e+01 1.520000000000000000e+02 0.000000000000000000e+00
2.926314476354472394e-01 5.801420390132984162e-01 1.200000000000000000e+01 1.160000000000000000e+02 0.000000000000000000e+00
2.369756666641706921e-01 1.991344482062852306e+00 7.000000000000000000e+00 1.710000000000000000e+02 0.000000000000000000e+00
9.484952205237273670e-01 1.567756423746664352e+00 9.000000000000000000e+00 1.130000000000000000e+02 0.000000000000000000e+00
5.714884122560529578e-01 4.165937516552583597e-01 1.300000000000000000e+01 6.800000000000000000e+01 0.000000000000000000e+00
2.366398980393921159e-01 1.586145930925823677e+00 1.500000000000000000e+01 1.260000000000000000e+02 0.000000000000000000e+00
1.110888230974774599e-01 1.463477006125946778e+00 1.200000000000000000e+01 1.080000000000000000e+02 0.000000000000000000e+00
8.481692149342975329e-01 5.947408139101076907e-01 4.000000000000000000e+00 1.180000000000000000e+02 0.000000000000000000e+00
5.100086350143995251e-01 5.817190008497575837e-01 6.000000000000000000e+00 7.900000000000000000e+01 0.000000000000000000e+00
2.556557762998674654e-01 1.436403089285474000e+00 2.000000000000000000e+00 1.780000000000000000e+02 0.000000000000000000e+00
2.287766225710112789e-01 1.027798329449854497e+00 7.000000000000000000e+00 1.280000000000000000e+02 0.000000000000000000e+00
4.190469034244995727e-01 1.200420839441064536e-01 3.000000000000000000e+00 1.400000000000000000e+02 0.000000000000000000e+00
8.061319073543194991e-01 2.914000439166991585e-01 1.900000000000000000e+01 4.300000000000000000e+01 0.000000000000000000e+00
2.532580454179892415e-01 5.813461201426325387e-01 7.000000000000000000e+00 1.700000000000000000e+01 0.000000000000000000e+00
4.275644141765195805e-01 1.868817493272312724e+00 4.000000000000000000e+00 9.800000000000000000e+01 0.000000000000000000e+00
6.567080766201598419e-01 1.326227766996799673e+00 5.000000000000000000e+00 1.650000000000000000e+02 0.000000000000000000e+00
2.127096281861104998e-01 1.212965329766055200e+00 2.000000000000000000e+00 9.600000000000000000e+01 0.000000000000000000e+00
6.214575953033981692e-01 1.033382819242847139e+00 7.000000000000000000e+00 1.330000000000000000e+02 0.000000000000000000e+00
9.862670367580741448e-01 5.723869096575501247e-01 1.000000000000000000e+01 1.290000000000000000e+02 0.000000000000000000e+00
7.848902729442793769e-01 1.015054514148488352e+00 1.300000000000000000e+01 2.100000000000000000e+01 0.000000000000000000e+00
7.608387581733485616e-01 1.253873084513754899e+00 1.400000000000000000e+01 9.200000000000000000e+01 0.000000000000000000e+00
7.798461253519929359e-01 1.390118174551724373e+00 1.100000000000000000e+01 1.900000000000000000e+01 0.000000000000000000e+00
6.724868421963280385e-01 4.570005601374763637e-01 8.000000000000000000e+00 1.700000000000000000e+01 0.000000000000000000e+00
2.941154471531645109e-01 1.843428186308481820e+00 5.000000000000000000e+00 1.070000000000000000e+02 0.000000000000000000e+00
6.654854133173602193e-01 5.578372801636611866e-01 5.000000000000000000e+00 1.900000000000000000e+02 0.000000000000000000e+00
1.649453133869537708e-02 9.575508720071740365e-01 1.000000000000000000e+01 1.270000000000000000e+02 1.000000000000000000e+00
3.375416413211719258e-01 9.024710719812333304e-01 1.000000000000000000e+01 1.490000000000000000e+02 1.000000000000000000e+00
7.913961075860687089e-01 1.873978126181452319e+00 1.300000000000000000e+01 6.900000000000000000e+01 1.000000000000000000e+00
7.486473989829021125e-01 2.088527561322041759e+00 7.000000000000000000e+00 1.590000000000000000e+02 1.000000000000000000e+00
6.216193754086770662e-01 1.394793433027373242e+00 1.200000000000000000e+01 4.000000000000000000e+01 1.000000000000000000e+00
7.888943592522278114e-02 1.670163874143801186e+00 1.300000000000000000e+01 8.200000000000000000e+01 1.000000000000000000e+00
9.200303438032426673e-01 1.506100743018178090e+00 2.000000000000000000e+01 1.810000000000000000e+02 1.000000000000000000e+00
1.928581406152530819e-01 1.422932354365627150e+00 1.000000000000000000e+00 9.700000000000000000e+01 1.000000000000000000e+00
6.814006726371957257e-01 1.529446153195076763e-01 4.000000000000000000e+00 1.180000000000000000e+02 1.000000000000000000e+00
8.619227214301570239e-01 3.875400879286775568e-01 1.900000000000000000e+01 1.530000000000000000e+02 1.000000000000000000e+00
3.884324718115835795e-01 1.162991218623735890e+00 1.500000000000000000e+01 1.050000000000000000e+02 1.000000000000000000e+00
6.907613580283706867e-01 1.961082810459561510e-01 1.100000000000000000e+01 1.190000000000000000e+02 1.000000000000000000e+00
6.047688403020415882e-01 1.105558505001696945e+00 1.800000000000000000e+01 4.000000000000000000e+01 1.000000000000000000e+00
3.780182633738157216e-01 4.313653796810063001e-01 5.000000000000000000e+00 5.600000000000000000e+01 1.000000000000000000e+00
9.356160094883861911e-01 9.730154331833328341e-01 5.000000000000000000e+00 1.220000000000000000e+02 1.000000000000000000e+00
1.067057719272724720e-01 7.661986482126611486e-01 8.000000000000000000e+00 1.000000000000000000e+01 1.000000000000000000e+00
7.981103759455686619e-01 1.759212054733020780e+00 2.000000000000000000e+01 1.870000000000000000e+02 1.000000000000000000e+00
3.397420927517830203e-01 8.183597896296860297e-01 8.000000000000000000e+00 2.200000000000000000e+01 1.000000000000000000e+00
5.442762457524563668e-01 1.853459848566862078e+00 1.200000000000000000e+01 1.340000000000000000e+02 1.000000000000000000e+00
1.505071938378502727e-01 2.500862780941749408e-01 1.300000000000000000e+01 1.910000000000000000e+02 1.000000000000000000e+00
3.620791652508725811e-01 1.033364551590160829e+00 9.000000000000000000e+00 1.390000000000000000e+02 1.000000000000000000e+00
8.180841572591908140e-01 1.650865137402192984e+00 1.300000000000000000e+01 1.640000000000000000e+02 1.000000000000000000e+00
2.155326935153741852e-01 1.336059863686625881e+00 1.400000000000000000e+01 3.400000000000000000e+01 1.000000000000000000e+00
9.580742871231356927e-01 9.688497144437190345e-01 1.600000000000000000e+01 6.100000000000000000e+01 1.000000000000000000e+00
9.844733751337734207e-01 1.427296475366562234e+00 1.200000000000000000e+01 6.900000000000000000e+01 1.000000000000000000e+00
1.823190000907035646e-01 6.523749639434380798e-01 8.000000000000000000e+00 2.700000000000000000e+01 1.000000000000000000e+00
2.574285375055368474e-01 9.988726730765683515e-01 8.000000000000000000e+00 5.600000000000000000e+01 1.000000000000000000e+00
5.422479172155152405e-01 1.567391855137383549e+00 3.000000000000000000e+00 1.680000000000000000e+02 1.000000000000000000e+00
3.117152426039042634e-01 1.912900384165209022e+00 1.800000000000000000e+01 1.970000000000000000e+02 1.000000000000000000e+00
2.920701647051336947e-01 4.858372305862749263e-01 2.000000000000000000e+01 9.000000000000000000e+00 1.000000000000000000e+00
1.955589605949902693e-02 1.484050535577739582e+00 1.800000000000000000e+01 8.700000000000000000e+01 1.000000000000000000e+00
5.212290367791518886e-01 1.827890931267657448e+00 3.000000000000000000e+00 1.030000000000000000e+02 1.000000000000000000e+00
1.474269036468167648e-01 1.138306177728150015e+00 7.000000000000000000e+00 5.500000000000000000e+01 1.000000000000000000e+00
3.765167953764553266e-01 1.199583637823057547e+00 2.000000000000000000e+00 1.700000000000000000e+01 1.000000000000000000e+00
1.157725985555464326e-01 4.800100747728038852e-01 1.900000000000000000e+01 5.100000000000000000e+01 1.000000000000000000e+00
6.798151155741772866e-01 1.318849822004372341e-01 9.000000000000000000e+00 2.200000000000000000e+01 1.000000000000000000e+00
8.177204482341955405e-01 1.074170976699989177e+00 6.000000000000000000e+00 1.890000000000000000e+02 1.000000000000000000e+00
7.936937367483550831e-01 2.053107461093694575e+00 6.000000000000000000e+00 4.100000000000000000e+01 1.000000000000000000e+00
5.448467621511923209e-01 1.421750749377822531e+00 1.200000000000000000e+01 4.400000000000000000e+01 1.000000000000000000e+00
7.682628209311349599e-01 1.136751165341583825e+00 1.900000000000000000e+01 1.790000000000000000e+02 1.000000000000000000e+00
9.996282051026446069e-01 1.260615162964551672e+00 1.400000000000000000e+01 1.110000000000000000e+02 1.000000000000000000e+00
9.068053607867042620e-01 2.579863904069449321e-01 1.500000000000000000e+01 1.490000000000000000e+02 1.000000000000000000e+00
7.391175594529870718e-01 7.765791810031371645e-01 8.000000000000000000e+00 1.920000000000000000e+02 1.000000000000000000e+00
7.003144364517065179e-02 1.799418791350514191e+00 5.000000000000000000e+00 7.700000000000000000e+01 1.000000000000000000e+00
7.071154956631607591e-02 1.503999256709491528e+00 1.800000000000000000e+01 3.500000000000000000e+01 1.000000000000000000e+00
7.203291581407385014e-01 1.867675059367642554e+00 4.000000000000000000e+00 4.300000000000000000e+01 1.000000000000000000e+00
2.105871163513649974e-02 7.828721210163108735e-01 1.000000000000000000e+00 1.460000000000000000e+02 1.000000000000000000e+00
5.337222107582164643e-01 1.933556538142454873e+00 8.000000000000000000e+00 1.510000000000000000e+02 1.000000000000000000e+00
9.304554047923766502e-01 1.366656213928337582e+00 3.000000000000000000e+00 9.900000000000000000e+01 1.000000000000000000e+00
5.691971888585704020e-01 5.317477972064800218e-01 1.500000000000000000e+01 1.720000000000000000e+02 1.000000000000000000e+00
8.394703963615653963e-01 1.487745614703070096e+00 1.000000000000000000e+01 1.900000000000000000e+01 2.000000000000000000e+00
7.805494129495605948e-01 1.869287128077177007e+00 6.000000000000000000e+00 4.700000000000000000e+01 2.000000000000000000e+00
6.236044668338646541e-02 1.325069447559580338e+00 1.600000000000000000e+01 7.700000000000000000e+01 2.000000000000000000e+00
2.037975611700292289e-01 8.663981175592739836e-01 6.000000000000000000e+00 1.780000000000000000e+02 2.000000000000000000e+00
5.926680672897088886e-01 1.527524059400988454e+00 1.600000000000000000e+01 7.600000000000000000e+01 2.000000000000000000e+00
6.166513831416761127e-01 1.859333974238580156e+00 5.000000000000000000e+00 1.460000000000000000e+02 2.000000000000000000e+00
8.453838125213560817e-01 3.156863524538645605e-01 2.000000000000000000e+01 4.400000000000000000e+01 2.000000000000000000e+00
1.726750574836910523e-01 9.784684165764360175e-01 1.000000000000000000e+00 1.890000000000000000e+02 2.000000000000000000e+00
4.638693758799665723e-01 6.513363729186182338e-01 6.000000000000000000e+00 1.580000000000000000e+02 2.000000000000000000e+00
4.297237576195005460e-01 1.427386710198779385e+00 1.000000000000000000e+00 1.000000000000000000e+01 2.000000000000000000e+00
9.155455931587099805e-01 5.036573998270744701e-01 1.900000000000000000e+01 5.000000000000000000e+00 2.000000000000000000e+00
7.508267263438840322e-01 1.778346101306560678e+00 8.000000000000000000e+00 6.200000000000000000e+01 2.000000000000000000e+00
6.516317827689824815e-01 2.160290723481369801e-01 8.000000000000000000e+00 9.700000000000000000e+01 2.000000000000000000e+00
3.996188169146318997e-02 2.322997864849544458e-01 2.000000000000000000e+01 7.000000000000000000e+01 2.000000000000000000e+00
5.765896788321454025e-01 1.802744871608507271e+00 2.000000000000000000e+01 4.600000000000000000e+01 2.000000000000000000e+00
9.547450417597004302e-01 4.424244891907321842e-01 1.000000000000000000e+01 4.800000000000000000e+01 2.000000000000000000e+00
9.265519389672224326e-01 4.704267451286522350e-01 1.100000000000000000e+01 1.210000000000000000e+02 2.000000000000000000e+00
5.217960443116455016e-01 6.260126379660099216e-01 7.000000000000000000e+00 1.390000000000000000e+02 2.000000000000000000e+00
7.448429276282744205e-01 5.428016105136980185e-01 1.000000000000000000e+01 9.900000000000000000e+01 2.000000000000000000e+00
4.828768790930858534e-01 1.311249497478837345e+00 3.000000000000000000e+00 1.660000000000000000e+02 2.000000000000000000e+00
2.471683580428533089e-01 5.195370235417723359e-01 1.000000000000000000e+01 1.880000000000000000e+02 2.000000000000000000e+00
5.283020591055728188e-01 1.874343870307644044e+00 1.000000000000000000e+01 1.550000000000000000e+02 2.000000000000000000e+00
5.873409875767955368e-01 5.219099183629948291e-01 1.600000000000000000e+01 9.900000000000000000e+01 2.000000000000000000e+00
1.364293884998191153e-01 9.155011597177921123e-01 1.500000000000000000e+01 3.700000000000000000e+01 2.000000000000000000e+00
2.131385317720182471e-01 1.443888600949586376e+00 1.500000000000000000e+01 1.740000000000000000e+02 2.000000000000000000e+00
1.759259708845586356e-01 5.458821954435463253e-01 1.800000000000000000e+01 4.800000000000000000e+01 2.000000000000000000e+00
5.433281418249836792e-01 1.690983060969883489e+00 2.000000000000000000e+00 6.800000000000000000e+01 2.000000000000000000e+00
8.461178099067839797e-01 1.197963973271502169e+00 1.500000000000000000e+01 1.260000000000000000e+02 2.000000000000000000e+00
2.509259001164952929e-01 7.861822784250543927e-01 1.200000000000000000e+01 1.200000000000000000e+01 2.000000000000000000e+00
3.693318160136890294e-01 3.118405161729417285e-01 4.000000000000000000e+00 1.100000000000000000e+02 2.000000000000000000e+00
6.192075540985231275e-01 8.742961245118553437e-01 2.000000000000000000e+00 1.680000000000000000e+02 2.000000000000000000e+00
1.423520833956614350e-02 1.156432452481236162e+00 1.300000000000000000e+01 1.150000000000000000e+02 2.000000000000000000e+00
9.476567536540322356e-01 1.183776600914561605e+00 1.000000000000000000e+01 9.100000000000000000e+01 2.000000000000000000e+00
1.305327087408898468e-01 8.349223855962267793e-01 1.500000000000000000e+01 1.520000000000000000e+02 2.000000000000000000e+00
2.842442414376008530e-01 4.970720474684761081e-01 3.000000000000000000e+00 6.000000000000000000e+01 2.000000000000000000e+00
5.586856932290328315e-01 1.002382497015058993e+00 1.500000000000000000e+01 3.200000000000000000e+01 2.000000000000000000e+00
9.163507977489737666e-01 1.412851530144415835e-01 5.000000000000000000e+00 4.200000000000000000e+01 2.000000000000000000e+00
5.356419453743326287e-01 5.173459349787218331e-01 1.600000000000000000e+01 1.780000000000000000e+02 2.000000000000000000e+00
7.924423300482044130e-01 1.902152411337649340e+00 1.300000000000000000e+01 1.470000000000000000e+02 2.000000000000000000e+00
7.008892922980429763e-01 5.496967643103748413e-01 8.000000000000000000e+00 1.770000000000000000e+02 2.000000000000000000e+00
2.289689413381202909e-01 2.929138945922719062e-01 1.600000000000000000e+01 4.500000000000000000e+01 2.000000000000000000e+00
6.186021198887813738e-02 7.044974628519901083e-01 1.800000000000000000e+01 1.950000000000000000e+02 2.000000000000000000e+00
7.424796571760721164e-01 6.874690802521158384e-01 2.000000000000000000e+00 3.800000000000000000e+01 2.000000000000000000e+00
2.350059459755210467e-01 1.702377328351595498e+00 8.000000000000000000e+00 3.200000000000000000e+01 2.000000000000000000e+00
3.765687338449320576e-01 9.761363927234510962e-01 1.300000000000000000e+01 9.100000000000000000e+01 2.000000000000000000e+00
5.006789770580947208e-01 7.675714429726584465e-01 1.800000000000000000e+01 1.720000000000000000e+02 2.000000000000000000e+00
2.422310344174750663e-01 1.476096471716304093e+00 1.600000000000000000e+01 1.940000000000000000e+02 2.000000000000000000e+00
8.610978255178145524e-01 9.529558378302255273e-01 1.700000000000000000e+01 1.480000000000000000e+02 2.000000000000000000e+00
2.983368742253189598e-01 2.320480598706401720e-01 1.400000000000000000e+01 1.830000000000000000e+02 2.000000000000000000e+00
6.437574172246584014e-01 1.190552589445813825e-01 5.000000000000000000e+00 5.700000000000000000e+01 2.000000000000000000e+00
2.302790608557263585e-01 3.450336541877240260e-01 2.000000000000000000e+00 1.310000000000000000e+02 3.000000000000000000e+00
4.516571177145560778e-01 5.622850166599867583e-01 1.100000000000000000e+01 3.100000000000000000e+01 3.000000000000000000e+00
1.279477890071509805e-01 9.165371389030562144e-01 9.000000000000000000e+00 9.700000000000000000e+01 3.000000000000000000e+00
2.150970840946877516e-01 1.147141607621963433e-01 6.000000000000000000e+00 1.220000000000000000e+02 3.000000000000000000e+00
1.612232849296649784e-01 5.385847592119866745e-01 6.000000000000000000e+00 3.000000000000000000e+01 3.000000000000000000e+00
2.875188681961825948e-02 2.002177109011515022e+00 7.000000000000000000e+00 1.820000000000000000e+02 3.000000000000000000e+00
5.787612751691128404e-02 1.517551123297410598e+00 4.000000000000000000e+00 1.060000000000000000e+02 3.000000000000000000e+00
1.494500211206659657e-01 1.453805009189601982e+00 1.600000000000000000e+01 2.200000000000000000e+01 3.000000000000000000e+00
5.641318510863969626e-01 5.441735730548747929e-01 8.000000000000000000e+00 1.940000000000000000e+02 3.000000000000000000e+00
5.634555223129340540e-01 7.809261086460478340e-01 1.300000000000000000e+01 4.200000000000000000e+01 3.000000000000000000e+00
5.477136840928822359e-01 1.313734363354895907e+00 2.000000000000000000e+01 8.700000000000000000e+01 3.000000000000000000e+00
7.487028855804854499e-02 1.052181195342295039e+00 7.000000000000000000e+00 1.200000000000000000e+01 3.000000000000000000e+00
8.173384641209666679e-01 1.148630982328195105e-01 1.800000000000000000e+01 4.400000000000000000e+01 3.000000000000000000e+00
5.156121159039140922e-01 1.729173893393172401e+00 1.700000000000000000e+01 1.130000000000000000e+02 3.000000000000000000e+00
9.304218671228269011e-02 1.972589121293559122e+00 3.000000000000000000e+00 6.000000000000000000e+01 3.000000000000000000e+00
7.662109759512972795e-01 1.923921605266327273e+00 3.000000000000000000e+00 8.800000000000000000e+01 3.000000000000000000e+00
3.753372249212911793e-01 1.900576164077339980e+00 3.000000000000000000e+00 8.300000000000000000e+01 3.000000000000000000e+00
4.836826694424866124e-01 1.728724684666327116e+00 8.000000000000000000e+00 1.720000000000000000e+02 3.000000000000000000e+00
1.791296779313277659e-02 3.354688717970347733e-01 1.300000000000000000e+01 1.570000000000000000e+02 3.000000000000000000e+00
1.227989264239167516e-01 1.412596777178793117e-01 4.000000000000000000e+00 9.100000000000000000e+01 3.000000000000000000e+00
9.414773330467020029e-01 5.933013469444151644e-01 7.000000000000000000e+00 2.800000000000000000e+01 3.000000000000000000e+00
9.799760284026483026e-01 2.019473944462282677e+00 1.900000000000000000e+01 1.070000000000000000e+02 3.000000000000000000e+00
4.887175179512516232e-01 1.243448547229439649e+00 1.400000000000000000e+01 1.200000000000000000e+01 3.000000000000000000e+00
3.514925397237720350e-01 1.846461106689567977e+00 2.000000000000000000e+00 1.140000000000000000e+02 3.000000000000000000e+00
6.959359662029959148e-01 1.585176157655963314e+00 1.300000000000000000e+01 2.700000000000000000e+01 3.000000000000000000e+00
9.814144794679240391e-01 1.919681124218166612e+00 9.000000000000000000e+00 4.000000000000000000e+01 3.000000000000000000e+00
8.123647924038772672e-01 6.879848063729033791e-01 4.000000000000000000e+00 1.170000000000000000e+02 3.000000000000000000e+00
5.185602659133332626e-01 1.738328190104466486e+00 1.400000000000000000e+01 8.800000000000000000e+01 3.000000000000000000e+00
2.648719256323220916e-01 5.293362830988838086e-01 1.700000000000000000e+01 8.900000000000000000e+01 3.000000000000000000e+00
7.344056568839941734e-01 9.771900217393530985e-01 1.900000000000000000e+01 1.300000000000000000e+02 3.000000000000000000e+00
9.098150067346631731e-02 1.322125853605572443e+00 7.000000000000000000e+00 2.700000000000000000e+01 3.000000000000000000e+00
8.473100256806067598e-01 1.440806286496350896e+00 1.500000000000000000e+01 5.000000000000000000e+01 3.000000000000000000e+00
2.334118032174657964e-01 1.788093588212972707e+00 1.500000000000000000e+01 1.790000000000000000e+02 3.000000000000000000e+00
2.413974386995769716e-01 6.080111234396824438e-01 1.900000000000000000e+01 1.100000000000000000e+02 3.000000000000000000e+00
9.260952317137101097e-01 6.377358017274065149e-01 5.000000000000000000e+00 1.130000000000000000e+02 3.000000000000000000e+00
6.068595824203812938e-01 1.967912821302805482e-01 8.000000000000000000e+00 2.200000000000000000e+01 3.000000000000000000e+00
8.372787057747711481e-01 1.520164735017338897e-01 1.100000000000000000e+01 1.100000000000000000e+01 3.000000000000000000e+00
4.294625043577685597e-01 6.562337268644203858e-01 1.200000000000000000e+01 1.100000000000000000e+02 3.000000000000000000e+00
5.959058251191474698e-01 3.506580031797402741e-01 1.100000000000000000e+01 6.700000000000000000e+01 3.000000000000000000e+00
6.272856993837587769e-01 2.084302014798237845e+00 1.200000000000000000e+01 1.580000000000000000e+02 3.000000000000000000e+00
2.646784432950933796e-01 1.294824296979021572e+00 1.700000000000000000e+01 1.940000000000000000e+02 3.000000000000000000e+00
5.214762047895959984e-01 1.415724884813528206e+00 9.000000000000000000e+00 1.590000000000000000e+02 3.000000000000000000e+00
1.059871954350385254e-01 4.870747202577535573e-01 2.000000000000000000e+01 1.580000000000000000e+02 3.000000000000000000e+00
7.981650667153207257e-01 3.831976725678473139e-01 8.000000000000000000e+00 1.390000000000000000e+02 3.000000000000000000e+00
6.987441328991508271e-01 4.188155264354062046e-01 1.500000000000000000e+01 9.000000000000000000e+00 3.000000000000000000e+00
2.254473571764120665e-01 1.463123757208696363e+00 1.400000000000000000e+01 1.370000000000000000e+02 3.000000000000000000e+00
5.982973853800399588e-01 1.003649249633933316e+00 1.300000000000000000e+01 1.380000000000000000e+02 3.000000000000000000e+00
8.154134937548749296e-01 1.916990538559766311e+00 1.700000000000000000e+01 5.200000000000000000e+01 3.000000000000000000e+00
6.120746170940006836e-01 1.151297903481022233e+00 2.000000000000000000e+01 1.040000000000000000e+02 3.000000000000000000e+00
7.520874610168045704e-01 2.091613463633097414e+00 6.000000000000000000e+00 1.570000000000000000e+02 3.000000000000000000e+00
8.009370542202954857e-01 9.109060647941292777e-01 1.100000000000000000e+01 1.700000000000000000e+02 4.000000000000000000e+00
1.338549635352079825e-01 1.871847357600975315e+00 7.000000000000000000e+00 1.840000000000000000e+02 4.000000000000000000e+00
4.950794360564502589e-02 1.056321027391356138e+00 8.000000000000000000e+00 9.500000000000000000e+01 4.000000000000000000e+00
1.093394314920436393e-02 3.694247128862130358e-01 1.200000000000000000e+01 3.800000000000000000e+01 4.000000000000000000e+00
7.664792741416183164e-01 1.961189654920243219e+00 3.000000000000000000e+00 1.600000000000000000e+02 4.000000000000000000e+00
3.145941913388156097e-01 2.006650657288345574e+00 1.700000000000000000e+01 7.000000000000000000e+00 4.000000000000000000e+00
6.893214438229404717e-01 2.075380299026435615e+00 8.000000000000000000e+00 1.930000000000000000e+02 4.000000000000000000e+00
5.243371756998874700e-01 8.766009785238885188e-01 1.100000000000000000e+01 1.960000000000000000e+02 4.000000000000000000e+00
6.475758868229751775e-01 1.226658001893850658e+00 1.000000000000000000e+00 1.650000000000000000e+02 4.000000000000000000e+00
4.783692703311808181e-01 1.716639865827492617e+00 1.600000000000000000e+01 7.300000000000000000e+01 4.000000000000000000e+00
9.939880984418069110e-01 1.426584563543763284e+00 1.200000000000000000e+01 4.800000000000000000e+01 4.000000000000000000e+00
4.648150902061931600e-01 1.506469461646905650e+00 1.600000000000000000e+01 9.300000000000000000e+01 4.000000000000000000e+00
8.938476720154234778e-01 1.917709326324614549e+00 1.200000000000000000e+01 1.270000000000000000e+02 4.000000000000000000e+00
4.377112541335336643e-02 1.721196302369673248e+00 1.300000000000000000e+01 7.000000000000000000e+01 4.000000000000000000e+00
5.563518265251887751e-01 7.905278419239972765e-01 1.400000000000000000e+01 9.900000000000000000e+01 4.000000000000000000e+00
1.492650439645592207e-02 6.900372208946999875e-01 2.000000000000000000e+00 7.600000000000000000e+01 4.000000000000000000e+00
2.192790487977653857e-01 1.676822551329262945e+00 2.000000000000000000e+00 8.800000000000000000e+01 4.000000000000000000e+00
1.001474155848505854e+00 5.525277059796541712e-01 1.700000000000000000e+01 1.180000000000000000e+02 4.000000000000000000e+00
8.143127023768012007e-01 1.117900262604660355e+00 1.200000000000000000e+01 5.600000000000000000e+01 4.000000000000000000e+00
7.965618640320515365e-01 2.814606293004168203e-01 8.000000000000000000e+00 5.000000000000000000e+00 4.000000000000000000e+00
1.357731581149481670e-01 7.557614647007998565e-01 1.400000000000000000e+01 1.300000000000000000e+01 4.000000000000000000e+00
4.074293828412071106e-01 1.846374186862156375e+00 1.100000000000000000e+01 2.600000000000000000e+01 4.000000000000000000e+00
4.794036278423298159e-01 1.637416280276609681e+00 1.700000000000000000e+01 1.310000000000000000e+02 4.000000000000000000e+00
6.037988840262106249e-01 2.165734162651013206e-01 1.500000000000000000e+01 1.690000000000000000e+02 4.000000000000000000e+00
8.314321411138013429e-02 4.049577962024298872e-01 1.600000000000000000e+01 1.310000000000000000e+02 4.000000000000000000e+00
7.795214557459423377e-01 1.338190279076969302e+00 1.900000000000000000e+01 1.130000000000000000e+02 4.000000000000000000e+00
6.904792276984520472e-01 1.162729374743756372e+00 1.200000000000000000e+01 6.000000000000000000e+01 4.000000000000000000e+00
5.249461990610998496e-01 5.520839510296858821e-01 1.900000000000000000e+01 1.040000000000000000e+02 4.000000000000000000e+00
8.314546554636674802e-01 1.944812574201118194e+00 1.900000000000000000e+01 1.530000000000000000e+02 4.000000000000000000e+00
8.434745711330570161e-01 7.689577878170280600e-01 1.100000000000000000e+01 1.790000000000000000e+02 4.000000000000000000e+00
8.092373366563717640e-01 1.197023066486393894e+00 1.200000000000000000e+01 3.500000000000000000e+01 4.000000000000000000e+00
7.247642707769522685e-01 2.285874309495549428e-01 1.000000000000000000e+00 4.700000000000000000e+01 4.000000000000000000e+00
1.601810731793510412e-01 1.924929638151164080e-01 5.000000000000000000e+00 1.480000000000000000e+02 4.000000000000000000e+00
8.596610459495575007e-01 1.598271204883254581e+00 1.200000000000000000e+01 1.530000000000000000e+02 4.000000000000000000e+00
3.089239449838393492e-01 3.765181517214101214e-01 2.000000000000000000e+01 1.440000000000000000e+02 4.000000000000000000e+00
7.820937885633938436e-01 7.832572407684287308e-01 7.000000000000000000e+00 2.900000000000000000e+01 4.000000000000000000e+00
3.176004980010949108e-01 1.843820637242742810e+00 6.000000000000000000e+00 1.670000000000000000e+02 4.000000000000000000e+00
5.264132573910996760e-01 1.386413466099447600e+00 1.700000000000000000e+01 1.930000000000000000e+02 4.000000000000000000e+00
8.441837202047099975e-01 1.770055605518801256e+00 1.400000000000000000e+01 3.800000000000000000e+01 4.000000000000000000e+00
8.598862815351255851e-01 1.235562803338309035e+00 1.100000000000000000e+01 1.950000000000000000e+02 4.000000000000000000e+00
9.879184136196921262e-01 1.696960333696273082e+00 9.000000000000000000e+00 1.050000000000000000e+02 4.000000000000000000e+00
6.847068902933136636e-01 1.307171105730084104e+00 7.000000000000000000e+00 9.400000000000000000e+01 4.000000000000000000e+00
3.312892615916473299e-02 1.117227319163295540e+00 2.000000000000000000e+00 1.000000000000000000e+00 4.000000000000000000e+00
2.852058686736389514e-01 1.565141985001231806e+00 6.000000000000000000e+00 1.930000000000000000e+02 4.000000000000000000e+00
2.896950080118236848e-01 1.181502749946725883e+00 1.000000000000000000e+00 7.200000000000000000e+01 4.000000000000000000e+00
8.794285565466577470e-01 1.573086263589485556e+00 2.000000000000000000e+01 1.230000000000000000e+02 4.000000000000000000e+00
1.342797418320580416e-01 8.152664097802789778e-01 9.000000000000000000e+00 1.640000000000000000e+02 4.000000000000000000e+00
5.774337730952734393e-01 1.417076913601175825e+00 1.000000000000000000e+00 1.200000000000000000e+01 4.000000000000000000e+00
2.284920885595499440e-01 4.098765230879103383e-01 1.200000000000000000e+01 1.700000000000000000e+01 4.000000000000000000e+00
1.122049273944082243e-01 1.013407880457976917e+00 1.300000000000000000e+01 1.970000000000000000e+02 4.000000000000000000e+00
