-1.242198876243888748e+02
-1.330969547388292824e+02
-1.128933515380551142e+02
-9.107075663038116886e+01
-1.042186635058641286e+02
-1.239669430346463201e+02
-1.330967437601470920e+02
-1.146585335024035572e+02
-1.325105233277901675e+02
-1.062062375872806683e+02
-1.330644047535736831e+02
-1.312386587308668311e+02
-1.330968667993633971e+02
-1.299094605809696930e+02
-9.448170210502246391e+01
-1.058597157775510027e+02
-1.239017789204556692e+02
-1.330951244454179232e+02
-1.330885636847474132e+02
-1.330806318334258265e+02
-9.529478538474445770e+01
-1.330968288914576192e+02
-1.104983465177578097e+02
-1.330964404737362941e+02
-1.254983464328700506e+02
-1.034261974431885562e+02
-1.037155331497005051e+02
-1.330967713076784378e+02
-1.330852329775594001e+02
-9.576152443040226103e+01
-1.330924868048650467e+02
-1.330926932109082657e+02
-1.048919005537032518e+02
-1.039731339049174750e+02
-1.330882431836316471e+02
-1.253700996233257001e+02
-8.962073301746937659e+01
-9.084698908224423519e+01
-1.146146036158381918e+02
-1.330969218561999412e+02
-1.320155230307022123e+02
-1.329824988819562464e+02
-1.255722962910867864e+02
-1.038111975727415768e+02
-1.271068411116695245e+02
-1.314935770418423999e+02
-1.330926327435412873e+02
-1.001515421651714632e+02
-1.330969149831859966e+02
-1.027027749520431854e+02
-1.270921328775796297e+02
-1.163128957762030780e+02
-1.278399222602168095e+02
-1.278400556063259046e+02
-1.278249711980998313e+02
-1.278387421782529998e+02
-1.275960186315369782e+02
-1.278391282615256586e+02
-8.895673724944084881e+01
-9.273453270123329162e+01
-1.245970722201896592e+02
-8.898951229068067903e+01
-1.238363233796981859e+02
-9.472186702728710372e+01
-1.191090883793686857e+02
-1.269335269663858270e+02
-1.278402439254481067e+02
-1.164091444435400859e+02
-1.278400059185687496e+02
-8.789347563861564083e+01
-1.208249048758918747e+02
-1.278371074872563184e+02
-1.278179625339856784e+02
-1.192791493648708752e+02
-1.276747277289575351e+02
-1.120793371427984511e+02
-1.212101951423173603e+02
-1.278344983401397172e+02
-1.278400226499801988e+02
-1.105556840306822153e+02
-1.277668376983756389e+02
-1.278400092808558384e+02
-1.275840603229430741e+02
-1.278156287772090707e+02
-1.018233978670762809e+02
-8.878349995646048853e+01
-1.223110905747674764e+02
-1.278401398442500607e+02
-1.278271408175425421e+02
-1.239624524969362511e+02
-1.261635383063152176e+02
-8.878945651440484710e+01
-1.104718393127126745e+02
-1.278397024452874149e+02
-1.278007891035803283e+02
-1.278400419254056715e+02
-1.268593689815607348e+02
-1.278400548335981313e+02
-1.273251773284490582e+02
-9.878350786744555023e+01
-1.235580249543239972e+02
-1.235614764546823778e+02
-1.235152704507156898e+02
-1.115390375691079612e+02
-1.235481309157688230e+02
-1.235614850747408298e+02
-8.798676679132431389e+01
-1.150771168593878429e+02
-1.018190301939805522e+02
-1.235607386568941592e+02
-1.048353480906388171e+02
-1.235616928018742300e+02
-8.600454065388719016e+01
-9.859673228712722448e+01
-1.235614524895008799e+02
-9.308117570583357292e+01
-9.415096639128336165e+01
-1.006668627010582497e+02
-9.706803788276346268e+01
-1.222790293278841744e+02
-9.565164416121919544e+01
-1.235614933719486430e+02
-9.601361087886604651e+01
-1.187442732512620722e+02
-1.235066231952859397e+02
-9.986244334260724997e+01
-1.235614694911216986e+02
-1.208928941564792865e+02
-1.185324618128307179e+02
-8.777134336696046546e+01
-1.118914092623295886e+02
-1.233105512365033860e+02
-1.206958493004476054e+02
-1.105475001417133001e+02
-9.592514099714590259e+01
-1.166141528243510379e+02
-8.623269493543320152e+01
-9.581088080854890165e+01
-1.235614553289629498e+02
-9.731986964168892484e+01
-8.831666322393306245e+01
-1.063122601017060305e+02
-1.040430995671835177e+02
-1.235605280940532680e+02
-1.150410945725989933e+02
-1.068322060190737517e+02
-1.234745044359303989e+02
-1.145768955583613717e+02
-8.646039974727483468e+01
-8.697905178645247304e+01
-9.082014763464816554e+01
-9.864651395709400106e+01
-1.143744802863596135e+02
-8.579998574272552503e+01
-1.053515683596801153e+02
-1.239421719465994727e+02
-1.239408657764278274e+02
-1.239106983622420728e+02
-9.674801591564975922e+01
-1.088367009818739461e+02
-1.230365951915387512e+02
-1.236678476270136571e+02
-9.326111146220024750e+01
-1.239419140507245487e+02
-1.239420926870024857e+02
-1.239422945442389761e+02
-1.239423076380512327e+02
-1.239417777337157816e+02
-1.024845583968196934e+02
-8.477557535046653925e+01
-1.001339051483278695e+02
-1.239422762636156676e+02
-1.238804234720364263e+02
-1.239422912717169680e+02
-1.239417041431115223e+02
-1.239423095809767830e+02
-1.036815281054542339e+02
-1.239417858597657016e+02
-9.631820845404593001e+01
-1.157961985639818892e+02
-1.239024356513418468e+02
-1.238921963935617327e+02
-1.239421058156381577e+02
-9.987904944395017992e+01
-1.016629709294610393e+02
-8.484432839579656616e+01
-8.524848938020409150e+01
-1.020882496165444593e+02
-8.836800628276428426e+01
-1.239422807127118347e+02
-1.226329907914592781e+02
-1.233965299285469968e+02
-9.454451085855598080e+01
-8.983819324940330375e+01
-9.707667337176164324e+01
-1.239177057433288525e+02
-1.165611956116396186e+02
-1.239422846428858094e+02
-1.204936361078900831e+02
-1.239422829165649489e+02
-1.154221520007652373e+02
-1.251434295308450118e+02
-1.245856779043960074e+02
-1.232524523571433264e+02
-1.251434559892913541e+02
-1.251375614938381062e+02
-1.251434433083722126e+02
-1.139753933444611675e+02
-1.230821761929892659e+02
-1.251432325500190217e+02
-1.250905577124416794e+02
-1.251251207027647609e+02
-1.251434504857840153e+02
-1.251388509207480837e+02
-1.101161111143781284e+02
-1.246961783896988436e+02
-1.251433598538235259e+02
-9.928145622948757421e+01
-1.213498167301150517e+02
-1.019720601980979211e+02
-1.220479842611646148e+02
-1.251435634224036733e+02
-1.251413111826569633e+02
-8.847111007738162414e+01
-9.301321935616276448e+01
-1.242275592961747037e+02
-1.222036654407721272e+02
-9.885082707948977543e+01
-1.251434522669108560e+02
-1.092893713311076169e+02
-1.235109196528233753e+02
-1.002400958030850120e+02
-8.756632686746884531e+01
-1.251118339336960048e+02
-9.067604581470563119e+01
-1.113182124226966891e+02
-1.251434638876799141e+02
-1.244566650668945016e+02
-1.251433230568738537e+02
-1.232162050709454206e+02
-1.251431707424011108e+02
-1.240941351598902003e+02
-1.251248757917387024e+02
-1.251406174176831456e+02
-1.247182973604174805e+02
-1.250983164127843992e+02
-1.118826117438582770e+02
-1.251428097604213150e+02
-1.023249982068669084e+02
-1.183497324084498814e+02
