4.352361439873502214e-01 2.980658076977368287e-01 6.000000000000000000e+00 7.000000000000000000e+01 0.000000000000000000e+00
2.003456306774582529e-01 1.783545717830203658e+00 1.300000000000000000e+01 3.500000000000000000e+01 0.000000000000000000e+00
1.321437708820493405e-02 3.469742436701673816e-01 3.000000000000000000e+00 1.250000000000000000e+02 0.000000000000000000e+00
3.971676886834530906e-01 1.415684167426000561e+00 8.000000000000000000e+00 1.100000000000000000e+01 0.000000000000000000e+00
6.253338412067581675e-01 2.541106807785372679e-01 5.000000000000000000e+00 1.610000000000000000e+02 0.000000000000000000e+00
9.934538627216428219e-01 1.761388379455459674e+00 1.700000000000000000e+01 1.140000000000000000e+02 0.000000000000000000e+00
5.344010854577418979e-01 1.200526856344685367e+00 6.000000000000000000e+00 1.590000000000000000e+02 0.000000000000000000e+00
9.554278825414160847e-01 4.160629062881872064e-01 6.000000000000000000e+00 1.710000000000000000e+02 0.000000000000000000e+00
6.543260640398711470e-01 9.915184539600442326e-01 2.000000000000000000e+00 1.300000000000000000e+02 0.000000000000000000e+00
8.381126142684026670e-01 5.734725697682107048e-01 1.700000000000000000e+01 9.800000000000000000e+01 0.000000000000000000e+00
8.629681112687259681e-01 1.795206092307018109e+00 1.800000000000000000e+01 1.710000000000000000e+02 0.000000000000000000e+00
3.098574588044067379e-01 1.937726451421920126e+00 1.500000000000000000e+01 6.500000000000000000e+01 0.000000000000000000e+00
4.750170897180551188e-01 2.301904788053762696e-01 1.500000000000000000e+01 1.810000000000000000e+02 0.000000000000000000e+00
9.362385885672527275e-01 6.608178238576781771e-01 1.100000000000000000e+01 1.100000000000000000e+01 0.000000000000000000e+00
1.286384653458583216e-01 8.477049215694268947e-01 7.000000000000000000e+00 7.200000000000000000e+01 0.000000000000000000e+00
6.112829760572318083e-01 2.282808085480062810e-01 1.500000000000000000e+01 5.600000000000000000e+01 0.000000000000000000e+00
2.799230580436526949e-01 1.555293198222740925e+00 7.000000000000000000e+00 1.520000000000000000e+02 0.000000000000000000e+00
3.796226225537612659e-02 5.415524579851774822e-01 1.000000000000000000e+01 7.000000000000000000e+00 0.000000000000000000e+00
3.523252370633688235e-01 1.350526136414501865e-01 1.000000000000000000e+01 1.840000000000000000e+02 0.000000000000000000e+00
7.446258265491381145e-01 8.433618407260264904e-01 9.000000000000000000e+00 1.120000000000000000e+02 0.000000000000000000e+00
5.592745270146621817e-01 6.583864734909424810e-01 1.800000000000000000e+01 2.700000000000000000e+01 0.000000000000000000e+00
6.951830808745179668e-01 2.029304017487644440e+00 1.400000000000000000e+01 1.590000000000000000e+02 0.000000000000000000e+00
7.470664119096889211e-01 1.018587361499299293e+00 7.000000000000000000e+00 7.700000000000000000e+01 0.000000000000000000e+00
2.497241127314148157e-01 1.788045635533227040e+00 1.300000000000000000e+01 8.100000000000000000e+01 0.000000000000000000e+00
6.786972588769960568e-01 1.840809454538255840e+00 2.000000000000000000e+00 1.670000000000000000e+02 0.000000000000000000e+00
7.738104634091205192e-01 1.924160600555256728e+00 7.000000000000000000e+00 4.900000000000000000e+01 0.000000000000000000e+00
9.901909871532760254e-01 1.087130679054878757e-01 1.300000000000000000e+01 7.800000000000000000e+01 0.000000000000000000e+00
6.639457328345498011e-02 1.200571304225767744e+00 2.000000000000000000e+00 1.370000000000000000e+02 0.000000000000000000e+00
8.309215827120115527e-01 6.956901717221483095e-01 1.000000000000000000e+00 7.500000000000000000e+01 0.000000000000000000e+00
8.709154759693413794e-01 1.081583498644415497e+00 9.000000000000000000e+00 1.300000000000000000e+02 0.000000000000000000e+00
2.195279256632386850e-02 1.397267744987889859e+00 1.100000000000000000e+01 5.700000000000000000e+01 0.000000000000000000e+00
1.986354404827716386e-02 3.128725700600164528e-01 9.000000000000000000e+00 1.690000000000000000e+02 0.000000000000000000e+00
9.584723920964826060e-01 1.919301579984220796e+00 7.000000000000000000e+00 4.500000000000000000e+01 0.000000000000000000e+00
3.196856533651546428e-01 6.077576415255733222e-01 2.000000000000000000e+00 7.600000000000000000e+01 0.000000000000000000e+00
1.943218314185654050e-01 1.432085858076217466e+00 1.000000000000000000e+00 1.430000000000000000e+02 0.000000000000000000e+00
8.255855908818638955e-01 1.702605642412920339e+00 3.000000000000000000e+00 1.000000000000000000e+01 0.000000000000000000e+00
6.593431493911657837e-01 1.403164284646924165e-01 5.000000000000000000e+00 8.300000000000000000e+01 0.000000000000000000e+00
7.698170421232574112e-01 1.817365132271059114e+00 1.000000000000000000e+01 2.800000000000000000e+01 0.000000000000000000e+00
4.087008548455305784e-02 2.406124541121291982e-01 1.900000000000000000e+01 1.000000000000000000e+01 0.000000000000000000e+00
3.137272634784350478e-01 1.291539706318056258e+00 1.900000000000000000e+01 1.170000000000000000e+02 0.000000000000000000e+00
2.359627524869551962e-01 1.911732674495160378e+00 1.600000000000000000e+01 6.200000000000000000e+01 0.000000000000000000e+00
9.154477164516513499e-01 6.176256631632960348e-01 5.000000000000000000e+00 7.600000000000000000e+01 0.000000000000000000e+00
7.877952045175946605e-01 1.013070632091567891e+00 1.200000000000000000e+01 3.100000000000000000e+01 0.000000000000000000e+00
4.132802269836618470e-01 1.367960547642576907e+00 7.000000000000000000e+00 1.420000000000000000e+02 0.000000000000000000e+00
1.754707893440182742e-01 4.402922538783134998e-01 5.000000000000000000e+00 1.480000000000000000e+02 0.000000000000000000e+00
9.926495564730672960e-01 2.020247089400180940e+00 1.100000000000000000e+01 5.600000000000000000e+01 0.000000000000000000e+00
4.895776696732554445e-01 5.124014226852789955e-01 1.700000000000000000e+01 1.940000000000000000e+02 0.000000000000000000e+00
4.723705310214059150e-01 1.488863568379121594e+00 1.100000000000000000e+01 6.600000000000000000e+01 0.000000000000000000e+00
5.082242120622912918e-01 1.378016852636363199e+00 1.000000000000000000e+00 1.230000000000000000e+02 0.000000000000000000e+00
4.272389323970749997e-01 1.865635556310464960e+00 3.000000000000000000e+00 5.000000000000000000e+00 0.000000000000000000e+00
5.062072105562320790e-01 1.014935843483633082e+00 3.000000000000000000e+00 8.000000000000000000e+00 1.000000000000000000e+00
9.239076952658634712e-01 2.072362250242625770e+00 2.000000000000000000e+01 1.220000000000000000e+02 1.000000000000000000e+00
6.206141986173049352e-01 1.642797674577362699e+00 4.000000000000000000e+00 5.100000000000000000e+01 1.000000000000000000e+00
4.898635251993221223e-02 9.313918862945714805e-01 1.900000000000000000e+01 2.700000000000000000e+01 1.000000000000000000e+00
7.740061829497836277e-01 1.776240573458986116e+00 1.500000000000000000e+01 1.910000000000000000e+02 1.000000000000000000e+00
9.722978086447370272e-01 1.570703088375133394e+00 7.000000000000000000e+00 2.000000000000000000e+02 1.000000000000000000e+00
6.398502421127826023e-02 1.039075279720152567e+00 1.300000000000000000e+01 1.220000000000000000e+02 1.000000000000000000e+00
3.737137416470636547e-02 7.263066411268891409e-01 3.000000000000000000e+00 7.800000000000000000e+01 1.000000000000000000e+00
9.454903939860453965e-01 1.701706047469995653e+00 1.500000000000000000e+01 9.000000000000000000e+00 1.000000000000000000e+00
9.154540942281046423e-01 1.865097375628775200e+00 2.000000000000000000e+00 4.000000000000000000e+01 1.000000000000000000e+00
5.838296301957075496e-01 1.802432801215194225e+00 3.000000000000000000e+00 1.360000000000000000e+02 1.000000000000000000e+00
8.449434662290717934e-01 2.057720108247266477e+00 1.400000000000000000e+01 1.070000000000000000e+02 1.000000000000000000e+00
3.444371858836980937e-01 1.438438393080297528e+00 6.000000000000000000e+00 1.190000000000000000e+02 1.000000000000000000e+00
3.573008190575255316e-01 1.291014031347019086e+00 1.000000000000000000e+01 3.500000000000000000e+01 1.000000000000000000e+00
6.365690026317328831e-01 7.288863958352870265e-01 1.500000000000000000e+01 6.300000000000000000e+01 1.000000000000000000e+00
3.331230862114210600e-01 5.066587939357146686e-01 4.000000000000000000e+00 7.400000000000000000e+01 1.000000000000000000e+00
7.281114909108900024e-01 1.035219045480884725e+00 1.500000000000000000e+01 9.100000000000000000e+01 1.000000000000000000e+00
6.806223217874053377e-01 1.808457736186317888e+00 8.000000000000000000e+00 1.430000000000000000e+02 1.000000000000000000e+00
8.057589133269492387e-02 1.986404465980042611e+00 4.000000000000000000e+00 4.300000000000000000e+01 1.000000000000000000e+00
3.080861380577367692e-01 1.165173875465738806e+00 8.000000000000000000e+00 7.100000000000000000e+01 1.000000000000000000e+00
1.102926779325909962e-01 1.837886359815940951e+00 1.900000000000000000e+01 1.460000000000000000e+02 1.000000000000000000e+00
5.460758060958038618e-01 1.966114496070547057e-01 1.200000000000000000e+01 1.090000000000000000e+02 1.000000000000000000e+00
1.282887965086189075e-01 5.355833256258387687e-01 2.000000000000000000e+00 1.110000000000000000e+02 1.000000000000000000e+00
7.223727352744520047e-01 1.917993121602843853e+00 8.000000000000000000e+00 1.910000000000000000e+02 1.000000000000000000e+00
5.873704227448997006e-01 1.580308075015547375e+00 1.000000000000000000e+01 1.520000000000000000e+02 1.000000000000000000e+00
9.036660005055492384e-01 1.777941621268671835e+00 1.900000000000000000e+01 1.190000000000000000e+02 1.000000000000000000e+00
5.233442031600600286e-01 4.747689064539283299e-01 6.000000000000000000e+00 6.100000000000000000e+01 1.000000000000000000e+00
1.645303651451162086e-01 1.411530913971219769e+00 9.000000000000000000e+00 7.900000000000000000e+01 1.000000000000000000e+00
2.892945938328561617e-01 9.604144296259186087e-01 1.600000000000000000e+01 1.510000000000000000e+02 1.000000000000000000e+00
5.321667332418211077e-02 2.407429429424509382e-01 1.100000000000000000e+01 1.710000000000000000e+02 1.000000000000000000e+00
8.859018418543116447e-01 1.303123769306873125e+00 1.300000000000000000e+01 8.500000000000000000e+01 1.000000000000000000e+00
1.065954820013066268e-01 1.838818892098591062e+00 1.200000000000000000e+01 1.830000000000000000e+02 1.000000000000000000e+00
5.179416855960047306e-01 1.249784241035384547e+00 9.000000000000000000e+00 1.540000000000000000e+02 1.000000000000000000e+00
7.198189313469665063e-01 3.084100859833404096e-01 1.200000000000000000e+01 2.000000000000000000e+02 1.000000000000000000e+00
3.799967359114930776e-01 2.036153240069846326e+00 9.000000000000000000e+00 8.400000000000000000e+01 1.000000000000000000e+00
6.905442525443045154e-01 1.991484960597071474e+00 1.200000000000000000e+01 4.000000000000000000e+01 1.000000000000000000e+00
1.589701240568784923e-01 2.068717997032083478e+00 1.800000000000000000e+01 9.600000000000000000e+01 1.000000000000000000e+00
6.219097040966671264e-01 1.906076934293822633e+00 9.000000000000000000e+00 8.800000000000000000e+01 1.000000000000000000e+00
3.383848586998562391e-01 1.603766003826345710e+00 1.700000000000000000e+01 1.920000000000000000e+02 1.000000000000000000e+00
8.350951084230815447e-01 1.998515078602470796e+00 1.200000000000000000e+01 2.000000000000000000e+02 1.000000000000000000e+00
1.213165690561017612e-01 3.629211166538183209e-01 1.600000000000000000e+01 3.700000000000000000e+01 1.000000000000000000e+00
8.387682625900549915e-01 1.292166112887424889e+00 1.400000000000000000e+01 1.900000000000000000e+01 1.000000000000000000e+00
8.453871682757534423e-01 1.323039805684362025e-01 2.000000000000000000e+00 1.350000000000000000e+02 1.000000000000000000e+00
3.613012798649516827e-02 1.687800918869362343e+00 1.100000000000000000e+01 1.540000000000000000e+02 1.000000000000000000e+00
2.412697252301982953e-01 8.567275513607385262e-01 1.500000000000000000e+01 1.160000000000000000e+02 1.000000000000000000e+00
7.134751206136956680e-01 1.374479044313486442e+00 7.000000000000000000e+00 5.600000000000000000e+01 1.000000000000000000e+00
2.232427434037749236e-01 1.076585826191846840e+00 1.800000000000000000e+01 2.300000000000000000e+01 1.000000000000000000e+00
2.975521562553532506e-01 6.966234802232492695e-01 4.000000000000000000e+00 1.500000000000000000e+02 1.000000000000000000e+00
2.544054521883484243e-01 1.741830213511589731e+00 5.000000000000000000e+00 3.700000000000000000e+01 1.000000000000000000e+00
1.090470228933589775e-01 1.388643708881096117e+00 2.000000000000000000e+00 1.310000000000000000e+02 1.000000000000000000e+00
4.184613516874242656e-01 1.758055310814702121e+00 2.000000000000000000e+01 1.810000000000000000e+02 2.000000000000000000e+00
2.349235806892194800e-01 1.895274268299506071e+00 9.000000000000000000e+00 1.550000000000000000e+02 2.000000000000000000e+00
5.661996290443070956e-01 1.320533188926603207e+00 6.000000000000000000e+00 4.300000000000000000e+01 2.000000000000000000e+00
6.271716887561405718e-02 5.786869953394123689e-01 1.000000000000000000e+00 1.600000000000000000e+02 2.000000000000000000e+00
3.698503451367604056e-01 2.072203491971762457e+00 1.000000000000000000e+00 4.000000000000000000e+01 2.000000000000000000e+00
4.864954576436211209e-01 1.675100493209201513e+00 2.000000000000000000e+00 1.770000000000000000e+02 2.000000000000000000e+00
9.963703382853258406e-01 1.078645890516848616e-01 1.200000000000000000e+01 1.920000000000000000e+02 2.000000000000000000e+00
8.594380906049140512e-01 3.025479894003019199e-01 3.000000000000000000e+00 1.000000000000000000e+02 2.000000000000000000e+00
4.108787640273668940e-01 1.673232111037172842e+00 1.500000000000000000e+01 3.000000000000000000e+01 2.000000000000000000e+00
5.144066695158218128e-01 7.808176871377175976e-01 2.000000000000000000e+01 1.820000000000000000e+02 2.000000000000000000e+00
5.169738991854457844e-01 5.123840483484259911e-01 7.000000000000000000e+00 8.000000000000000000e+00 2.000000000000000000e+00
4.608924554765932990e-01 2.394432903813305258e-01 5.000000000000000000e+00 2.400000000000000000e+01 2.000000000000000000e+00
1.825369344536859062e-01 1.401330622620807320e+00 4.000000000000000000e+00 1.620000000000000000e+02 2.000000000000000000e+00
5.216797383761031526e-01 8.412339498215669620e-01 1.400000000000000000e+01 1.590000000000000000e+02 2.000000000000000000e+00
2.418119640685428839e-01 8.065455179162178689e-01 6.000000000000000000e+00 1.670000000000000000e+02 2.000000000000000000e+00
1.306448016031585002e-01 1.296147753716223150e+00 6.000000000000000000e+00 8.200000000000000000e+01 2.000000000000000000e+00
8.950030610491246374e-01 1.479231181355419311e+00 1.000000000000000000e+01 1.440000000000000000e+02 2.000000000000000000e+00
6.614999395282092909e-01 2.327675870810449743e-01 6.000000000000000000e+00 1.020000000000000000e+02 2.000000000000000000e+00
6.419679667309540205e-01 2.089270453200366529e+00 5.000000000000000000e+00 1.190000000000000000e+02 2.000000000000000000e+00
7.233691760630791556e-01 1.916465804584099430e+00 1.000000000000000000e+01 2.500000000000000000e+01 2.000000000000000000e+00
9.695755776338862431e-01 1.740357237459789319e+00 6.000000000000000000e+00 9.400000000000000000e+01 2.000000000000000000e+00
5.533037143152165216e-01 1.472760220020547184e+00 1.100000000000000000e+01 1.250000000000000000e+02 2.000000000000000000e+00
3.029857930947601474e-01 1.502390286050780288e+00 1.700000000000000000e+01 1.830000000000000000e+02 2.000000000000000000e+00
4.048361620643994296e-01 1.567689786490210846e+00 1.800000000000000000e+01 1.590000000000000000e+02 2.000000000000000000e+00
7.867641265702605968e-02 2.059138857446342286e+00 1.800000000000000000e+01 4.500000000000000000e+01 2.000000000000000000e+00
3.461202366619428039e-01 1.562105238467255353e+00 2.000000000000000000e+01 1.630000000000000000e+02 2.000000000000000000e+00
7.378537976740640048e-01 1.453690771333921328e+00 1.500000000000000000e+01 1.900000000000000000e+02 2.000000000000000000e+00
9.220986583034965767e-01 1.534593115393376062e+00 1.800000000000000000e+01 5.900000000000000000e+01 2.000000000000000000e+00
1.283925074342922024e-01 1.916084340967876720e+00 1.900000000000000000e+01 1.740000000000000000e+02 2.000000000000000000e+00
5.041366839237362285e-01 1.101369984860069151e-01 1.200000000000000000e+01 5.200000000000000000e+01 2.000000000000000000e+00
3.741468775688723269e-01 4.307774058032426412e-01 9.000000000000000000e+00 1.670000000000000000e+02 2.000000000000000000e+00
6.725561937156590009e-01 1.900314165197886096e+00 9.000000000000000000e+00 3.900000000000000000e+01 2.000000000000000000e+00
2.879142429431225114e-01 9.992466391879234466e-01 8.000000000000000000e+00 4.000000000000000000e+01 2.000000000000000000e+00
4.798670720091021691e-01 7.598369592874559819e-01 2.000000000000000000e+00 1.310000000000000000e+02 2.000000000000000000e+00
1.704013833240951570e-01 1.136157274886982371e+00 1.200000000000000000e+01 2.600000000000000000e+01 2.000000000000000000e+00
8.113060837805031733e-01 4.084395286351550913e-01 1.900000000000000000e+01 1.640000000000000000e+02 2.000000000000000000e+00
6.130142252898161948e-01 1.369996670888553147e+00 1.300000000000000000e+01 1.630000000000000000e+02 2.000000000000000000e+00
3.173276023836766324e-01 1.783148893235032340e+00 1.200000000000000000e+01 3.200000000000000000e+01 2.000000000000000000e+00
3.781243799033018327e-01 9.887133927623986684e-01 1.600000000000000000e+01 7.800000000000000000e+01 2.000000000000000000e+00
8.388787447231911276e-01 1.404279453444795545e+00 1.000000000000000000e+00 7.900000000000000000e+01 2.000000000000000000e+00
5.127227943391378107e-01 2.066605346305271595e+00 9.000000000000000000e+00 1.260000000000000000e+02 2.000000000000000000e+00
8.904553845584909366e-01 1.253309019163231675e+00 3.000000000000000000e+00 1.600000000000000000e+02 2.000000000000000000e+00
4.661922921076855353e-01 2.092509540154348535e+00 2.000000000000000000e+01 1.340000000000000000e+02 2.000000000000000000e+00
6.196504997942531290e-01 1.142850912621428794e+00 1.800000000000000000e+01 5.500000000000000000e+01 2.000000000000000000e+00
4.421413061473908890e-01 2.091838098180252015e+00 3.000000000000000000e+00 1.620000000000000000e+02 2.000000000000000000e+00
4.678237925040876766e-01 6.203511157874649351e-01 1.600000000000000000e+01 1.070000000000000000e+02 2.000000000000000000e+00
4.064888297857617294e-01 1.138975992198451470e+00 1.400000000000000000e+01 1.720000000000000000e+02 2.000000000000000000e+00
4.585710778500818874e-01 4.370447537684308825e-01 8.000000000000000000e+00 1.920000000000000000e+02 2.000000000000000000e+00
9.099949416635162436e-01 1.008418686669928732e+00 1.100000000000000000e+01 1.150000000000000000e+02 2.000000000000000000e+00
6.451401286468447793e-01 1.249825836131991663e-01 1.000000000000000000e+00 1.410000000000000000e+02 2.000000000000000000e+00
2.457618544547198747e-01 1.034808418092312721e+00 7.000000000000000000e+00 1.610000000000000000e+02 3.000000000000000000e+00
2.484249316398409180e-01 1.957862799425827527e+00 1.700000000000000000e+01 1.820000000000000000e+02 3.000000000000000000e+00
2.708578297462426177e-01 1.893385750917901955e+00 9.000000000000000000e+00 1.670000000000000000e+02 3.000000000000000000e+00
1.814046001118130302e-01 1.744850876326015987e+00 1.000000000000000000e+01 6.700000000000000000e+01 3.000000000000000000e+00
3.566056829723617677e-02 1.913352875741260173e-01 2.000000000000000000e+00 1.400000000000000000e+01 3.000000000000000000e+00
4.188666798316003081e-01 1.648142922579131309e+00 1.400000000000000000e+01 1.970000000000000000e+02 3.000000000000000000e+00
4.754324200402305634e-01 1.597829991334225097e+00 1.000000000000000000e+01 8.200000000000000000e+01 3.000000000000000000e+00
3.898273569402813665e-01 3.347467330894270399e-01 1.600000000000000000e+01 9.700000000000000000e+01 3.000000000000000000e+00
6.820970496915735870e-01 9.337867261120192941e-01 4.000000000000000000e+00 7.100000000000000000e+01 3.000000000000000000e+00
3.260888315243603008e-01 6.469452257964386499e-01 1.800000000000000000e+01 1.590000000000000000e+02 3.000000000000000000e+00
6.807267933023349871e-01 3.844545532631039597e-01 1.900000000000000000e+01 1.690000000000000000e+02 3.000000000000000000e+00
6.795969893488884583e-01 9.920816257751684519e-01 2.000000000000000000e+00 1.980000000000000000e+02 3.000000000000000000e+00
4.492126593570185955e-01 5.972182116868153257e-01 1.000000000000000000e+01 1.500000000000000000e+01 3.000000000000000000e+00
1.155082450966038315e-01 1.391663583257859438e+00 4.000000000000000000e+00 1.190000000000000000e+02 3.000000000000000000e+00
1.312784947827536630e-01 1.153913314219534136e+00 1.800000000000000000e+01 1.780000000000000000e+02 3.000000000000000000e+00
5.914705175471232090e-01 2.569345720161412272e-01 1.500000000000000000e+01 3.500000000000000000e+01 3.000000000000000000e+00
1.302178891883231104e-01 5.400485440511589852e-01 1.900000000000000000e+01 1.430000000000000000e+02 3.000000000000000000e+00
2.352493617039005391e-01 3.901730854683503891e-01 9.000000000000000000e+00 6.700000000000000000e+01 3.000000000000000000e+00
1.347067937334212040e-01 1.659192955508304701e+00 1.600000000000000000e+01 1.540000000000000000e+02 3.000000000000000000e+00
2.622420057233665336e-01 1.099282379470947424e+00 8.000000000000000000e+00 1.880000000000000000e+02 3.000000000000000000e+00
5.136238316739066834e-01 1.085818455316328590e+00 6.000000000000000000e+00 8.000000000000000000e+00 3.000000000000000000e+00
4.158301852780504904e-01 1.525786360146196563e-01 2.000000000000000000e+00 1.460000000000000000e+02 3.000000000000000000e+00
4.588591146592723158e-01 7.194113568273511339e-01 1.200000000000000000e+01 7.500000000000000000e+01 3.000000000000000000e+00
3.943300756551770814e-01 9.520852281864479183e-01 1.700000000000000000e+01 8.000000000000000000e+00 3.000000000000000000e+00
8.694242356198694788e-01 1.032712982599942597e+00 1.000000000000000000e+01 9.800000000000000000e+01 3.000000000000000000e+00
8.454762855401973809e-01 1.526544947943037522e+00 1.000000000000000000e+01 1.220000000000000000e+02 3.000000000000000000e+00
4.120520892676888813e-01 2.659909360323714500e-01 4.000000000000000000e+00 9.100000000000000000e+01 3.000000000000000000e+00
4.679730333318218305e-01 1.331197110147970930e+00 2.000000000000000000e+00 1.620000000000000000e+02 3.000000000000000000e+00
7.645738816180003283e-01 7.415319190899433144e-01 1.800000000000000000e+01 1.710000000000000000e+02 3.000000000000000000e+00
9.514740403208458153e-01 1.937120032069199249e+00 6.000000000000000000e+00 1.520000000000000000e+02 3.000000000000000000e+00
1.695746582575717865e-01 2.092471102435724095e+00 3.000000000000000000e+00 1.350000000000000000e+02 3.000000000000000000e+00
3.752222036658894311e-01 4.835300201068731818e-01 4.000000000000000000e+00 1.620000000000000000e+02 3.000000000000000000e+00
8.039845447188985472e-02 1.711211229993297778e+00 1.600000000000000000e+01 1.070000000000000000e+02 3.000000000000000000e+00
1.242858096461962741e-01 3.482031349364552719e-01 1.700000000000000000e+01 4.100000000000000000e+01 3.000000000000000000e+00
2.145167376734815612e-01 2.022629560024663820e-01 1.200000000000000000e+01 1.460000000000000000e+02 3.000000000000000000e+00
1.003682558606468822e+00 1.230046123401100644e+00 3.000000000000000000e+00 1.330000000000000000e+02 3.000000000000000000e+00
8.774892789482419131e-01 1.132696835010776004e+00 1.500000000000000000e+01 1.700000000000000000e+02 3.000000000000000000e+00
2.232997713651203586e-01 1.582915794628551698e+00 1.000000000000000000e+00 2.400000000000000000e+01 3.000000000000000000e+00
7.222331176384780838e-01 1.289390273096105766e+00 1.500000000000000000e+01 1.620000000000000000e+02 3.000000000000000000e+00
2.233183530697655517e-01 1.885827904475116057e+00 8.000000000000000000e+00 8.900000000000000000e+01 3.000000000000000000e+00
6.255990161178631714e-01 3.158975436771679357e-01 1.800000000000000000e+01 1.390000000000000000e+02 3.000000000000000000e+00
8.146661737113604085e-01 3.124815210569592550e-01 1.400000000000000000e+01 7.300000000000000000e+01 3.000000000000000000e+00
1.619866540340635375e-01 4.418722175767034743e-01 1.900000000000000000e+01 1.240000000000000000e+02 3.000000000000000000e+00
9.912725999230390661e-01 1.573872871966293552e+00 1.000000000000000000e+00 6.800000000000000000e+01 3.000000000000000000e+00
2.376519342431502313e-01 3.975522465353279467e-01 2.000000000000000000e+00 4.100000000000000000e+01 3.000000000000000000e+00
4.107531056887507859e-01 1.513072513030266242e+00 1.300000000000000000e+01 1.000000000000000000e+00 3.000000000000000000e+00
5.252914876251856269e-01 2.147626273634745397e-01 1.100000000000000000e+01 3.800000000000000000e+01 3.000000000000000000e+00
8.087428790794082278e-01 1.996451424335076386e+00 1.300000000000000000e+01 1.200000000000000000e+01 3.000000000000000000e+00
5.617729274307829979e-01 1.472588441150514793e+00 1.300000000000000000e+01 1.280000000000000000e+02 3.000000000000000000e+00
7.006759841887509888e-01 1.765942348093380465e+00 1.500000000000000000e+01 1.390000000000000000e+02 3.000000000000000000e+00
8.819164472533218557e-01 3.997812419974359210e-01 1.600000000000000000e+01 4.700000000000000000e+01 4.000000000000000000e+00
9.472350832168884294e-01 8.201979876290862448e-01 1.400000000000000000e+01 1.430000000000000000e+02 4.000000000000000000e+00
6.208528903197461091e-01 3.968636590894444316e-01 1.000000000000000000e+00 4.400000000000000000e+01 4.000000000000000000e+00
7.676816816170113356e-01 1.905851129049518589e+00 1.700000000000000000e+01 7.000000000000000000e+01 4.000000000000000000e+00
1.938336970261439474e-01 8.491796413140678679e-01 5.000000000000000000e+00 1.230000000000000000e+02 4.000000000000000000e+00
8.887695754821312022e-01 2.239193723172580308e-01 1.100000000000000000e+01 1.190000000000000000e+02 4.000000000000000000e+00
7.972072767966368323e-01 1.237037771298944877e+00 1.500000000000000000e+01 1.010000000000000000e+02 4.000000000000000000e+00
6.532054872274370982e-01 1.442193543094780539e+00 9.000000000000000000e+00 1.350000000000000000e+02 4.000000000000000000e+00
5.188280904926710901e-01 1.993792224505451349e+00 1.000000000000000000e+00 1.370000000000000000e+02 4.000000000000000000e+00
8.715118300925663863e-01 1.069818642409799070e+00 5.000000000000000000e+00 3.600000000000000000e+01 4.000000000000000000e+00
6.657461171190691418e-02 1.803912249190718908e+00 4.000000000000000000e+00 1.010000000000000000e+02 4.000000000000000000e+00
2.319026280289540054e-01 1.837881138841934492e+00 8.000000000000000000e+00 2.900000000000000000e+01 4.000000000000000000e+00
8.358143125662682582e-01 1.176232183239948048e+00 2.000000000000000000e+01 1.470000000000000000e+02 4.000000000000000000e+00
1.854953723277938948e-01 8.697250420410710392e-01 2.000000000000000000e+00 6.400000000000000000e+01 4.000000000000000000e+00
3.538873228489911593e-01 4.027586185526560447e-01 1.100000000000000000e+01 1.870000000000000000e+02 4.000000000000000000e+00
4.198521231002644294e-01 1.719616221535442246e+00 1.600000000000000000e+01 7.000000000000000000e+01 4.000000000000000000e+00
9.969143758259745303e-01 9.619246096870673890e-01 1.300000000000000000e+01 6.900000000000000000e+01 4.000000000000000000e+00
4.956427474318875204e-01 2.076440888203088253e+00 1.400000000000000000e+01 1.650000000000000000e+02 4.000000000000000000e+00
3.671267191395832102e-02 2.001312878141737084e+00 5.000000000000000000e+00 9.800000000000000000e+01 4.000000000000000000e+00
1.402088641004882730e-01 1.660945612797927462e-01 1.900000000000000000e+01 1.870000000000000000e+02 4.000000000000000000e+00
5.216719388237358590e-01 5.715701279968580240e-01 4.000000000000000000e+00 1.780000000000000000e+02 4.000000000000000000e+00
6.858661867537639845e-01 1.038825024770425598e+00 8.000000000000000000e+00 1.320000000000000000e+02 4.000000000000000000e+00
6.108441336392698151e-01 1.812162551234033137e+00 1.600000000000000000e+01 1.170000000000000000e+02 4.000000000000000000e+00
5.870704818443323036e-01 1.453550677273152125e+00 6.000000000000000000e+00 7.500000000000000000e+01 4.000000000000000000e+00
6.732471796208577830e-01 1.076786217200575990e+00 1.100000000000000000e+01 1.000000000000000000e+02 4.000000000000000000e+00
3.316344257594316253e-02 1.241057538688262962e+00 9.000000000000000000e+00 4.000000000000000000e+00 4.000000000000000000e+00
7.344917085181331684e-01 1.755526971025408001e+00 1.800000000000000000e+01 3.800000000000000000e+01 4.000000000000000000e+00
2.483644034635743569e-01 3.701073894721141899e-01 1.000000000000000000e+00 4.600000000000000000e+01 4.000000000000000000e+00
5.700452012975665284e-01 1.272100176143817318e+00 1.300000000000000000e+01 3.600000000000000000e+01 4.000000000000000000e+00
4.692935692277805382e-01 8.191651143243580124e-01 1.000000000000000000e+00 1.180000000000000000e+02 4.000000000000000000e+00
1.840870348027212611e-01 9.438346376964653617e-01 5.000000000000000000e+00 4.600000000000000000e+01 4.000000000000000000e+00
4.991606676968738388e-01 1.433600185545605088e+00 8.000000000000000000e+00 6.400000000000000000e+01 4.000000000000000000e+00
4.630874619168882100e-01 8.370548239476710561e-01 2.000000000000000000e+01 3.100000000000000000e+01 4.000000000000000000e+00
5.128813592975134394e-01 1.018552602158230069e+00 1.600000000000000000e+01 3.000000000000000000e+00 4.000000000000000000e+00
6.867991077400891209e-01 1.710431706894756376e-01 1.900000000000000000e+01 1.510000000000000000e+02 4.000000000000000000e+00
3.623318883478505725e-01 1.003089657081650543e+00 1.400000000000000000e+01 1.290000000000000000e+02 4.000000000000000000e+00
9.633569735228340869e-02 1.082034170129636319e+00 1.000000000000000000e+01 9.600000000000000000e+01 4.000000000000000000e+00
1.910697193019635920e-01 2.755769728486768821e-01 6.000000000000000000e+00 1.320000000000000000e+02 4.000000000000000000e+00
2.025268697925508565e-01 6.467694243277758437e-01 1.000000000000000000e+01 1.450000000000000000e+02 4.000000000000000000e+00
6.368137064236640832e-01 1.455624338198383771e+00 1.200000000000000000e+01 6.000000000000000000e+00 4.000000000000000000e+00
7.849191466507949855e-01 1.268325087541483764e+00 1.500000000000000000e+01 1.360000000000000000e+02 4.000000000000000000e+00
1.665650765579245185e-01 1.593517849891858740e+00 1.000000000000000000e+01 1.790000000000000000e+02 4.000000000000000000e+00
9.875367436415595224e-01 1.580856879212551025e+00 1.300000000000000000e+01 3.800000000000000000e+01 4.000000000000000000e+00
2.148654562791292300e-01 1.840853342372393842e+00 1.000000000000000000e+00 5.900000000000000000e+01 4.000000000000000000e+00
7.393654749894305045e-01 1.533341208278013568e+00 1.200000000000000000e+01 1.170000000000000000e+02 4.000000000000000000e+00
4.321954016137878885e-01 1.109129084408004173e+00 8.000000000000000000e+00 1.470000000000000000e+02 4.000000000000000000e+00
8.457979856557217013e-02 2.086169238768913470e+00 9.000000000000000000e+00 4.600000000000000000e+01 4.000000000000000000e+00
4.777103739477175370e-01 3.468241812475557628e-01 1.700000000000000000e+01 2.200000000000000000e+01 4.000000000000000000e+00
1.369892683654785337e-01 2.014081810691468188e+00 4.000000000000000000e+00 5.000000000000000000e+01 4.000000000000000000e+00
4.597247806480573296e-01 7.473743221923360158e-01 3.000000000000000000e+00 6.000000000000000000e+01 4.000000000000000000e+00
