-1.091247566225319332e+02
-9.974408974281865881e+01
-1.199352079419373212e+02
-1.330968191548930974e+02
-1.330966551155469233e+02
-1.272995854491682195e+02
-1.328499113231403612e+02
-1.329712969680725223e+02
-1.051827284191139995e+02
-9.143184834961397200e+01
-9.939554444905613195e+01
-1.290670154013875504e+02
-1.081181589309760085e+02
-1.330962867658123798e+02
-1.233722955890438300e+02
-9.167291117130628209e+01
-1.330955239457397852e+02
-1.330693631293061117e+02
-9.628011937135629239e+01
-1.264509409085214742e+02
-9.413577522389576302e+01
-1.309299617335016137e+02
-1.330936041681945881e+02
-1.330947004549458939e+02
-1.301695101269242514e+02
-1.329234833853570308e+02
-1.329347262015154456e+02
-1.330967481389808711e+02
-1.330964339856436993e+02
-9.164932205345805016e+01
-1.131338074238892375e+02
-1.288125718145446967e+02
-9.243548072816760452e+01
-1.330968227146855156e+02
-1.296084319125275783e+02
-1.310080026667841935e+02
-1.063272454799455033e+02
-1.326887194604539673e+02
-1.086874684582115123e+02
-1.330950405792294191e+02
-1.330683265521655585e+02
-8.994869037984395277e+01
-9.614655460631004757e+01
-1.330965085289146259e+02
-1.330964219679056271e+02
-1.330967333437249067e+02
-9.193232082767768532e+01
-1.300233342644530410e+02
-1.330970657072919323e+02
-9.617016677857731111e+01
-9.536806424430882601e+01
-9.953356693397421395e+01
-1.278400371869156800e+02
-1.278401217140646651e+02
-1.012085747233421671e+02
-1.278372657948671218e+02
-1.278399384860643124e+02
-1.087920802497061743e+02
-1.144765209569822133e+02
-9.107081352591310974e+01
-1.264514525049538207e+02
-1.278395228188792032e+02
-9.961340045559910550e+01
-1.272100812043473752e+02
-1.258375640407183909e+02
-1.135552311307802285e+02
-1.277482063211107857e+02
-1.278400424360419265e+02
-1.228866096989996493e+02
-1.278399070247895963e+02
-1.087796981207785194e+02
-1.278337474745026299e+02
-1.278360823420712507e+02
-1.278400690933085571e+02
-1.255340886179354527e+02
-1.249527430163352761e+02
-1.278399341705803067e+02
-1.136046918918977440e+02
-1.153005362782792531e+02
-1.198305402160147821e+02
-1.277971279480470344e+02
-1.278399956200771328e+02
-1.278287436103398278e+02
-1.277866042442633727e+02
-1.278397227220549439e+02
-1.278398406443337336e+02
-1.278157501273076804e+02
-1.276033031841346599e+02
-1.056983290650540255e+02
-1.275634667243234190e+02
-1.157033244035500843e+02
-1.278401945380370393e+02
-9.013875082619408374e+01
-1.270087060682042051e+02
-1.135206351804647369e+02
-1.100215418388321496e+02
-1.088014914883317203e+02
-1.161467304775454892e+02
-1.184833710589696381e+02
-9.903685399680031765e+01
-1.235603163553163739e+02
-8.738018336980381662e+01
-8.583716212124159028e+01
-1.111319151734960116e+02
-1.231095299374227920e+02
-1.235615097743147288e+02
-1.235613454111902172e+02
-9.975759348530664283e+01
-1.235614206477221302e+02
-9.563764151335311681e+01
-1.068655538698946970e+02
-1.232962682164257018e+02
-9.992462136818583929e+01
-1.235603754940851786e+02
-1.233178014260567465e+02
-1.235615075041778681e+02
-1.231555231414140223e+02
-1.233428574945005778e+02
-1.234725402846341211e+02
-1.235607720144290482e+02
-1.235613887357448419e+02
-1.235614397388573877e+02
-1.235560511282568257e+02
-1.235239488253863271e+02
-1.181839121928057779e+02
-1.078497094222541079e+02
-1.235613717958269575e+02
-9.807847837995605289e+01
-1.103671012397821443e+02
-1.026905336942741371e+02
-1.235603827601358091e+02
-1.178073598765539742e+02
-1.085640570097429816e+02
-1.218182872371998116e+02
-1.235611538359693213e+02
-1.225804243967436804e+02
-1.195101842261422291e+02
-9.448682259614899692e+01
-1.095916748759310622e+02
-1.235609951013281460e+02
-9.381650330026086237e+01
-1.235611745173174967e+02
-1.219002498968580568e+02
-1.235615257288991131e+02
-1.223609317880961100e+02
-1.224175634179976271e+02
-1.235613926980998087e+02
-8.998400564435385718e+01
-1.235614480350352125e+02
-1.234203829132559633e+02
-1.234642942533726000e+02
-1.239421624104621031e+02
-1.237394228563155423e+02
-8.603906810141467076e+01
-1.236302016994998922e+02
-9.152112241218320321e+01
-1.124184685008000173e+02
-1.239364397262245490e+02
-9.827651805597400880e+01
-1.239414529070994320e+02
-8.504851547545428048e+01
-1.239423023001761521e+02
-1.212653842607102064e+02
-1.108587047504856287e+02
-1.235997240178589891e+02
-1.239421869838524799e+02
-1.239214437721238653e+02
-8.924521547120460241e+01
-1.232125063415064261e+02
-8.392238843675319515e+01
-8.631857651383802477e+01
-1.221888573378087273e+02
-1.191339933634006911e+02
-8.478788944024978491e+01
-1.238732029828632335e+02
-1.231188101033769726e+02
-1.135892117786822837e+02
-8.712416002141330296e+01
-1.047216312808951955e+02
-1.230397716846385521e+02
-1.239423148583044423e+02
-1.239415316221768251e+02
-8.536966987241471827e+01
-8.642734937964510777e+01
-1.031860065185685329e+02
-1.106924312879986161e+02
-1.197938811660101806e+02
-1.093220676516115049e+02
-1.034558022591533586e+02
-9.406180518004082103e+01
-8.595750569390547469e+01
-1.237556898145865176e+02
-1.129304779832850585e+02
-8.899854466847088474e+01
-1.156076438279688858e+02
-1.231526210959788159e+02
-1.230496929740766632e+02
-1.021458818692148753e+02
-1.124838201363281200e+02
-1.040721018662052160e+02
-1.015631123808548182e+02
-9.430030055651086229e+01
-1.251427163907652869e+02
-1.251434116371256096e+02
-9.179928313788838068e+01
-9.681198685148557104e+01
-1.247694220582508962e+02
-1.251434423034107226e+02
-1.251432862720707249e+02
-1.087701597260543309e+02
-1.036756565456708330e+02
-1.109401888568479819e+02
-1.196044747674587256e+02
-1.012234541115805371e+02
-9.055422351907141376e+01
-9.261222352636116284e+01
-1.251434069545401542e+02
-1.051437561773344953e+02
-1.251436008346202442e+02
-1.121831762790225469e+02
-1.123415209483948018e+02
-8.792337678123219291e+01
-9.115835907770343738e+01
-1.251434577738915124e+02
-9.300467427367917139e+01
-1.250550610432559893e+02
-1.251433836893655780e+02
-1.244503077205975501e+02
-1.251434746114666012e+02
-1.250801579993940464e+02
-1.208191838632205020e+02
-1.251282165068469538e+02
-8.720429218196262866e+01
-1.249764284915472672e+02
-1.250860733133531255e+02
-1.184707763497160755e+02
-1.071793175031898926e+02
-1.251434127378242778e+02
-1.250900529842411117e+02
-1.210067719329431952e+02
-1.199275381825337661e+02
-1.074417858305424858e+02
-1.251372836944187839e+02
-8.907071304927914923e+01
-1.007548920861640767e+02
-1.066710318669274500e+02
-1.024068741539274612e+02
-9.963568493357665545e+01
-1.017742921185084128e+02
-1.130573889806177874e+02
