-9.069903693854793403e+01
-1.329031066179523179e+02
-1.328150054081998803e+02
-1.128027697853845268e+02
-1.164977235202113519e+02
-1.244567806866985364e+02
-1.166536278517297518e+02
-1.330968188684014422e+02
-1.071620301898923060e+02
-1.253769011062216663e+02
-1.330936487163364177e+02
-1.330512169823502120e+02
-1.330968616501010047e+02
-1.328437692828154582e+02
-1.330666285072460084e+02
-1.268294052586971219e+02
-1.280472272567573668e+02
-9.928566470241777608e+01
-1.133098345397288256e+02
-1.322252142982081864e+02
-1.330967299042011405e+02
-1.330969410251459522e+02
-1.330962588032462577e+02
-1.330926980028198727e+02
-1.330968047109525116e+02
-1.059120124050713514e+02
-1.330934599322311271e+02
-1.320740085739419385e+02
-1.330415571926195923e+02
-1.330968194005353382e+02
-1.330957415736304768e+02
-1.143491681027891644e+02
-1.317359241705258341e+02
-1.330957870580827205e+02
-1.329152669700721958e+02
-1.330960989634613156e+02
-1.146091389090164228e+02
-1.153681210487353042e+02
-1.314099734078188533e+02
-1.330964901069477833e+02
-1.287212054766035862e+02
-1.037104447830972731e+02
-1.330968746172367787e+02
-9.329878242605377636e+01
-1.330969479015425065e+02
-1.322714821229760105e+02
-1.330843313677571587e+02
-1.330937071964298752e+02
-1.030825601819163495e+02
-1.330936931127142770e+02
-1.278401151612704325e+02
-1.278393265720031167e+02
-1.278399498506675087e+02
-1.278400697402050952e+02
-1.278341092769617973e+02
-1.059097529704758500e+02
-1.278399929270812976e+02
-9.424935419331687569e+01
-9.001126233883566385e+01
-9.157051387846325952e+01
-1.096385854031470757e+02
-1.241402525390300013e+02
-1.278008405292169698e+02
-1.159539454141203407e+02
-1.278400736011274290e+02
-1.137524472347244142e+02
-1.277546860445711587e+02
-1.278400857672869364e+02
-1.128204033813667024e+02
-1.111421144286773881e+02
-1.278400852905524374e+02
-1.278347810622195198e+02
-1.274087847415182182e+02
-1.272953303152454083e+02
-9.545503355460374451e+01
-9.409499441399510999e+01
-1.278399663909817434e+02
-1.258231299290927296e+02
-1.226969529709680984e+02
-1.249830804836830538e+02
-8.808276308709471891e+01
-1.278400937049693340e+02
-1.278397493263993852e+02
-1.278372756653629381e+02
-1.278399325539404572e+02
-1.276652426617456371e+02
-1.031090166127134182e+02
-1.278157695528393987e+02
-1.276955381453471574e+02
-1.168943208868643353e+02
-1.278396837686944849e+02
-1.278394234486307681e+02
-1.270988670535812020e+02
-1.089422383609788767e+02
-9.219396673893052707e+01
-1.048961529943667017e+02
-1.276541272165993064e+02
-1.223678259766876266e+02
-1.008862375589351785e+02
-8.936281501276450001e+01
-1.235615033517787111e+02
-1.027589808298065890e+02
-1.233423329981310417e+02
-1.208181387678021679e+02
-1.087766924245947848e+02
-1.235614809594369490e+02
-1.232914576151983113e+02
-1.194207004502581242e+02
-9.499669026212494316e+01
-1.235296882110347099e+02
-1.217780801255012904e+02
-9.496991105866123917e+01
-1.035898562991971943e+02
-1.235614763467393260e+02
-1.235592060269382131e+02
-1.235608448902968348e+02
-1.235485260777179377e+02
-1.233592582209211770e+02
-1.235614914944348470e+02
-1.235614354492951037e+02
-1.105762109056100257e+02
-8.678681939780129539e+01
-9.094971385995215485e+01
-1.235592608025386880e+02
-1.127417655342103160e+02
-1.062654806043118896e+02
-1.027356668263481652e+02
-1.222695755479777091e+02
-1.132345556322876092e+02
-9.471534195841393000e+01
-1.235611637060459458e+02
-9.533986849590775137e+01
-9.820589427220406264e+01
-1.234455033013357621e+02
-1.147154003380733513e+02
-1.220781450531069652e+02
-1.235614423524157530e+02
-1.233687118374900251e+02
-1.094498658012365269e+02
-1.087893775127009945e+02
-8.674794792678704880e+01
-1.235613961427575589e+02
-1.078060707372223277e+02
-1.004722290617357032e+02
-1.234531857127007157e+02
-8.711092468458907945e+01
-1.222289721946335135e+02
-1.222250359175020691e+02
-9.508678394334647521e+01
-8.858208059198338447e+01
-8.865015343646956580e+01
-9.185413388351938124e+01
-8.658116843165299770e+01
-1.052679232828300826e+02
-1.239422796246271616e+02
-1.173485958247379131e+02
-1.119159496230721658e+02
-1.225419699767040953e+02
-1.239311939034223826e+02
-1.074108424443322605e+02
-1.239069339278991748e+02
-8.680282565085637714e+01
-1.239422723981022472e+02
-1.031645603748071238e+02
-1.108734586792955952e+02
-9.676723231006833714e+01
-1.239343307831198331e+02
-9.173591805451705739e+01
-1.032138897227118548e+02
-1.019856458935942385e+02
-9.235465701626101520e+01
-1.239387367510087898e+02
-9.005564101111063735e+01
-9.760381065193716665e+01
-1.239377876263870917e+02
-1.239421312800999004e+02
-8.757103045522856632e+01
-1.239413995466590421e+02
-1.239409681874620048e+02
-1.239218748732897382e+02
-1.222457186105527995e+02
-1.239422470291241467e+02
-8.774284941237446844e+01
-9.014649424453115500e+01
-1.175289720249948857e+02
-1.239392172551695239e+02
-1.238341261582060184e+02
-9.111832184213227492e+01
-1.239422502533347625e+02
-9.644618893498670786e+01
-1.239422539637312610e+02
-1.238703872231664320e+02
-1.056019241677469864e+02
-1.238584285634937601e+02
-1.239381553447750406e+02
-1.080943719811688055e+02
-9.629480720398528604e+01
-1.185962710925319499e+02
-1.239376942197212941e+02
-1.125197327352712762e+02
-1.249034132378897652e+02
-8.803219817403754632e+01
-8.702349782615262086e+01
-8.956587444779560769e+01
-1.248353937450986280e+02
-1.003411636983666284e+02
-1.251434578432807427e+02
-1.113000543186295062e+02
-1.213800214046633812e+02
-8.717240144070021302e+01
-1.251395682097629702e+02
-1.059630896985226656e+02
-1.135503097062523352e+02
-1.251434335980232078e+02
-1.143540333187566489e+02
-1.251434472977204848e+02
-1.250697454364232470e+02
-1.245172502879978111e+02
-9.184533284786786567e+01
-1.251407255908035978e+02
-1.119330163750726399e+02
-1.002987395258551544e+02
-1.251431223745663033e+02
-1.241208372885704847e+02
-1.239631091458441432e+02
-9.360642732112147257e+01
-1.168318623285218081e+02
-1.244080288381445740e+02
-8.970038994191239112e+01
-1.014330909191043304e+02
-1.243080980448675490e+02
-9.369651636786554150e+01
-1.174699348345322960e+02
-9.822481439668841574e+01
-1.009700100260076994e+02
-1.251067305934398632e+02
-9.623076263176564282e+01
-1.251433488788134412e+02
-1.251434476274707350e+02
-1.251434540053748066e+02
-1.147989213084383380e+02
-1.251432999668818269e+02
-1.014516270261884472e+02
-1.251435696665036801e+02
-1.148076756182503146e+02
-1.251434399182411710e+02
-1.251434362032898235e+02
-9.813858901416510605e+01
-1.243692488485324930e+02
-1.245102438356917958e+02
