7.424618607673678650e-01 1.761727126187737635e+00 2.000000000000000000e+00 1.490000000000000000e+02 0.000000000000000000e+00
2.951160418081073544e-01 1.673902848498986184e+00 3.000000000000000000e+00 2.000000000000000000e+01 0.000000000000000000e+00
9.766512776587252809e-01 5.114361137829991355e-01 1.300000000000000000e+01 1.810000000000000000e+02 0.000000000000000000e+00
8.670648801581924692e-02 2.090737304010950481e+00 3.000000000000000000e+00 4.600000000000000000e+01 0.000000000000000000e+00
4.209301730498947736e-01 1.256314808789290138e+00 2.000000000000000000e+01 2.100000000000000000e+01 0.000000000000000000e+00
1.641002720465387643e-01 1.983989571005068786e+00 2.000000000000000000e+01 1.140000000000000000e+02 0.000000000000000000e+00
2.234564577506873428e-01 1.799221905623105577e+00 4.000000000000000000e+00 1.860000000000000000e+02 0.000000000000000000e+00
2.473525344578320073e-01 1.230793699017481480e+00 1.000000000000000000e+00 9.200000000000000000e+01 0.000000000000000000e+00
1.099045457692581079e-01 1.972588552360057479e+00 1.900000000000000000e+01 1.630000000000000000e+02 0.000000000000000000e+00
2.540136125941138551e-02 1.769904000154516321e+00 2.000000000000000000e+00 1.630000000000000000e+02 0.000000000000000000e+00
7.621588297220998065e-01 6.246912219104975295e-01 3.000000000000000000e+00 1.270000000000000000e+02 0.000000000000000000e+00
6.974589883357112940e-01 5.585105148154979604e-01 3.000000000000000000e+00 8.500000000000000000e+01 0.000000000000000000e+00
8.246620953026732037e-01 1.510072561029421889e+00 3.000000000000000000e+00 1.790000000000000000e+02 0.000000000000000000e+00
2.625351009696510474e-01 1.493968497495518077e+00 4.000000000000000000e+00 1.270000000000000000e+02 0.000000000000000000e+00
3.182249466575464147e-01 1.124470541699491788e+00 1.500000000000000000e+01 1.630000000000000000e+02 0.000000000000000000e+00
2.821917948892758154e-01 1.019483655701977964e+00 2.000000000000000000e+00 1.560000000000000000e+02 0.000000000000000000e+00
5.614044079119338004e-01 7.510160452111646068e-01 4.000000000000000000e+00 1.910000000000000000e+02 0.000000000000000000e+00
7.219035737887445903e-01 1.140007442423214501e+00 1.800000000000000000e+01 1.560000000000000000e+02 0.000000000000000000e+00
8.647760182033368270e-01 9.475752248159717839e-01 1.400000000000000000e+01 1.900000000000000000e+02 0.000000000000000000e+00
1.028994691897853059e-01 1.686203996004519645e+00 1.800000000000000000e+01 8.300000000000000000e+01 0.000000000000000000e+00
7.263817722729550841e-01 1.160630423495528474e+00 1.700000000000000000e+01 1.810000000000000000e+02 0.000000000000000000e+00
5.298091375216501531e-01 1.436286867287128732e+00 2.000000000000000000e+00 1.230000000000000000e+02 0.000000000000000000e+00
6.881280826511267934e-01 1.639093322702856126e+00 1.600000000000000000e+01 6.400000000000000000e+01 0.000000000000000000e+00
9.865765323052606561e-01 8.855433357552721096e-01 5.000000000000000000e+00 5.800000000000000000e+01 0.000000000000000000e+00
1.280050384319694201e-01 5.459513863014510138e-01 1.800000000000000000e+01 2.400000000000000000e+01 0.000000000000000000e+00
8.409189799625705897e-01 8.684982701173041830e-01 4.000000000000000000e+00 6.600000000000000000e+01 0.000000000000000000e+00
1.226125819066525707e-01 8.603558633593516580e-01 9.000000000000000000e+00 5.600000000000000000e+01 0.000000000000000000e+00
1.920307850566259633e-01 4.559949048832571128e-01 1.700000000000000000e+01 6.000000000000000000e+00 0.000000000000000000e+00
1.491616306422340887e-01 1.972751101506015348e-01 1.900000000000000000e+01 5.100000000000000000e+01 0.000000000000000000e+00
1.409750633951133425e-01 2.004898123194073456e+00 4.000000000000000000e+00 1.260000000000000000e+02 0.000000000000000000e+00
9.585176629866830611e-01 8.650397750635695493e-01 2.000000000000000000e+00 8.000000000000000000e+00 0.000000000000000000e+00
6.481869656143331992e-01 6.533245355686557732e-01 6.000000000000000000e+00 1.080000000000000000e+02 0.000000000000000000e+00
3.187683565927006413e-01 1.816112324850692072e+00 4.000000000000000000e+00 1.350000000000000000e+02 0.000000000000000000e+00
2.332759402279619421e-01 1.136027013181391210e+00 1.000000000000000000e+01 1.490000000000000000e+02 0.000000000000000000e+00
3.867849562992192736e-01 1.117752231732726198e+00 2.000000000000000000e+00 1.160000000000000000e+02 0.000000000000000000e+00
2.394544630544969549e-02 1.614757628322004868e+00 7.000000000000000000e+00 1.190000000000000000e+02 0.000000000000000000e+00
8.052297434454667169e-01 8.392669892293133094e-01 1.300000000000000000e+01 3.600000000000000000e+01 0.000000000000000000e+00
9.664065030733750561e-01 8.702796545653942450e-01 8.000000000000000000e+00 1.950000000000000000e+02 0.000000000000000000e+00
5.513478687804801437e-01 1.970238253988137567e+00 6.000000000000000000e+00 1.900000000000000000e+01 0.000000000000000000e+00
2.512979244046823490e-01 1.214468626940276019e+00 1.300000000000000000e+01 9.000000000000000000e+00 0.000000000000000000e+00
1.798220031378604949e-02 8.706756923368793588e-01 1.600000000000000000e+01 1.000000000000000000e+02 0.000000000000000000e+00
8.613443796981943290e-01 2.468850885668895379e-01 1.500000000000000000e+01 1.810000000000000000e+02 0.000000000000000000e+00
3.428446783143934695e-01 1.739093391453645499e+00 9.000000000000000000e+00 2.300000000000000000e+01 0.000000000000000000e+00
3.686640352563708145e-01 8.473729939280109091e-01 7.000000000000000000e+00 3.800000000000000000e+01 0.000000000000000000e+00
2.542852574644560021e-02 3.894478183051036657e-01 5.000000000000000000e+00 1.090000000000000000e+02 0.000000000000000000e+00
3.218805596383461642e-01 6.454320041668307750e-01 5.000000000000000000e+00 1.880000000000000000e+02 0.000000000000000000e+00
3.848969837801784893e-02 2.982585120042980931e-01 6.000000000000000000e+00 6.500000000000000000e+01 0.000000000000000000e+00
3.959194891117800985e-01 3.093048749500412198e-01 1.400000000000000000e+01 1.560000000000000000e+02 0.000000000000000000e+00
3.671988612642042016e-01 1.954414659028818724e+00 7.000000000000000000e+00 6.600000000000000000e+01 0.000000000000000000e+00
4.612784220665870905e-01 1.644286059502670094e-01 1.300000000000000000e+01 8.800000000000000000e+01 0.000000000000000000e+00
6.879134075465498377e-01 1.229932658017193647e+00 1.500000000000000000e+01 3.000000000000000000e+00 1.000000000000000000e+00
9.000639627582457392e-01 2.318410611709690594e-01 1.200000000000000000e+01 5.100000000000000000e+01 1.000000000000000000e+00
6.523038302817408818e-01 1.916233078884706398e+00 1.000000000000000000e+00 1.090000000000000000e+02 1.000000000000000000e+00
9.659617813107412854e-01 7.436719254522664579e-01 9.000000000000000000e+00 9.400000000000000000e+01 1.000000000000000000e+00
7.894894816481601296e-01 1.911527311313172106e+00 1.500000000000000000e+01 1.700000000000000000e+01 1.000000000000000000e+00
1.797677591337737413e-01 9.302974153448423378e-01 5.000000000000000000e+00 2.900000000000000000e+01 1.000000000000000000e+00
6.892918033069975747e-01 1.446781666543923039e+00 4.000000000000000000e+00 7.100000000000000000e+01 1.000000000000000000e+00
7.182575558764249246e-01 1.781970228124929223e+00 1.200000000000000000e+01 1.700000000000000000e+02 1.000000000000000000e+00
4.554700414143650899e-01 1.404164389056882511e-01 1.100000000000000000e+01 1.560000000000000000e+02 1.000000000000000000e+00
4.099854613380090607e-01 5.232749826243964231e-01 2.000000000000000000e+00 1.340000000000000000e+02 1.000000000000000000e+00
9.565552171519589031e-01 9.981146858461561466e-01 1.800000000000000000e+01 1.950000000000000000e+02 1.000000000000000000e+00
2.620507078426441705e-01 1.012707519204221862e+00 9.000000000000000000e+00 1.340000000000000000e+02 1.000000000000000000e+00
4.718193214424812876e-01 1.509860692636430246e-01 4.000000000000000000e+00 1.750000000000000000e+02 1.000000000000000000e+00
8.359798081731905084e-01 1.419849660100362954e+00 1.800000000000000000e+01 2.400000000000000000e+01 1.000000000000000000e+00
1.618588505625980778e-01 9.814836806554011472e-01 9.000000000000000000e+00 1.390000000000000000e+02 1.000000000000000000e+00
8.224009201850930317e-01 1.541211410159662787e+00 1.300000000000000000e+01 6.800000000000000000e+01 1.000000000000000000e+00
9.761856423097679814e-02 1.509298367404577901e+00 2.000000000000000000e+00 1.000000000000000000e+02 1.000000000000000000e+00
2.816290048138173630e-01 4.583110832900484377e-01 1.400000000000000000e+01 1.110000000000000000e+02 1.000000000000000000e+00
6.406025656760752085e-01 7.076071005432950090e-01 1.400000000000000000e+01 1.540000000000000000e+02 1.000000000000000000e+00
2.971730937279064566e-01 3.505642440220523293e-01 1.800000000000000000e+01 1.960000000000000000e+02 1.000000000000000000e+00
8.843355461473266510e-02 1.733608820419395347e+00 6.000000000000000000e+00 1.170000000000000000e+02 1.000000000000000000e+00
3.649426167071553317e-01 1.123450433547432237e+00 1.900000000000000000e+01 1.100000000000000000e+01 1.000000000000000000e+00
9.259195442565995027e-01 4.687688827107024947e-01 1.800000000000000000e+01 1.430000000000000000e+02 1.000000000000000000e+00
7.275211396689622578e-01 4.483086762181119900e-01 3.000000000000000000e+00 1.540000000000000000e+02 1.000000000000000000e+00
8.441478267953361758e-01 1.311868631299514920e+00 1.000000000000000000e+01 6.100000000000000000e+01 1.000000000000000000e+00
1.597353560474014111e-01 1.960850023099541151e+00 1.100000000000000000e+01 1.120000000000000000e+02 1.000000000000000000e+00
6.083517668724656158e-01 1.658780448878912905e-01 6.000000000000000000e+00 1.400000000000000000e+01 1.000000000000000000e+00
1.819480421071535403e-01 3.473967182345635285e-01 3.000000000000000000e+00 1.260000000000000000e+02 1.000000000000000000e+00
1.465605642635787742e-01 7.583206387383790714e-01 1.600000000000000000e+01 1.110000000000000000e+02 1.000000000000000000e+00
3.490330348611176969e-01 1.688495483768119865e+00 6.000000000000000000e+00 3.500000000000000000e+01 1.000000000000000000e+00
8.257401485762605464e-01 1.330787187895099866e+00 1.200000000000000000e+01 4.500000000000000000e+01 1.000000000000000000e+00
7.392056445045001034e-01 1.487215374466816842e+00 1.000000000000000000e+00 1.870000000000000000e+02 1.000000000000000000e+00
6.534015252863035750e-01 7.610893488982658495e-01 6.000000000000000000e+00 1.800000000000000000e+01 1.000000000000000000e+00
2.070062488012985868e-01 9.469716588618789510e-01 1.800000000000000000e+01 4.000000000000000000e+01 1.000000000000000000e+00
2.784026447131340287e-01 2.649392648066722922e-01 4.000000000000000000e+00 9.700000000000000000e+01 1.000000000000000000e+00
4.675131739855066249e-01 1.582632415874675180e+00 6.000000000000000000e+00 1.890000000000000000e+02 1.000000000000000000e+00
6.887935886283312881e-01 1.500466761407289296e+00 5.000000000000000000e+00 1.670000000000000000e+02 1.000000000000000000e+00
2.863018254370452986e-01 6.757255994684178146e-01 7.000000000000000000e+00 6.000000000000000000e+01 1.000000000000000000e+00
3.114526144951484943e-01 1.470266717415902979e+00 1.900000000000000000e+01 2.600000000000000000e+01 1.000000000000000000e+00
5.652670786438945827e-01 6.086377695022543444e-01 6.000000000000000000e+00 2.500000000000000000e+01 1.000000000000000000e+00
8.464280507341280513e-02 9.480475683374806062e-01 1.800000000000000000e+01 1.180000000000000000e+02 1.000000000000000000e+00
1.009217253671955916e+00 1.280030370473185519e-01 1.000000000000000000e+00 2.500000000000000000e+01 1.000000000000000000e+00
3.458682387090258326e-01 1.731508846645340549e+00 8.000000000000000000e+00 8.000000000000000000e+00 1.000000000000000000e+00
4.307354513872891921e-01 3.018338493943385492e-01 1.600000000000000000e+01 8.100000000000000000e+01 1.000000000000000000e+00
3.680409346233669970e-02 4.058653574801788233e-01 7.000000000000000000e+00 2.800000000000000000e+01 1.000000000000000000e+00
1.033074241495725992e-01 5.974418447947563715e-01 3.000000000000000000e+00 2.000000000000000000e+00 1.000000000000000000e+00
5.802499370382226962e-01 1.416584620546184059e+00 6.000000000000000000e+00 1.080000000000000000e+02 1.000000000000000000e+00
4.172839679180050804e-02 1.927499552337206490e+00 4.000000000000000000e+00 3.100000000000000000e+01 1.000000000000000000e+00
2.816266655376410410e-01 1.058122982100869747e+00 1.300000000000000000e+01 1.010000000000000000e+02 1.000000000000000000e+00
6.272040941208910370e-02 2.554548104549004828e-01 1.000000000000000000e+01 1.000000000000000000e+00 1.000000000000000000e+00
1.002507269406966106e+00 1.128420289296673040e+00 2.000000000000000000e+00 1.820000000000000000e+02 2.000000000000000000e+00
1.458319705595835236e-01 5.980970073774954932e-01 3.000000000000000000e+00 1.970000000000000000e+02 2.000000000000000000e+00
1.207686083395922289e-01 2.637304239734915567e-01 9.000000000000000000e+00 1.350000000000000000e+02 2.000000000000000000e+00
7.282635069208674983e-01 7.563206154109499701e-01 1.400000000000000000e+01 1.970000000000000000e+02 2.000000000000000000e+00
4.154506641058026695e-01 1.649638301537317275e+00 1.600000000000000000e+01 1.980000000000000000e+02 2.000000000000000000e+00
7.255281944454480270e-01 7.797060642295879918e-01 2.000000000000000000e+00 1.420000000000000000e+02 2.000000000000000000e+00
7.870136670135012835e-01 9.645466530803356031e-01 1.700000000000000000e+01 1.930000000000000000e+02 2.000000000000000000e+00
8.766864620023087085e-01 2.093043383396409940e+00 1.800000000000000000e+01 1.280000000000000000e+02 2.000000000000000000e+00
5.244123431932143919e-01 1.530196052020315722e+00 1.900000000000000000e+01 9.400000000000000000e+01 2.000000000000000000e+00
8.063000478738344690e-01 2.965455723025708368e-01 1.000000000000000000e+00 1.360000000000000000e+02 2.000000000000000000e+00
8.175767861007764425e-01 1.172896065430979240e+00 1.800000000000000000e+01 1.110000000000000000e+02 2.000000000000000000e+00
3.301982044019915463e-01 1.839281317434670326e-01 1.000000000000000000e+00 2.800000000000000000e+01 2.000000000000000000e+00
7.643374819388466523e-01 1.106204307309966550e+00 1.200000000000000000e+01 4.200000000000000000e+01 2.000000000000000000e+00
3.051975909074883253e-01 1.069199981759324791e-01 1.000000000000000000e+00 1.490000000000000000e+02 2.000000000000000000e+00
2.538457114421067695e-01 4.684807987385800621e-01 7.000000000000000000e+00 1.680000000000000000e+02 2.000000000000000000e+00
4.061238014748279612e-01 3.575300989991999634e-01 1.600000000000000000e+01 9.000000000000000000e+01 2.000000000000000000e+00
9.441597527513985177e-01 1.058964118859874626e+00 7.000000000000000000e+00 1.980000000000000000e+02 2.000000000000000000e+00
9.611476483161565110e-01 1.820962855989069373e+00 1.100000000000000000e+01 7.200000000000000000e+01 2.000000000000000000e+00
5.427478043216104053e-01 1.285696636968834738e+00 1.900000000000000000e+01 1.840000000000000000e+02 2.000000000000000000e+00
3.510360257618604374e-01 1.820544525001211555e+00 1.600000000000000000e+01 4.700000000000000000e+01 2.000000000000000000e+00
1.143243534065206818e-01 1.191893177910222423e+00 6.000000000000000000e+00 1.670000000000000000e+02 2.000000000000000000e+00
9.380153592187732148e-01 1.887814314461157439e+00 1.800000000000000000e+01 1.100000000000000000e+01 2.000000000000000000e+00
2.459036047566341976e-01 4.076944299318708831e-01 1.600000000000000000e+01 1.150000000000000000e+02 2.000000000000000000e+00
4.638419938707040169e-01 1.074026638192444594e+00 9.000000000000000000e+00 1.940000000000000000e+02 2.000000000000000000e+00
1.130198196637576501e-02 1.434635719295634493e+00 2.000000000000000000e+01 4.200000000000000000e+01 2.000000000000000000e+00
9.684662495510260039e-01 1.918719217093602714e+00 4.000000000000000000e+00 1.900000000000000000e+01 2.000000000000000000e+00
8.260793211087673615e-01 6.416720461668564690e-01 3.000000000000000000e+00 1.040000000000000000e+02 2.000000000000000000e+00
4.258252233460826375e-01 1.876135118993047080e+00 2.000000000000000000e+01 4.200000000000000000e+01 2.000000000000000000e+00
7.855477526758176676e-01 6.534271346726893137e-01 1.600000000000000000e+01 4.500000000000000000e+01 2.000000000000000000e+00
5.855450994148265753e-01 1.548746195364181233e+00 2.000000000000000000e+00 4.200000000000000000e+01 2.000000000000000000e+00
8.647069350117215780e-01 7.201799376478140724e-01 7.000000000000000000e+00 1.020000000000000000e+02 2.000000000000000000e+00
9.076600305838954386e-01 8.536529763481252031e-01 1.400000000000000000e+01 7.900000000000000000e+01 2.000000000000000000e+00
2.878928109980898320e-01 1.132060668910173096e+00 1.000000000000000000e+01 6.300000000000000000e+01 2.000000000000000000e+00
6.456949250333342549e-01 2.007486172293861060e+00 5.000000000000000000e+00 1.070000000000000000e+02 2.000000000000000000e+00
6.892769215420293527e-01 8.121306352295246667e-01 1.500000000000000000e+01 8.500000000000000000e+01 2.000000000000000000e+00
7.766996057264095865e-02 1.619711320403763422e+00 1.300000000000000000e+01 4.000000000000000000e+01 2.000000000000000000e+00
1.090147066815673055e-01 1.736648483664327891e+00 1.900000000000000000e+01 1.070000000000000000e+02 2.000000000000000000e+00
3.025237826577613642e-01 9.871982076731614653e-01 1.500000000000000000e+01 1.130000000000000000e+02 2.000000000000000000e+00
3.481403740319516382e-01 3.014298167232559722e-01 4.000000000000000000e+00 1.110000000000000000e+02 2.000000000000000000e+00
3.846668534318626875e-01 1.389956190452188434e+00 1.000000000000000000e+01 5.400000000000000000e+01 2.000000000000000000e+00
7.922879485318622406e-01 1.708878608633574159e-01 7.000000000000000000e+00 4.300000000000000000e+01 2.000000000000000000e+00
3.102867751020627063e-01 1.694714560888790356e+00 2.000000000000000000e+01 4.200000000000000000e+01 2.000000000000000000e+00
9.696018207445594728e-01 9.249545456289164358e-01 6.000000000000000000e+00 1.990000000000000000e+02 2.000000000000000000e+00
7.728623159427059353e-01 4.015964029220741027e-01 1.700000000000000000e+01 1.140000000000000000e+02 2.000000000000000000e+00
8.108430119983912610e-01 4.002909181423252027e-01 1.900000000000000000e+01 1.220000000000000000e+02 2.000000000000000000e+00
2.045984093764784822e-02 8.112644789555388813e-01 1.700000000000000000e+01 9.200000000000000000e+01 2.000000000000000000e+00
9.913608878845880934e-01 1.622821954671630262e+00 9.000000000000000000e+00 1.760000000000000000e+02 2.000000000000000000e+00
1.498847733405049842e-01 1.826079675674956437e+00 1.000000000000000000e+00 9.200000000000000000e+01 2.000000000000000000e+00
4.387124428745980270e-02 1.712517772896570589e+00 1.400000000000000000e+01 1.230000000000000000e+02 2.000000000000000000e+00
6.093066404138757219e-01 2.593300453723949017e-01 9.000000000000000000e+00 1.180000000000000000e+02 2.000000000000000000e+00
3.402080110374822164e-01 8.722319949869660194e-01 4.000000000000000000e+00 8.800000000000000000e+01 3.000000000000000000e+00
2.332142300291719650e-01 9.204753781577769134e-01 6.000000000000000000e+00 2.300000000000000000e+01 3.000000000000000000e+00
6.114814572359084099e-01 1.217582389226300743e-01 9.000000000000000000e+00 1.900000000000000000e+01 3.000000000000000000e+00
5.121373296686552168e-01 8.706686087285783193e-01 8.000000000000000000e+00 7.000000000000000000e+00 3.000000000000000000e+00
8.658353419723585631e-01 1.138616186349611148e+00 4.000000000000000000e+00 1.440000000000000000e+02 3.000000000000000000e+00
8.348054410626559729e-01 4.768457046600699245e-01 1.300000000000000000e+01 7.600000000000000000e+01 3.000000000000000000e+00
5.876201496622021070e-01 2.014912052973690137e+00 7.000000000000000000e+00 1.950000000000000000e+02 3.000000000000000000e+00
3.198935096802379280e-02 1.122586901354053923e+00 1.700000000000000000e+01 1.400000000000000000e+02 3.000000000000000000e+00
1.009679579136579353e+00 1.168632103715253889e-01 1.300000000000000000e+01 1.170000000000000000e+02 3.000000000000000000e+00
1.002630516967733643e+00 9.452091893742037287e-01 1.400000000000000000e+01 3.300000000000000000e+01 3.000000000000000000e+00
2.106124316232279581e-01 1.579356302800175138e+00 1.100000000000000000e+01 1.870000000000000000e+02 3.000000000000000000e+00
8.756359278565620796e-01 2.056406123107764883e-01 2.000000000000000000e+00 1.080000000000000000e+02 3.000000000000000000e+00
5.073538260474489414e-01 5.235295350330263497e-01 1.300000000000000000e+01 7.600000000000000000e+01 3.000000000000000000e+00
2.718582389062811355e-01 4.451804993736622196e-01 1.000000000000000000e+01 2.400000000000000000e+01 3.000000000000000000e+00
8.400616427620110072e-01 2.026063058544128881e-01 1.500000000000000000e+01 1.590000000000000000e+02 3.000000000000000000e+00
3.492387972211863367e-01 8.462414896182232082e-01 1.000000000000000000e+01 1.990000000000000000e+02 3.000000000000000000e+00
1.854721047965267600e-01 8.653427263597194274e-01 1.500000000000000000e+01 1.870000000000000000e+02 3.000000000000000000e+00
3.971824833285437784e-01 1.576057138264163493e+00 1.800000000000000000e+01 8.900000000000000000e+01 3.000000000000000000e+00
4.154965580926771596e-01 7.838293757696465081e-01 2.000000000000000000e+00 1.280000000000000000e+02 3.000000000000000000e+00
3.028890697346363625e-01 7.575969190322301428e-01 9.000000000000000000e+00 2.600000000000000000e+01 3.000000000000000000e+00
4.169833422211727258e-01 1.248762983086783018e+00 1.600000000000000000e+01 7.900000000000000000e+01 3.000000000000000000e+00
7.767593531925293115e-01 2.625587935065339940e-01 7.000000000000000000e+00 1.320000000000000000e+02 3.000000000000000000e+00
1.385043205039363512e-01 1.825702078786365645e-01 4.000000000000000000e+00 6.600000000000000000e+01 3.000000000000000000e+00
7.376225488936283270e-01 1.293711107100106616e+00 1.800000000000000000e+01 1.750000000000000000e+02 3.000000000000000000e+00
7.218313367814984671e-01 1.326203017773654569e+00 7.000000000000000000e+00 2.800000000000000000e+01 3.000000000000000000e+00
4.655282302156906749e-01 9.730987007201507000e-01 1.900000000000000000e+01 1.650000000000000000e+02 3.000000000000000000e+00
1.457417268293333956e-01 1.517970188687725042e+00 1.800000000000000000e+01 2.500000000000000000e+01 3.000000000000000000e+00
6.019093450083318197e-01 1.084206745467714283e-01 1.900000000000000000e+01 1.320000000000000000e+02 3.000000000000000000e+00
9.962837031820579448e-01 1.408502926154957091e+00 7.000000000000000000e+00 6.600000000000000000e+01 3.000000000000000000e+00
2.559598921357244539e-01 9.866924337768588904e-01 2.000000000000000000e+01 1.730000000000000000e+02 3.000000000000000000e+00
9.138045038779295248e-02 2.872140110979702898e-01 1.200000000000000000e+01 3.900000000000000000e+01 3.000000000000000000e+00
7.961271760696719824e-01 1.824707499879024919e+00 2.000000000000000000e+01 1.750000000000000000e+02 3.000000000000000000e+00
9.348061067106673283e-01 6.484101481016136814e-01 1.800000000000000000e+01 7.900000000000000000e+01 3.000000000000000000e+00
1.579776164413767559e-01 1.989770063915999865e+00 1.200000000000000000e+01 1.110000000000000000e+02 3.000000000000000000e+00
8.245143721552589122e-01 8.153559591896849534e-01 1.500000000000000000e+01 1.430000000000000000e+02 3.000000000000000000e+00
4.852391074967068452e-01 2.741388714680182970e-01 8.000000000000000000e+00 1.200000000000000000e+01 3.000000000000000000e+00
3.157620180869844528e-01 1.398741561602391492e+00 4.000000000000000000e+00 1.000000000000000000e+02 3.000000000000000000e+00
4.814200780308502958e-01 1.781425214496257237e+00 2.000000000000000000e+00 1.360000000000000000e+02 3.000000000000000000e+00
5.086411103102574938e-01 1.632934114510623536e+00 1.100000000000000000e+01 9.600000000000000000e+01 3.000000000000000000e+00
3.073103644217504149e-01 1.769115274462533582e+00 1.100000000000000000e+01 3.000000000000000000e+01 3.000000000000000000e+00
4.792422534048286220e-01 1.930213024194884497e+00 7.000000000000000000e+00 7.200000000000000000e+01 3.000000000000000000e+00
2.273536414862216137e-01 1.506362176618736060e+00 1.400000000000000000e+01 1.500000000000000000e+01 3.000000000000000000e+00
7.338359427752036979e-01 5.828558514209841723e-01 2.000000000000000000e+00 1.450000000000000000e+02 3.000000000000000000e+00
3.408571712087923311e-01 9.239465168007706675e-01 1.600000000000000000e+01 3.400000000000000000e+01 3.000000000000000000e+00
3.627914065766068424e-02 1.444332599145834228e+00 7.000000000000000000e+00 5.700000000000000000e+01 3.000000000000000000e+00
1.986953111407326888e-01 2.055561319850400359e+00 1.600000000000000000e+01 4.500000000000000000e+01 3.000000000000000000e+00
1.409199895573235439e-01 1.847483809779437935e+00 3.000000000000000000e+00 5.200000000000000000e+01 3.000000000000000000e+00
6.552412430159110235e-01 9.844280685912422113e-01 1.000000000000000000e+00 1.390000000000000000e+02 3.000000000000000000e+00
6.107042891917375815e-01 7.749531856337980029e-01 1.100000000000000000e+01 1.380000000000000000e+02 3.000000000000000000e+00
7.233998722495981193e-01 1.256355403464388454e+00 9.000000000000000000e+00 4.000000000000000000e+01 3.000000000000000000e+00
2.915403573457111541e-01 1.742163901251143177e+00 1.800000000000000000e+01 9.700000000000000000e+01 4.000000000000000000e+00
5.845864501351791809e-01 1.830894734531576251e+00 1.200000000000000000e+01 1.790000000000000000e+02 4.000000000000000000e+00
5.586565201336805009e-01 1.700720232711245838e+00 1.000000000000000000e+01 5.100000000000000000e+01 4.000000000000000000e+00
7.468467902565643912e-02 1.184035160694183242e+00 5.000000000000000000e+00 9.100000000000000000e+01 4.000000000000000000e+00
9.861878919723131576e-01 1.835073123293191610e+00 4.000000000000000000e+00 6.300000000000000000e+01 4.000000000000000000e+00
7.190409624203489836e-01 2.002902487912367191e-01 5.000000000000000000e+00 1.080000000000000000e+02 4.000000000000000000e+00
4.255513484174776595e-01 1.291904489057705163e+00 1.600000000000000000e+01 1.800000000000000000e+01 4.000000000000000000e+00
3.528622042135394210e-01 1.189153992540377347e+00 1.300000000000000000e+01 1.350000000000000000e+02 4.000000000000000000e+00
7.148006021992695525e-01 4.952675427493981042e-01 1.800000000000000000e+01 1.060000000000000000e+02 4.000000000000000000e+00
3.052561385242665848e-01 2.013790452836403677e+00 1.600000000000000000e+01 1.940000000000000000e+02 4.000000000000000000e+00
1.028337682337351205e-01 3.900166538427661811e-01 2.000000000000000000e+00 1.250000000000000000e+02 4.000000000000000000e+00
8.654790786382315915e-01 1.911472125336834138e-01 4.000000000000000000e+00 9.300000000000000000e+01 4.000000000000000000e+00
7.710084851421641350e-01 2.855854364746198693e-01 1.600000000000000000e+01 2.900000000000000000e+01 4.000000000000000000e+00
6.874504764923805578e-01 1.934692107123229254e+00 5.000000000000000000e+00 3.100000000000000000e+01 4.000000000000000000e+00
8.807859642695207159e-01 7.304935739844983233e-01 4.000000000000000000e+00 7.000000000000000000e+00 4.000000000000000000e+00
8.570951225250172945e-01 3.815786753517823593e-01 9.000000000000000000e+00 1.000000000000000000e+01 4.000000000000000000e+00
5.419883314353356879e-02 6.988459912360177606e-01 9.000000000000000000e+00 3.900000000000000000e+01 4.000000000000000000e+00
7.064634283540959236e-01 1.593380532208913680e-01 1.000000000000000000e+00 9.700000000000000000e+01 4.000000000000000000e+00
2.381252960754637327e-01 3.023587561817405733e-01 2.000000000000000000e+00 1.730000000000000000e+02 4.000000000000000000e+00
4.452652122313482258e-02 1.388311792007229428e+00 2.000000000000000000e+00 1.710000000000000000e+02 4.000000000000000000e+00
6.973832680019762531e-01 1.312862110039660468e+00 4.000000000000000000e+00 9.000000000000000000e+01 4.000000000000000000e+00
6.232020632594077458e-01 1.048414191858400901e+00 3.000000000000000000e+00 1.700000000000000000e+02 4.000000000000000000e+00
3.428990352353987747e-01 1.508646832404040294e+00 1.800000000000000000e+01 6.800000000000000000e+01 4.000000000000000000e+00
2.878054170220659680e-01 2.012251386441865186e+00 6.000000000000000000e+00 1.820000000000000000e+02 4.000000000000000000e+00
9.907282973112314650e-01 4.722402398922863620e-01 1.800000000000000000e+01 8.600000000000000000e+01 4.000000000000000000e+00
3.268026636812947361e-01 6.727715791611760254e-01 1.800000000000000000e+01 2.000000000000000000e+01 4.000000000000000000e+00
7.178140860961709224e-01 9.602123314303699919e-01 2.000000000000000000e+00 3.500000000000000000e+01 4.000000000000000000e+00
5.497951335520951943e-01 5.222581728680001367e-01 1.300000000000000000e+01 1.940000000000000000e+02 4.000000000000000000e+00
9.570687181438118918e-01 1.939085583290141468e+00 3.000000000000000000e+00 2.000000000000000000e+00 4.000000000000000000e+00
1.311680584591170540e-01 3.307566585451097163e-01 1.300000000000000000e+01 1.900000000000000000e+01 4.000000000000000000e+00
6.865844012372808169e-01 1.949729412186293587e+00 3.000000000000000000e+00 5.000000000000000000e+00 4.000000000000000000e+00
9.582339130707986374e-01 1.337042670752395690e+00 1.600000000000000000e+01 6.100000000000000000e+01 4.000000000000000000e+00
1.000920590877921956e+00 8.704487135353472516e-01 9.000000000000000000e+00 8.700000000000000000e+01 4.000000000000000000e+00
8.185046296205054084e-01 2.005917646106455676e-01 6.000000000000000000e+00 1.240000000000000000e+02 4.000000000000000000e+00
9.904413483266298890e-01 1.679371651068410021e+00 8.000000000000000000e+00 3.100000000000000000e+01 4.000000000000000000e+00
9.947738060255397752e-01 1.117511285284157552e+00 1.000000000000000000e+01 9.500000000000000000e+01 4.000000000000000000e+00
9.711617033651509523e-01 2.868513680983247882e-01 7.000000000000000000e+00 6.000000000000000000e+00 4.000000000000000000e+00
3.355206746064313128e-01 1.971442536125450173e+00 2.000000000000000000e+01 1.560000000000000000e+02 4.000000000000000000e+00
3.067664430362305739e-01 1.449538161962426130e+00 1.000000000000000000e+01 1.790000000000000000e+02 4.000000000000000000e+00
2.746925477286510375e-01 1.109513657475994064e+00 1.200000000000000000e+01 7.100000000000000000e+01 4.000000000000000000e+00
5.964898953645841884e-01 1.519634041460559803e+00 1.700000000000000000e+01 1.610000000000000000e+02 4.000000000000000000e+00
7.937229209926909002e-02 1.778303758260047163e+00 1.000000000000000000e+00 3.800000000000000000e+01 4.000000000000000000e+00
7.364910283826968662e-01 9.096939176074364530e-01 1.600000000000000000e+01 5.400000000000000000e+01 4.000000000000000000e+00
9.015851254411711979e-01 1.854751256096772494e+00 1.800000000000000000e+01 9.800000000000000000e+01 4.000000000000000000e+00
7.449408601464778679e-01 5.778265220870374419e-01 1.400000000000000000e+01 1.780000000000000000e+02 4.000000000000000000e+00
4.526130908614920401e-01 1.639559926813481283e+00 1.400000000000000000e+01 3.000000000000000000e+01 4.000000000000000000e+00
7.189925650776352040e-01 2.038133297804542998e+00 6.000000000000000000e+00 1.000000000000000000e+01 4.000000000000000000e+00
2.884853513572525063e-01 1.790633262985837471e+00 6.000000000000000000e+00 8.800000000000000000e+01 4.000000000000000000e+00
1.265092377625309794e-01 1.602000708794950601e+00 1.000000000000000000e+01 1.350000000000000000e+02 4.000000000000000000e+00
5.957769736354282530e-01 1.475951843136275310e-01 1.000000000000000000e+01 1.560000000000000000e+02 4.000000000000000000e+00
