-1.330967710083095312e+02
-1.330966056033464611e+02
-1.007312013814595844e+02
-1.330967874720180362e+02
-1.330094773609663150e+02
-1.330966955007693855e+02
-1.330968970873459796e+02
-1.330629142765221218e+02
-1.330966467825245445e+02
-1.330964002047010979e+02
-1.060601698457552402e+02
-1.028417188880307691e+02
-1.329846936923637486e+02
-1.330950325485820258e+02
-1.285241584124761687e+02
-1.248532065831407891e+02
-1.120965361604711035e+02
-1.290941920066258319e+02
-1.223903255704024815e+02
-1.330957621807275473e+02
-1.295449936418011987e+02
-1.330815009085372083e+02
-1.330957658040960609e+02
-1.200301586857708429e+02
-1.149662288320462409e+02
-1.190388054423526825e+02
-1.237516368881484539e+02
-1.257431606197461491e+02
-9.020644429695970246e+01
-1.330967580066036362e+02
-1.282892404495116523e+02
-1.075074216170365418e+02
-1.330968588751025266e+02
-1.292673703014264959e+02
-1.286808859176041437e+02
-1.330897183263535055e+02
-1.180870008395492192e+02
-1.190183895047991740e+02
-1.330967361192822693e+02
-1.329286078167179426e+02
-1.312807855020205920e+02
-9.128459212491402752e+01
-1.330960007433016585e+02
-1.190095928821255171e+02
-1.127733218267195099e+02
-1.067500402038969582e+02
-1.106700700014291385e+02
-9.160202061214334890e+01
-1.330968487127023820e+02
-9.263776026642838701e+01
-1.276678063694728991e+02
-8.900138141282187121e+01
-1.278400837342751117e+02
-1.093360732995652000e+02
-1.278399590283978853e+02
-1.256602108656558698e+02
-1.278140589557548452e+02
-1.278398962342323131e+02
-9.063845157136047703e+01
-9.921281781152362100e+01
-1.200067806582183749e+02
-1.201071737713183012e+02
-8.815268759811513632e+01
-1.278330993809085641e+02
-1.192884149763429207e+02
-1.278280574646470313e+02
-1.278395910315957451e+02
-9.540024023220173888e+01
-1.071976339601031043e+02
-9.080846096885194640e+01
-1.278397562289344904e+02
-1.274425068581211491e+02
-9.660850684703864033e+01
-9.529526009709039158e+01
-1.271903070777334648e+02
-1.278400051103095763e+02
-8.801012675545831598e+01
-9.115648423065066197e+01
-1.111762449343325301e+02
-1.278400188860763933e+02
-1.276344629131085355e+02
-1.276325097367951145e+02
-1.128714595353606143e+02
-1.208782909245607016e+02
-8.839193684006203000e+01
-1.278325189610390851e+02
-1.277533293672249926e+02
-1.066428855611634816e+02
-1.278323548924790884e+02
-1.049600099022910342e+02
-1.198347312221827821e+02
-1.013028397154638611e+02
-1.278368035468995458e+02
-8.926559581818582956e+01
-1.230283492066095477e+02
-1.276163740530970898e+02
-1.277349416170078200e+02
-1.278337498104678502e+02
-1.217457096192258632e+02
-1.276812562107270850e+02
-1.195537664428152169e+02
-9.944714135591593163e+01
-8.638994554348163035e+01
-1.066023408811747117e+02
-1.235558557334348393e+02
-1.076417536713649099e+02
-1.150211877845851660e+02
-1.235615240842827092e+02
-1.235502585909099054e+02
-9.990482595270590593e+01
-1.204355992872878574e+02
-9.927118043465242181e+01
-1.192264090393783817e+02
-9.874458217573335617e+01
-9.348783236670507790e+01
-8.908960090053651015e+01
-1.176884389571071381e+02
-1.235613167726738766e+02
-1.220223840416835515e+02
-1.235612417688708717e+02
-1.224229182219885814e+02
-1.235609682791790647e+02
-9.113206664975940896e+01
-1.179542608529837082e+02
-1.232025224846622962e+02
-1.235614873269840217e+02
-1.017529908644804237e+02
-1.235615523597534064e+02
-1.024204647975460887e+02
-1.235614437868885602e+02
-1.049607098142010102e+02
-1.111605649782035243e+02
-1.212675979820875654e+02
-1.235615132683331581e+02
-1.091544473951415739e+02
-1.235523744236297148e+02
-1.235610761979776981e+02
-1.154507504693968087e+02
-8.790035666317098162e+01
-1.235435850798087642e+02
-8.731375762051968081e+01
-1.235609134677066407e+02
-1.138704971185474619e+02
-9.087195699607616461e+01
-9.111624765166313011e+01
-1.207035178889830860e+02
-1.235187350529417358e+02
-1.235614899733492109e+02
-1.235587533204015216e+02
-8.662165664124970021e+01
-1.122331133839267636e+02
-1.208819056849890643e+02
-8.546456880756652197e+01
-1.217999694785571307e+02
-1.202383812854298526e+02
-9.384436229455587863e+01
-1.239422677683955669e+02
-1.235168470693937479e+02
-9.295903126849307796e+01
-1.151322504926095149e+02
-1.239374467807429454e+02
-8.874945099706478402e+01
-9.600555690584218382e+01
-9.743213776845459506e+01
-8.783262023430151544e+01
-1.107146025166074992e+02
-1.117555219821951198e+02
-1.239396290325719434e+02
-1.080772077403105271e+02
-1.101344526092174192e+02
-1.226195046308075973e+02
-8.677770616178699470e+01
-8.496535113682590179e+01
-1.226022290593612922e+02
-1.239171891563837704e+02
-1.154958898623341383e+02
-1.239256495314481157e+02
-9.417268579777173443e+01
-1.236326266585343632e+02
-1.157933906552907075e+02
-9.662449021482528622e+01
-1.239421760519626048e+02
-1.023026558513633404e+02
-1.239423998281574910e+02
-1.096120593214163961e+02
-9.092715737361933748e+01
-1.239002262522023443e+02
-1.239422978511834259e+02
-1.239406485479430273e+02
-1.239424788437379306e+02
-1.239422126359144016e+02
-1.239268279546383837e+02
-9.921394660278362210e+01
-1.149292758030832573e+02
-1.239138779997435620e+02
-1.239421365481974107e+02
-1.239422052434332642e+02
-1.159945282835919755e+02
-1.076882970722478348e+02
-1.232832381611903401e+02
-1.251435244619039793e+02
-1.251434624678601892e+02
-1.251429525489386378e+02
-1.250459485007641973e+02
-1.251435116089639763e+02
-8.747127252873109171e+01
-1.250946794721964750e+02
-1.225248590766745451e+02
-9.636407648487819699e+01
-1.251434087802776531e+02
-9.362333561804079807e+01
-8.752159999566040938e+01
-8.808667050134263832e+01
-1.251432999334292333e+02
-1.137932268067116013e+02
-9.449856038634693789e+01
-1.208061204863630564e+02
-1.000925275682683235e+02
-9.089797367847313581e+01
-1.251422732766512382e+02
-1.241332810287329522e+02
-1.194403268914037426e+02
-1.251339822323247688e+02
-1.251434374489256669e+02
-9.558297240310479026e+01
-1.091673655844310531e+02
-1.171277149714642150e+02
-9.738645974906563652e+01
-1.251418182667940471e+02
-1.056518017115062378e+02
-1.251432205157166493e+02
-1.243985531241423388e+02
-1.142386401005648366e+02
-8.721114037716836265e+01
-1.251433841932697959e+02
-1.212853291166795344e+02
-9.486139507203111521e+01
-1.251433760191855953e+02
-1.250090173245618672e+02
-1.218436700177510943e+02
-1.249901245373785486e+02
-1.251431489184726047e+02
-1.153192107833828288e+02
-1.251437085996053042e+02
-1.003174377566646456e+02
-1.251421799199824392e+02
-1.251433802940291571e+02
-1.251432719533936364e+02
-1.251428511411307056e+02
-9.047087885173809241e+01
