9.201287140996046165e-01 1.951422832216218595e+00 1.400000000000000000e+01 1.360000000000000000e+02 0.000000000000000000e+00
5.398712701597275787e-01 1.692264837709275549e-01 7.000000000000000000e+00 5.400000000000000000e+01 0.000000000000000000e+00
3.709160964687477913e-01 1.540499624757561969e+00 1.300000000000000000e+01 1.820000000000000000e+02 0.000000000000000000e+00
6.431400913245468587e-01 8.194547820618712786e-01 1.000000000000000000e+00 1.200000000000000000e+02 0.000000000000000000e+00
8.718986925731676552e-01 1.266338542932617939e+00 1.000000000000000000e+00 1.540000000000000000e+02 0.000000000000000000e+00
3.071993032184570094e-01 1.904286494358107040e+00 2.000000000000000000e+00 1.420000000000000000e+02 0.000000000000000000e+00
3.783702799194040844e-01 3.830104874020764383e-01 5.000000000000000000e+00 9.000000000000000000e+01 0.000000000000000000e+00
7.968460683557090363e-01 1.432701893942854188e+00 3.000000000000000000e+00 1.520000000000000000e+02 0.000000000000000000e+00
9.663332106599818727e-02 6.465502816150393572e-01 1.000000000000000000e+01 6.300000000000000000e+01 0.000000000000000000e+00
4.288519647081874275e-01 9.225654342621215642e-01 1.700000000000000000e+01 8.400000000000000000e+01 0.000000000000000000e+00
9.081361362623040223e-02 1.542996631479758740e+00 1.400000000000000000e+01 1.300000000000000000e+01 0.000000000000000000e+00
8.339534430836619272e-01 1.008423202631746785e+00 2.000000000000000000e+00 8.000000000000000000e+00 0.000000000000000000e+00
2.489169890769555860e-01 1.687811847385372266e+00 1.300000000000000000e+01 1.950000000000000000e+02 0.000000000000000000e+00
4.213514169896471762e-01 1.837887656910559331e+00 8.000000000000000000e+00 1.100000000000000000e+01 0.000000000000000000e+00
2.735672536913580366e-01 7.584054600273500979e-01 5.000000000000000000e+00 5.800000000000000000e+01 0.000000000000000000e+00
5.416034700384907835e-02 2.226615637011416793e-01 1.800000000000000000e+01 2.300000000000000000e+01 0.000000000000000000e+00
9.003928514510571857e-01 8.266365977610460325e-01 1.500000000000000000e+01 3.800000000000000000e+01 0.000000000000000000e+00
9.196475359091003943e-02 1.873231474400917751e+00 1.500000000000000000e+01 3.900000000000000000e+01 0.000000000000000000e+00
6.364430559506941698e-01 2.057324873748718641e+00 1.100000000000000000e+01 7.400000000000000000e+01 0.000000000000000000e+00
1.915756889109222483e-01 1.555670710878334972e+00 1.800000000000000000e+01 2.800000000000000000e+01 0.000000000000000000e+00
9.000794333015270376e-02 1.348612047699945915e+00 1.500000000000000000e+01 1.700000000000000000e+01 0.000000000000000000e+00
8.815563502780319194e-01 1.437098175788801557e-01 1.700000000000000000e+01 2.700000000000000000e+01 0.000000000000000000e+00
2.651782722013363847e-01 1.134219698960272416e+00 2.000000000000000000e+00 5.900000000000000000e+01 0.000000000000000000e+00
9.092530090194296255e-01 6.449984385784152119e-01 4.000000000000000000e+00 5.800000000000000000e+01 0.000000000000000000e+00
7.912611200346213458e-01 2.702216439420418448e-01 3.000000000000000000e+00 1.700000000000000000e+02 0.000000000000000000e+00
8.341650092960127827e-01 8.429360050705551055e-01 1.400000000000000000e+01 1.890000000000000000e+02 0.000000000000000000e+00
8.874905652696563063e-01 1.939396144080575590e+00 1.500000000000000000e+01 1.000000000000000000e+01 0.000000000000000000e+00
2.112233671391152701e-01 1.024750697408728595e+00 3.000000000000000000e+00 7.500000000000000000e+01 0.000000000000000000e+00
6.433331792502493540e-01 9.622658424445745817e-01 1.400000000000000000e+01 1.810000000000000000e+02 0.000000000000000000e+00
8.451316895261651307e-01 1.615182915742407577e+00 7.000000000000000000e+00 6.000000000000000000e+01 0.000000000000000000e+00
7.788629061588142610e-01 6.448999984516895490e-01 1.200000000000000000e+01 1.950000000000000000e+02 0.000000000000000000e+00
4.456165014472376340e-01 1.040383422628078647e-01 4.000000000000000000e+00 1.840000000000000000e+02 0.000000000000000000e+00
4.291519819465338115e-01 1.131766145653320566e+00 1.800000000000000000e+01 5.000000000000000000e+00 0.000000000000000000e+00
5.021149711860892761e-01 2.048378817509590277e+00 6.000000000000000000e+00 1.100000000000000000e+02 0.000000000000000000e+00
5.615458857819692895e-01 5.749752748549482595e-01 1.300000000000000000e+01 1.320000000000000000e+02 0.000000000000000000e+00
3.246938735316601266e-01 1.975859718155716704e+00 1.000000000000000000e+00 1.130000000000000000e+02 0.000000000000000000e+00
9.474261190420892875e-01 2.091312885187336157e+00 9.000000000000000000e+00 1.760000000000000000e+02 0.000000000000000000e+00
4.169170784709557154e-01 1.777978501380657939e+00 6.000000000000000000e+00 1.090000000000000000e+02 0.000000000000000000e+00
6.836898410974455442e-02 1.054723459775147587e+00 4.000000000000000000e+00 3.500000000000000000e+01 0.000000000000000000e+00
7.524096979522272299e-01 1.690775935641089411e+00 1.000000000000000000e+01 7.800000000000000000e+01 0.000000000000000000e+00
9.117464551889633562e-01 1.577007818000630612e+00 1.600000000000000000e+01 6.100000000000000000e+01 0.000000000000000000e+00
9.393137914685871781e-01 5.404538241181889857e-01 1.000000000000000000e+01 6.000000000000000000e+01 0.000000000000000000e+00
3.505690119009661210e-01 1.466056809477735978e+00 1.200000000000000000e+01 3.500000000000000000e+01 0.000000000000000000e+00
9.113356212804822609e-02 1.720215175830263343e-01 7.000000000000000000e+00 1.000000000000000000e+00 0.000000000000000000e+00
4.863318886359707660e-01 8.045194869493813572e-01 1.200000000000000000e+01 1.650000000000000000e+02 0.000000000000000000e+00
8.491070296934623007e-01 8.552580381414259802e-01 1.700000000000000000e+01 3.200000000000000000e+01 0.000000000000000000e+00
5.877703561138837296e-01 9.823710238520594329e-01 1.300000000000000000e+01 3.000000000000000000e+01 0.000000000000000000e+00
6.017578333147529657e-01 1.709289377627326356e+00 1.300000000000000000e+01 2.600000000000000000e+01 0.000000000000000000e+00
8.431652875481611131e-01 1.417738056780126987e+00 1.800000000000000000e+01 9.300000000000000000e+01 0.000000000000000000e+00
8.343684421530105366e-01 4.162810479615145498e-01 2.000000000000000000e+01 1.610000000000000000e+02 0.000000000000000000e+00
9.740849595160191443e-01 2.015691751217078276e-01 1.300000000000000000e+01 4.600000000000000000e+01 1.000000000000000000e+00
3.471454169910695997e-01 1.134515092883103593e+00 1.400000000000000000e+01 1.220000000000000000e+02 1.000000000000000000e+00
5.106826048317166800e-01 1.983373946543403044e+00 1.600000000000000000e+01 1.000000000000000000e+00 1.000000000000000000e+00
8.744500921838888052e-01 1.304621787630770191e+00 1.600000000000000000e+01 1.420000000000000000e+02 1.000000000000000000e+00
3.854308531935078941e-01 7.203340251238202763e-01 2.000000000000000000e+00 1.500000000000000000e+01 1.000000000000000000e+00
4.610619125313908384e-01 9.420161870469633270e-01 4.000000000000000000e+00 1.950000000000000000e+02 1.000000000000000000e+00
1.089301430997568904e-01 1.935923632990688814e+00 1.400000000000000000e+01 1.700000000000000000e+02 1.000000000000000000e+00
4.482933982732443257e-01 5.873544773380426909e-01 1.000000000000000000e+01 7.600000000000000000e+01 1.000000000000000000e+00
9.265162002941774722e-01 1.129357715675078033e+00 1.600000000000000000e+01 1.160000000000000000e+02 1.000000000000000000e+00
7.820332540898394802e-01 6.718048595876656703e-01 1.700000000000000000e+01 1.100000000000000000e+02 1.000000000000000000e+00
9.145689225555052593e-01 1.191473243980441188e+00 1.700000000000000000e+01 1.010000000000000000e+02 1.000000000000000000e+00
5.561459759653568646e-01 5.574346553823404937e-01 1.800000000000000000e+01 4.900000000000000000e+01 1.000000000000000000e+00
3.082235127308445843e-01 1.117513491267992931e+00 1.800000000000000000e+01 1.810000000000000000e+02 1.000000000000000000e+00
7.613884049803675280e-01 1.939436306392782416e+00 8.000000000000000000e+00 1.860000000000000000e+02 1.000000000000000000e+00
6.787148925452707315e-01 1.788240527599547436e+00 1.000000000000000000e+01 4.100000000000000000e+01 1.000000000000000000e+00
6.074992600555403355e-01 9.835402389853585836e-01 1.500000000000000000e+01 8.200000000000000000e+01 1.000000000000000000e+00
1.218165588236728020e-01 1.149022991542762551e+00 1.600000000000000000e+01 1.700000000000000000e+01 1.000000000000000000e+00
1.036213210275161861e-01 1.706790348904476451e+00 1.700000000000000000e+01 1.690000000000000000e+02 1.000000000000000000e+00
4.764438538922020072e-01 2.055685070925729718e+00 1.700000000000000000e+01 7.300000000000000000e+01 1.000000000000000000e+00
9.028620975998065123e-01 3.659535015271909719e-01 1.500000000000000000e+01 4.900000000000000000e+01 1.000000000000000000e+00
5.149255766326221728e-01 7.155402316453237654e-01 7.000000000000000000e+00 1.180000000000000000e+02 1.000000000000000000e+00
1.003368625001860304e+00 3.629436737889423226e-01 2.000000000000000000e+01 1.960000000000000000e+02 1.000000000000000000e+00
3.359010085436521242e-01 8.129358591208853957e-01 1.400000000000000000e+01 7.200000000000000000e+01 1.000000000000000000e+00
9.441461115604011800e-01 7.613968940527789941e-01 1.100000000000000000e+01 1.750000000000000000e+02 1.000000000000000000e+00
5.899120250070151172e-01 1.332210054938369526e+00 1.700000000000000000e+01 1.890000000000000000e+02 1.000000000000000000e+00
9.525972433802391004e-01 1.370667906125086155e+00 1.800000000000000000e+01 7.100000000000000000e+01 1.000000000000000000e+00
7.809230948578933518e-01 2.030374545498411509e-01 1.300000000000000000e+01 1.000000000000000000e+02 1.000000000000000000e+00
1.990365749342198898e-01 1.192842136991446145e+00 1.400000000000000000e+01 1.600000000000000000e+01 1.000000000000000000e+00
8.468041389349277859e-01 1.914057878263716594e-01 1.200000000000000000e+01 3.400000000000000000e+01 1.000000000000000000e+00
4.626876046219670080e-01 4.372551238189604783e-01 1.000000000000000000e+00 5.800000000000000000e+01 1.000000000000000000e+00
8.469186537223049038e-01 1.103346151097139627e+00 6.000000000000000000e+00 1.360000000000000000e+02 1.000000000000000000e+00
2.137598849372489562e-01 6.020568131390343636e-01 6.000000000000000000e+00 8.700000000000000000e+01 1.000000000000000000e+00
2.398690892008893405e-01 5.238840903809877103e-01 2.000000000000000000e+00 1.420000000000000000e+02 1.000000000000000000e+00
7.696529342167858223e-01 7.836142770494060050e-01 1.500000000000000000e+01 6.500000000000000000e+01 1.000000000000000000e+00
7.558426198156208420e-01 8.474530037201463140e-01 9.000000000000000000e+00 8.000000000000000000e+01 1.000000000000000000e+00
8.236361710304283823e-02 2.068364979993906339e+00 6.000000000000000000e+00 1.280000000000000000e+02 1.000000000000000000e+00
2.891109532112070557e-01 1.045940570663852709e+00 1.000000000000000000e+00 1.900000000000000000e+02 1.000000000000000000e+00
7.113548220602361472e-01 5.788156539512810950e-01 7.000000000000000000e+00 1.920000000000000000e+02 1.000000000000000000e+00
5.367380391133443895e-01 1.089183681270879056e+00 1.400000000000000000e+01 1.380000000000000000e+02 1.000000000000000000e+00
3.104940681622098131e-01 7.851792135729086519e-01 1.000000000000000000e+00 4.600000000000000000e+01 1.000000000000000000e+00
9.042572500072925124e-01 1.503693364860843040e+00 4.000000000000000000e+00 1.810000000000000000e+02 1.000000000000000000e+00
9.572353904292484339e-01 1.199162327171938047e+00 1.900000000000000000e+01 1.300000000000000000e+02 1.000000000000000000e+00
5.346119469945670444e-01 4.702178675398748231e-01 9.000000000000000000e+00 7.900000000000000000e+01 1.000000000000000000e+00
8.801063383762598447e-01 1.536095362911541751e-01 1.500000000000000000e+01 2.200000000000000000e+01 1.000000000000000000e+00
7.893269513208797106e-01 1.823412466645077112e-01 6.000000000000000000e+00 1.060000000000000000e+02 1.000000000000000000e+00
5.792391554128196729e-01 3.920105963153807105e-01 1.600000000000000000e+01 1.010000000000000000e+02 1.000000000000000000e+00
5.176672828967509438e-02 1.884900356665900834e+00 1.200000000000000000e+01 8.600000000000000000e+01 1.000000000000000000e+00
6.074704735205771478e-01 1.083189000405448743e+00 2.000000000000000000e+00 4.000000000000000000e+01 1.000000000000000000e+00
7.025687416761168258e-01 1.071823395149866132e+00 2.000000000000000000e+00 1.210000000000000000e+02 1.000000000000000000e+00
5.576492416199086977e-01 2.902238635443633585e-01 3.000000000000000000e+00 8.500000000000000000e+01 1.000000000000000000e+00
8.066394181267980690e-01 1.316591982158676233e+00 1.800000000000000000e+01 8.000000000000000000e+00 2.000000000000000000e+00
6.543517487509317165e-01 4.675143659786932249e-01 4.000000000000000000e+00 1.810000000000000000e+02 2.000000000000000000e+00
7.073226135399761638e-01 2.120251543730159727e-01 2.000000000000000000e+01 1.390000000000000000e+02 2.000000000000000000e+00
3.665970861394547420e-01 1.680268471919973639e+00 3.000000000000000000e+00 6.800000000000000000e+01 2.000000000000000000e+00
9.245670321315019313e-01 4.356170090596974687e-01 1.800000000000000000e+01 1.000000000000000000e+00 2.000000000000000000e+00
8.303621432140648739e-01 1.812623715246337808e+00 1.600000000000000000e+01 3.600000000000000000e+01 2.000000000000000000e+00
5.733937123335715036e-01 1.562824605749856932e+00 1.700000000000000000e+01 1.490000000000000000e+02 2.000000000000000000e+00
4.874250937866311251e-01 1.290908383020912709e+00 1.200000000000000000e+01 1.920000000000000000e+02 2.000000000000000000e+00
3.382075006713809451e-01 1.822277355291366918e+00 4.000000000000000000e+00 8.000000000000000000e+01 2.000000000000000000e+00
2.570693408496208532e-01 2.039780545822453384e+00 7.000000000000000000e+00 9.900000000000000000e+01 2.000000000000000000e+00
2.923896696081240698e-01 2.072102908601814342e+00 9.000000000000000000e+00 1.000000000000000000e+00 2.000000000000000000e+00
4.261240473593339573e-01 1.930297730851632476e+00 1.000000000000000000e+01 1.400000000000000000e+02 2.000000000000000000e+00
2.537175078204576550e-01 1.262256357191267275e+00 1.100000000000000000e+01 9.700000000000000000e+01 2.000000000000000000e+00
1.844827639101431077e-02 4.461398734988714088e-01 5.000000000000000000e+00 3.000000000000000000e+01 2.000000000000000000e+00
8.567717988538957330e-02 5.453192294732728262e-01 4.000000000000000000e+00 2.400000000000000000e+01 2.000000000000000000e+00
6.019005655701409330e-01 1.562490793457931293e+00 1.000000000000000000e+01 1.600000000000000000e+01 2.000000000000000000e+00
6.846660305937476432e-01 3.057329086689634101e-01 1.400000000000000000e+01 4.600000000000000000e+01 2.000000000000000000e+00
6.950375861302079405e-01 3.646271633305254722e-01 2.000000000000000000e+00 1.700000000000000000e+01 2.000000000000000000e+00
4.825811307310678977e-01 7.970315868952432270e-01 9.000000000000000000e+00 1.660000000000000000e+02 2.000000000000000000e+00
6.625739676875639361e-01 1.621655177465989084e+00 8.000000000000000000e+00 1.440000000000000000e+02 2.000000000000000000e+00
3.829028141722053968e-01 6.540649076495829162e-01 1.100000000000000000e+01 1.560000000000000000e+02 2.000000000000000000e+00
2.178355175221030615e-01 2.825283511425510374e-01 1.900000000000000000e+01 8.100000000000000000e+01 2.000000000000000000e+00
7.277173874588229729e-01 1.716024982155351708e+00 1.200000000000000000e+01 1.380000000000000000e+02 2.000000000000000000e+00
8.566095267724362916e-01 7.041270597723926494e-01 1.200000000000000000e+01 7.000000000000000000e+00 2.000000000000000000e+00
2.059275364523661667e-01 1.216989689085535842e+00 1.400000000000000000e+01 1.060000000000000000e+02 2.000000000000000000e+00
1.092142585428886731e-01 1.103454402847080296e+00 4.000000000000000000e+00 1.770000000000000000e+02 2.000000000000000000e+00
5.479633481290271391e-01 9.698689659394063023e-01 1.100000000000000000e+01 3.100000000000000000e+01 2.000000000000000000e+00
5.058053145575108767e-01 1.440319870840206795e-01 1.200000000000000000e+01 7.600000000000000000e+01 2.000000000000000000e+00
9.152315430052138101e-01 6.134254932131967264e-01 1.000000000000000000e+01 1.920000000000000000e+02 2.000000000000000000e+00
8.270637519761275813e-01 1.842037931315300137e+00 1.300000000000000000e+01 1.020000000000000000e+02 2.000000000000000000e+00
1.901788025387037839e-01 1.476547975589885819e+00 1.900000000000000000e+01 1.840000000000000000e+02 2.000000000000000000e+00
5.034291020449848109e-01 1.654660830167887786e+00 1.900000000000000000e+01 2.000000000000000000e+01 2.000000000000000000e+00
6.694077197063995621e-01 1.496451817097522952e+00 2.000000000000000000e+01 7.400000000000000000e+01 2.000000000000000000e+00
3.101647298278733533e-01 1.546712096482722176e-01 6.000000000000000000e+00 3.700000000000000000e+01 2.000000000000000000e+00
9.295422771631083325e-01 1.716997906868471091e+00 1.600000000000000000e+01 1.740000000000000000e+02 2.000000000000000000e+00
2.517366822726782027e-01 1.263265150471318377e+00 2.000000000000000000e+00 9.400000000000000000e+01 2.000000000000000000e+00
2.761074534409841963e-01 1.863935480306980530e+00 1.400000000000000000e+01 1.330000000000000000e+02 2.000000000000000000e+00
4.294892530788729790e-01 1.812675093345933908e+00 5.000000000000000000e+00 1.350000000000000000e+02 2.000000000000000000e+00
6.239653329135904647e-01 1.352138661800456276e+00 1.900000000000000000e+01 6.100000000000000000e+01 2.000000000000000000e+00
7.988583979091921083e-01 1.496773364394313521e+00 1.600000000000000000e+01 1.480000000000000000e+02 2.000000000000000000e+00
2.336106566861024803e-01 1.504045721671978919e+00 1.200000000000000000e+01 3.700000000000000000e+01 2.000000000000000000e+00
3.678354537561167037e-01 9.410905128212635473e-01 1.100000000000000000e+01 9.500000000000000000e+01 2.000000000000000000e+00
6.627455177935444031e-01 1.424052916054364459e+00 5.000000000000000000e+00 1.940000000000000000e+02 2.000000000000000000e+00
9.671275573349862320e-01 1.580953103214688182e+00 8.000000000000000000e+00 2.100000000000000000e+01 2.000000000000000000e+00
7.964242461279582574e-01 1.441550764221670722e+00 1.000000000000000000e+00 1.510000000000000000e+02 2.000000000000000000e+00
9.075116982907399654e-01 1.743970717731451847e+00 1.400000000000000000e+01 1.440000000000000000e+02 2.000000000000000000e+00
3.181486940483279485e-02 6.380375061059807562e-01 1.000000000000000000e+00 5.000000000000000000e+00 2.000000000000000000e+00
4.829984942331403408e-01 1.492560503784060355e+00 3.000000000000000000e+00 1.540000000000000000e+02 2.000000000000000000e+00
6.887406408383021095e-01 2.420732026231115219e-01 1.600000000000000000e+01 6.500000000000000000e+01 2.000000000000000000e+00
1.004110398391482084e+00 7.322508352859057323e-01 1.900000000000000000e+01 1.770000000000000000e+02 2.000000000000000000e+00
7.328939191782029017e-01 1.770538961182742010e+00 2.000000000000000000e+01 1.730000000000000000e+02 3.000000000000000000e+00
4.589277398592672697e-01 1.815049027680692983e+00 2.000000000000000000e+00 1.000000000000000000e+01 3.000000000000000000e+00
2.460242597344196591e-01 3.292418801448019350e-01 1.100000000000000000e+01 1.640000000000000000e+02 3.000000000000000000e+00
7.197704767329685671e-01 2.047955714537414151e-01 1.500000000000000000e+01 1.130000000000000000e+02 3.000000000000000000e+00
7.526497758949863837e-01 1.315603774332259723e+00 1.400000000000000000e+01 3.200000000000000000e+01 3.000000000000000000e+00
5.018272149442785102e-01 6.277237792773729952e-01 3.000000000000000000e+00 1.850000000000000000e+02 3.000000000000000000e+00
6.946046113898545205e-01 1.778335076725297448e+00 9.000000000000000000e+00 4.000000000000000000e+01 3.000000000000000000e+00
1.534773696355294925e-01 3.546614400613955498e-01 1.700000000000000000e+01 8.600000000000000000e+01 3.000000000000000000e+00
8.256806946995141894e-02 1.611187242617141635e+00 1.400000000000000000e+01 9.500000000000000000e+01 3.000000000000000000e+00
7.074072845198130510e-01 1.445817663848297574e+00 4.000000000000000000e+00 8.200000000000000000e+01 3.000000000000000000e+00
9.239418932380933924e-01 1.965469893636776932e+00 1.300000000000000000e+01 9.400000000000000000e+01 3.000000000000000000e+00
6.133323173336014955e-01 3.157562055261448064e-01 8.000000000000000000e+00 1.350000000000000000e+02 3.000000000000000000e+00
7.493826385035767812e-01 5.404202797095042365e-01 1.200000000000000000e+01 6.900000000000000000e+01 3.000000000000000000e+00
5.141461368167900003e-01 1.768217596005813741e+00 3.000000000000000000e+00 1.010000000000000000e+02 3.000000000000000000e+00
4.150918607474081146e-01 1.900014348785244334e+00 1.100000000000000000e+01 1.820000000000000000e+02 3.000000000000000000e+00
3.588217128644110437e-02 8.298091008059972351e-01 4.000000000000000000e+00 1.110000000000000000e+02 3.000000000000000000e+00
9.629959338571912886e-01 9.454355553164516257e-01 5.000000000000000000e+00 1.240000000000000000e+02 3.000000000000000000e+00
5.778822920393464901e-01 1.542959914862503501e+00 1.000000000000000000e+01 7.800000000000000000e+01 3.000000000000000000e+00
3.048775096442393195e-01 7.636497424167020265e-01 1.700000000000000000e+01 1.290000000000000000e+02 3.000000000000000000e+00
1.677823488289450493e-01 1.063790212425904214e+00 1.200000000000000000e+01 6.100000000000000000e+01 3.000000000000000000e+00
1.006931547251398301e-01 5.711554558111801017e-01 1.000000000000000000e+01 9.600000000000000000e+01 3.000000000000000000e+00
5.132914609867783584e-01 1.256172803543094130e+00 4.000000000000000000e+00 1.560000000000000000e+02 3.000000000000000000e+00
6.640970920569729818e-01 1.102480659541923702e-01 1.100000000000000000e+01 1.560000000000000000e+02 3.000000000000000000e+00
3.015555842479963333e-01 1.365827705463625197e+00 1.000000000000000000e+01 1.040000000000000000e+02 3.000000000000000000e+00
9.515811326503268441e-01 2.693028034902745782e-01 1.800000000000000000e+01 1.810000000000000000e+02 3.000000000000000000e+00
3.549296705397292362e-01 1.260128495557733208e+00 1.700000000000000000e+01 3.800000000000000000e+01 3.000000000000000000e+00
1.004328141524165385e+00 1.995183674237311244e+00 1.000000000000000000e+01 5.600000000000000000e+01 3.000000000000000000e+00
2.709146895849880998e-01 1.212506758489448222e+00 7.000000000000000000e+00 1.000000000000000000e+01 3.000000000000000000e+00
7.039391006472156542e-01 1.591255575420326585e+00 1.000000000000000000e+00 9.100000000000000000e+01 3.000000000000000000e+00
9.805640516780471660e-01 4.426746922293248732e-01 1.100000000000000000e+01 8.600000000000000000e+01 3.000000000000000000e+00
5.498305376656250631e-01 5.979415386705447810e-01 1.700000000000000000e+01 2.300000000000000000e+01 3.000000000000000000e+00
2.734633889782986937e-01 6.621727635919628652e-01 9.000000000000000000e+00 2.000000000000000000e+01 3.000000000000000000e+00
8.223437726680843385e-01 1.732698842916605919e+00 1.100000000000000000e+01 8.200000000000000000e+01 3.000000000000000000e+00
1.724641444302482673e-01 1.446879545583681370e+00 1.600000000000000000e+01 1.400000000000000000e+01 3.000000000000000000e+00
6.575924299544184670e-01 1.899382025662601503e+00 2.000000000000000000e+01 6.100000000000000000e+01 3.000000000000000000e+00
3.203639147841153001e-01 1.251814432558006507e+00 8.000000000000000000e+00 5.000000000000000000e+00 3.000000000000000000e+00
2.317344284704409008e-01 1.661366794368678956e+00 2.000000000000000000e+01 1.290000000000000000e+02 3.000000000000000000e+00
4.874209437938096245e-01 1.051696290572686321e+00 1.500000000000000000e+01 9.400000000000000000e+01 3.000000000000000000e+00
8.997972422272043636e-01 1.182489892574060342e+00 1.200000000000000000e+01 7.500000000000000000e+01 3.000000000000000000e+00
6.702146347582659258e-01 9.705494194917231310e-01 7.000000000000000000e+00 4.500000000000000000e+01 3.000000000000000000e+00
9.240192076139714938e-01 1.776691568780506492e+00 1.000000000000000000e+00 2.800000000000000000e+01 3.000000000000000000e+00
8.876505648232374535e-01 4.417262459805887387e-01 4.000000000000000000e+00 1.960000000000000000e+02 3.000000000000000000e+00
4.946903044139412398e-01 1.222854807100586028e+00 3.000000000000000000e+00 4.500000000000000000e+01 3.000000000000000000e+00
8.384510819816691773e-01 1.965118287398939012e+00 1.700000000000000000e+01 7.600000000000000000e+01 3.000000000000000000e+00
8.826864695606617683e-01 2.526017412987978661e-01 2.000000000000000000e+00 2.700000000000000000e+01 3.000000000000000000e+00
1.730838949629176504e-01 2.785870849168782248e-01 6.000000000000000000e+00 1.590000000000000000e+02 3.000000000000000000e+00
2.377662510920307559e-01 1.247383578524080772e+00 1.100000000000000000e+01 1.530000000000000000e+02 3.000000000000000000e+00
3.905916747917941301e-01 9.223280526519413991e-01 6.000000000000000000e+00 1.660000000000000000e+02 3.000000000000000000e+00
6.024965546023178797e-01 1.927282108655060666e+00 1.000000000000000000e+00 1.080000000000000000e+02 3.000000000000000000e+00
6.489739451019186367e-01 2.086405062337087557e+00 6.000000000000000000e+00 3.200000000000000000e+01 3.000000000000000000e+00
5.916399942122694267e-01 2.039958982592101844e+00 1.200000000000000000e+01 1.670000000000000000e+02 4.000000000000000000e+00
2.750210207318937172e-01 5.215108346963394093e-01 9.000000000000000000e+00 6.200000000000000000e+01 4.000000000000000000e+00
8.873938702227888164e-01 3.768529865505657606e-01 1.400000000000000000e+01 1.920000000000000000e+02 4.000000000000000000e+00
8.641176474484739689e-01 1.049898588565149282e+00 1.200000000000000000e+01 2.500000000000000000e+01 4.000000000000000000e+00
6.884738217354998691e-01 1.202897406775291334e+00 1.000000000000000000e+00 5.400000000000000000e+01 4.000000000000000000e+00
7.217688786167808512e-01 3.194765461640237669e-01 3.000000000000000000e+00 1.020000000000000000e+02 4.000000000000000000e+00
9.722031819471997627e-02 1.788316634508017700e+00 1.100000000000000000e+01 9.400000000000000000e+01 4.000000000000000000e+00
6.126853101632684373e-01 1.982106977676271642e+00 1.600000000000000000e+01 1.830000000000000000e+02 4.000000000000000000e+00
5.974481481633848734e-01 7.776429951879407776e-01 5.000000000000000000e+00 4.600000000000000000e+01 4.000000000000000000e+00
4.336637910095419990e-01 1.110121276361514475e+00 5.000000000000000000e+00 1.000000000000000000e+00 4.000000000000000000e+00
1.173382899584002187e-01 1.992562419172076993e+00 1.300000000000000000e+01 1.390000000000000000e+02 4.000000000000000000e+00
6.982067088993284543e-01 7.027829651330287364e-01 1.900000000000000000e+01 1.440000000000000000e+02 4.000000000000000000e+00
7.148941772814118023e-01 8.870465914408111052e-01 1.300000000000000000e+01 1.400000000000000000e+01 4.000000000000000000e+00
1.441367275605827114e-01 1.654963487097775188e+00 2.000000000000000000e+00 1.240000000000000000e+02 4.000000000000000000e+00
7.540429513351639690e-01 6.130579487025112906e-01 1.600000000000000000e+01 6.800000000000000000e+01 4.000000000000000000e+00
2.020012371389365846e-01 2.170815285465740596e-01 1.000000000000000000e+01 9.100000000000000000e+01 4.000000000000000000e+00
2.785137430568420669e-01 1.054436991682632829e+00 3.000000000000000000e+00 1.590000000000000000e+02 4.000000000000000000e+00
1.520506811679375181e-01 5.897295553720179884e-01 1.300000000000000000e+01 3.200000000000000000e+01 4.000000000000000000e+00
2.562392235964178200e-01 1.929395451726202415e+00 1.000000000000000000e+00 1.300000000000000000e+01 4.000000000000000000e+00
2.302185932594551510e-01 1.467641491894355665e+00 1.400000000000000000e+01 1.450000000000000000e+02 4.000000000000000000e+00
7.617773444558921803e-01 1.125914289142116109e+00 8.000000000000000000e+00 2.800000000000000000e+01 4.000000000000000000e+00
6.237619172582271609e-01 1.016896060349139708e+00 4.000000000000000000e+00 1.590000000000000000e+02 4.000000000000000000e+00
5.666918215701138850e-01 8.134298266501610586e-01 3.000000000000000000e+00 1.130000000000000000e+02 4.000000000000000000e+00
9.599470884963758888e-01 4.653317431649713898e-01 6.000000000000000000e+00 1.750000000000000000e+02 4.000000000000000000e+00
4.300326798318551136e-01 1.216011866323364610e-01 1.600000000000000000e+01 7.400000000000000000e+01 4.000000000000000000e+00
7.415389863238465162e-01 8.263266962094572010e-01 1.000000000000000000e+01 1.010000000000000000e+02 4.000000000000000000e+00
4.028472750452070095e-01 2.302397046114940393e-01 4.000000000000000000e+00 5.400000000000000000e+01 4.000000000000000000e+00
5.519233386574798894e-01 1.166470979024442300e+00 1.000000000000000000e+00 9.800000000000000000e+01 4.000000000000000000e+00
5.402891600263547423e-01 1.562553009904460666e+00 7.000000000000000000e+00 1.220000000000000000e+02 4.000000000000000000e+00
4.618441898604094265e-01 4.889719519981513551e-01 1.500000000000000000e+01 1.870000000000000000e+02 4.000000000000000000e+00
4.323619153349383959e-01 8.614418205257498018e-01 2.000000000000000000e+00 1.370000000000000000e+02 4.000000000000000000e+00
8.694645314504917399e-01 1.398795430715870980e+00 1.400000000000000000e+01 1.740000000000000000e+02 4.000000000000000000e+00
2.419671739553180823e-01 1.319519884372959417e+00 7.000000000000000000e+00 1.310000000000000000e+02 4.000000000000000000e+00
9.422953125379662787e-01 1.957559465292700196e+00 1.400000000000000000e+01 1.000000000000000000e+01 4.000000000000000000e+00
7.885235348209982398e-01 1.862038120840985300e+00 9.000000000000000000e+00 3.800000000000000000e+01 4.000000000000000000e+00
7.524631483107423191e-02 1.343670033839256261e-01 3.000000000000000000e+00 1.700000000000000000e+01 4.000000000000000000e+00
6.825443791985362496e-02 1.284804860641328705e+00 1.200000000000000000e+01 2.000000000000000000e+02 4.000000000000000000e+00
6.173621088583846478e-02 1.854403952471032735e+00 1.800000000000000000e+01 7.100000000000000000e+01 4.000000000000000000e+00
5.805532485241620133e-01 1.206730726186418190e+00 1.600000000000000000e+01 1.980000000000000000e+02 4.000000000000000000e+00
2.287999037234461630e-01 1.163638293089041209e+00 7.000000000000000000e+00 1.200000000000000000e+01 4.000000000000000000e+00
8.990853323648749507e-02 5.284823367287131424e-01 2.000000000000000000e+01 1.370000000000000000e+02 4.000000000000000000e+00
7.824042663415380350e-01 4.994935040772058299e-01 1.100000000000000000e+01 2.000000000000000000e+02 4.000000000000000000e+00
4.968260897550086375e-01 1.707332959981754161e+00 1.100000000000000000e+01 1.400000000000000000e+02 4.000000000000000000e+00
3.345198937855226040e-01 3.123805660243380578e-01 1.500000000000000000e+01 2.700000000000000000e+01 4.000000000000000000e+00
7.322514668252687320e-02 1.736266213176959061e+00 4.000000000000000000e+00 1.100000000000000000e+02 4.000000000000000000e+00
4.119617457866211474e-01 9.503786246542745841e-01 5.000000000000000000e+00 1.690000000000000000e+02 4.000000000000000000e+00
6.165456410287716710e-02 3.120533445288450336e-01 5.000000000000000000e+00 1.100000000000000000e+02 4.000000000000000000e+00
4.059280843607365741e-01 1.501250189862993079e+00 1.500000000000000000e+01 1.910000000000000000e+02 4.000000000000000000e+00
2.161060805356950637e-02 1.317468201710278342e+00 2.000000000000000000e+01 1.290000000000000000e+02 4.000000000000000000e+00
8.347663122490333043e-01 1.315486404484808247e+00 1.900000000000000000e+01 2.200000000000000000e+01 4.000000000000000000e+00
