-1.315226785158686766e+02
-1.262533833750149768e+02
-1.218165944811653674e+02
-1.222936784445606975e+02
-1.235697269943106988e+02
-1.330961811589788226e+02
-1.278396020578992136e+02
-1.235612634138829122e+02
-1.239419576324278154e+02
-1.251427732868722416e+02
-1.330961827814192873e+02
-1.278397601261718393e+02
-1.235613958755184711e+02
-1.239421379888192405e+02
-1.251435481440484665e+02
-1.330674820850374829e+02
-1.278181309414567721e+02
-1.235378475557642446e+02
-1.239175968544126363e+02
-1.251211162454003727e+02
-1.330967877140963083e+02
-1.278399339131034367e+02
-1.235616400648195139e+02
-1.239422491602911265e+02
-1.251435189996027049e+02
-1.330951988620994939e+02
-1.278386999356627314e+02
-1.235606029781671111e+02
-1.239414070340867653e+02
-1.251418194653100500e+02
-1.320802153748048227e+02
-1.269490772027748022e+02
-1.224443502036530447e+02
-1.229188314307799459e+02
-1.241330057806873981e+02
-1.330970356097797094e+02
-1.278400199240944346e+02
-1.235610601016073957e+02
-1.239419556659337047e+02
-1.251428013311526684e+02
-1.197008073221243336e+02
-1.157700172214939869e+02
-1.122070092164860995e+02
-1.128298012656420894e+02
-1.143842171095741662e+02
-1.329993362155682632e+02
-1.277254359554577263e+02
-1.233369682976576627e+02
-1.236921268319197651e+02
-1.249533149931748568e+02
-9.132711857443976555e+01
-8.910231829933749736e+01
-8.798359264717009864e+01
-8.736742884568801060e+01
-8.854754145616389849e+01
-1.036650352532877406e+02
-1.024457994302285613e+02
-9.984520215762043449e+01
-9.959692504489379417e+01
-1.010652965062748478e+02
-1.206026537829054632e+02
-1.167480046979715951e+02
-1.130317742323673826e+02
-1.134711672881819453e+02
-1.151821895123332524e+02
-1.323815906915605751e+02
-1.271569824516807188e+02
-1.228751003669735979e+02
-1.232477467290231488e+02
-1.244787488867078196e+02
-1.325497431814857805e+02
-1.273852275453984930e+02
-1.231863123595309020e+02
-1.234333035301961274e+02
-1.247534821431914338e+02
-1.237389889191802865e+02
-1.192390476550798439e+02
-1.152984534175355691e+02
-1.157236384669884330e+02
-1.172973053561658219e+02
-9.438249940743442323e+01
-9.281395556654531731e+01
-9.074414946576419538e+01
-8.986596226554898692e+01
-9.148105560483035958e+01
-1.039357085425271805e+02
-1.015524772150921109e+02
-9.783702372958310889e+01
-9.838473040481163423e+01
-1.000336966513942940e+02
-1.311134083927701113e+02
-1.254694000830776019e+02
-1.209058180318369580e+02
-1.212906438045019684e+02
-1.226907452435020076e+02
-1.258598571068588257e+02
-1.212593905584658245e+02
-1.170931355549919175e+02
-1.176622467684537554e+02
-1.191450250679467331e+02
-9.056797692932104837e+01
-8.886529911870358944e+01
-8.668365111618074081e+01
-8.666027919976329486e+01
-8.781389296242069520e+01
-1.330852982597478729e+02
-1.278148097510692196e+02
-1.235583503695836924e+02
-1.239246138055292334e+02
-1.251415576451340996e+02
-1.237970148709275975e+02
-1.198013587994098970e+02
-1.156806065773970289e+02
-1.160992337088142250e+02
-1.176644924088484174e+02
-9.286309333985187209e+01
-9.007174642110709328e+01
-8.796113504345294132e+01
-8.825431437566439286e+01
-8.989438795283139427e+01
-9.678327567941946086e+01
-9.473526250075897792e+01
-9.248029555690770565e+01
-9.214758177711691189e+01
-9.367377575283563829e+01
-1.016458507082468969e+02
-9.947974824742105682e+01
-9.699698021146188864e+01
-9.650665408000193679e+01
-9.818342988708738517e+01
-1.127793279777569353e+02
-1.097573841995522486e+02
-1.065299197241331512e+02
-1.068961152220980750e+02
-1.086479340581506250e+02
-9.411164272237436990e+01
-9.230271841691430268e+01
-9.031784714835150396e+01
-8.958372940517094207e+01
-9.116327167705560441e+01
-1.330968164407540257e+02
-1.278400680995094945e+02
-1.235615157147551599e+02
-1.239422793293708907e+02
-1.251434415503739075e+02
-9.053345549787159996e+01
-8.841824579407946771e+01
-8.615911886394380303e+01
-8.596357755204491014e+01
-8.730476229908222763e+01
-1.330965062931625198e+02
-1.278395841634688992e+02
-1.235612977401375332e+02
-1.239420220349587254e+02
-1.251427125373874247e+02
-1.320833470837367258e+02
-1.267095642922634511e+02
-1.221091995207857650e+02
-1.225050272671704903e+02
-1.237682362610603661e+02
-1.004428375224836572e+02
-9.810552785336025750e+01
-9.573403814197195061e+01
-9.548607941375890107e+01
-9.707574775949804291e+01
-1.330967407605866697e+02
-1.278400196523538312e+02
-1.235613884206484272e+02
-1.239422980166183521e+02
-1.251434771330903999e+02
-1.330400831427532182e+02
-1.277849399654781024e+02
-1.234573532966511351e+02
-1.238153615917078127e+02
-1.250109390836831551e+02
-1.257965298134668046e+02
-1.211907971328304257e+02
-1.171222003627329684e+02
-1.176717144548272529e+02
-1.191899291633033755e+02
-9.455288824676310355e+01
-9.271902889150079830e+01
-9.059172521675064615e+01
-8.997008275455947057e+01
-9.125750420821174203e+01
-9.909563900724440089e+01
-9.682748036299327055e+01
-9.440417392585140988e+01
-9.416254425343294088e+01
-9.548089270157802844e+01
-1.330961397217232900e+02
-1.278389336479745850e+02
-1.235610345697101451e+02
-1.239418531984378689e+02
-1.251433845549559436e+02
-1.217961424605503566e+02
-1.177045959067961434e+02
-1.140147808600968915e+02
-1.144892963644051918e+02
-1.161035977060679443e+02
-1.078811833884970639e+02
-1.056319905311498815e+02
-1.025665872475648683e+02
-1.030945533133526055e+02
-1.050951499636433084e+02
-1.053784450292787938e+02
-1.034413893604779275e+02
-1.012766233528921305e+02
-1.010217128761180021e+02
-1.025746460346476709e+02
-1.327376190399945131e+02
-1.261164309724934753e+02
-1.208915872398155074e+02
-1.219144580377497817e+02
-1.235425723448842632e+02
-9.253505665552658854e+01
-8.939225614371771655e+01
-8.768760857758185523e+01
-8.751611969976306682e+01
-9.079577422046473600e+01
-9.318936349885936465e+01
-9.154178280282694402e+01
-8.906487764025055753e+01
-8.878894089519768329e+01
-9.014894829183387515e+01
-1.327818349394965765e+02
-1.275083336861575987e+02
-1.232271517749712757e+02
-1.236365164713454163e+02
-1.248472756566705328e+02
-1.323709968060213669e+02
-1.267570159689579157e+02
-1.222814941835972320e+02
-1.227100772370717010e+02
-1.240033292969868768e+02
-1.330968233429254042e+02
-1.278400154784888656e+02
-1.235615174820506610e+02
-1.239422939312025704e+02
-1.251434319889965394e+02
-1.005678816436132479e+02
-9.862272493808103491e+01
-9.583430790161119717e+01
-9.578567875007153987e+01
-9.709819453142198142e+01
-1.327817782768476889e+02
-1.274166682964588091e+02
-1.229621768475992525e+02
-1.233272358027836901e+02
-1.246252425911264368e+02
