4.645609848901581795e-01 1.668821066855105339e+00 1.700000000000000000e+01 1.470000000000000000e+02 0.000000000000000000e+00
8.162172942779770679e-01 1.923799593857265622e+00 1.700000000000000000e+01 1.000000000000000000e+00 0.000000000000000000e+00
1.514268533147643536e-01 1.731749010735903038e+00 5.000000000000000000e+00 6.100000000000000000e+01 0.000000000000000000e+00
8.206521694716346627e-01 1.729500376369577097e+00 1.000000000000000000e+01 5.800000000000000000e+01 0.000000000000000000e+00
1.271653753307625534e-01 1.808023362248848631e+00 1.700000000000000000e+01 1.300000000000000000e+01 0.000000000000000000e+00
9.523530042389319883e-01 1.017719201554237340e+00 1.400000000000000000e+01 9.600000000000000000e+01 0.000000000000000000e+00
4.324915118547535409e-01 1.357534491284435374e+00 1.200000000000000000e+01 1.490000000000000000e+02 0.000000000000000000e+00
1.357414884339479787e-02 1.274494427782212613e-01 1.800000000000000000e+01 1.400000000000000000e+01 0.000000000000000000e+00
4.727150944634234131e-01 1.444121632110992870e+00 1.300000000000000000e+01 1.650000000000000000e+02 0.000000000000000000e+00
6.035813779912511112e-01 1.192612615506597917e+00 1.500000000000000000e+01 1.370000000000000000e+02 0.000000000000000000e+00
9.404660749734055081e-01 2.722134880624876851e-01 5.000000000000000000e+00 1.900000000000000000e+01 0.000000000000000000e+00
1.592404879258475514e-01 1.122882098219068203e-01 7.000000000000000000e+00 9.100000000000000000e+01 0.000000000000000000e+00
3.618601654683073487e-01 1.799950986932709718e+00 1.000000000000000000e+01 7.200000000000000000e+01 0.000000000000000000e+00
7.403089805028219006e-01 1.238976836240570867e+00 1.800000000000000000e+01 8.700000000000000000e+01 0.000000000000000000e+00
2.103389090839324210e-02 1.908360093671126467e+00 1.900000000000000000e+01 9.900000000000000000e+01 0.000000000000000000e+00
4.155317619867733292e-01 5.310929539330900839e-01 1.600000000000000000e+01 3.900000000000000000e+01 0.000000000000000000e+00
3.154034574274825475e-01 1.627508667444863555e+00 3.000000000000000000e+00 1.300000000000000000e+01 0.000000000000000000e+00
8.718903160368228489e-02 8.497075588898378440e-01 2.000000000000000000e+01 6.400000000000000000e+01 0.000000000000000000e+00
6.292680574585739484e-01 1.712878632876388141e-01 3.000000000000000000e+00 7.100000000000000000e+01 0.000000000000000000e+00
1.771474155249131988e-01 6.544387449572596216e-01 1.800000000000000000e+01 4.500000000000000000e+01 0.000000000000000000e+00
2.970043452755922742e-01 1.874634826680988908e+00 1.600000000000000000e+01 1.130000000000000000e+02 0.000000000000000000e+00
3.182341408052642429e-01 2.898433709805893210e-01 9.000000000000000000e+00 3.200000000000000000e+01 0.000000000000000000e+00
4.734098823248328314e-01 1.047151406619660552e+00 2.000000000000000000e+00 7.800000000000000000e+01 0.000000000000000000e+00
3.697429939577251412e-01 6.540823969743593258e-01 1.000000000000000000e+01 1.020000000000000000e+02 0.000000000000000000e+00
8.407604421692635999e-01 4.014731276570201457e-01 1.100000000000000000e+01 2.000000000000000000e+00 0.000000000000000000e+00
6.001550183239053871e-01 1.495325477310543327e+00 1.000000000000000000e+01 5.300000000000000000e+01 0.000000000000000000e+00
1.001407487674957464e+00 2.929100822127498338e-01 1.000000000000000000e+00 1.000000000000000000e+00 0.000000000000000000e+00
9.615186344212432734e-02 3.153016179260025309e-01 2.000000000000000000e+01 1.920000000000000000e+02 0.000000000000000000e+00
1.160593185696805335e-01 1.189043282234563126e+00 1.500000000000000000e+01 3.800000000000000000e+01 0.000000000000000000e+00
4.980439203289355188e-01 3.509597341352327371e-01 1.000000000000000000e+00 1.050000000000000000e+02 0.000000000000000000e+00
2.671593266277405565e-01 1.146964247733451403e+00 5.000000000000000000e+00 1.170000000000000000e+02 0.000000000000000000e+00
1.732860329379858344e-01 1.388612975330201671e+00 5.000000000000000000e+00 8.900000000000000000e+01 0.000000000000000000e+00
5.093363299147348755e-01 1.553898441963349697e+00 2.000000000000000000e+00 1.600000000000000000e+02 0.000000000000000000e+00
2.153171062835544936e-01 5.509024352345713860e-01 7.000000000000000000e+00 1.540000000000000000e+02 0.000000000000000000e+00
4.326812114513866464e-02 1.506336579310597612e+00 1.100000000000000000e+01 4.900000000000000000e+01 0.000000000000000000e+00
2.545076255304157264e-01 1.026532973425041018e+00 4.000000000000000000e+00 3.700000000000000000e+01 0.000000000000000000e+00
4.223130500806882015e-01 1.216532738945619307e+00 1.000000000000000000e+01 1.630000000000000000e+02 0.000000000000000000e+00
1.730853072691184158e-01 1.273495267508203410e+00 2.000000000000000000e+00 4.300000000000000000e+01 0.000000000000000000e+00
2.451213640892376810e-01 1.426596769573050372e+00 7.000000000000000000e+00 7.500000000000000000e+01 0.000000000000000000e+00
3.401996139871003022e-01 1.886931973942405527e+00 1.800000000000000000e+01 7.500000000000000000e+01 0.000000000000000000e+00
7.071316898448416488e-01 1.331994689851424996e+00 1.200000000000000000e+01 1.000000000000000000e+02 0.000000000000000000e+00
4.265951076167825429e-01 8.453380045887791683e-01 1.500000000000000000e+01 1.630000000000000000e+02 0.000000000000000000e+00
2.508777435965163782e-01 1.512313980274650360e+00 1.500000000000000000e+01 1.350000000000000000e+02 0.000000000000000000e+00
8.853532088724588300e-01 6.764526090584058737e-01 1.100000000000000000e+01 1.730000000000000000e+02 0.000000000000000000e+00
8.708485943353463377e-01 1.386085062167079718e+00 1.200000000000000000e+01 8.600000000000000000e+01 0.000000000000000000e+00
6.186831089652604643e-01 6.385955004315958528e-01 1.700000000000000000e+01 9.400000000000000000e+01 0.000000000000000000e+00
4.298380696207142471e-01 1.591962578471944889e+00 1.000000000000000000e+00 9.900000000000000000e+01 0.000000000000000000e+00
8.614988721327770937e-01 2.039869376293712566e+00 1.200000000000000000e+01 1.180000000000000000e+02 0.000000000000000000e+00
9.691154509035262432e-01 1.131173912895434841e-01 1.700000000000000000e+01 5.300000000000000000e+01 0.000000000000000000e+00
1.143742062626586925e-01 1.720423936572139212e+00 7.000000000000000000e+00 1.510000000000000000e+02 0.000000000000000000e+00
6.350165154289439950e-01 1.258503492251629441e-01 9.000000000000000000e+00 1.530000000000000000e+02 1.000000000000000000e+00
8.700245996368332069e-01 1.157854345115714834e+00 5.000000000000000000e+00 1.350000000000000000e+02 1.000000000000000000e+00
1.151870792039173391e-01 1.260786490186965425e+00 1.800000000000000000e+01 8.500000000000000000e+01 1.000000000000000000e+00
2.307402002711613775e-01 1.720124148251998220e+00 4.000000000000000000e+00 1.110000000000000000e+02 1.000000000000000000e+00
5.095334432263834978e-01 5.819344738746073942e-01 1.000000000000000000e+00 1.720000000000000000e+02 1.000000000000000000e+00
9.633951645416094500e-01 3.503670438724558744e-01 1.600000000000000000e+01 1.010000000000000000e+02 1.000000000000000000e+00
5.494136902169127756e-01 6.790797583902309364e-01 1.300000000000000000e+01 1.630000000000000000e+02 1.000000000000000000e+00
1.882739643457823631e-01 7.107325996212955355e-01 6.000000000000000000e+00 8.600000000000000000e+01 1.000000000000000000e+00
8.380067633642600544e-01 6.082476211788795384e-01 1.600000000000000000e+01 1.470000000000000000e+02 1.000000000000000000e+00
2.130567022589505699e-01 1.914211041378930611e+00 1.100000000000000000e+01 8.400000000000000000e+01 1.000000000000000000e+00
9.180010385274663953e-01 1.306775513807673372e-01 1.200000000000000000e+01 5.400000000000000000e+01 1.000000000000000000e+00
6.732007043465236540e-02 9.875026444082434240e-01 6.000000000000000000e+00 1.990000000000000000e+02 1.000000000000000000e+00
4.329280337613924390e-01 1.748144565312917953e+00 1.100000000000000000e+01 1.660000000000000000e+02 1.000000000000000000e+00
1.865706901595233225e-01 8.354150369748344351e-01 8.000000000000000000e+00 3.200000000000000000e+01 1.000000000000000000e+00
5.291012169183620939e-01 4.733461091419010058e-01 1.600000000000000000e+01 8.600000000000000000e+01 1.000000000000000000e+00
8.891401768621814972e-01 2.054995916388830945e+00 1.200000000000000000e+01 1.900000000000000000e+02 1.000000000000000000e+00
9.406542728821813970e-01 2.024378052936481431e+00 1.400000000000000000e+01 1.890000000000000000e+02 1.000000000000000000e+00
8.232572229033637834e-01 1.718061305900359326e+00 1.800000000000000000e+01 1.510000000000000000e+02 1.000000000000000000e+00
3.282866419003941383e-01 9.807333837671911025e-01 2.000000000000000000e+00 1.500000000000000000e+01 1.000000000000000000e+00
3.878201313757947410e-01 1.946297155811436808e+00 1.500000000000000000e+01 1.310000000000000000e+02 1.000000000000000000e+00
1.154314760935156586e-01 2.384693015728615306e-01 1.900000000000000000e+01 1.290000000000000000e+02 1.000000000000000000e+00
7.403137864032592608e-02 4.155019398895897220e-01 3.000000000000000000e+00 1.010000000000000000e+02 1.000000000000000000e+00
9.664139759581134859e-02 1.127237794056184406e+00 1.000000000000000000e+01 1.710000000000000000e+02 1.000000000000000000e+00
9.628739850534644429e-01 1.363421498942627652e+00 3.000000000000000000e+00 1.090000000000000000e+02 1.000000000000000000e+00
6.023470347229286509e-02 1.523317631459727206e+00 5.000000000000000000e+00 6.500000000000000000e+01 1.000000000000000000e+00
9.594539926565247567e-01 1.579972454914843061e+00 1.800000000000000000e+01 1.080000000000000000e+02 1.000000000000000000e+00
8.209275900837978979e-01 1.271023692117025261e+00 1.100000000000000000e+01 9.700000000000000000e+01 1.000000000000000000e+00
1.368034321790378115e-02 3.165787244895345021e-01 2.000000000000000000e+00 8.000000000000000000e+00 1.000000000000000000e+00
9.728353638306410645e-01 1.111993849207281615e+00 2.000000000000000000e+01 1.470000000000000000e+02 1.000000000000000000e+00
6.899453317791245377e-01 1.776471036777007129e+00 4.000000000000000000e+00 1.220000000000000000e+02 1.000000000000000000e+00
5.786208988435307399e-01 1.951270280643388810e+00 3.000000000000000000e+00 1.040000000000000000e+02 1.000000000000000000e+00
5.991851120805707920e-01 1.320359688013622856e-01 7.000000000000000000e+00 3.900000000000000000e+01 1.000000000000000000e+00
8.056351903042678897e-01 4.238276322275230656e-01 5.000000000000000000e+00 2.400000000000000000e+01 1.000000000000000000e+00
1.811371286323548713e-01 5.345128231140837682e-01 4.000000000000000000e+00 3.000000000000000000e+00 1.000000000000000000e+00
9.274842508645606554e-01 2.002887391387508043e+00 5.000000000000000000e+00 1.700000000000000000e+02 1.000000000000000000e+00
6.642695618992254802e-01 5.214751884771789969e-01 1.900000000000000000e+01 1.950000000000000000e+02 1.000000000000000000e+00
2.838526681345219238e-01 1.483316881959620970e+00 9.000000000000000000e+00 3.400000000000000000e+01 1.000000000000000000e+00
6.285811816760881188e-01 1.013447416513173716e+00 4.000000000000000000e+00 4.700000000000000000e+01 1.000000000000000000e+00
9.434973986502871446e-01 2.311723378670088869e-01 1.500000000000000000e+01 1.300000000000000000e+02 1.000000000000000000e+00
4.374228368543391365e-01 4.574124281454149399e-01 2.000000000000000000e+01 1.550000000000000000e+02 1.000000000000000000e+00
9.200529362930031096e-01 6.378873999374942150e-01 1.200000000000000000e+01 1.530000000000000000e+02 1.000000000000000000e+00
9.784829583092179428e-01 2.038618015668140160e+00 8.000000000000000000e+00 1.980000000000000000e+02 1.000000000000000000e+00
5.830873740761607360e-01 1.082847029097068869e+00 1.100000000000000000e+01 1.670000000000000000e+02 1.000000000000000000e+00
6.777643243842511322e-02 1.942378973732792780e+00 1.700000000000000000e+01 1.320000000000000000e+02 1.000000000000000000e+00
9.986979256705338370e-01 9.852828239032799251e-01 2.000000000000000000e+01 1.650000000000000000e+02 1.000000000000000000e+00
8.316423537971349145e-01 1.281786796678151541e+00 1.200000000000000000e+01 1.000000000000000000e+00 1.000000000000000000e+00
8.512774291493933054e-01 4.605224735680720771e-01 8.000000000000000000e+00 1.100000000000000000e+02 1.000000000000000000e+00
9.353584475111398344e-01 7.983355706776232852e-01 3.000000000000000000e+00 1.210000000000000000e+02 1.000000000000000000e+00
7.414142612881101380e-02 1.031332621441554798e+00 1.600000000000000000e+01 1.910000000000000000e+02 1.000000000000000000e+00
6.694997898315074858e-01 4.766615405420165930e-01 1.700000000000000000e+01 1.250000000000000000e+02 1.000000000000000000e+00
3.482064181805359926e-01 1.870699020829319936e+00 5.000000000000000000e+00 1.420000000000000000e+02 2.000000000000000000e+00
4.759190975336927698e-01 1.866460505771490475e+00 4.000000000000000000e+00 1.240000000000000000e+02 2.000000000000000000e+00
4.906281761846491563e-01 8.062912724802612230e-01 4.000000000000000000e+00 3.000000000000000000e+01 2.000000000000000000e+00
4.176856115255127566e-01 1.089608522025988568e+00 1.900000000000000000e+01 2.100000000000000000e+01 2.000000000000000000e+00
2.318589063729713518e-01 6.312106956160362659e-01 1.400000000000000000e+01 3.500000000000000000e+01 2.000000000000000000e+00
2.159639385033920167e-01 1.081840666113011107e+00 8.000000000000000000e+00 4.900000000000000000e+01 2.000000000000000000e+00
9.200345639477243154e-01 1.274138589207795214e+00 8.000000000000000000e+00 1.590000000000000000e+02 2.000000000000000000e+00
9.352325695295525543e-02 1.942412350562237044e+00 6.000000000000000000e+00 8.900000000000000000e+01 2.000000000000000000e+00
4.090398396459981462e-02 3.278977656050759970e-01 1.700000000000000000e+01 1.660000000000000000e+02 2.000000000000000000e+00
1.128231837269386556e-01 2.181979021676786756e-01 1.100000000000000000e+01 1.700000000000000000e+01 2.000000000000000000e+00
3.985252868435302798e-01 2.069389745746457177e+00 1.900000000000000000e+01 1.220000000000000000e+02 2.000000000000000000e+00
5.253495856358563199e-01 1.267807280887586874e+00 3.000000000000000000e+00 5.100000000000000000e+01 2.000000000000000000e+00
7.113528023185313742e-01 1.952925735412568198e+00 1.600000000000000000e+01 2.300000000000000000e+01 2.000000000000000000e+00
2.018843545681656693e-01 3.513533430684777636e-01 1.300000000000000000e+01 1.360000000000000000e+02 2.000000000000000000e+00
8.133041954273377561e-02 1.167482725904805285e+00 1.600000000000000000e+01 9.800000000000000000e+01 2.000000000000000000e+00
6.054853823600520046e-01 6.404786160042849064e-01 1.400000000000000000e+01 1.540000000000000000e+02 2.000000000000000000e+00
1.588461486170720249e-01 1.958860009544333369e+00 1.900000000000000000e+01 1.050000000000000000e+02 2.000000000000000000e+00
3.659727297739910901e-01 1.827903773290360023e+00 1.700000000000000000e+01 7.200000000000000000e+01 2.000000000000000000e+00
8.273706911301567102e-01 1.601033318571182695e+00 1.000000000000000000e+01 1.600000000000000000e+01 2.000000000000000000e+00
4.043027182852633183e-01 7.747953575175138274e-01 1.700000000000000000e+01 7.000000000000000000e+01 2.000000000000000000e+00
2.859254506194777168e-01 2.120467939383511580e-01 2.000000000000000000e+01 8.800000000000000000e+01 2.000000000000000000e+00
6.758366149882447660e-01 1.950862970811317043e-01 3.000000000000000000e+00 1.300000000000000000e+01 2.000000000000000000e+00
2.164762032196386743e-01 2.851901243036926159e-01 1.100000000000000000e+01 1.470000000000000000e+02 2.000000000000000000e+00
8.743283309521366897e-01 9.581376002015099536e-01 1.900000000000000000e+01 1.530000000000000000e+02 2.000000000000000000e+00
5.200461424519581266e-01 1.989242405019549187e+00 1.100000000000000000e+01 7.600000000000000000e+01 2.000000000000000000e+00
6.488476763302166717e-01 5.394104521694810250e-01 5.000000000000000000e+00 7.600000000000000000e+01 2.000000000000000000e+00
1.672548538611448032e-01 9.138426927990447313e-01 3.000000000000000000e+00 1.150000000000000000e+02 2.000000000000000000e+00
5.943825314222670464e-01 1.579452997217584809e+00 5.000000000000000000e+00 1.700000000000000000e+02 2.000000000000000000e+00
5.034609456912625403e-01 4.539102407447815901e-01 2.000000000000000000e+01 6.000000000000000000e+00 2.000000000000000000e+00
5.675061318858922732e-01 1.951265078838797074e+00 1.400000000000000000e+01 1.340000000000000000e+02 2.000000000000000000e+00
5.898761133203000301e-02 4.570014966953032109e-01 1.000000000000000000e+00 1.110000000000000000e+02 2.000000000000000000e+00
1.983011203051059379e-01 1.840196864338781824e+00 1.000000000000000000e+00 1.220000000000000000e+02 2.000000000000000000e+00
3.667161032116605934e-01 1.793812621781994077e+00 1.400000000000000000e+01 1.070000000000000000e+02 2.000000000000000000e+00
2.831948909376124507e-02 1.794200671850566309e+00 2.000000000000000000e+01 1.740000000000000000e+02 2.000000000000000000e+00
1.757523151618272106e-01 1.298398804391687866e+00 1.000000000000000000e+00 1.560000000000000000e+02 2.000000000000000000e+00
6.708294086556737534e-01 1.539249511351505062e-01 9.000000000000000000e+00 1.500000000000000000e+01 2.000000000000000000e+00
7.818732653772487717e-01 2.038615594099722372e+00 2.000000000000000000e+00 4.100000000000000000e+01 2.000000000000000000e+00
1.614874815032041333e-01 1.813972647218386136e+00 1.400000000000000000e+01 4.300000000000000000e+01 2.000000000000000000e+00
8.383916674046560935e-01 6.437818518778911647e-01 1.200000000000000000e+01 1.730000000000000000e+02 2.000000000000000000e+00
1.664053534255712785e-01 1.389119458995792922e+00 1.000000000000000000e+00 1.270000000000000000e+02 2.000000000000000000e+00
4.075333154846152439e-01 1.391861893974740250e+00 3.000000000000000000e+00 1.440000000000000000e+02 2.000000000000000000e+00
9.451074737551558025e-01 1.884220316476860502e+00 7.000000000000000000e+00 9.500000000000000000e+01 2.000000000000000000e+00
6.780283748210220729e-01 2.027169649372655424e+00 3.000000000000000000e+00 9.300000000000000000e+01 2.000000000000000000e+00
3.318418492993187030e-01 1.535341855729927873e+00 9.000000000000000000e+00 1.160000000000000000e+02 2.000000000000000000e+00
4.082557914205728888e-01 1.039092977413636598e+00 1.700000000000000000e+01 1.180000000000000000e+02 2.000000000000000000e+00
3.279369911288541051e-01 6.368054001687578625e-01 6.000000000000000000e+00 1.210000000000000000e+02 2.000000000000000000e+00
2.984910448506375991e-01 1.270497046625290949e+00 6.000000000000000000e+00 1.650000000000000000e+02 2.000000000000000000e+00
5.768939355880057240e-01 4.815326220571077842e-01 1.800000000000000000e+01 1.350000000000000000e+02 2.000000000000000000e+00
7.690764537589095395e-01 7.052353457612118293e-01 2.000000000000000000e+01 7.600000000000000000e+01 2.000000000000000000e+00
2.174171521855163824e-01 2.770952113932195759e-01 1.000000000000000000e+00 1.200000000000000000e+02 2.000000000000000000e+00
3.537123219943171248e-01 2.798176917283908827e-01 3.000000000000000000e+00 1.470000000000000000e+02 3.000000000000000000e+00
5.070197130049877154e-01 1.383835141637862753e-01 1.900000000000000000e+01 3.700000000000000000e+01 3.000000000000000000e+00
2.242469499872442595e-01 1.150239315270210172e+00 2.000000000000000000e+01 2.600000000000000000e+01 3.000000000000000000e+00
8.667439652327267596e-02 1.867810205282248059e+00 9.000000000000000000e+00 5.000000000000000000e+01 3.000000000000000000e+00
1.354655666683117765e-01 8.180970752096242693e-01 3.000000000000000000e+00 1.580000000000000000e+02 3.000000000000000000e+00
1.942648817015889956e-02 1.622654925955738126e+00 3.000000000000000000e+00 5.700000000000000000e+01 3.000000000000000000e+00
9.486147866137256690e-01 1.262432781924431646e+00 1.400000000000000000e+01 6.500000000000000000e+01 3.000000000000000000e+00
2.013353516107516672e-01 7.924773805843409180e-01 1.700000000000000000e+01 1.020000000000000000e+02 3.000000000000000000e+00
2.851299309241031033e-01 3.449106998218655074e-01 1.300000000000000000e+01 9.100000000000000000e+01 3.000000000000000000e+00
9.697678732424341863e-01 5.934513385194842838e-01 9.000000000000000000e+00 2.500000000000000000e+01 3.000000000000000000e+00
7.935118319845800572e-02 1.067186212552881708e+00 8.000000000000000000e+00 9.100000000000000000e+01 3.000000000000000000e+00
5.024530721357255425e-01 1.201144476395973326e+00 8.000000000000000000e+00 7.000000000000000000e+00 3.000000000000000000e+00
7.290110782690669700e-01 1.009418411393318671e+00 1.100000000000000000e+01 1.510000000000000000e+02 3.000000000000000000e+00
5.743757637463355881e-01 7.856288469826099297e-01 1.000000000000000000e+00 4.700000000000000000e+01 3.000000000000000000e+00
4.843828583621138106e-01 9.337106132092546362e-01 8.000000000000000000e+00 1.000000000000000000e+00 3.000000000000000000e+00
9.545711835849648441e-01 4.907039292383316154e-01 8.000000000000000000e+00 1.760000000000000000e+02 3.000000000000000000e+00
8.096957309515601109e-01 1.122007160210705123e+00 7.000000000000000000e+00 1.580000000000000000e+02 3.000000000000000000e+00
3.592462307768200525e-01 5.158755618876454951e-01 1.500000000000000000e+01 3.200000000000000000e+01 3.000000000000000000e+00
9.807283724658849566e-01 7.725897169431746869e-01 9.000000000000000000e+00 9.600000000000000000e+01 3.000000000000000000e+00
7.832571524669993401e-01 4.273800268794635260e-01 1.100000000000000000e+01 1.410000000000000000e+02 3.000000000000000000e+00
8.380587874040097418e-01 5.019411592165053948e-01 6.000000000000000000e+00 1.010000000000000000e+02 3.000000000000000000e+00
2.387145784863896614e-01 7.621235040106179026e-01 1.100000000000000000e+01 1.780000000000000000e+02 3.000000000000000000e+00
3.057057040956400601e-02 9.422922611484748634e-01 9.000000000000000000e+00 1.180000000000000000e+02 3.000000000000000000e+00
7.822507515951192536e-01 3.660381496769148368e-01 2.000000000000000000e+00 9.800000000000000000e+01 3.000000000000000000e+00
7.273066179305615053e-01 1.452610286714280718e+00 9.000000000000000000e+00 1.680000000000000000e+02 3.000000000000000000e+00
5.835310297109472799e-01 6.126546450722046844e-01 1.500000000000000000e+01 1.640000000000000000e+02 3.000000000000000000e+00
4.687094915226296815e-02 1.498050550212133736e+00 1.900000000000000000e+01 1.520000000000000000e+02 3.000000000000000000e+00
4.987505748246787718e-01 7.767466413262630320e-01 1.500000000000000000e+01 1.180000000000000000e+02 3.000000000000000000e+00
3.890261703052714237e-01 1.902322869446219367e-01 1.200000000000000000e+01 1.220000000000000000e+02 3.000000000000000000e+00
2.356233606582537332e-01 3.237780540141922403e-01 1.600000000000000000e+01 1.710000000000000000e+02 3.000000000000000000e+00
1.567758399880867515e-01 1.601392775836376403e+00 1.900000000000000000e+01 1.400000000000000000e+01 3.000000000000000000e+00
9.811032921886129188e-01 1.014216700588696840e+00 1.000000000000000000e+01 1.710000000000000000e+02 3.000000000000000000e+00
2.909293588869000802e-01 6.605169627209629413e-01 3.000000000000000000e+00 1.860000000000000000e+02 3.000000000000000000e+00
2.448526689440832377e-02 1.700292462332283483e+00 1.600000000000000000e+01 6.400000000000000000e+01 3.000000000000000000e+00
8.694788997474909298e-01 6.952156542025730301e-01 1.000000000000000000e+01 1.200000000000000000e+02 3.000000000000000000e+00
6.385410372258114586e-01 1.827141953285719156e+00 7.000000000000000000e+00 1.350000000000000000e+02 3.000000000000000000e+00
8.164392909750040062e-01 2.031006199170407367e+00 1.600000000000000000e+01 1.200000000000000000e+01 3.000000000000000000e+00
1.378517225251385536e-01 1.710979869167531309e+00 1.700000000000000000e+01 1.670000000000000000e+02 3.000000000000000000e+00
6.440418416081806763e-01 1.844942028538953060e+00 1.800000000000000000e+01 1.600000000000000000e+01 3.000000000000000000e+00
7.722280474448757204e-01 3.976491654941783915e-01 6.000000000000000000e+00 5.500000000000000000e+01 3.000000000000000000e+00
2.918081231842161588e-02 7.951699646043383085e-01 1.400000000000000000e+01 1.190000000000000000e+02 3.000000000000000000e+00
8.856905264853376369e-01 5.425537790660136528e-01 6.000000000000000000e+00 1.830000000000000000e+02 3.000000000000000000e+00
1.169090569748823943e-01 2.528351816618402692e-01 3.000000000000000000e+00 1.020000000000000000e+02 3.000000000000000000e+00
1.070295048454182746e-01 1.333751957247399089e-01 1.900000000000000000e+01 1.860000000000000000e+02 3.000000000000000000e+00
4.915024364476748842e-01 2.021982381456475686e+00 2.000000000000000000e+00 1.750000000000000000e+02 3.000000000000000000e+00
3.168718961197344308e-01 4.682229267657137539e-01 2.000000000000000000e+01 1.690000000000000000e+02 3.000000000000000000e+00
8.752775613794958609e-01 1.258144658068363286e+00 1.700000000000000000e+01 1.590000000000000000e+02 3.000000000000000000e+00
8.223813410571207960e-01 2.719971138559548196e-01 1.000000000000000000e+01 2.600000000000000000e+01 3.000000000000000000e+00
5.264007024914635346e-01 1.836514756294336248e+00 1.300000000000000000e+01 2.300000000000000000e+01 3.000000000000000000e+00
7.555517395921828028e-01 1.697275676542256750e+00 8.000000000000000000e+00 1.610000000000000000e+02 3.000000000000000000e+00
8.655598277134032292e-01 3.274794892821714098e-01 3.000000000000000000e+00 1.500000000000000000e+02 4.000000000000000000e+00
8.042347374361319412e-01 1.758389358591320617e+00 6.000000000000000000e+00 3.700000000000000000e+01 4.000000000000000000e+00
2.766627422239223977e-01 1.847811391975983375e-01 9.000000000000000000e+00 1.900000000000000000e+02 4.000000000000000000e+00
5.344073887573072001e-01 1.463911936738437225e+00 1.100000000000000000e+01 1.230000000000000000e+02 4.000000000000000000e+00
3.637380211230540894e-01 1.111314639854632969e+00 1.500000000000000000e+01 1.400000000000000000e+02 4.000000000000000000e+00
2.012802247432259328e-01 6.165916541015418195e-01 1.300000000000000000e+01 8.100000000000000000e+01 4.000000000000000000e+00
1.506600629844285777e-01 7.662208870146355322e-01 1.000000000000000000e+01 1.850000000000000000e+02 4.000000000000000000e+00
8.856134512435223094e-01 2.005633859484566628e+00 8.000000000000000000e+00 2.700000000000000000e+01 4.000000000000000000e+00
1.814192756238566240e-01 2.253469134112341676e-01 8.000000000000000000e+00 7.500000000000000000e+01 4.000000000000000000e+00
4.073482660502153463e-01 9.576299873938721730e-01 1.500000000000000000e+01 9.100000000000000000e+01 4.000000000000000000e+00
1.541546158824218526e-01 7.629799481761737612e-01 1.000000000000000000e+00 9.000000000000000000e+00 4.000000000000000000e+00
4.240100793077682811e-02 1.539270621625400404e+00 4.000000000000000000e+00 2.300000000000000000e+01 4.000000000000000000e+00
2.719255872137233965e-01 1.149242827686423274e+00 1.200000000000000000e+01 4.200000000000000000e+01 4.000000000000000000e+00
7.704482725797729969e-01 1.689623619206118976e-01 1.800000000000000000e+01 1.560000000000000000e+02 4.000000000000000000e+00
1.062051387392924789e-01 3.205162430382287875e-01 1.700000000000000000e+01 5.700000000000000000e+01 4.000000000000000000e+00
1.773265990571715189e-01 1.887526785982073463e+00 1.100000000000000000e+01 1.180000000000000000e+02 4.000000000000000000e+00
7.988849192696181323e-01 1.412270037661696565e+00 1.500000000000000000e+01 7.200000000000000000e+01 4.000000000000000000e+00
4.403392804368198021e-01 9.108558783775190237e-01 8.000000000000000000e+00 3.800000000000000000e+01 4.000000000000000000e+00
1.000422672796895451e+00 1.417219791833063347e+00 1.900000000000000000e+01 1.420000000000000000e+02 4.000000000000000000e+00
3.159675087385259706e-01 1.444017686562874436e+00 5.000000000000000000e+00 1.700000000000000000e+02 4.000000000000000000e+00
6.744146834347317654e-01 3.772171864386039131e-01 1.200000000000000000e+01 1.520000000000000000e+02 4.000000000000000000e+00
2.569036572542185981e-01 1.474565475678723869e+00 2.000000000000000000e+01 4.200000000000000000e+01 4.000000000000000000e+00
6.192478819419606761e-01 1.116888340720191941e+00 5.000000000000000000e+00 1.980000000000000000e+02 4.000000000000000000e+00
9.044184734889336719e-01 2.091762806156744203e-01 1.700000000000000000e+01 2.400000000000000000e+01 4.000000000000000000e+00
6.756021532066975865e-01 7.708226220854380584e-01 1.600000000000000000e+01 1.610000000000000000e+02 4.000000000000000000e+00
7.255057720781519226e-01 9.109517596269113282e-01 1.400000000000000000e+01 1.380000000000000000e+02 4.000000000000000000e+00
1.355619818494128159e-01 1.070442419743419527e-01 7.000000000000000000e+00 7.000000000000000000e+01 4.000000000000000000e+00
1.269664830381527221e-01 3.058299985062787885e-01 1.300000000000000000e+01 1.120000000000000000e+02 4.000000000000000000e+00
2.118796275778478400e-01 1.501300706248493155e-01 2.000000000000000000e+00 1.010000000000000000e+02 4.000000000000000000e+00
1.225620630589959598e-01 1.877883097055442541e+00 3.000000000000000000e+00 1.000000000000000000e+01 4.000000000000000000e+00
2.425533061480206198e-01 4.567421761363307242e-01 1.900000000000000000e+01 1.300000000000000000e+01 4.000000000000000000e+00
1.754604594084632208e-01 1.724590593509006675e+00 1.400000000000000000e+01 9.200000000000000000e+01 4.000000000000000000e+00
7.129757132346504767e-01 1.540199812058911988e+00 1.200000000000000000e+01 6.900000000000000000e+01 4.000000000000000000e+00
7.232787420828372671e-01 1.074222569679933459e+00 8.000000000000000000e+00 3.600000000000000000e+01 4.000000000000000000e+00
4.059964502338032633e-01 6.926279070368658308e-01 9.000000000000000000e+00 1.640000000000000000e+02 4.000000000000000000e+00
3.021004998159432242e-01 1.450725435426864163e+00 6.000000000000000000e+00 5.000000000000000000e+00 4.000000000000000000e+00
1.275494109473586102e-01 1.379486841091116522e+00 1.800000000000000000e+01 1.430000000000000000e+02 4.000000000000000000e+00
8.231978908018500185e-01 1.552913220801374339e-01 4.000000000000000000e+00 8.100000000000000000e+01 4.000000000000000000e+00
3.575204867984357326e-01 1.169134388388695767e+00 1.900000000000000000e+01 1.870000000000000000e+02 4.000000000000000000e+00
7.343877699211025512e-01 1.378924802257303073e+00 1.300000000000000000e+01 1.390000000000000000e+02 4.000000000000000000e+00
7.962042510296994668e-02 7.848318183010351001e-01 1.600000000000000000e+01 1.310000000000000000e+02 4.000000000000000000e+00
1.000792342970760584e+00 1.360523421065171989e+00 9.000000000000000000e+00 1.730000000000000000e+02 4.000000000000000000e+00
8.973391122149581012e-01 8.274336143159940482e-01 4.000000000000000000e+00 1.860000000000000000e+02 4.000000000000000000e+00
1.310950550143498150e-01 6.431953874106032254e-01 1.600000000000000000e+01 5.100000000000000000e+01 4.000000000000000000e+00
3.982111193034792995e-01 1.334096415211884601e+00 1.300000000000000000e+01 1.040000000000000000e+02 4.000000000000000000e+00
9.162329546759203636e-01 1.589337348011562456e+00 9.000000000000000000e+00 6.800000000000000000e+01 4.000000000000000000e+00
5.247219540102303625e-01 1.392443554707271325e+00 2.000000000000000000e+00 3.000000000000000000e+00 4.000000000000000000e+00
4.685928361477721404e-01 9.854883953368406280e-01 1.000000000000000000e+01 1.800000000000000000e+01 4.000000000000000000e+00
4.820116885490681735e-01 5.262028062600322409e-01 1.100000000000000000e+01 2.800000000000000000e+01 4.000000000000000000e+00
3.251209039561184788e-01 1.636653416375401238e-01 1.200000000000000000e+01 1.260000000000000000e+02 4.000000000000000000e+00
