2.720598712393473839e-01 1.466984692124568612e+00 5.000000000000000000e+00 3.100000000000000000e+01 0.000000000000000000e+00
5.300866292427404147e-01 1.115577586657712450e+00 1.000000000000000000e+01 1.100000000000000000e+01 0.000000000000000000e+00
5.692032259772305397e-02 1.341982447791431721e+00 1.000000000000000000e+00 4.700000000000000000e+01 0.000000000000000000e+00
1.243503824623655024e-01 6.564459967046124556e-01 1.500000000000000000e+01 7.600000000000000000e+01 0.000000000000000000e+00
2.279798342681933487e-01 9.224898378572660151e-01 2.000000000000000000e+00 1.500000000000000000e+01 0.000000000000000000e+00
7.806384193618594036e-01 8.666732708185783673e-01 2.000000000000000000e+00 1.660000000000000000e+02 0.000000000000000000e+00
5.221846715974296504e-01 1.958274949786044994e+00 5.000000000000000000e+00 1.820000000000000000e+02 0.000000000000000000e+00
7.580956522711146395e-01 2.080574062183794037e+00 1.900000000000000000e+01 4.100000000000000000e+01 0.000000000000000000e+00
2.123900675358018075e-01 1.580898528041732032e+00 1.200000000000000000e+01 7.900000000000000000e+01 0.000000000000000000e+00
7.062767028041134765e-01 9.082819976599157963e-01 1.100000000000000000e+01 1.980000000000000000e+02 0.000000000000000000e+00
5.375605240849022914e-01 1.389835674855799397e+00 1.600000000000000000e+01 5.800000000000000000e+01 0.000000000000000000e+00
2.608306092682625144e-01 1.900407759758468984e+00 3.000000000000000000e+00 1.250000000000000000e+02 0.000000000000000000e+00
5.763396260142490402e-01 3.833505223519065863e-01 1.800000000000000000e+01 7.300000000000000000e+01 0.000000000000000000e+00
9.300460005119693951e-01 1.011162683610536961e+00 9.000000000000000000e+00 1.860000000000000000e+02 0.000000000000000000e+00
2.408954530397403593e-01 5.191125164829267780e-01 1.300000000000000000e+01 1.740000000000000000e+02 0.000000000000000000e+00
3.249358396005294081e-01 1.750674584299229120e-01 1.000000000000000000e+00 5.000000000000000000e+00 0.000000000000000000e+00
4.291321891852253323e-01 8.943808985301274772e-01 1.000000000000000000e+00 1.270000000000000000e+02 0.000000000000000000e+00
9.068642581381991530e-01 7.455275888578233312e-01 9.000000000000000000e+00 1.050000000000000000e+02 0.000000000000000000e+00
8.537593339140110427e-01 1.372040581238545887e+00 1.300000000000000000e+01 9.100000000000000000e+01 0.000000000000000000e+00
3.832423186691812783e-02 3.690408759308040354e-01 1.800000000000000000e+01 3.400000000000000000e+01 0.000000000000000000e+00
3.447907047787289736e-01 6.206934759947108082e-01 8.000000000000000000e+00 8.500000000000000000e+01 0.000000000000000000e+00
7.701933736690494969e-01 1.237905647764201200e+00 1.000000000000000000e+01 5.000000000000000000e+01 0.000000000000000000e+00
9.587989360761799418e-01 1.969815439626501075e+00 1.400000000000000000e+01 1.780000000000000000e+02 0.000000000000000000e+00
9.992811887832461215e-01 1.831387277506802969e+00 1.900000000000000000e+01 7.000000000000000000e+01 0.000000000000000000e+00
5.522794566794425597e-01 1.157089573042064723e+00 1.700000000000000000e+01 1.130000000000000000e+02 0.000000000000000000e+00
1.874712685251612720e-01 1.121523703917773229e+00 3.000000000000000000e+00 1.800000000000000000e+02 0.000000000000000000e+00
4.842672203451848789e-01 7.870773935025009438e-01 1.400000000000000000e+01 7.800000000000000000e+01 0.000000000000000000e+00
8.178406254148431476e-01 6.104560430295714601e-01 7.000000000000000000e+00 7.900000000000000000e+01 0.000000000000000000e+00
4.337519259318540765e-01 1.550474840054738346e+00 1.600000000000000000e+01 1.150000000000000000e+02 0.000000000000000000e+00
8.891117033861735131e-01 1.317488555204326284e+00 6.000000000000000000e+00 1.660000000000000000e+02 0.000000000000000000e+00
5.169292559330223025e-01 1.595026883737362233e+00 3.000000000000000000e+00 1.770000000000000000e+02 0.000000000000000000e+00
7.017122909137020192e-01 2.748586822892372661e-01 1.900000000000000000e+01 1.030000000000000000e+02 0.000000000000000000e+00
8.552894351619125812e-01 1.679146615033200396e+00 2.000000000000000000e+00 1.970000000000000000e+02 0.000000000000000000e+00
6.512021521118696032e-01 2.041596395841621447e+00 2.000000000000000000e+01 1.820000000000000000e+02 0.000000000000000000e+00
1.563017978908247674e-01 4.524844390559029650e-01 8.000000000000000000e+00 1.800000000000000000e+02 0.000000000000000000e+00
6.428012170963453009e-01 1.976059865162738793e+00 9.000000000000000000e+00 3.000000000000000000e+00 0.000000000000000000e+00
8.795627367482284908e-01 1.386697174771444940e+00 1.900000000000000000e+01 1.520000000000000000e+02 0.000000000000000000e+00
5.570050354532628534e-01 1.626318332957573443e+00 3.000000000000000000e+00 7.200000000000000000e+01 0.000000000000000000e+00
7.004434259653356809e-02 1.553206141527097239e+00 1.000000000000000000e+00 7.700000000000000000e+01 0.000000000000000000e+00
3.695279789048594443e-01 1.190285922195207569e+00 1.800000000000000000e+01 9.200000000000000000e+01 0.000000000000000000e+00
6.141193628310793740e-01 1.262420896737629361e+00 1.600000000000000000e+01 1.370000000000000000e+02 0.000000000000000000e+00
3.622591929758868234e-01 6.736953947903522311e-01 4.000000000000000000e+00 8.200000000000000000e+01 0.000000000000000000e+00
9.271534583782010674e-01 1.283841022273489285e+00 1.200000000000000000e+01 3.200000000000000000e+01 0.000000000000000000e+00
2.727708342712609202e-01 2.889965877617778345e-01 1.700000000000000000e+01 5.200000000000000000e+01 0.000000000000000000e+00
3.434772250113989900e-01 1.993680545053477804e+00 1.200000000000000000e+01 7.200000000000000000e+01 0.000000000000000000e+00
5.370280374856472444e-02 1.376852565878302903e-01 1.500000000000000000e+01 1.270000000000000000e+02 0.000000000000000000e+00
2.514451133351107703e-01 2.430253128493477244e-01 1.600000000000000000e+01 1.970000000000000000e+02 0.000000000000000000e+00
8.390844621141165804e-01 1.950870344637180231e+00 2.000000000000000000e+01 1.070000000000000000e+02 0.000000000000000000e+00
9.306902340642956295e-01 1.448740021053373850e+00 6.000000000000000000e+00 1.770000000000000000e+02 0.000000000000000000e+00
2.733558932472249792e-01 1.896885008691218566e+00 6.000000000000000000e+00 4.200000000000000000e+01 0.000000000000000000e+00
7.214843937577212207e-01 1.736482909770124872e+00 1.600000000000000000e+01 1.120000000000000000e+02 1.000000000000000000e+00
7.420831421486951962e-01 1.017671413712003980e+00 1.900000000000000000e+01 1.980000000000000000e+02 1.000000000000000000e+00
3.274344508815151683e-02 9.780342832001110986e-01 8.000000000000000000e+00 4.700000000000000000e+01 1.000000000000000000e+00
1.109875885546008772e-01 4.293018017805115827e-01 1.300000000000000000e+01 1.630000000000000000e+02 1.000000000000000000e+00
5.620607076338973718e-01 9.734351357581157993e-01 5.000000000000000000e+00 1.690000000000000000e+02 1.000000000000000000e+00
3.012174115059000901e-01 2.410961334458735783e-01 8.000000000000000000e+00 1.270000000000000000e+02 1.000000000000000000e+00
8.883657871109892357e-01 4.452804999787746132e-01 1.000000000000000000e+00 1.470000000000000000e+02 1.000000000000000000e+00
2.226681046566891808e-01 1.039670412767329799e-01 1.200000000000000000e+01 7.900000000000000000e+01 1.000000000000000000e+00
9.331476480618614566e-01 2.523730378214393832e-01 8.000000000000000000e+00 2.100000000000000000e+01 1.000000000000000000e+00
3.732589218771963369e-01 5.904560284351799693e-01 1.600000000000000000e+01 1.590000000000000000e+02 1.000000000000000000e+00
7.101656260342571469e-01 1.634661589097704537e+00 1.000000000000000000e+00 7.800000000000000000e+01 1.000000000000000000e+00
7.424477678029815786e-02 1.504808756539326442e+00 1.400000000000000000e+01 1.970000000000000000e+02 1.000000000000000000e+00
2.864149217191244157e-01 1.922294361833145615e+00 9.000000000000000000e+00 1.360000000000000000e+02 1.000000000000000000e+00
7.615407506429739959e-01 1.370163875708651613e+00 1.700000000000000000e+01 1.250000000000000000e+02 1.000000000000000000e+00
1.807926570021098911e-01 3.982878040914917817e-01 1.100000000000000000e+01 1.810000000000000000e+02 1.000000000000000000e+00
8.834090664308233976e-01 1.711277528274304238e+00 1.300000000000000000e+01 6.400000000000000000e+01 1.000000000000000000e+00
6.773086558425698289e-01 1.311906883789504485e+00 1.200000000000000000e+01 1.010000000000000000e+02 1.000000000000000000e+00
8.725045673633201326e-02 2.044048299029584292e+00 1.600000000000000000e+01 3.900000000000000000e+01 1.000000000000000000e+00
3.197934562634018318e-01 3.448347210724796996e-01 3.000000000000000000e+00 1.340000000000000000e+02 1.000000000000000000e+00
8.622630249033691463e-01 4.279195434812147480e-01 1.800000000000000000e+01 1.650000000000000000e+02 1.000000000000000000e+00
8.676541948378678759e-01 8.748735532199886089e-01 6.000000000000000000e+00 1.000000000000000000e+02 1.000000000000000000e+00
9.366365598322191621e-01 1.186898740207825265e+00 1.200000000000000000e+01 1.220000000000000000e+02 1.000000000000000000e+00
5.158515098674121280e-01 1.756980582840177441e+00 1.900000000000000000e+01 1.090000000000000000e+02 1.000000000000000000e+00
1.000826623757900657e+00 1.695180660467317413e+00 7.000000000000000000e+00 5.100000000000000000e+01 1.000000000000000000e+00
4.970884576992118387e-01 3.415121106658166594e-01 4.000000000000000000e+00 5.000000000000000000e+00 1.000000000000000000e+00
2.294199116836781460e-01 7.353158528040760755e-01 2.000000000000000000e+01 6.800000000000000000e+01 1.000000000000000000e+00
8.070741817873446911e-01 1.694275807863308447e+00 1.100000000000000000e+01 3.300000000000000000e+01 1.000000000000000000e+00
9.208157461693032841e-01 2.079454697118984008e+00 1.500000000000000000e+01 9.400000000000000000e+01 1.000000000000000000e+00
5.338978258138661337e-01 2.839984004590269118e-01 1.400000000000000000e+01 1.570000000000000000e+02 1.000000000000000000e+00
2.769381850164066572e-01 1.721007921477407221e+00 8.000000000000000000e+00 4.000000000000000000e+01 1.000000000000000000e+00
7.612466389856548110e-01 2.053933362259383166e+00 9.000000000000000000e+00 3.300000000000000000e+01 1.000000000000000000e+00
4.303920666954464957e-01 1.952514837332290920e+00 1.800000000000000000e+01 1.740000000000000000e+02 1.000000000000000000e+00
3.782915413536713095e-02 3.692537596707657910e-01 6.000000000000000000e+00 1.910000000000000000e+02 1.000000000000000000e+00
4.451103132531560869e-01 1.624283944182972839e+00 3.000000000000000000e+00 1.250000000000000000e+02 1.000000000000000000e+00
2.985664485349225350e-01 1.491180906322385757e+00 5.000000000000000000e+00 5.700000000000000000e+01 1.000000000000000000e+00
7.835336904348654263e-01 1.879583466385537971e+00 1.300000000000000000e+01 2.400000000000000000e+01 1.000000000000000000e+00
3.228625182273723304e-01 1.051521604824931844e+00 6.000000000000000000e+00 7.300000000000000000e+01 1.000000000000000000e+00
2.618747818153387419e-01 9.719372189524447814e-01 1.800000000000000000e+01 7.000000000000000000e+00 1.000000000000000000e+00
2.097984299808592912e-01 1.786605107925177682e+00 1.100000000000000000e+01 2.200000000000000000e+01 1.000000000000000000e+00
1.131699375024696440e-02 1.140305781190332324e+00 7.000000000000000000e+00 1.000000000000000000e+01 1.000000000000000000e+00
3.842011126758506645e-01 1.770779587294214696e+00 1.500000000000000000e+01 1.200000000000000000e+01 1.000000000000000000e+00
7.984562841503667352e-01 2.013988640332539326e+00 6.000000000000000000e+00 1.650000000000000000e+02 1.000000000000000000e+00
8.190681559033886616e-01 3.441706899544648701e-01 8.000000000000000000e+00 1.420000000000000000e+02 1.000000000000000000e+00
2.470883320763871821e-02 4.295236869503930022e-01 4.000000000000000000e+00 6.500000000000000000e+01 1.000000000000000000e+00
7.282544869278618771e-01 4.817356167210279372e-01 2.000000000000000000e+00 1.050000000000000000e+02 1.000000000000000000e+00
8.790949633940581265e-01 1.902414842761017022e+00 2.000000000000000000e+00 4.300000000000000000e+01 1.000000000000000000e+00
2.338731428237911247e-01 1.082752395319421357e+00 2.000000000000000000e+01 1.190000000000000000e+02 1.000000000000000000e+00
4.236732900100033117e-01 1.769383566952702713e+00 4.000000000000000000e+00 1.230000000000000000e+02 1.000000000000000000e+00
8.357005560270508449e-01 8.723039326971692153e-01 1.700000000000000000e+01 1.270000000000000000e+02 1.000000000000000000e+00
4.427864258479830006e-01 6.599966901932682317e-01 1.700000000000000000e+01 3.900000000000000000e+01 1.000000000000000000e+00
6.872134785721885075e-01 1.077525908122017428e+00 1.000000000000000000e+00 3.000000000000000000e+00 2.000000000000000000e+00
2.209328444596464491e-01 1.597114694273823687e+00 8.000000000000000000e+00 5.000000000000000000e+01 2.000000000000000000e+00
7.648286273675007629e-02 2.086613359485670394e+00 1.800000000000000000e+01 1.590000000000000000e+02 2.000000000000000000e+00
3.366457198799669426e-01 1.128695812387465081e+00 3.000000000000000000e+00 1.700000000000000000e+02 2.000000000000000000e+00
4.517524788767810495e-01 8.930047360804221901e-01 5.000000000000000000e+00 1.400000000000000000e+02 2.000000000000000000e+00
1.460257227605673558e-01 9.135634326996088239e-01 9.000000000000000000e+00 1.400000000000000000e+02 2.000000000000000000e+00
7.049752683494735495e-01 1.795852523767387909e+00 1.400000000000000000e+01 4.800000000000000000e+01 2.000000000000000000e+00
7.910295171044084972e-01 1.915717813687768389e+00 9.000000000000000000e+00 1.770000000000000000e+02 2.000000000000000000e+00
5.944495681196887427e-01 1.601428852382598134e+00 1.700000000000000000e+01 1.840000000000000000e+02 2.000000000000000000e+00
9.970446057600444723e-02 1.149532330061921126e+00 1.600000000000000000e+01 2.500000000000000000e+01 2.000000000000000000e+00
5.584394136089831234e-02 5.407627082887310754e-01 1.700000000000000000e+01 1.160000000000000000e+02 2.000000000000000000e+00
4.857316422873002998e-02 2.938813701853234539e-01 1.300000000000000000e+01 3.000000000000000000e+01 2.000000000000000000e+00
1.825664228284524793e-01 1.475783263874209883e+00 1.000000000000000000e+00 8.000000000000000000e+00 2.000000000000000000e+00
9.713062112358044065e-01 1.863924988320968756e+00 1.700000000000000000e+01 8.300000000000000000e+01 2.000000000000000000e+00
4.048512021954218110e-01 5.457134090730436649e-01 1.000000000000000000e+00 5.600000000000000000e+01 2.000000000000000000e+00
5.530231466218090697e-01 7.331564425072457647e-01 1.000000000000000000e+00 1.740000000000000000e+02 2.000000000000000000e+00
4.565196930644265239e-01 1.892850687393052012e-01 8.000000000000000000e+00 1.730000000000000000e+02 2.000000000000000000e+00
6.618144156046471549e-01 1.249593450946863360e+00 1.000000000000000000e+01 4.100000000000000000e+01 2.000000000000000000e+00
9.544331135669820165e-01 1.349377887350210692e+00 1.000000000000000000e+01 1.800000000000000000e+01 2.000000000000000000e+00
3.652720719000450700e-01 1.874148284980085011e+00 1.100000000000000000e+01 4.100000000000000000e+01 2.000000000000000000e+00
9.796966845656223111e-01 1.672596410502120046e+00 1.500000000000000000e+01 1.640000000000000000e+02 2.000000000000000000e+00
9.192822944702410126e-01 1.645631591919596293e+00 1.800000000000000000e+01 1.350000000000000000e+02 2.000000000000000000e+00
5.687487380191417197e-01 1.395189461471096681e+00 2.000000000000000000e+00 5.600000000000000000e+01 2.000000000000000000e+00
3.905126992569964983e-01 1.048887833671318770e+00 6.000000000000000000e+00 3.100000000000000000e+01 2.000000000000000000e+00
1.654898216701533586e-01 1.896684031512216428e+00 1.800000000000000000e+01 1.750000000000000000e+02 2.000000000000000000e+00
8.006551264349376362e-01 1.898951332306640039e+00 6.000000000000000000e+00 3.500000000000000000e+01 2.000000000000000000e+00
7.062158619680207750e-01 2.051852432943678473e+00 1.900000000000000000e+01 1.300000000000000000e+02 2.000000000000000000e+00
8.675540669775927416e-01 1.329935325312391114e+00 2.000000000000000000e+00 1.960000000000000000e+02 2.000000000000000000e+00
4.317855658228868521e-01 2.009932227473152366e+00 1.300000000000000000e+01 2.900000000000000000e+01 2.000000000000000000e+00
9.002229617794392791e-01 1.425280080125715498e+00 1.000000000000000000e+00 1.420000000000000000e+02 2.000000000000000000e+00
3.495782666056408416e-01 1.531676910785369827e+00 2.000000000000000000e+01 6.000000000000000000e+00 2.000000000000000000e+00
9.757008824143189596e-01 1.395305479694214812e+00 1.700000000000000000e+01 1.620000000000000000e+02 2.000000000000000000e+00
8.756130866701109516e-01 6.109566382500540849e-01 5.000000000000000000e+00 3.900000000000000000e+01 2.000000000000000000e+00
1.414359732514716139e-01 1.944895096668088907e+00 1.600000000000000000e+01 8.000000000000000000e+01 2.000000000000000000e+00
7.098877585483934771e-01 1.784984535571546571e+00 2.000000000000000000e+01 4.400000000000000000e+01 2.000000000000000000e+00
3.853486717427941910e-01 5.760840639429943844e-01 1.900000000000000000e+01 2.800000000000000000e+01 2.000000000000000000e+00
8.600840176289706873e-01 7.173322841482033807e-01 8.000000000000000000e+00 2.300000000000000000e+01 2.000000000000000000e+00
8.873041873651921208e-01 7.488061206294159833e-01 7.000000000000000000e+00 1.290000000000000000e+02 2.000000000000000000e+00
5.351888731204585969e-01 1.687835961871668289e+00 3.000000000000000000e+00 1.530000000000000000e+02 2.000000000000000000e+00
1.195972849577178060e-01 1.931432381334194259e+00 7.000000000000000000e+00 5.600000000000000000e+01 2.000000000000000000e+00
1.220841551434298372e-01 5.157855818137079273e-01 2.000000000000000000e+01 1.840000000000000000e+02 2.000000000000000000e+00
3.936742716090473326e-01 6.492515130091646158e-01 6.000000000000000000e+00 1.700000000000000000e+02 2.000000000000000000e+00
9.379225355315766732e-01 1.248969944492769546e+00 1.600000000000000000e+01 5.000000000000000000e+01 2.000000000000000000e+00
4.302840471239857134e-01 1.340878481444097714e+00 4.000000000000000000e+00 2.500000000000000000e+01 2.000000000000000000e+00
2.817353280430584528e-01 7.761573849420250193e-01 4.000000000000000000e+00 6.200000000000000000e+01 2.000000000000000000e+00
1.205305542516232759e-01 2.652524479946304359e-01 1.700000000000000000e+01 1.540000000000000000e+02 2.000000000000000000e+00
7.084286104741546186e-01 1.010831908292915582e+00 1.500000000000000000e+01 1.780000000000000000e+02 2.000000000000000000e+00
9.986977337598877680e-02 1.952222614203245721e+00 2.000000000000000000e+01 7.200000000000000000e+01 2.000000000000000000e+00
9.802989702452256926e-02 9.172927935926403764e-01 1.500000000000000000e+01 6.700000000000000000e+01 2.000000000000000000e+00
7.474963906469070940e-01 1.279051489788953777e+00 1.000000000000000000e+01 5.200000000000000000e+01 2.000000000000000000e+00
6.609821183786755983e-01 1.472534362514060113e+00 1.100000000000000000e+01 8.400000000000000000e+01 3.000000000000000000e+00
7.629910360369905609e-02 7.751156697130289208e-01 3.000000000000000000e+00 1.760000000000000000e+02 3.000000000000000000e+00
9.968084299249115876e-01 4.429392201137926088e-01 1.300000000000000000e+01 1.050000000000000000e+02 3.000000000000000000e+00
3.400860240201110107e-01 1.206180320389214078e+00 8.000000000000000000e+00 7.000000000000000000e+01 3.000000000000000000e+00
8.253262691908679338e-01 1.596003669729842533e+00 1.500000000000000000e+01 1.210000000000000000e+02 3.000000000000000000e+00
3.624322435573379408e-01 6.975320433889095062e-01 1.200000000000000000e+01 1.580000000000000000e+02 3.000000000000000000e+00
7.423313971972802516e-01 1.753989045065590391e+00 9.000000000000000000e+00 8.100000000000000000e+01 3.000000000000000000e+00
6.288544909651504478e-01 8.768648899871726021e-01 4.000000000000000000e+00 3.000000000000000000e+01 3.000000000000000000e+00
5.308575573811805670e-01 3.031781564124159667e-01 1.000000000000000000e+01 7.200000000000000000e+01 3.000000000000000000e+00
5.647369435085430878e-01 4.949482846118659074e-01 3.000000000000000000e+00 4.600000000000000000e+01 3.000000000000000000e+00
5.664166057350520367e-01 2.023897445249602800e+00 1.800000000000000000e+01 1.320000000000000000e+02 3.000000000000000000e+00
6.340596798464480655e-01 1.337171206999253903e-01 5.000000000000000000e+00 7.100000000000000000e+01 3.000000000000000000e+00
7.512239197434906757e-01 1.276094005182208280e+00 1.300000000000000000e+01 1.460000000000000000e+02 3.000000000000000000e+00
5.314643872916303691e-01 2.096736064546935729e+00 1.700000000000000000e+01 4.700000000000000000e+01 3.000000000000000000e+00
8.877472689171687081e-01 5.990614159387747106e-01 1.700000000000000000e+01 4.100000000000000000e+01 3.000000000000000000e+00
3.658245196465226279e-01 1.663385870840549396e-01 8.000000000000000000e+00 4.500000000000000000e+01 3.000000000000000000e+00
2.137677476170852797e-01 9.175489916568836390e-01 8.000000000000000000e+00 7.400000000000000000e+01 3.000000000000000000e+00
3.761927977568267911e-01 7.115145450350816025e-01 1.900000000000000000e+01 7.000000000000000000e+01 3.000000000000000000e+00
9.160869878609410044e-01 6.425485790818245002e-01 9.000000000000000000e+00 8.900000000000000000e+01 3.000000000000000000e+00
1.686392774863318955e-01 4.886442599898620509e-01 4.000000000000000000e+00 1.050000000000000000e+02 3.000000000000000000e+00
7.673847614668632966e-01 1.107138275633704039e+00 6.000000000000000000e+00 1.800000000000000000e+02 3.000000000000000000e+00
4.082624415483172564e-01 5.356800627931000980e-01 1.500000000000000000e+01 1.080000000000000000e+02 3.000000000000000000e+00
5.589974440344614992e-01 1.371984199654881831e+00 5.000000000000000000e+00 1.080000000000000000e+02 3.000000000000000000e+00
8.179869430097661542e-01 1.379362900708716477e+00 1.300000000000000000e+01 1.970000000000000000e+02 3.000000000000000000e+00
2.846199202977598430e-01 3.537269451351180427e-01 5.000000000000000000e+00 8.000000000000000000e+00 3.000000000000000000e+00
9.751308573324674045e-01 2.058139260109313362e+00 2.000000000000000000e+00 1.770000000000000000e+02 3.000000000000000000e+00
6.843053718133890184e-01 3.071554069430254552e-01 4.000000000000000000e+00 1.180000000000000000e+02 3.000000000000000000e+00
5.792377438506762788e-01 4.089941415213874665e-01 9.000000000000000000e+00 9.500000000000000000e+01 3.000000000000000000e+00
7.543998601283744554e-01 4.451442378758355689e-01 1.800000000000000000e+01 1.110000000000000000e+02 3.000000000000000000e+00
5.195786605544159276e-01 1.231407248853679581e+00 8.000000000000000000e+00 5.200000000000000000e+01 3.000000000000000000e+00
6.271389376471587784e-01 1.136251591411361339e+00 1.100000000000000000e+01 1.820000000000000000e+02 3.000000000000000000e+00
4.718581049888092016e-01 7.404768507845312930e-01 8.000000000000000000e+00 1.970000000000000000e+02 3.000000000000000000e+00
7.035819923064913217e-01 9.097897260558708288e-01 1.500000000000000000e+01 1.950000000000000000e+02 3.000000000000000000e+00
1.390871877045682936e-01 2.021797679248331647e+00 4.000000000000000000e+00 9.500000000000000000e+01 3.000000000000000000e+00
1.001232606825265492e+00 3.225268795345316297e-01 3.000000000000000000e+00 1.120000000000000000e+02 3.000000000000000000e+00
4.260671349343465586e-01 1.513570925500173914e+00 1.200000000000000000e+01 1.870000000000000000e+02 3.000000000000000000e+00
2.116846695179405158e-01 1.554276519045028726e+00 1.800000000000000000e+01 8.800000000000000000e+01 3.000000000000000000e+00
2.952809709663228172e-02 1.414482907831726255e+00 4.000000000000000000e+00 9.400000000000000000e+01 3.000000000000000000e+00
8.636307773272804411e-01 8.005297267104992676e-01 1.600000000000000000e+01 1.720000000000000000e+02 3.000000000000000000e+00
1.941566365292587415e-01 1.852767230306854529e+00 5.000000000000000000e+00 1.690000000000000000e+02 3.000000000000000000e+00
9.219766848258081904e-01 1.186562268314369784e-01 1.000000000000000000e+01 1.830000000000000000e+02 3.000000000000000000e+00
3.653407766586208583e-01 1.942244338094113232e+00 3.000000000000000000e+00 1.770000000000000000e+02 3.000000000000000000e+00
4.886872051319266497e-01 1.953115219163907623e+00 1.700000000000000000e+01 4.300000000000000000e+01 3.000000000000000000e+00
2.559183295221292287e-01 7.337029736700998450e-01 1.400000000000000000e+01 9.000000000000000000e+01 3.000000000000000000e+00
4.742057682769323934e-01 1.058381844879202172e+00 6.000000000000000000e+00 7.300000000000000000e+01 3.000000000000000000e+00
5.274867093550411612e-01 1.567324255781305853e+00 1.100000000000000000e+01 1.750000000000000000e+02 3.000000000000000000e+00
2.378394622140115322e-01 1.266301634182380065e+00 1.300000000000000000e+01 9.900000000000000000e+01 3.000000000000000000e+00
4.671956518431590322e-01 3.798419941967882130e-01 7.000000000000000000e+00 1.890000000000000000e+02 3.000000000000000000e+00
3.713405809574581440e-01 9.076078968373922917e-01 6.000000000000000000e+00 5.300000000000000000e+01 3.000000000000000000e+00
2.597590997618511865e-01 1.402191920365215783e+00 1.100000000000000000e+01 1.100000000000000000e+01 3.000000000000000000e+00
9.775277558632902153e-01 1.373136935633175071e+00 7.000000000000000000e+00 9.100000000000000000e+01 4.000000000000000000e+00
5.262238846089974942e-01 1.218726593254845447e+00 1.900000000000000000e+01 1.780000000000000000e+02 4.000000000000000000e+00
3.504585347192510358e-01 2.805644226920743778e-01 1.000000000000000000e+00 3.900000000000000000e+01 4.000000000000000000e+00
7.446203247820253335e-01 1.103908600193805656e+00 6.000000000000000000e+00 1.980000000000000000e+02 4.000000000000000000e+00
6.177425164755496745e-01 9.639504610272712215e-01 1.700000000000000000e+01 1.720000000000000000e+02 4.000000000000000000e+00
7.981242991374136730e-01 8.972633562218285119e-01 1.500000000000000000e+01 2.100000000000000000e+01 4.000000000000000000e+00
2.214367927703717598e-01 1.161722342528467289e+00 1.100000000000000000e+01 3.400000000000000000e+01 4.000000000000000000e+00
5.094493349632851498e-01 8.389733509481930307e-01 1.400000000000000000e+01 3.100000000000000000e+01 4.000000000000000000e+00
2.595278173102201213e-01 1.200884760474056900e+00 7.000000000000000000e+00 6.400000000000000000e+01 4.000000000000000000e+00
8.921701528973688955e-01 1.719751423143894620e+00 8.000000000000000000e+00 2.200000000000000000e+01 4.000000000000000000e+00
1.131925621441287472e-01 9.789640554336959122e-01 1.800000000000000000e+01 8.800000000000000000e+01 4.000000000000000000e+00
1.386787391082250354e-01 1.332064390241789686e+00 1.000000000000000000e+00 1.800000000000000000e+01 4.000000000000000000e+00
6.066983821862913934e-02 7.831189014931302372e-01 9.000000000000000000e+00 7.200000000000000000e+01 4.000000000000000000e+00
6.680221147363947232e-01 5.632757175189365695e-01 2.000000000000000000e+00 1.110000000000000000e+02 4.000000000000000000e+00
4.880384272026309089e-01 5.638617105544049268e-01 1.500000000000000000e+01 2.800000000000000000e+01 4.000000000000000000e+00
8.113681534671624007e-01 1.704141093680787922e+00 6.000000000000000000e+00 7.300000000000000000e+01 4.000000000000000000e+00
9.719682483398928152e-01 1.572465638804197319e+00 1.600000000000000000e+01 1.630000000000000000e+02 4.000000000000000000e+00
7.590943818447165592e-01 5.742994787366962894e-01 4.000000000000000000e+00 4.700000000000000000e+01 4.000000000000000000e+00
4.436527705536073007e-01 1.979225106044749660e+00 2.000000000000000000e+00 1.550000000000000000e+02 4.000000000000000000e+00
7.901654993569954266e-01 2.044761449245481533e+00 1.400000000000000000e+01 1.490000000000000000e+02 4.000000000000000000e+00
4.471971220024404392e-01 1.023056503366390313e+00 1.200000000000000000e+01 1.930000000000000000e+02 4.000000000000000000e+00
7.747565288182489684e-01 2.849748772447736611e-01 5.000000000000000000e+00 7.900000000000000000e+01 4.000000000000000000e+00
9.873603975493505658e-01 1.980526925837503782e+00 1.300000000000000000e+01 1.860000000000000000e+02 4.000000000000000000e+00
5.313043471424642172e-01 1.017707187661396340e+00 1.000000000000000000e+01 1.750000000000000000e+02 4.000000000000000000e+00
5.475511713916870749e-01 1.853273685843086938e+00 1.100000000000000000e+01 5.100000000000000000e+01 4.000000000000000000e+00
4.916488068227843344e-01 1.812762600555939407e+00 1.500000000000000000e+01 1.280000000000000000e+02 4.000000000000000000e+00
3.277642387758424869e-01 1.293787330365031851e-01 1.200000000000000000e+01 1.890000000000000000e+02 4.000000000000000000e+00
2.204255266912071853e-01 5.563895622913673789e-01 2.000000000000000000e+01 6.400000000000000000e+01 4.000000000000000000e+00
2.068539112739182784e-01 2.097256439759914048e+00 1.700000000000000000e+01 3.500000000000000000e+01 4.000000000000000000e+00
2.058140763369735726e-01 5.133795532055526190e-01 1.500000000000000000e+01 6.500000000000000000e+01 4.000000000000000000e+00
6.715812951327667646e-01 8.344810244385109099e-01 1.200000000000000000e+01 1.300000000000000000e+02 4.000000000000000000e+00
8.787253438155672169e-01 1.295319154091404856e+00 1.000000000000000000e+01 1.630000000000000000e+02 4.000000000000000000e+00
2.387636165947651934e-01 1.633087713152127363e-01 1.000000000000000000e+01 1.390000000000000000e+02 4.000000000000000000e+00
6.102638945374427165e-02 1.249124086072156192e+00 1.000000000000000000e+00 1.500000000000000000e+02 4.000000000000000000e+00
9.108038972011848200e-01 1.300846271243984109e+00 5.000000000000000000e+00 1.550000000000000000e+02 4.000000000000000000e+00
8.632302796713238191e-01 2.095148495836975044e+00 1.000000000000000000e+01 1.760000000000000000e+02 4.000000000000000000e+00
8.776183034225878421e-01 1.201255050531952195e-01 1.300000000000000000e+01 2.000000000000000000e+02 4.000000000000000000e+00
4.399437962283473391e-01 4.848397074960469899e-01 9.000000000000000000e+00 8.400000000000000000e+01 4.000000000000000000e+00
6.177810163781770614e-01 1.038556429342763598e+00 5.000000000000000000e+00 1.170000000000000000e+02 4.000000000000000000e+00
7.392117527533844656e-01 4.934090330651174083e-01 3.000000000000000000e+00 1.180000000000000000e+02 4.000000000000000000e+00
5.676191438597205652e-01 1.259032990051920597e+00 8.000000000000000000e+00 1.420000000000000000e+02 4.000000000000000000e+00
4.567144438208804447e-01 1.407909355757278380e+00 4.000000000000000000e+00 1.780000000000000000e+02 4.000000000000000000e+00
1.904299653225439704e-01 1.108061924878663174e+00 1.900000000000000000e+01 3.200000000000000000e+01 4.000000000000000000e+00
7.482762119625864239e-01 9.744824187727604281e-01 7.000000000000000000e+00 3.900000000000000000e+01 4.000000000000000000e+00
3.793323511532190606e-01 1.986370614752466235e+00 2.000000000000000000e+00 1.400000000000000000e+01 4.000000000000000000e+00
6.985220716589480849e-01 8.750052441839489825e-01 1.300000000000000000e+01 2.300000000000000000e+01 4.000000000000000000e+00
9.362130996864159727e-01 1.449480780107829991e+00 5.000000000000000000e+00 7.100000000000000000e+01 4.000000000000000000e+00
9.957730663634097867e-01 1.869888612316444654e+00 1.900000000000000000e+01 4.900000000000000000e+01 4.000000000000000000e+00
5.401224184933733907e-01 1.102995849100374848e+00 1.500000000000000000e+01 2.600000000000000000e+01 4.000000000000000000e+00
1.653823639531382117e-01 1.603361440160888440e+00 1.000000000000000000e+00 6.900000000000000000e+01 4.000000000000000000e+00
