3.947731195167437646e-01 1.819415693181238192e+00 5.000000000000000000e+00 4.700000000000000000e+01 0.000000000000000000e+00
9.541996358074200657e-01 1.505649787221458924e+00 4.000000000000000000e+00 1.020000000000000000e+02 0.000000000000000000e+00
6.436340971714068493e-01 1.311922563981196221e+00 1.000000000000000000e+00 1.150000000000000000e+02 0.000000000000000000e+00
2.101268428599044613e-01 8.747757753334023390e-01 6.000000000000000000e+00 1.390000000000000000e+02 0.000000000000000000e+00
2.689831637514316087e-01 2.492145628395358303e-01 4.000000000000000000e+00 6.900000000000000000e+01 0.000000000000000000e+00
2.909569746777908028e-01 9.768683022920995329e-01 1.400000000000000000e+01 9.500000000000000000e+01 0.000000000000000000e+00
4.932490435894631986e-01 1.836978972574789593e+00 8.000000000000000000e+00 6.600000000000000000e+01 0.000000000000000000e+00
5.396293840042846179e-01 1.224526288469511837e+00 7.000000000000000000e+00 7.600000000000000000e+01 0.000000000000000000e+00
4.810553439951907873e-01 1.477684013993643797e+00 1.200000000000000000e+01 1.490000000000000000e+02 0.000000000000000000e+00
5.148286053763792003e-01 1.746351509531425261e+00 1.100000000000000000e+01 6.100000000000000000e+01 0.000000000000000000e+00
9.703671539865860174e-01 1.816288477430252790e+00 7.000000000000000000e+00 1.640000000000000000e+02 0.000000000000000000e+00
3.191764244481644086e-01 1.199442124958098210e+00 1.600000000000000000e+01 1.770000000000000000e+02 0.000000000000000000e+00
6.646783816352623830e-01 2.001717455362667319e+00 8.000000000000000000e+00 7.800000000000000000e+01 0.000000000000000000e+00
9.847696475857025122e-01 9.970693160647933206e-01 4.000000000000000000e+00 1.100000000000000000e+01 0.000000000000000000e+00
8.092729287633897428e-01 1.556707274102433480e+00 4.000000000000000000e+00 9.500000000000000000e+01 0.000000000000000000e+00
9.814555543490964540e-02 1.686069218309498075e+00 1.200000000000000000e+01 1.250000000000000000e+02 0.000000000000000000e+00
9.331642955543366647e-01 1.329812477487686051e+00 1.300000000000000000e+01 1.080000000000000000e+02 0.000000000000000000e+00
2.207859259260924745e-01 5.832823761603188606e-01 1.800000000000000000e+01 1.200000000000000000e+02 0.000000000000000000e+00
4.231790126114957085e-01 1.558378745858498116e+00 1.000000000000000000e+00 1.790000000000000000e+02 0.000000000000000000e+00
2.509035103976130915e-02 4.685573948379043729e-01 2.000000000000000000e+00 1.290000000000000000e+02 0.000000000000000000e+00
4.530333599023765867e-01 1.296798740362652635e+00 1.500000000000000000e+01 5.200000000000000000e+01 0.000000000000000000e+00
1.371929826764854976e-01 1.723690092683290320e+00 7.000000000000000000e+00 1.600000000000000000e+01 0.000000000000000000e+00
2.278787224057692296e-01 2.808519469246063549e-01 4.000000000000000000e+00 1.000000000000000000e+00 0.000000000000000000e+00
1.311678375947685771e-01 2.083996978569635061e+00 7.000000000000000000e+00 9.400000000000000000e+01 0.000000000000000000e+00
3.339918759801772108e-01 9.034820736249421502e-01 1.200000000000000000e+01 8.600000000000000000e+01 0.000000000000000000e+00
4.887376142689058289e-01 9.354094489093621734e-01 7.000000000000000000e+00 1.090000000000000000e+02 0.000000000000000000e+00
3.048128864862562626e-01 1.239014760231840429e+00 6.000000000000000000e+00 1.320000000000000000e+02 0.000000000000000000e+00
3.732857733604071360e-01 6.001395664865599722e-01 9.000000000000000000e+00 1.940000000000000000e+02 0.000000000000000000e+00
4.518732032713183022e-01 1.302535814278875215e+00 1.900000000000000000e+01 9.100000000000000000e+01 0.000000000000000000e+00
3.394575572858509194e-01 1.396631001972289399e+00 3.000000000000000000e+00 9.400000000000000000e+01 0.000000000000000000e+00
4.272736622573498622e-01 6.814720054116575332e-01 2.000000000000000000e+00 1.010000000000000000e+02 0.000000000000000000e+00
6.993272621555702839e-01 1.939679850658060145e+00 1.000000000000000000e+00 1.400000000000000000e+01 0.000000000000000000e+00
5.893104991426286743e-01 1.440304484212724390e+00 1.300000000000000000e+01 7.200000000000000000e+01 0.000000000000000000e+00
6.539988991875624880e-01 1.425017551433489071e+00 7.000000000000000000e+00 1.150000000000000000e+02 0.000000000000000000e+00
4.012486128976630040e-01 1.557593211928240517e+00 5.000000000000000000e+00 1.400000000000000000e+01 0.000000000000000000e+00
6.460186348505931875e-01 1.016137605146936851e+00 2.000000000000000000e+00 1.320000000000000000e+02 0.000000000000000000e+00
3.715249618524962133e-02 1.152569451390218935e+00 1.800000000000000000e+01 1.180000000000000000e+02 0.000000000000000000e+00
4.656715486797702308e-01 1.383551293663281223e+00 1.200000000000000000e+01 7.600000000000000000e+01 0.000000000000000000e+00
5.539705306028757104e-01 2.035189673788481812e+00 1.800000000000000000e+01 1.190000000000000000e+02 0.000000000000000000e+00
7.979194026230986836e-01 1.331492019756935097e+00 3.000000000000000000e+00 1.460000000000000000e+02 0.000000000000000000e+00
4.266562861167462195e-01 1.591337210399111690e+00 1.600000000000000000e+01 8.000000000000000000e+00 0.000000000000000000e+00
4.268188346659295557e-02 1.397070539396169375e-01 2.000000000000000000e+00 1.410000000000000000e+02 0.000000000000000000e+00
7.470735505888294048e-01 1.132193626128206843e+00 1.300000000000000000e+01 6.400000000000000000e+01 0.000000000000000000e+00
3.075293959584981529e-01 1.185636247943695709e+00 8.000000000000000000e+00 1.080000000000000000e+02 0.000000000000000000e+00
8.596259052343775409e-01 8.202371762031664959e-01 9.000000000000000000e+00 4.300000000000000000e+01 0.000000000000000000e+00
8.834662020137685756e-01 1.810273376085696162e+00 1.000000000000000000e+01 1.600000000000000000e+01 0.000000000000000000e+00
2.323293912331995115e-01 1.401040778851144086e+00 6.000000000000000000e+00 9.900000000000000000e+01 0.000000000000000000e+00
9.596075123572674892e-01 1.453877846531993034e+00 1.900000000000000000e+01 3.700000000000000000e+01 0.000000000000000000e+00
5.201021513854874323e-01 5.986562888192702436e-01 1.900000000000000000e+01 1.800000000000000000e+01 0.000000000000000000e+00
1.573120895879479564e-01 9.153046253701949686e-01 8.000000000000000000e+00 6.300000000000000000e+01 0.000000000000000000e+00
9.028169286089426926e-01 5.725724502404273553e-01 1.200000000000000000e+01 1.510000000000000000e+02 1.000000000000000000e+00
2.206782519623969874e-01 8.123038331318103156e-01 1.700000000000000000e+01 1.390000000000000000e+02 1.000000000000000000e+00
5.306363188715826906e-01 1.269420313235368747e+00 1.100000000000000000e+01 1.270000000000000000e+02 1.000000000000000000e+00
6.222611064092949951e-01 6.906567251878211744e-01 8.000000000000000000e+00 1.190000000000000000e+02 1.000000000000000000e+00
1.132614940620871730e-01 2.097942476784291799e+00 2.000000000000000000e+01 1.770000000000000000e+02 1.000000000000000000e+00
4.698088916499831152e-02 1.143171311086667252e+00 2.000000000000000000e+00 2.600000000000000000e+01 1.000000000000000000e+00
3.367210013534098767e-01 1.409557813964905870e+00 1.700000000000000000e+01 1.080000000000000000e+02 1.000000000000000000e+00
1.605819398978703960e-01 2.009005281510688246e+00 1.800000000000000000e+01 1.170000000000000000e+02 1.000000000000000000e+00
9.846562195271489626e-02 1.724997539961866222e+00 1.600000000000000000e+01 3.800000000000000000e+01 1.000000000000000000e+00
5.373777018365804015e-01 1.123983593989711371e+00 1.500000000000000000e+01 1.000000000000000000e+00 1.000000000000000000e+00
9.935447796653276153e-01 9.819140671039251478e-01 7.000000000000000000e+00 1.810000000000000000e+02 1.000000000000000000e+00
4.584456460037940051e-01 1.632340844397242030e+00 1.400000000000000000e+01 1.820000000000000000e+02 1.000000000000000000e+00
8.056373199866987411e-01 1.886757658401290838e+00 7.000000000000000000e+00 1.050000000000000000e+02 1.000000000000000000e+00
7.850109032251891827e-01 1.860562358860186338e-01 3.000000000000000000e+00 1.640000000000000000e+02 1.000000000000000000e+00
4.963190005713290498e-01 1.490620041398704965e+00 1.100000000000000000e+01 1.990000000000000000e+02 1.000000000000000000e+00
3.201801287426859766e-01 2.097786166712918732e+00 1.800000000000000000e+01 7.000000000000000000e+00 1.000000000000000000e+00
5.615833704853530062e-01 1.099743311097040710e+00 6.000000000000000000e+00 1.000000000000000000e+02 1.000000000000000000e+00
7.278520033449359383e-01 1.503888176892988593e+00 1.100000000000000000e+01 1.540000000000000000e+02 1.000000000000000000e+00
3.118397331562893227e-01 7.065370280853352503e-01 8.000000000000000000e+00 3.100000000000000000e+01 1.000000000000000000e+00
7.218049541702336036e-01 1.433451457317562516e+00 1.500000000000000000e+01 1.680000000000000000e+02 1.000000000000000000e+00
7.385124142662057301e-01 1.074882492219853214e+00 9.000000000000000000e+00 1.700000000000000000e+02 1.000000000000000000e+00
4.282691451817703943e-01 2.049340309866557686e+00 5.000000000000000000e+00 9.600000000000000000e+01 1.000000000000000000e+00
6.313370717442843283e-01 1.169306361200274758e+00 1.400000000000000000e+01 5.400000000000000000e+01 1.000000000000000000e+00
5.479063055393000869e-01 8.065829610330336186e-01 9.000000000000000000e+00 1.790000000000000000e+02 1.000000000000000000e+00
2.249361313069050405e-01 2.369789203872904315e-01 8.000000000000000000e+00 1.850000000000000000e+02 1.000000000000000000e+00
3.117201709515887709e-01 7.315234001239129258e-01 8.000000000000000000e+00 1.380000000000000000e+02 1.000000000000000000e+00
6.312912466091458175e-01 5.774958452117594510e-01 7.000000000000000000e+00 8.200000000000000000e+01 1.000000000000000000e+00
2.939398961293051560e-01 1.266171498840267917e+00 9.000000000000000000e+00 4.000000000000000000e+01 1.000000000000000000e+00
4.353473791183071206e-01 1.802088157651656308e+00 1.000000000000000000e+01 9.000000000000000000e+00 1.000000000000000000e+00
2.875536112957337576e-01 1.921232151412159306e+00 1.100000000000000000e+01 8.700000000000000000e+01 1.000000000000000000e+00
7.240786607160332178e-01 5.442936605440283904e-01 6.000000000000000000e+00 7.400000000000000000e+01 1.000000000000000000e+00
8.124652527391625911e-01 5.640941932748134713e-01 9.000000000000000000e+00 1.170000000000000000e+02 1.000000000000000000e+00
8.726490555564928586e-01 8.374917766799502283e-01 1.000000000000000000e+00 9.900000000000000000e+01 1.000000000000000000e+00
8.443268936054069973e-02 2.539548574470925635e-01 5.000000000000000000e+00 2.500000000000000000e+01 1.000000000000000000e+00
6.728626688247749676e-01 9.896225391512897263e-01 1.500000000000000000e+01 1.340000000000000000e+02 1.000000000000000000e+00
2.030288559747824850e-01 1.470389704081997762e+00 1.000000000000000000e+00 1.620000000000000000e+02 1.000000000000000000e+00
2.033031562938114600e-01 1.307868593111598754e+00 1.800000000000000000e+01 3.000000000000000000e+01 1.000000000000000000e+00
1.050504964819852644e-01 1.897895293622419599e+00 1.300000000000000000e+01 6.400000000000000000e+01 1.000000000000000000e+00
1.635307617251135354e-02 1.143611960346895495e+00 2.000000000000000000e+01 3.100000000000000000e+01 1.000000000000000000e+00
8.898992523578919123e-01 7.657115490889655485e-01 6.000000000000000000e+00 6.200000000000000000e+01 1.000000000000000000e+00
3.978017053671549785e-01 8.030807311215649724e-01 1.900000000000000000e+01 3.800000000000000000e+01 1.000000000000000000e+00
2.003361726911975227e-01 4.783917867372543542e-01 1.900000000000000000e+01 1.350000000000000000e+02 1.000000000000000000e+00
4.071453592618442530e-01 2.037531808254441135e+00 1.600000000000000000e+01 9.800000000000000000e+01 1.000000000000000000e+00
3.767581555979292868e-02 2.406180318661212125e-01 1.800000000000000000e+01 1.690000000000000000e+02 1.000000000000000000e+00
2.026547058897454345e-01 1.210923166063339940e+00 5.000000000000000000e+00 1.130000000000000000e+02 1.000000000000000000e+00
6.670218949676272047e-01 1.975490795406002198e-01 8.000000000000000000e+00 5.100000000000000000e+01 1.000000000000000000e+00
1.743808865820400955e-01 2.033444740542897033e+00 1.300000000000000000e+01 1.730000000000000000e+02 1.000000000000000000e+00
5.690898622061117962e-01 1.103437964302643515e+00 1.500000000000000000e+01 3.600000000000000000e+01 1.000000000000000000e+00
8.537338857330470931e-01 5.442620002464352291e-01 1.600000000000000000e+01 1.860000000000000000e+02 1.000000000000000000e+00
6.765315192744273398e-01 1.795333025120602333e+00 7.000000000000000000e+00 8.900000000000000000e+01 1.000000000000000000e+00
1.296439073665799600e-02 1.913602129646442052e+00 1.900000000000000000e+01 6.800000000000000000e+01 2.000000000000000000e+00
2.611999961544888560e-01 8.033472003313161247e-01 1.000000000000000000e+00 5.700000000000000000e+01 2.000000000000000000e+00
7.506466018812798513e-01 1.671593991223476738e+00 1.900000000000000000e+01 9.700000000000000000e+01 2.000000000000000000e+00
1.434037778493788551e-01 1.963034325000347247e+00 5.000000000000000000e+00 1.290000000000000000e+02 2.000000000000000000e+00
6.171438365967563122e-01 1.498948344069085670e-01 4.000000000000000000e+00 5.000000000000000000e+00 2.000000000000000000e+00
4.334507827568093719e-01 2.017936497539052354e+00 1.200000000000000000e+01 8.500000000000000000e+01 2.000000000000000000e+00
2.633414804953588817e-01 9.924024884938916768e-01 4.000000000000000000e+00 1.520000000000000000e+02 2.000000000000000000e+00
6.304738724631072655e-01 5.035348973980985354e-01 1.200000000000000000e+01 1.770000000000000000e+02 2.000000000000000000e+00
6.883188934847446205e-01 1.972963704078120717e+00 3.000000000000000000e+00 1.510000000000000000e+02 2.000000000000000000e+00
7.436778857833862277e-01 1.361481031901730532e+00 7.000000000000000000e+00 1.980000000000000000e+02 2.000000000000000000e+00
1.000863671307912428e+00 1.633943109863131404e+00 1.500000000000000000e+01 1.600000000000000000e+02 2.000000000000000000e+00
7.298617230056044791e-01 1.556072239342059849e+00 1.500000000000000000e+01 5.300000000000000000e+01 2.000000000000000000e+00
9.530223636530879006e-01 5.910790357275731433e-01 1.300000000000000000e+01 1.020000000000000000e+02 2.000000000000000000e+00
5.411138526766923196e-01 1.202866527061862589e+00 1.800000000000000000e+01 6.700000000000000000e+01 2.000000000000000000e+00
2.643435934413354005e-01 1.979544243831842465e+00 1.400000000000000000e+01 1.280000000000000000e+02 2.000000000000000000e+00
4.251959495293784475e-01 7.100838891070441194e-01 1.900000000000000000e+01 5.200000000000000000e+01 2.000000000000000000e+00
7.818947541215962582e-01 4.085561243956693511e-01 1.200000000000000000e+01 6.500000000000000000e+01 2.000000000000000000e+00
9.379191475587087545e-01 1.607348440799193645e-01 2.000000000000000000e+00 1.080000000000000000e+02 2.000000000000000000e+00
8.851016114576886196e-01 1.289354885938597040e+00 9.000000000000000000e+00 5.800000000000000000e+01 2.000000000000000000e+00
5.059611787513097481e-01 1.809637624786667898e+00 2.000000000000000000e+00 1.380000000000000000e+02 2.000000000000000000e+00
8.753912685833895591e-01 1.690888651989480351e+00 1.300000000000000000e+01 8.900000000000000000e+01 2.000000000000000000e+00
8.192471107937657759e-01 1.588413208260482712e+00 1.000000000000000000e+00 1.100000000000000000e+01 2.000000000000000000e+00
7.138592452840678559e-01 2.486427242955172867e-01 1.000000000000000000e+01 1.790000000000000000e+02 2.000000000000000000e+00
2.004887929029452315e-02 2.887018459357281186e-01 7.000000000000000000e+00 9.700000000000000000e+01 2.000000000000000000e+00
3.146243964325678988e-01 2.009777021465371405e+00 1.200000000000000000e+01 1.170000000000000000e+02 2.000000000000000000e+00
3.340771917615341646e-01 2.728455566338644500e-01 1.000000000000000000e+01 1.240000000000000000e+02 2.000000000000000000e+00
7.911895364889736104e-01 1.137148338552868232e+00 9.000000000000000000e+00 6.900000000000000000e+01 2.000000000000000000e+00
2.804579942621854283e-01 9.079582655323928941e-01 1.900000000000000000e+01 6.300000000000000000e+01 2.000000000000000000e+00
2.511054253902422762e-01 1.647733084362550171e+00 1.000000000000000000e+00 7.700000000000000000e+01 2.000000000000000000e+00
4.913555556092185084e-01 1.288164516262946702e+00 1.100000000000000000e+01 1.880000000000000000e+02 2.000000000000000000e+00
2.532206439785754659e-01 8.563153360069007958e-01 1.200000000000000000e+01 1.150000000000000000e+02 2.000000000000000000e+00
3.618848057253808426e-01 4.715409023685562806e-01 9.000000000000000000e+00 5.600000000000000000e+01 2.000000000000000000e+00
1.708701782068934305e-01 1.175707820976203133e-01 1.700000000000000000e+01 5.700000000000000000e+01 2.000000000000000000e+00
7.672960380151837290e-02 1.102338416154995393e+00 1.700000000000000000e+01 1.200000000000000000e+02 2.000000000000000000e+00
9.559098772816830569e-02 1.414349741487940904e+00 9.000000000000000000e+00 1.600000000000000000e+02 2.000000000000000000e+00
2.012412833592956973e-01 2.483637995261704090e-01 1.000000000000000000e+01 8.900000000000000000e+01 2.000000000000000000e+00
4.371370242199700273e-01 1.399852142650988451e+00 2.000000000000000000e+00 1.200000000000000000e+02 2.000000000000000000e+00
8.863857665627415949e-01 1.881108048268110400e+00 3.000000000000000000e+00 5.000000000000000000e+00 2.000000000000000000e+00
6.815700991851363355e-01 1.055549001373884188e+00 1.700000000000000000e+01 9.100000000000000000e+01 2.000000000000000000e+00
3.503873711420655290e-01 1.451803733082780878e+00 1.000000000000000000e+01 1.080000000000000000e+02 2.000000000000000000e+00
2.204040583552926424e-01 1.780121672066989680e+00 7.000000000000000000e+00 1.910000000000000000e+02 2.000000000000000000e+00
5.620278637046079995e-01 2.050529899472503192e+00 1.000000000000000000e+00 1.080000000000000000e+02 2.000000000000000000e+00
1.364927748094628690e-01 4.567271147020642852e-01 1.900000000000000000e+01 1.870000000000000000e+02 2.000000000000000000e+00
1.206929849781438330e-01 1.574959802555862209e+00 6.000000000000000000e+00 1.000000000000000000e+01 2.000000000000000000e+00
6.440070608270116459e-01 2.260323395691715975e-01 2.000000000000000000e+00 9.500000000000000000e+01 2.000000000000000000e+00
6.039532015168359580e-01 6.559695585451922328e-01 1.600000000000000000e+01 1.120000000000000000e+02 2.000000000000000000e+00
4.249897187089727302e-01 1.183884975218778113e+00 2.000000000000000000e+01 1.160000000000000000e+02 2.000000000000000000e+00
2.553417854601459647e-01 1.401174627993890365e+00 1.700000000000000000e+01 3.000000000000000000e+01 2.000000000000000000e+00
8.788752175644435338e-01 3.217791815100926600e-01 1.600000000000000000e+01 1.120000000000000000e+02 2.000000000000000000e+00
9.393736087081200337e-01 1.046695520100282328e+00 2.000000000000000000e+01 1.030000000000000000e+02 2.000000000000000000e+00
5.452403782055861292e-01 1.499277857609887743e+00 1.000000000000000000e+00 3.700000000000000000e+01 3.000000000000000000e+00
6.744561084563845954e-01 5.334452673588018223e-01 1.400000000000000000e+01 4.800000000000000000e+01 3.000000000000000000e+00
6.455837196008105128e-01 9.184457956521688837e-01 1.600000000000000000e+01 1.210000000000000000e+02 3.000000000000000000e+00
6.174876997424916247e-01 1.159822406860462563e+00 7.000000000000000000e+00 1.500000000000000000e+02 3.000000000000000000e+00
5.740518447178356576e-01 1.362499322027145077e+00 8.000000000000000000e+00 8.000000000000000000e+01 3.000000000000000000e+00
9.305161310182146206e-01 6.705800220290235591e-01 1.700000000000000000e+01 6.800000000000000000e+01 3.000000000000000000e+00
9.506373653980778604e-01 1.228326373343625877e-01 1.700000000000000000e+01 3.000000000000000000e+01 3.000000000000000000e+00
5.430704023631754973e-01 1.065535378523701171e+00 1.300000000000000000e+01 8.700000000000000000e+01 3.000000000000000000e+00
7.499072256864518504e-01 4.011614283060717101e-01 1.000000000000000000e+01 1.510000000000000000e+02 3.000000000000000000e+00
9.811777344168773896e-01 1.720217736391198793e+00 4.000000000000000000e+00 1.300000000000000000e+01 3.000000000000000000e+00
8.481766150062440834e-01 1.759739922362106634e+00 1.100000000000000000e+01 1.300000000000000000e+01 3.000000000000000000e+00
6.437590867533814487e-01 1.240386061873088031e-01 1.500000000000000000e+01 1.510000000000000000e+02 3.000000000000000000e+00
8.430233966078761743e-01 1.813528282445502793e+00 1.800000000000000000e+01 1.210000000000000000e+02 3.000000000000000000e+00
6.857390669296552499e-01 1.952670072682819224e+00 2.000000000000000000e+01 1.880000000000000000e+02 3.000000000000000000e+00
2.960362348000653565e-01 2.911284908447623332e-01 5.000000000000000000e+00 1.790000000000000000e+02 3.000000000000000000e+00
6.606776156718312532e-01 1.753485803705010948e+00 1.100000000000000000e+01 1.110000000000000000e+02 3.000000000000000000e+00
2.990261029698594308e-01 2.966236665857479027e-01 1.000000000000000000e+00 2.000000000000000000e+00 3.000000000000000000e+00
5.252114105339474870e-01 5.935170965813471033e-01 6.000000000000000000e+00 1.910000000000000000e+02 3.000000000000000000e+00
9.132283933538635212e-01 1.618516953043322326e+00 1.800000000000000000e+01 1.000000000000000000e+01 3.000000000000000000e+00
5.404506353098782467e-01 1.690425516208181600e+00 2.000000000000000000e+01 1.800000000000000000e+01 3.000000000000000000e+00
7.112028373625258748e-01 4.739878373812954626e-01 1.800000000000000000e+01 1.350000000000000000e+02 3.000000000000000000e+00
1.007779021667732783e-01 1.791061987577117487e-01 1.000000000000000000e+01 1.080000000000000000e+02 3.000000000000000000e+00
4.143543323016966040e-01 1.441242085860610533e+00 2.000000000000000000e+00 1.240000000000000000e+02 3.000000000000000000e+00
3.247355803760885173e-01 2.064985386023200586e+00 2.000000000000000000e+00 1.970000000000000000e+02 3.000000000000000000e+00
1.934951546989625015e-01 5.428635542369967260e-01 1.800000000000000000e+01 5.000000000000000000e+00 3.000000000000000000e+00
9.212310323554961933e-01 9.813469051904514240e-01 8.000000000000000000e+00 9.700000000000000000e+01 3.000000000000000000e+00
7.485901915887750446e-01 3.147128620085174466e-01 3.000000000000000000e+00 1.780000000000000000e+02 3.000000000000000000e+00
5.708976243492427383e-01 1.445660728684623253e+00 2.000000000000000000e+01 4.600000000000000000e+01 3.000000000000000000e+00
7.033008508905367329e-01 2.046680559796502763e+00 2.000000000000000000e+01 1.970000000000000000e+02 3.000000000000000000e+00
6.031386145799646492e-01 1.516893647107470100e+00 3.000000000000000000e+00 8.700000000000000000e+01 3.000000000000000000e+00
4.272068103660617844e-01 4.900333876943722133e-01 2.000000000000000000e+00 5.300000000000000000e+01 3.000000000000000000e+00
2.960247902077642879e-01 1.463873072163331068e+00 1.600000000000000000e+01 2.100000000000000000e+01 3.000000000000000000e+00
6.142550414127252445e-01 1.617834289777742240e+00 7.000000000000000000e+00 1.640000000000000000e+02 3.000000000000000000e+00
4.331642653768217333e-01 1.237669042596306890e-01 1.000000000000000000e+01 1.680000000000000000e+02 3.000000000000000000e+00
4.811316320539240632e-01 7.541737114018730592e-01 1.400000000000000000e+01 1.690000000000000000e+02 3.000000000000000000e+00
8.694500886731374445e-01 1.729950279553428061e+00 1.200000000000000000e+01 1.730000000000000000e+02 3.000000000000000000e+00
2.754286092162060440e-01 3.305966224844839596e-01 4.000000000000000000e+00 7.200000000000000000e+01 3.000000000000000000e+00
5.075212569389505601e-01 1.281507007911983076e-01 1.000000000000000000e+00 5.000000000000000000e+01 3.000000000000000000e+00
9.534619020180495896e-01 8.882805195831137146e-01 1.700000000000000000e+01 6.000000000000000000e+01 3.000000000000000000e+00
2.994460225465890302e-01 1.120186671535424505e+00 1.800000000000000000e+01 1.550000000000000000e+02 3.000000000000000000e+00
3.087462811786002570e-01 1.858908450012441149e-01 1.300000000000000000e+01 8.500000000000000000e+01 3.000000000000000000e+00
1.116554205403231664e-01 7.465272702854660603e-01 5.000000000000000000e+00 8.700000000000000000e+01 3.000000000000000000e+00
9.030605352175367084e-01 6.774891499196987743e-01 1.400000000000000000e+01 1.500000000000000000e+02 3.000000000000000000e+00
3.453742230431837701e-01 1.623513964807921317e+00 1.000000000000000000e+01 1.980000000000000000e+02 3.000000000000000000e+00
6.414195343070796529e-01 4.705276255638294325e-01 1.800000000000000000e+01 1.600000000000000000e+02 3.000000000000000000e+00
7.421159323652606332e-01 1.374246960909687676e+00 1.900000000000000000e+01 6.500000000000000000e+01 3.000000000000000000e+00
4.258792519320796915e-02 6.231626765510730470e-01 1.900000000000000000e+01 1.850000000000000000e+02 3.000000000000000000e+00
4.087382006730582162e-01 9.246876922343388872e-01 9.000000000000000000e+00 1.430000000000000000e+02 3.000000000000000000e+00
4.500639662688563636e-01 1.019314408276060790e+00 1.600000000000000000e+01 5.800000000000000000e+01 3.000000000000000000e+00
7.644565203362426731e-01 1.574490707674399914e+00 5.000000000000000000e+00 9.000000000000000000e+00 3.000000000000000000e+00
2.551326535929215877e-01 1.503207033941260429e+00 1.700000000000000000e+01 1.280000000000000000e+02 4.000000000000000000e+00
9.310201193374133544e-01 3.289333130954917861e-01 6.000000000000000000e+00 6.700000000000000000e+01 4.000000000000000000e+00
5.068726464633972473e-01 5.277114693407610746e-01 1.500000000000000000e+01 7.800000000000000000e+01 4.000000000000000000e+00
4.741624609527256284e-01 8.903005309690127378e-01 9.000000000000000000e+00 1.290000000000000000e+02 4.000000000000000000e+00
8.106560667749594939e-01 1.182614779128073224e+00 9.000000000000000000e+00 1.700000000000000000e+01 4.000000000000000000e+00
5.533191227162610470e-01 4.435771719729814100e-01 1.800000000000000000e+01 1.980000000000000000e+02 4.000000000000000000e+00
4.655706820408236357e-01 1.540319396838883748e+00 1.400000000000000000e+01 6.500000000000000000e+01 4.000000000000000000e+00
5.259007246831600701e-01 2.595115510754001376e-01 2.000000000000000000e+00 9.900000000000000000e+01 4.000000000000000000e+00
3.254250666973008688e-01 7.148987883945153721e-01 1.200000000000000000e+01 1.660000000000000000e+02 4.000000000000000000e+00
7.773367833675596250e-01 1.226803546489566354e+00 1.800000000000000000e+01 1.330000000000000000e+02 4.000000000000000000e+00
8.700091185261982218e-01 1.148878110939215436e+00 1.000000000000000000e+01 1.220000000000000000e+02 4.000000000000000000e+00
3.102138459546633920e-01 5.307451940885107300e-01 1.700000000000000000e+01 4.200000000000000000e+01 4.000000000000000000e+00
4.497239428091234226e-01 1.902035330265166690e+00 1.000000000000000000e+00 5.700000000000000000e+01 4.000000000000000000e+00
2.683822735944849658e-01 1.694171886963778739e+00 1.000000000000000000e+01 1.440000000000000000e+02 4.000000000000000000e+00
6.612937299399413993e-01 2.601710027749547516e-01 1.900000000000000000e+01 1.870000000000000000e+02 4.000000000000000000e+00
1.471847040639339133e-01 1.492835849645613555e+00 6.000000000000000000e+00 1.870000000000000000e+02 4.000000000000000000e+00
5.727787210585596478e-01 5.263694759021103620e-01 6.000000000000000000e+00 7.100000000000000000e+01 4.000000000000000000e+00
5.628866352316022059e-01 6.203432678217267737e-01 1.000000000000000000e+01 1.620000000000000000e+02 4.000000000000000000e+00
1.235763660698039196e-01 1.390285008993292770e+00 1.000000000000000000e+01 9.900000000000000000e+01 4.000000000000000000e+00
6.244630993821673748e-01 5.218279026086031225e-01 8.000000000000000000e+00 1.260000000000000000e+02 4.000000000000000000e+00
4.624787031589726594e-01 2.023335905487194941e-01 8.000000000000000000e+00 1.340000000000000000e+02 4.000000000000000000e+00
7.785492250539874926e-01 1.048941387584116092e-01 1.800000000000000000e+01 1.160000000000000000e+02 4.000000000000000000e+00
8.372250838499482872e-02 1.961278355526030914e+00 1.700000000000000000e+01 1.630000000000000000e+02 4.000000000000000000e+00
8.703575799606766417e-01 1.668135689862164872e+00 1.800000000000000000e+01 1.500000000000000000e+01 4.000000000000000000e+00
7.750879911376279408e-01 1.466427861444087100e+00 6.000000000000000000e+00 1.030000000000000000e+02 4.000000000000000000e+00
9.550390637914671910e-01 8.780197075307428767e-01 3.000000000000000000e+00 7.700000000000000000e+01 4.000000000000000000e+00
3.053565475475670254e-01 1.090337814836978281e-01 1.000000000000000000e+01 1.530000000000000000e+02 4.000000000000000000e+00
1.937497761165947185e-01 4.470957206819240470e-01 1.500000000000000000e+01 1.460000000000000000e+02 4.000000000000000000e+00
2.134844706501121125e-01 1.475126836996691448e+00 1.200000000000000000e+01 1.140000000000000000e+02 4.000000000000000000e+00
5.317436330024125635e-01 1.570276959971838027e+00 8.000000000000000000e+00 1.970000000000000000e+02 4.000000000000000000e+00
1.827195442038118678e-01 1.651775985840993721e+00 1.500000000000000000e+01 1.470000000000000000e+02 4.000000000000000000e+00
4.870871712579490920e-01 2.174954565992485434e-01 1.600000000000000000e+01 8.900000000000000000e+01 4.000000000000000000e+00
6.277865092380062739e-01 1.863656088464398008e+00 2.000000000000000000e+01 1.440000000000000000e+02 4.000000000000000000e+00
2.896263987390761407e-01 1.288101553381873154e+00 8.000000000000000000e+00 1.700000000000000000e+01 4.000000000000000000e+00
5.288239447604158316e-01 1.151059646431302097e+00 2.000000000000000000e+00 1.450000000000000000e+02 4.000000000000000000e+00
9.495265827003839254e-01 7.623916394525872553e-01 2.000000000000000000e+00 1.000000000000000000e+01 4.000000000000000000e+00
4.617942455210178876e-01 1.174085558808825924e+00 8.000000000000000000e+00 1.040000000000000000e+02 4.000000000000000000e+00
2.246637089952944200e-01 1.297820009099234451e+00 7.000000000000000000e+00 1.960000000000000000e+02 4.000000000000000000e+00
7.296158040993020455e-01 9.760986499032936470e-01 6.000000000000000000e+00 1.880000000000000000e+02 4.000000000000000000e+00
3.455367285254267173e-01 6.354783099654121026e-01 1.100000000000000000e+01 1.460000000000000000e+02 4.000000000000000000e+00
1.171927415630724528e-01 7.402352386135001572e-01 1.000000000000000000e+00 4.500000000000000000e+01 4.000000000000000000e+00
4.694922551127787003e-01 6.230408324743964554e-01 4.000000000000000000e+00 1.500000000000000000e+01 4.000000000000000000e+00
9.994081288689065090e-01 2.572261523816187223e-01 3.000000000000000000e+00 1.700000000000000000e+02 4.000000000000000000e+00
9.907868588179626901e-01 1.559289130194601025e+00 1.700000000000000000e+01 1.760000000000000000e+02 4.000000000000000000e+00
8.005749199701249763e-01 7.279880525850296324e-01 4.000000000000000000e+00 6.800000000000000000e+01 4.000000000000000000e+00
7.525257562250070587e-01 1.393636405566162362e-01 3.000000000000000000e+00 2.400000000000000000e+01 4.000000000000000000e+00
1.804249803125530516e-01 6.549556964317532204e-01 1.500000000000000000e+01 4.600000000000000000e+01 4.000000000000000000e+00
8.528918550431653367e-01 1.408044395938068627e+00 1.300000000000000000e+01 1.880000000000000000e+02 4.000000000000000000e+00
2.014831293777662874e-02 7.598201979669253481e-01 8.000000000000000000e+00 1.160000000000000000e+02 4.000000000000000000e+00
2.919812337141295400e-01 1.257905924216883298e+00 1.100000000000000000e+01 1.290000000000000000e+02 4.000000000000000000e+00
