-1.330941418878269928e+02
-1.330959295398282052e+02
-9.436292447071630818e+01
-9.468933976421747900e+01
-1.047736376493742796e+02
-9.489834892940467626e+01
-1.330930939585101100e+02
-1.330970046167711587e+02
-1.330968392714521826e+02
-1.330957922431755378e+02
-1.325738955697495385e+02
-1.208046639825250281e+02
-1.179931158720987554e+02
-1.144169610133191952e+02
-1.314002254230197764e+02
-1.330796844485611814e+02
-1.329482402241509931e+02
-1.165345752615641715e+02
-1.327320972514669677e+02
-1.162901760356282779e+02
-1.330968866516470825e+02
-1.330966108492593776e+02
-1.330968367602655746e+02
-1.117379081175333937e+02
-1.330969731878344362e+02
-1.330916625190914147e+02
-1.330962238056836213e+02
-1.330966643761622947e+02
-1.163838950577111007e+02
-1.330967162155336041e+02
-1.330963097912541571e+02
-1.330962302663454579e+02
-1.271312190216208933e+02
-1.330968253541941237e+02
-1.330952643056984357e+02
-1.330938175654837323e+02
-1.278676250681844380e+02
-1.330940413969136671e+02
-1.307229975415639274e+02
-9.975147210098744210e+01
-1.330965442848954297e+02
-1.293844602051679544e+02
-9.181212755027623018e+01
-1.330968222099833156e+02
-9.755245458691872784e+01
-1.196235013363723141e+02
-1.255430587048356585e+02
-1.278888332036731299e+02
-9.374715116031762818e+01
-1.251926329546031269e+02
-1.278374718425178287e+02
-1.095998342276881914e+02
-1.278379821227950970e+02
-9.495439369524866891e+01
-1.278351793614874339e+02
-9.321343784341165417e+01
-9.815674187558670383e+01
-1.277058452838849547e+02
-9.461282407314818954e+01
-1.277684676399286445e+02
-8.943424090813813621e+01
-1.249554803060603376e+02
-1.129750472622647521e+02
-1.278398453457698025e+02
-1.266060801698500029e+02
-1.211565012976014657e+02
-1.251252644826784177e+02
-1.030385719761641070e+02
-9.851038912121821056e+01
-1.278400844369927256e+02
-9.090303262584393451e+01
-1.278327979440090587e+02
-1.182929606135712390e+02
-9.085676866930921847e+01
-1.278400005138144735e+02
-1.204834680192387708e+02
-1.278390710470311831e+02
-1.227720841176121098e+02
-1.278398779302094397e+02
-8.796158050501134085e+01
-1.278400871186957062e+02
-1.278398470554787565e+02
-1.009540102128655406e+02
-1.237461719970635983e+02
-1.278397513601848630e+02
-1.278395325758176995e+02
-8.883416552717515913e+01
-1.142861920035390000e+02
-1.234435494545994487e+02
-9.630021796466670025e+01
-9.224030403083450835e+01
-1.233485657460104079e+02
-9.475218676368778858e+01
-1.008155814464406745e+02
-1.277990168152022221e+02
-1.076847801248283361e+02
-1.018990630253804994e+02
-1.276896883268795904e+02
-1.278395835554550359e+02
-1.085599340173980067e+02
-1.234664621594214537e+02
-1.222924422628094590e+02
-1.235566637512681325e+02
-1.118837562159031620e+02
-1.235600243884102696e+02
-1.085906493833167445e+02
-1.143119102592550007e+02
-8.556222524178180322e+01
-1.235604923399400690e+02
-1.175893869981674271e+02
-9.040763594055734131e+01
-1.235614507498623311e+02
-1.235615276169993422e+02
-8.724556322009321718e+01
-9.394339249188499252e+01
-1.235593593019754195e+02
-1.228117238388456371e+02
-9.537904932183785434e+01
-9.826580710796700657e+01
-1.001263762305383125e+02
-1.235615228917009460e+02
-8.953697481286555160e+01
-1.148068953086528410e+02
-1.235587675020959182e+02
-1.029937557208414773e+02
-1.235541545375608194e+02
-1.234492398382777196e+02
-9.208228212701351367e+01
-1.154613853188793655e+02
-1.235575208331956674e+02
-1.235615682879359127e+02
-1.219649228995557451e+02
-9.452468639798632921e+01
-1.174513564744171816e+02
-1.183574388768390548e+02
-1.226894221317268006e+02
-1.235595865296076283e+02
-1.233142432690399914e+02
-1.142222685045343695e+02
-9.827950311935332195e+01
-1.234958686623917998e+02
-1.084049313529519765e+02
-1.020779314197105805e+02
-1.234225561787368264e+02
-1.235577191850184562e+02
-8.600274168159377552e+01
-1.235614978833874886e+02
-1.221201258582706117e+02
-1.235615333113930774e+02
-1.153826359735222127e+02
-1.239421999521707249e+02
-1.239422730514011306e+02
-1.071091588196773898e+02
-1.207618988586409046e+02
-8.997238461690413658e+01
-1.093795207436443491e+02
-1.022923990302351882e+02
-1.238901950704683657e+02
-8.855955566116672628e+01
-9.166920492315836100e+01
-1.012278791025307498e+02
-8.503732855837670002e+01
-1.239421550223648580e+02
-1.239320197287815688e+02
-1.233743422994075303e+02
-1.041941905692301589e+02
-1.116926663944191773e+02
-1.216439153366366952e+02
-9.883718650868912903e+01
-1.239419322019744527e+02
-1.216925096857764572e+02
-1.239421155732806739e+02
-1.239421134807272296e+02
-1.237000245048646576e+02
-8.549139903932901063e+01
-1.239422708008730751e+02
-1.201829710052607396e+02
-1.221933171688187372e+02
-1.233877018848410785e+02
-1.239336309631264612e+02
-1.058422468933428746e+02
-1.239347032556405566e+02
-9.700177937906839531e+01
-1.239408698640005753e+02
-1.238795114394313401e+02
-1.079861544999634333e+02
-8.872580906828842728e+01
-1.235472140046990290e+02
-1.113311392012971766e+02
-1.070378715651188770e+02
-8.900594627125992986e+01
-9.102268714661417448e+01
-9.041578488089271559e+01
-1.108687739386217288e+02
-1.040051270064736855e+02
-1.178373819818206130e+02
-1.228816997941742528e+02
-1.239422985802000312e+02
-1.239422861691549542e+02
-1.139582675154610740e+02
-1.009867989702391498e+02
-1.236350377530721403e+02
-1.245920466653116705e+02
-1.143623186817448953e+02
-9.956625765397765804e+01
-1.011646486578177786e+02
-1.121156211420871074e+02
-8.827845889218049535e+01
-1.251431684137156282e+02
-1.251410257282441023e+02
-1.016405619745806064e+02
-1.251022395678842827e+02
-1.251034108187841269e+02
-1.251419650957663805e+02
-1.251434306867481183e+02
-1.251429596206977664e+02
-1.251372195830513050e+02
-1.171115126453710360e+02
-9.613430070538481687e+01
-1.248004996049766078e+02
-1.245314064051885765e+02
-1.251433533304612524e+02
-9.225989033503687153e+01
-1.129158361147732279e+02
-8.674638707744031763e+01
-1.196150838027297993e+02
-9.121010714557019128e+01
-1.251395424748170200e+02
-1.237801193005343805e+02
-1.251434968684256575e+02
-1.236237387166539037e+02
-1.251411248678804213e+02
-1.244381977255723228e+02
-1.207647879253447059e+02
-1.048378074113229985e+02
-1.050210544077048382e+02
-1.251188868711284243e+02
-1.247886974198350032e+02
-1.250238065956059046e+02
-9.757927354691862831e+01
-1.089137358895029735e+02
-1.251411854827373134e+02
-1.208354389561663567e+02
-1.222766094731002227e+02
-1.159705139001556660e+02
-1.007715696431611860e+02
-1.251421069653428191e+02
-1.101952935043597535e+02
-1.251434751887123440e+02
-1.203241112821920069e+02
