-1.180091024166169120e+02
-1.330913674064720738e+02
-1.330372196676986221e+02
-1.330968098920767204e+02
-1.303252017449654829e+02
-9.066016939998283419e+01
-1.243957565740246594e+02
-1.310697814954324656e+02
-9.094849831507589499e+01
-1.323658780256319858e+02
-9.375722360943302647e+01
-1.303428456119607688e+02
-9.466012422635849077e+01
-1.239498551376605633e+02
-9.396790718479789462e+01
-1.258830376404234386e+02
-1.330887045209707651e+02
-1.330912320621824279e+02
-1.066832976621333131e+02
-1.330966225018302111e+02
-1.330967889878373569e+02
-1.330323449148750683e+02
-1.133799417173605235e+02
-9.122268276580305724e+01
-1.330665677539254261e+02
-1.330903043499455407e+02
-1.328125783412503438e+02
-9.205710534937077227e+01
-1.277915551603958022e+02
-1.245526007325532589e+02
-1.330966982058670567e+02
-1.147352337841391687e+02
-1.176171327282669097e+02
-1.093828733757158176e+02
-1.316811047906724070e+02
-1.330965541578219984e+02
-1.330963671537655273e+02
-9.465796027272175195e+01
-9.408405069022126099e+01
-1.330957724234181399e+02
-1.330965998573153968e+02
-1.017153372644211515e+02
-1.330954582636680641e+02
-1.070636017608356951e+02
-1.330027762263795523e+02
-1.199297976387619968e+02
-9.049480716506040778e+01
-1.321803559149165324e+02
-1.329970676330847823e+02
-1.330412782007333590e+02
-9.236624822260866097e+01
-8.915237760717413096e+01
-1.278400246335430666e+02
-1.196258236351655881e+02
-1.278400640917023452e+02
-1.096484913279250719e+02
-1.276628392313583475e+02
-1.278347016846803399e+02
-1.083039838029560258e+02
-1.278365347402562975e+02
-8.793753391362648131e+01
-1.278400315989526064e+02
-1.272704143412435798e+02
-1.278349819870651487e+02
-1.227984199792151401e+02
-1.270595420061583383e+02
-1.117298025604730469e+02
-1.124912533772089347e+02
-1.273163718604531027e+02
-1.098767269522913779e+02
-1.244283851125338174e+02
-1.186579882886519783e+02
-1.276790898649551025e+02
-1.233582977423267408e+02
-1.276495031483507461e+02
-1.216553319128585997e+02
-1.278396303497845850e+02
-1.278400819150155456e+02
-1.238031520652970414e+02
-1.278314338831101509e+02
-1.278398514904792336e+02
-1.097257816162067030e+02
-9.661593906375628649e+01
-1.086068635851357413e+02
-1.278396400039953704e+02
-8.909655790402032949e+01
-1.039132036552111771e+02
-1.277503771649420656e+02
-1.278402550168195262e+02
-1.278379083492033885e+02
-1.020439502639453053e+02
-1.034501227119879729e+02
-1.071007172232769022e+02
-1.234931096280361089e+02
-1.278185126853478124e+02
-1.099801142902341553e+02
-8.879678458385298256e+01
-1.272593152831363881e+02
-1.169173248701032009e+02
-1.270413034837466313e+02
-1.235543945471992515e+02
-1.235612610485441962e+02
-9.146945146912587177e+01
-1.235614546871052397e+02
-8.655960028148295748e+01
-8.683918507739923598e+01
-1.197198606238633118e+02
-1.235616540357498110e+02
-1.186599038709263567e+02
-9.158446313773305292e+01
-1.235594574939019310e+02
-9.380160440903789265e+01
-1.110256032592158419e+02
-9.323001056230057770e+01
-1.027142756803556551e+02
-1.235615607201106911e+02
-1.235614264753574787e+02
-1.235615624495826950e+02
-1.235615554981784925e+02
-1.232067742348085915e+02
-1.235612332631020678e+02
-8.765345196288494378e+01
-1.235613923816228237e+02
-1.200019106241315683e+02
-8.743944402672173055e+01
-1.233189383058989250e+02
-1.018196080756410709e+02
-1.192381457644226828e+02
-1.145178701446008205e+02
-1.235615143151789681e+02
-1.015902050817666833e+02
-1.171984610752541300e+02
-8.668573193305022073e+01
-9.774300967364816017e+01
-1.235528127379808154e+02
-1.222908518596626379e+02
-1.171774832113433575e+02
-1.234559218943638115e+02
-1.226850880943559048e+02
-1.235522530293875434e+02
-8.678941655508887720e+01
-9.425259402302343403e+01
-1.225469984488513262e+02
-8.695407035143755081e+01
-8.873557714230342697e+01
-1.108690840701666218e+02
-1.105107885199111450e+02
-8.933922131130643152e+01
-9.367897911542688405e+01
-1.235614136985699645e+02
-1.239372021157847996e+02
-1.204441667187423235e+02
-1.239414199683693596e+02
-1.086024675243183424e+02
-1.172108079164624712e+02
-1.239376642319936650e+02
-1.141394026026624857e+02
-1.007790650812960109e+02
-9.779577899846461264e+01
-9.994489501496846628e+01
-1.191642808299071987e+02
-1.239422254790077886e+02
-9.527146167074984362e+01
-1.239419790663132375e+02
-1.236639982447007782e+02
-9.191767977129354961e+01
-1.233957254862543493e+02
-1.230658923915229224e+02
-1.073422436880464943e+02
-1.239171930926364524e+02
-1.239422817895023456e+02
-1.239167499461050141e+02
-9.165058753339548048e+01
-1.239386054827370032e+02
-1.239293664270380617e+02
-1.215021234256571603e+02
-1.227330034699764667e+02
-1.239347825771890399e+02
-1.184223518933124950e+02
-1.239403778464693175e+02
-1.239233284592343693e+02
-1.238558277720957790e+02
-9.153087902538079845e+01
-8.728670770955451985e+01
-1.239421554440997397e+02
-1.232811490202832232e+02
-8.695123142242422887e+01
-1.237136825162982632e+02
-9.360432712494247198e+01
-9.908532524310936651e+01
-8.723799117268791292e+01
-1.019223255517345308e+02
-1.239420950386674463e+02
-8.694658339594035112e+01
-1.239118552023822986e+02
-1.093986166763831136e+02
-1.151821505353400283e+02
-1.239421698826831175e+02
-8.941631898690874891e+01
-1.239014505001544393e+02
-1.251427304288572344e+02
-1.251434532525463226e+02
-1.251412848740855281e+02
-1.248455103148034482e+02
-1.251424046624832158e+02
-1.251427644943409661e+02
-1.251434585601008678e+02
-8.903004918724410288e+01
-1.251022081300966704e+02
-1.112978834952645428e+02
-1.054055263730268450e+02
-1.250982222434162026e+02
-9.772507727027135616e+01
-1.245244951885604365e+02
-1.025834465012354144e+02
-1.251434248250169503e+02
-1.232830115379719871e+02
-8.881709401033853624e+01
-1.238284428432909721e+02
-1.035034375228542274e+02
-1.080417273177185535e+02
-1.230834735338000741e+02
-1.251265820396868662e+02
-9.383464236466369357e+01
-1.251357145962265065e+02
-8.902201861554605955e+01
-1.251432527074165364e+02
-1.125369670963957560e+02
-1.050845334547030063e+02
-1.251432769640092886e+02
-1.249378647484273870e+02
-1.245130743962177746e+02
-1.012869339463889702e+02
-1.063437693649934062e+02
-1.246642438419469840e+02
-1.199486356902313275e+02
-1.149216836947081930e+02
-8.933018423491714088e+01
-1.251433796786784995e+02
-1.155555663320076576e+02
-9.217020767898064548e+01
-1.250779045549730313e+02
-9.491473573101124828e+01
-1.195212620356018220e+02
-1.030047649904794156e+02
-9.215462332508701593e+01
-1.216707830018061571e+02
-1.195893428879636105e+02
-1.231020816622347098e+02
-1.125718651406454285e+02
