-1.242051528106503184e+02
-1.197008444126876441e+02
-1.159017515318870721e+02
-1.163530502217191298e+02
-1.179851674879262049e+02
-1.330968347781596890e+02
-1.278399945784914706e+02
-1.235614798289367968e+02
-1.239423026944162842e+02
-1.251434051464655965e+02
-1.330966412957475029e+02
-1.278399406215764031e+02
-1.235614365788864575e+02
-1.239421847475536254e+02
-1.251433033322335859e+02
-1.330308370358406194e+02
-1.277643362463783916e+02
-1.234125289676589148e+02
-1.237772923365597677e+02
-1.249979631589145157e+02
-9.052717469498682590e+01
-8.768386946369891177e+01
-8.613156069353669864e+01
-8.639113204620876729e+01
-8.794913699893098169e+01
-1.074268720994213879e+02
-1.040047108892245120e+02
-1.014771903405001581e+02
-1.013636089802244555e+02
-1.031173180991210785e+02
-1.330965477708192282e+02
-1.278399327350455934e+02
-1.235615970713509313e+02
-1.239420201258592442e+02
-1.251431741758126606e+02
-1.330966884010317699e+02
-1.278398525984977709e+02
-1.235615320062564564e+02
-1.239420217981078451e+02
-1.251432662701664924e+02
-1.223996161052037763e+02
-1.182181273730174240e+02
-1.143898688795562038e+02
-1.149510296399466398e+02
-1.164966385660209909e+02
-1.330965164062513679e+02
-1.278397426105705819e+02
-1.235612978741058612e+02
-1.239418037817247438e+02
-1.251434251256328309e+02
-1.330967553822605396e+02
-1.278401105495997001e+02
-1.235613934471076334e+02
-1.239420182244107309e+02
-1.251433958572515763e+02
-1.179717246991214239e+02
-1.143266156817689563e+02
-1.106304517649650876e+02
-1.108680668974185295e+02
-1.124471316313091904e+02
-1.181545090132608351e+02
-1.146004560115639492e+02
-1.110437456689695068e+02
-1.115416868394280669e+02
-1.131591624081375755e+02
-1.284182214583832717e+02
-1.235395601679140327e+02
-1.192637927451081197e+02
-1.197596753032271550e+02
-1.212175892540813464e+02
-9.575857621545335974e+01
-9.372878894124926319e+01
-9.137459784096873250e+01
-9.099689368743572970e+01
-9.243741675732879060e+01
-1.330969277578683716e+02
-1.278403500504125816e+02
-1.235615719083502455e+02
-1.239416518261238593e+02
-1.251432247013368766e+02
-1.152336478496866334e+02
-1.104934838453463612e+02
-1.077495327531742078e+02
-1.072459955650401042e+02
-1.098221978507542644e+02
-1.330216723579887343e+02
-1.277824674547876498e+02
-1.233996327782383560e+02
-1.237914546655965751e+02
-1.250036824412867702e+02
-1.330966565884810962e+02
-1.278401315839671923e+02
-1.235615559016752343e+02
-1.239422613000588598e+02
-1.251434163949686393e+02
-1.330968225869247306e+02
-1.278399462955856620e+02
-1.235613907011833277e+02
-1.239422563104193244e+02
-1.251432701567924966e+02
-1.330544197824099797e+02
-1.277797441784782109e+02
-1.234898097755684887e+02
-1.238677513746622765e+02
-1.250581097386350962e+02
-9.711861387085451724e+01
-9.534980715061821854e+01
-9.283937331462759346e+01
-9.252601442249873287e+01
-9.398400388042857401e+01
-1.328978989330678360e+02
-1.276181200350181513e+02
-1.232321378790461210e+02
-1.236205478653777448e+02
-1.248668786751049993e+02
-1.164018261098564722e+02
-1.131092613747667741e+02
-1.095296801976152494e+02
-1.099858434893821340e+02
-1.117706278974329734e+02
-1.330941259159525316e+02
-1.278394071908557379e+02
-1.235608017263718921e+02
-1.239409644304471101e+02
-1.251420747238292535e+02
-1.330967506240354794e+02
-1.278399535625875671e+02
-1.235615037615877441e+02
-1.239421556936971314e+02
-1.251432382550423910e+02
-1.304793123033014695e+02
-1.252800503015167379e+02
-1.213032575725891888e+02
-1.216017585579959928e+02
-1.226436567425850228e+02
-1.330968146994404435e+02
-1.278400572519847742e+02
-1.235615048730094543e+02
-1.239422923065501578e+02
-1.251434371174855471e+02
-1.191953610390609839e+02
-1.152679319353245688e+02
-1.115931844789643179e+02
-1.119825627555249667e+02
-1.135586421763063782e+02
-1.328445413146964142e+02
-1.270655299056717524e+02
-1.229845672837954282e+02
-1.234299907559204712e+02
-1.242251366074360419e+02
-1.146750599549040572e+02
-1.115659606581366177e+02
-1.083690867013943944e+02
-1.086096769657821000e+02
-1.104625899300624212e+02
-9.312159845454576157e+01
-9.118587507455983143e+01
-8.929908849189322950e+01
-8.860416245349878750e+01
-8.995118935164376239e+01
-1.330935612811125850e+02
-1.278368536658990706e+02
-1.235546530997644794e+02
-1.239368670341024767e+02
-1.251395798687231888e+02
-1.330965150644412915e+02
-1.278399889291052176e+02
-1.235616035331507163e+02
-1.239422399859602564e+02
-1.251434211807273442e+02
-1.129042058600651615e+02
-1.101230118100340718e+02
-1.065697570160091203e+02
-1.066728776954835638e+02
-1.083043399606509638e+02
-9.356093738512869606e+01
-9.142570949345237352e+01
-8.925454142772217381e+01
-8.836693049867663774e+01
-8.931432504223737112e+01
-9.523023615978965495e+01
-9.264655097413823626e+01
-9.085973373629563810e+01
-9.066958889381662345e+01
-9.284879260010406199e+01
-1.305021714130660087e+02
-1.253003721933767025e+02
-1.209734416566641073e+02
-1.214316172471956463e+02
-1.227673428435933403e+02
-1.134512888039681968e+02
-1.098966955382365995e+02
-1.067539936444795501e+02
-1.068427801857070989e+02
-1.085928346818372034e+02
-1.259244929818047467e+02
-1.212924149169815564e+02
-1.171588722265115763e+02
-1.177482046789608603e+02
-1.191858042059107561e+02
-1.330491537549733607e+02
-1.277639613785724606e+02
-1.234272970631865292e+02
-1.238203719093100545e+02
-1.250182256942697734e+02
-1.328619639576358225e+02
-1.276445956118813001e+02
-1.231147192934110848e+02
-1.235232741060354584e+02
-1.247798213892505288e+02
-1.330950707379083724e+02
-1.278369664269963124e+02
-1.235564739642261145e+02
-1.239406325699568612e+02
-1.251410453765734303e+02
-1.330968598893267654e+02
-1.278400506556815515e+02
-1.235615307270048220e+02
-1.239422488373305811e+02
-1.251434587373981344e+02
-1.330952710464101756e+02
-1.278387533012215869e+02
-1.235590500048360951e+02
-1.239412615718693473e+02
-1.251411597553258019e+02
-1.330969559861779885e+02
-1.278389947190583484e+02
-1.235606521335437691e+02
-1.239404649831954259e+02
-1.251431204156521204e+02
-1.253557298963268352e+02
-1.206346679183134825e+02
-1.165777451506095446e+02
-1.170819687049471440e+02
-1.186279237626917080e+02
-9.226982227367854250e+01
-9.035279834603564098e+01
-8.845309298605982917e+01
-8.793202176613608856e+01
-9.056034342978557561e+01
-1.219533685585406175e+02
-1.178790297191996785e+02
-1.141133188639377209e+02
-1.145508974121945727e+02
-1.161090375675560864e+02
-9.414728857497487979e+01
-9.232353311526124173e+01
-9.022459586926868269e+01
-8.980663954043680519e+01
-9.100555887783976061e+01
