3.850571288732851372e-01 1.380609239845288494e+00 1.700000000000000000e+01 1.150000000000000000e+02 0.000000000000000000e+00
9.600165794051670476e-01 2.513544094041230137e-01 1.600000000000000000e+01 6.200000000000000000e+01 0.000000000000000000e+00
7.869296587181204838e-01 1.765491525123718652e+00 1.200000000000000000e+01 9.200000000000000000e+01 0.000000000000000000e+00
6.480574028240825013e-02 1.735354764350536483e+00 1.900000000000000000e+01 1.300000000000000000e+01 0.000000000000000000e+00
8.953514580727667260e-01 1.544693021614491180e+00 7.000000000000000000e+00 1.490000000000000000e+02 0.000000000000000000e+00
1.255603172334439875e-02 2.062398555441502968e+00 1.200000000000000000e+01 1.440000000000000000e+02 0.000000000000000000e+00
3.534198507671616474e-01 2.895197763524085532e-01 8.000000000000000000e+00 1.570000000000000000e+02 0.000000000000000000e+00
4.046425886948352701e-01 1.098898496234414213e-01 7.000000000000000000e+00 1.280000000000000000e+02 0.000000000000000000e+00
7.467068302672689173e-01 2.011613738971121279e+00 8.000000000000000000e+00 1.760000000000000000e+02 0.000000000000000000e+00
8.306093713145774604e-01 7.899659921724376810e-01 8.000000000000000000e+00 5.200000000000000000e+01 0.000000000000000000e+00
3.885444578053129927e-01 1.669527229939763435e+00 1.100000000000000000e+01 1.730000000000000000e+02 0.000000000000000000e+00
9.623151303742592810e-02 1.192147875601676343e+00 1.100000000000000000e+01 4.600000000000000000e+01 0.000000000000000000e+00
1.722260202888307168e-01 6.801394513842894396e-01 2.000000000000000000e+00 5.200000000000000000e+01 0.000000000000000000e+00
5.500817232778065086e-02 7.643755146598792960e-01 6.000000000000000000e+00 1.480000000000000000e+02 0.000000000000000000e+00
7.465332162405480254e-01 1.778422970421546623e+00 2.000000000000000000e+01 5.000000000000000000e+00 0.000000000000000000e+00
7.193616146129875322e-01 4.768022332216202974e-01 1.900000000000000000e+01 4.700000000000000000e+01 0.000000000000000000e+00
9.956685599127275133e-01 8.760066160908891453e-01 1.600000000000000000e+01 1.100000000000000000e+02 0.000000000000000000e+00
5.131544819238609279e-01 1.627060650604043923e+00 1.700000000000000000e+01 1.590000000000000000e+02 0.000000000000000000e+00
6.937324495003746039e-01 1.543914762804814433e+00 1.200000000000000000e+01 4.700000000000000000e+01 0.000000000000000000e+00
2.241520907638895332e-01 1.626185157947723559e+00 1.800000000000000000e+01 1.300000000000000000e+02 0.000000000000000000e+00
8.521615538142256197e-02 1.321781403411275591e+00 5.000000000000000000e+00 1.370000000000000000e+02 0.000000000000000000e+00
4.356304246561962801e-01 5.687021740077219389e-01 8.000000000000000000e+00 1.510000000000000000e+02 0.000000000000000000e+00
5.590287175813841714e-01 1.253799504960366296e+00 2.000000000000000000e+01 1.700000000000000000e+01 0.000000000000000000e+00
5.580162583751195893e-01 4.098229991471328271e-01 1.600000000000000000e+01 1.360000000000000000e+02 0.000000000000000000e+00
6.425614810535051902e-01 3.182868348632087452e-01 4.000000000000000000e+00 3.600000000000000000e+01 0.000000000000000000e+00
1.247000146109927682e-01 1.092342678546114998e+00 1.400000000000000000e+01 1.150000000000000000e+02 0.000000000000000000e+00
3.872384935554682439e-01 2.058120028432075976e+00 9.000000000000000000e+00 9.500000000000000000e+01 0.000000000000000000e+00
7.232789938640210581e-01 2.227814510232996315e-01 1.400000000000000000e+01 3.000000000000000000e+01 0.000000000000000000e+00
9.102809227391200908e-01 1.994750384930474185e+00 3.000000000000000000e+00 2.100000000000000000e+01 0.000000000000000000e+00
8.392485566987860635e-01 4.081400881055851082e-01 2.000000000000000000e+00 6.000000000000000000e+01 0.000000000000000000e+00
6.631915651992281724e-01 1.713010390298776331e+00 1.100000000000000000e+01 1.700000000000000000e+02 0.000000000000000000e+00
1.111195432613930473e-01 3.022372280148820645e-01 5.000000000000000000e+00 1.480000000000000000e+02 0.000000000000000000e+00
2.428748276911549819e-01 1.083931965421724986e+00 6.000000000000000000e+00 1.330000000000000000e+02 0.000000000000000000e+00
3.723372804294766691e-01 1.649281301540583000e-01 1.000000000000000000e+00 6.600000000000000000e+01 0.000000000000000000e+00
2.106472573171593865e-01 4.831633999389873813e-01 6.000000000000000000e+00 3.000000000000000000e+01 0.000000000000000000e+00
4.065589158269259373e-01 5.251250388237310718e-01 1.600000000000000000e+01 2.400000000000000000e+01 0.000000000000000000e+00
2.127616185594272125e-01 1.940342648946739468e+00 1.900000000000000000e+01 1.500000000000000000e+01 0.000000000000000000e+00
4.955767574802638631e-01 5.408904681190825903e-01 8.000000000000000000e+00 3.600000000000000000e+01 0.000000000000000000e+00
1.210985583875586608e-01 1.407215591372824870e-01 5.000000000000000000e+00 1.200000000000000000e+02 0.000000000000000000e+00
2.380461893283272179e-01 1.306716647188269909e-01 1.000000000000000000e+00 1.250000000000000000e+02 0.000000000000000000e+00
8.428594660694176122e-02 1.097886262738122731e+00 1.700000000000000000e+01 9.200000000000000000e+01 0.000000000000000000e+00
3.099008621226944094e-01 1.659750406247421373e-01 1.800000000000000000e+01 7.900000000000000000e+01 0.000000000000000000e+00
5.652144012798020895e-02 1.313309292444764020e+00 1.000000000000000000e+00 4.800000000000000000e+01 0.000000000000000000e+00
7.351420816080627141e-01 1.012363110576450564e+00 2.000000000000000000e+00 4.000000000000000000e+01 0.000000000000000000e+00
7.071202347575721026e-02 7.267529617837032996e-01 8.000000000000000000e+00 1.640000000000000000e+02 0.000000000000000000e+00
2.405688250615422435e-02 1.727192797535266111e+00 7.000000000000000000e+00 1.510000000000000000e+02 0.000000000000000000e+00
1.628946411000870009e-01 2.638303072763782398e-01 1.700000000000000000e+01 1.610000000000000000e+02 0.000000000000000000e+00
2.756252217454024933e-01 5.904131073456647671e-01 7.000000000000000000e+00 1.000000000000000000e+02 0.000000000000000000e+00
9.449291205569787522e-01 3.118116193591563556e-01 3.000000000000000000e+00 1.400000000000000000e+01 0.000000000000000000e+00
2.261820092926597470e-01 5.032076060781792703e-01 1.500000000000000000e+01 8.600000000000000000e+01 0.000000000000000000e+00
6.845741848435619170e-01 4.342865130347098868e-01 8.000000000000000000e+00 1.550000000000000000e+02 1.000000000000000000e+00
4.881386214809383395e-01 1.462235109637034292e+00 2.000000000000000000e+00 7.500000000000000000e+01 1.000000000000000000e+00
2.228369982237907720e-01 8.901597530898818222e-01 9.000000000000000000e+00 7.500000000000000000e+01 1.000000000000000000e+00
2.140245191077486675e-01 5.025675560216052995e-01 1.700000000000000000e+01 1.470000000000000000e+02 1.000000000000000000e+00
3.541054576373087182e-01 1.465703747900430676e+00 4.000000000000000000e+00 7.000000000000000000e+00 1.000000000000000000e+00
8.883324340252415352e-01 1.001331520687716914e+00 1.300000000000000000e+01 9.200000000000000000e+01 1.000000000000000000e+00
8.302417748814506782e-01 1.470701761784033668e+00 1.500000000000000000e+01 1.190000000000000000e+02 1.000000000000000000e+00
8.132153105493699075e-01 6.224496823555402125e-01 7.000000000000000000e+00 1.440000000000000000e+02 1.000000000000000000e+00
5.832113899087065789e-01 4.093218041313860800e-01 1.000000000000000000e+01 1.490000000000000000e+02 1.000000000000000000e+00
9.610244865163554140e-01 4.735569526007649133e-01 1.100000000000000000e+01 3.800000000000000000e+01 1.000000000000000000e+00
6.103941963720648650e-02 6.233345052398616692e-01 2.000000000000000000e+01 1.430000000000000000e+02 1.000000000000000000e+00
1.732956977145001520e-01 1.727663691535066270e+00 4.000000000000000000e+00 1.100000000000000000e+01 1.000000000000000000e+00
1.496364909264418230e-01 1.535865741988341027e+00 1.600000000000000000e+01 1.170000000000000000e+02 1.000000000000000000e+00
4.371255627682472111e-01 4.714518866842979383e-01 1.300000000000000000e+01 3.300000000000000000e+01 1.000000000000000000e+00
1.573134997216923958e-01 1.129974255749016887e+00 2.000000000000000000e+01 4.900000000000000000e+01 1.000000000000000000e+00
9.366416639797020549e-01 1.035068399537270312e-01 1.900000000000000000e+01 3.900000000000000000e+01 1.000000000000000000e+00
1.522765203743406959e-01 8.229310014319947131e-01 4.000000000000000000e+00 5.900000000000000000e+01 1.000000000000000000e+00
9.681740162378464909e-01 1.723997724344078775e-01 1.000000000000000000e+01 1.540000000000000000e+02 1.000000000000000000e+00
6.316920980786502327e-01 7.743120789878826793e-01 1.000000000000000000e+00 9.800000000000000000e+01 1.000000000000000000e+00
6.025852732899645847e-01 2.097250409762622336e+00 8.000000000000000000e+00 1.450000000000000000e+02 1.000000000000000000e+00
4.351899310265167076e-01 2.012540924184023972e+00 1.700000000000000000e+01 1.670000000000000000e+02 1.000000000000000000e+00
1.670019438079546337e-01 5.341257641288351676e-01 5.000000000000000000e+00 1.440000000000000000e+02 1.000000000000000000e+00
5.593480959488327658e-02 2.202047076671202197e-01 7.000000000000000000e+00 1.510000000000000000e+02 1.000000000000000000e+00
5.234754305616026171e-01 3.292819744428826523e-01 1.600000000000000000e+01 1.660000000000000000e+02 1.000000000000000000e+00
8.798879378389138362e-01 1.812784201885679236e+00 1.000000000000000000e+01 2.100000000000000000e+01 1.000000000000000000e+00
4.544796478105881388e-01 2.018262645133518163e+00 4.000000000000000000e+00 6.900000000000000000e+01 1.000000000000000000e+00
9.564695019162108292e-01 1.285628953496230908e-01 9.000000000000000000e+00 1.840000000000000000e+02 1.000000000000000000e+00
8.353928626686873971e-01 1.318611785671039760e+00 1.800000000000000000e+01 1.010000000000000000e+02 1.000000000000000000e+00
7.886398626455970451e-01 9.927440946574376257e-01 8.000000000000000000e+00 7.100000000000000000e+01 1.000000000000000000e+00
7.223060603811011227e-01 3.230839720749573152e-01 1.200000000000000000e+01 3.900000000000000000e+01 1.000000000000000000e+00
5.009145635847869205e-01 6.521860726672815689e-01 6.000000000000000000e+00 1.790000000000000000e+02 1.000000000000000000e+00
3.241625031975584603e-01 9.980044336411110217e-01 3.000000000000000000e+00 1.420000000000000000e+02 1.000000000000000000e+00
1.936845964353283156e-01 1.278322423320631174e+00 7.000000000000000000e+00 9.400000000000000000e+01 1.000000000000000000e+00
4.748819809089176447e-01 9.109313236016330917e-01 5.000000000000000000e+00 7.600000000000000000e+01 1.000000000000000000e+00
7.861158305138215008e-01 1.246683102138186783e+00 1.300000000000000000e+01 5.100000000000000000e+01 1.000000000000000000e+00
5.982720629573949900e-01 1.408914410410946783e+00 2.000000000000000000e+01 4.900000000000000000e+01 1.000000000000000000e+00
4.401933547842239447e-01 2.212746384000775779e-01 6.000000000000000000e+00 1.620000000000000000e+02 1.000000000000000000e+00
7.569237067365700566e-01 1.910500118152726357e+00 1.600000000000000000e+01 9.400000000000000000e+01 1.000000000000000000e+00
5.913066440901424414e-01 6.139320235762965039e-01 3.000000000000000000e+00 6.200000000000000000e+01 1.000000000000000000e+00
4.169509677796833236e-01 1.212535688255649946e+00 6.000000000000000000e+00 3.400000000000000000e+01 1.000000000000000000e+00
2.120368649278279172e-01 1.499305330540331216e+00 9.000000000000000000e+00 1.510000000000000000e+02 1.000000000000000000e+00
6.140406722628116709e-01 1.582042284957460243e+00 1.000000000000000000e+00 1.150000000000000000e+02 1.000000000000000000e+00
3.268794080202689356e-01 1.925101818817825938e+00 6.000000000000000000e+00 1.010000000000000000e+02 1.000000000000000000e+00
6.513969393004976904e-01 2.017887998076958400e+00 8.000000000000000000e+00 1.890000000000000000e+02 1.000000000000000000e+00
9.232259394187224133e-02 2.012700810575684063e+00 2.000000000000000000e+00 1.830000000000000000e+02 1.000000000000000000e+00
9.062913135955973365e-01 1.432808282308458248e+00 9.000000000000000000e+00 5.900000000000000000e+01 1.000000000000000000e+00
2.410227847457390160e-01 9.356802424263267470e-01 1.500000000000000000e+01 9.100000000000000000e+01 1.000000000000000000e+00
8.417933086725006842e-01 1.932629062139061382e+00 6.000000000000000000e+00 9.100000000000000000e+01 1.000000000000000000e+00
8.115987890484531730e-01 2.096373911501546505e+00 1.600000000000000000e+01 7.000000000000000000e+01 1.000000000000000000e+00
9.465731212522593419e-01 1.982653874481582756e-01 1.100000000000000000e+01 5.600000000000000000e+01 1.000000000000000000e+00
7.281818246451706722e-01 1.030967344559662324e+00 1.500000000000000000e+01 1.670000000000000000e+02 2.000000000000000000e+00
5.052958277439806301e-01 6.940782006850335639e-01 6.000000000000000000e+00 1.920000000000000000e+02 2.000000000000000000e+00
8.486778858689157656e-02 1.152525394656889857e+00 4.000000000000000000e+00 6.500000000000000000e+01 2.000000000000000000e+00
5.430113218314323031e-01 1.390942648735401521e+00 1.300000000000000000e+01 1.820000000000000000e+02 2.000000000000000000e+00
3.113025375155717978e-01 1.696367070467609928e+00 7.000000000000000000e+00 4.700000000000000000e+01 2.000000000000000000e+00
3.667487677156323622e-01 1.533031677483386312e+00 8.000000000000000000e+00 1.040000000000000000e+02 2.000000000000000000e+00
5.843156961493045642e-01 1.150953141038925320e+00 1.600000000000000000e+01 1.960000000000000000e+02 2.000000000000000000e+00
3.183479563679271207e-01 4.039698584863608000e-01 9.000000000000000000e+00 1.770000000000000000e+02 2.000000000000000000e+00
1.676932848625236616e-01 7.406979194081378948e-01 2.000000000000000000e+00 1.150000000000000000e+02 2.000000000000000000e+00
7.317052607318624835e-01 1.151377383808972477e+00 4.000000000000000000e+00 1.800000000000000000e+02 2.000000000000000000e+00
1.321152252526224501e-02 3.006417306719370020e-01 1.500000000000000000e+01 1.440000000000000000e+02 2.000000000000000000e+00
6.074538882608818691e-01 3.683659444028694052e-01 1.900000000000000000e+01 3.500000000000000000e+01 2.000000000000000000e+00
4.809737377440258532e-01 7.466703917849316641e-01 1.000000000000000000e+01 1.880000000000000000e+02 2.000000000000000000e+00
9.762506431557661513e-01 9.332835644875357994e-01 1.100000000000000000e+01 1.670000000000000000e+02 2.000000000000000000e+00
3.498409473321829610e-01 1.494065083508143044e+00 9.000000000000000000e+00 6.600000000000000000e+01 2.000000000000000000e+00
5.829122474252678571e-02 1.567946360545332540e+00 1.200000000000000000e+01 1.180000000000000000e+02 2.000000000000000000e+00
5.841660990269054166e-01 2.983041181855715651e-01 1.100000000000000000e+01 1.300000000000000000e+01 2.000000000000000000e+00
3.580678751408827160e-02 1.244918626111136906e+00 1.200000000000000000e+01 1.110000000000000000e+02 2.000000000000000000e+00
3.468856598790936302e-02 6.066761050789976073e-01 1.300000000000000000e+01 1.710000000000000000e+02 2.000000000000000000e+00
5.156528423261309557e-01 8.020269428168763648e-01 1.000000000000000000e+01 1.790000000000000000e+02 2.000000000000000000e+00
5.244190357267317637e-01 5.908506229480291472e-01 9.000000000000000000e+00 4.700000000000000000e+01 2.000000000000000000e+00
3.151524799383292885e-01 1.519877394062540077e+00 1.400000000000000000e+01 4.100000000000000000e+01 2.000000000000000000e+00
7.333030158464299841e-01 1.438394652538101948e+00 2.000000000000000000e+00 1.630000000000000000e+02 2.000000000000000000e+00
1.071857742656568829e-01 2.000981494362644497e+00 4.000000000000000000e+00 1.920000000000000000e+02 2.000000000000000000e+00
1.009629890435125965e+00 3.159593371309467047e-01 2.000000000000000000e+00 9.000000000000000000e+01 2.000000000000000000e+00
8.222456603737356984e-01 8.156616776847126493e-01 1.800000000000000000e+01 1.400000000000000000e+02 2.000000000000000000e+00
3.580773033216738677e-01 5.345766349178698862e-01 6.000000000000000000e+00 1.080000000000000000e+02 2.000000000000000000e+00
1.281642033184381656e-02 1.862631955297400443e+00 1.000000000000000000e+00 1.760000000000000000e+02 2.000000000000000000e+00
5.906977412934878435e-01 1.853658096093816265e+00 1.100000000000000000e+01 1.380000000000000000e+02 2.000000000000000000e+00
8.533111814948162177e-01 9.564949431570358707e-01 7.000000000000000000e+00 1.560000000000000000e+02 2.000000000000000000e+00
6.549284697619525142e-01 9.873185564301955042e-01 5.000000000000000000e+00 1.110000000000000000e+02 2.000000000000000000e+00
9.944840588862464692e-01 1.488557989738488407e+00 4.000000000000000000e+00 1.650000000000000000e+02 2.000000000000000000e+00
4.872043475477795260e-01 4.032696486550381154e-01 1.700000000000000000e+01 1.000000000000000000e+02 2.000000000000000000e+00
2.406797650857818160e-01 7.878363046018351801e-01 2.000000000000000000e+00 6.300000000000000000e+01 2.000000000000000000e+00
5.566523153075489949e-01 1.751302040346428335e+00 1.200000000000000000e+01 3.100000000000000000e+01 2.000000000000000000e+00
8.572903298107239500e-01 6.647429569492174783e-01 2.000000000000000000e+00 8.000000000000000000e+01 2.000000000000000000e+00
5.371807897893198652e-02 3.612484762154365425e-01 1.400000000000000000e+01 1.580000000000000000e+02 2.000000000000000000e+00
7.205745939141516843e-01 1.700393745343974805e+00 1.100000000000000000e+01 1.890000000000000000e+02 2.000000000000000000e+00
3.086719246217775048e-01 1.743727822122498994e+00 9.000000000000000000e+00 4.800000000000000000e+01 2.000000000000000000e+00
7.716393252594509755e-02 5.263710417495600646e-01 1.100000000000000000e+01 2.800000000000000000e+01 2.000000000000000000e+00
7.336203329511776783e-01 6.871034594790698113e-01 1.100000000000000000e+01 1.240000000000000000e+02 2.000000000000000000e+00
7.625566907457603794e-01 7.323241309661129295e-01 2.000000000000000000e+00 4.100000000000000000e+01 2.000000000000000000e+00
6.998691042074155211e-02 2.748918169203363737e-01 4.000000000000000000e+00 1.600000000000000000e+02 2.000000000000000000e+00
6.813546483065989756e-01 8.495535737103384610e-01 1.000000000000000000e+00 1.850000000000000000e+02 2.000000000000000000e+00
3.157591721033652377e-01 2.066434490242315736e+00 1.600000000000000000e+01 4.500000000000000000e+01 2.000000000000000000e+00
3.316277746300988483e-01 6.092929692598104685e-01 1.400000000000000000e+01 1.920000000000000000e+02 2.000000000000000000e+00
8.869125393493311194e-01 1.820232063106264730e+00 1.800000000000000000e+01 1.100000000000000000e+02 2.000000000000000000e+00
1.655361420442278408e-01 5.497735139588396658e-01 9.000000000000000000e+00 3.200000000000000000e+01 2.000000000000000000e+00
9.369709466693319777e-02 1.338513085207390096e+00 1.100000000000000000e+01 5.000000000000000000e+00 2.000000000000000000e+00
7.688391990587417624e-01 1.348735034902062813e+00 4.000000000000000000e+00 1.620000000000000000e+02 2.000000000000000000e+00
8.185866590038234358e-01 1.540083032592676648e+00 2.000000000000000000e+01 1.560000000000000000e+02 3.000000000000000000e+00
5.760459563722785115e-01 1.418405327338614352e+00 1.300000000000000000e+01 4.600000000000000000e+01 3.000000000000000000e+00
7.968625920406819940e-01 1.698414394354010204e+00 4.000000000000000000e+00 2.900000000000000000e+01 3.000000000000000000e+00
7.586455551883029835e-02 1.763587387662868489e+00 1.000000000000000000e+00 7.400000000000000000e+01 3.000000000000000000e+00
1.845604650889151044e-01 1.510801967336376228e-01 3.000000000000000000e+00 4.100000000000000000e+01 3.000000000000000000e+00
6.059367253790214347e-01 1.151863269497451103e+00 9.000000000000000000e+00 1.400000000000000000e+02 3.000000000000000000e+00
2.009691915098391624e-01 6.517962853751534391e-01 6.000000000000000000e+00 1.310000000000000000e+02 3.000000000000000000e+00
8.321205833831114562e-01 3.227868988881498202e-01 1.100000000000000000e+01 2.600000000000000000e+01 3.000000000000000000e+00
9.806175169640740652e-01 1.942220121869868477e+00 4.000000000000000000e+00 3.400000000000000000e+01 3.000000000000000000e+00
1.401362781675242752e-01 6.521388514536544667e-01 9.000000000000000000e+00 8.100000000000000000e+01 3.000000000000000000e+00
6.873502566700280259e-01 8.054514948314762668e-01 1.800000000000000000e+01 1.540000000000000000e+02 3.000000000000000000e+00
4.285013509200240600e-01 6.226586562534760505e-01 1.300000000000000000e+01 1.260000000000000000e+02 3.000000000000000000e+00
1.003183558193402186e-01 1.130323737866191225e+00 1.600000000000000000e+01 4.400000000000000000e+01 3.000000000000000000e+00
4.126052160757348597e-01 1.771601777468072569e+00 1.300000000000000000e+01 1.540000000000000000e+02 3.000000000000000000e+00
2.169488479207839493e-01 1.513093833791431475e+00 1.300000000000000000e+01 8.600000000000000000e+01 3.000000000000000000e+00
2.927989030356675793e-01 1.148248040923327995e+00 1.100000000000000000e+01 3.400000000000000000e+01 3.000000000000000000e+00
9.129164613906755044e-01 1.724155249406323254e+00 1.900000000000000000e+01 6.700000000000000000e+01 3.000000000000000000e+00
3.195779814938485286e-01 2.098699617956495678e-01 2.000000000000000000e+01 7.400000000000000000e+01 3.000000000000000000e+00
5.257884529777441251e-01 8.668775890183614274e-01 3.000000000000000000e+00 3.900000000000000000e+01 3.000000000000000000e+00
8.710852734270588815e-01 1.471742598872597674e-01 1.000000000000000000e+00 3.600000000000000000e+01 3.000000000000000000e+00
8.410599225535573265e-01 7.712233983616071376e-01 4.000000000000000000e+00 1.300000000000000000e+01 3.000000000000000000e+00
6.882490829914594821e-01 8.526880102261472638e-01 1.400000000000000000e+01 1.870000000000000000e+02 3.000000000000000000e+00
7.812915678754327187e-02 1.579439464627476086e+00 3.000000000000000000e+00 1.950000000000000000e+02 3.000000000000000000e+00
7.594461696258346384e-02 2.094531121310146737e+00 1.000000000000000000e+01 1.730000000000000000e+02 3.000000000000000000e+00
8.216435259960940263e-01 9.151452644975227591e-01 1.100000000000000000e+01 4.100000000000000000e+01 3.000000000000000000e+00
6.467563062911190208e-01 1.194513682418299361e+00 8.000000000000000000e+00 1.250000000000000000e+02 3.000000000000000000e+00
2.548051436129366021e-01 2.198712555172341043e-01 9.000000000000000000e+00 1.850000000000000000e+02 3.000000000000000000e+00
3.871014319403588422e-01 1.289896233747468646e+00 1.000000000000000000e+01 1.860000000000000000e+02 3.000000000000000000e+00
5.457452936456356207e-01 1.307775368527121174e+00 6.000000000000000000e+00 3.000000000000000000e+00 3.000000000000000000e+00
3.833717713708413299e-01 1.791233317443472028e+00 1.200000000000000000e+01 1.300000000000000000e+01 3.000000000000000000e+00
7.260481520494065089e-02 6.251113990010183086e-01 1.100000000000000000e+01 1.190000000000000000e+02 3.000000000000000000e+00
1.616567419152844520e-01 1.157869925961221291e+00 6.000000000000000000e+00 1.200000000000000000e+01 3.000000000000000000e+00
7.316342212783037979e-01 1.041619644731616612e+00 9.000000000000000000e+00 1.560000000000000000e+02 3.000000000000000000e+00
3.289773489537272111e-01 8.094395903218275512e-01 2.000000000000000000e+01 7.100000000000000000e+01 3.000000000000000000e+00
4.436177710928691509e-01 9.680873764805600912e-01 2.000000000000000000e+01 5.800000000000000000e+01 3.000000000000000000e+00
9.183717289434956133e-01 3.405428020934256894e-01 8.000000000000000000e+00 1.140000000000000000e+02 3.000000000000000000e+00
8.944085697005609292e-01 1.415514093023631403e+00 1.200000000000000000e+01 8.500000000000000000e+01 3.000000000000000000e+00
9.332113873802033721e-01 1.765665341731781135e+00 7.000000000000000000e+00 7.000000000000000000e+01 3.000000000000000000e+00
5.640208677382571034e-01 6.916255422902412020e-01 3.000000000000000000e+00 1.700000000000000000e+02 3.000000000000000000e+00
9.150215325380994802e-01 1.105641018575457268e+00 5.000000000000000000e+00 1.230000000000000000e+02 3.000000000000000000e+00
4.991120653337505209e-01 1.142151400731515887e+00 1.000000000000000000e+01 1.680000000000000000e+02 3.000000000000000000e+00
8.681844654189708743e-01 7.685234555846874871e-01 7.000000000000000000e+00 1.020000000000000000e+02 3.000000000000000000e+00
1.127158304999514721e-01 1.767713967540531561e+00 1.000000000000000000e+01 1.350000000000000000e+02 3.000000000000000000e+00
5.313493890658260027e-02 1.892387091006310529e+00 8.000000000000000000e+00 1.130000000000000000e+02 3.000000000000000000e+00
5.428187143723871982e-02 4.775229846214018581e-01 5.000000000000000000e+00 5.100000000000000000e+01 3.000000000000000000e+00
8.580683170296121709e-01 7.619805549853776450e-01 1.300000000000000000e+01 1.050000000000000000e+02 3.000000000000000000e+00
3.697366423684455006e-01 1.994942925837949466e-01 1.100000000000000000e+01 1.380000000000000000e+02 3.000000000000000000e+00
9.112590336870870500e-01 1.430104728876667952e+00 1.500000000000000000e+01 1.230000000000000000e+02 3.000000000000000000e+00
8.838379949139840708e-01 2.951117905377259598e-01 1.900000000000000000e+01 1.290000000000000000e+02 3.000000000000000000e+00
2.532456353072379818e-01 1.183260272901017984e+00 1.300000000000000000e+01 1.170000000000000000e+02 3.000000000000000000e+00
8.488972725317505130e-01 1.255680549167782267e+00 3.000000000000000000e+00 1.360000000000000000e+02 4.000000000000000000e+00
2.588909442405339378e-01 1.237256492653141748e+00 1.900000000000000000e+01 1.810000000000000000e+02 4.000000000000000000e+00
1.726653384674688985e-01 8.495253036394622148e-01 1.100000000000000000e+01 1.770000000000000000e+02 4.000000000000000000e+00
8.508633589677198072e-01 9.566587537420282450e-01 5.000000000000000000e+00 5.600000000000000000e+01 4.000000000000000000e+00
4.272871190525729945e-01 3.240899298934912798e-01 1.900000000000000000e+01 1.900000000000000000e+01 4.000000000000000000e+00
5.938014510615701180e-01 1.297672043380300844e+00 1.000000000000000000e+01 1.760000000000000000e+02 4.000000000000000000e+00
5.145182481632440963e-01 1.731851669490953594e+00 2.000000000000000000e+01 1.190000000000000000e+02 4.000000000000000000e+00
9.694169054801272667e-01 1.862838505337156114e+00 2.000000000000000000e+01 1.680000000000000000e+02 4.000000000000000000e+00
7.036258888147282065e-01 2.013095902422918027e+00 1.700000000000000000e+01 1.550000000000000000e+02 4.000000000000000000e+00
5.000380991806274711e-01 1.578819826027297035e-01 2.000000000000000000e+00 7.700000000000000000e+01 4.000000000000000000e+00
5.859729769021049250e-01 1.627033641626758786e+00 1.400000000000000000e+01 7.800000000000000000e+01 4.000000000000000000e+00
8.402987515800829366e-01 1.610442720718993526e+00 4.000000000000000000e+00 1.180000000000000000e+02 4.000000000000000000e+00
9.065755773555327357e-01 3.764548933707868583e-01 1.000000000000000000e+00 6.900000000000000000e+01 4.000000000000000000e+00
7.221579898006235121e-01 1.249074383873097993e+00 1.700000000000000000e+01 1.160000000000000000e+02 4.000000000000000000e+00
8.469397393798522300e-01 1.138808985875001678e+00 3.000000000000000000e+00 9.000000000000000000e+01 4.000000000000000000e+00
6.610207819374088745e-01 9.409792926968291171e-01 1.900000000000000000e+01 5.400000000000000000e+01 4.000000000000000000e+00
6.767861106408105121e-01 1.969768823816129499e+00 2.000000000000000000e+01 1.930000000000000000e+02 4.000000000000000000e+00
6.413064420646094055e-01 1.665664304095470616e+00 5.000000000000000000e+00 1.670000000000000000e+02 4.000000000000000000e+00
8.236777540744432136e-01 1.404031303417818233e+00 1.000000000000000000e+00 9.400000000000000000e+01 4.000000000000000000e+00
2.789880753290441273e-01 1.228505174086143903e+00 7.000000000000000000e+00 2.800000000000000000e+01 4.000000000000000000e+00
7.386596284734711082e-01 1.157187160735712317e-01 1.900000000000000000e+01 4.100000000000000000e+01 4.000000000000000000e+00
6.013277227234290478e-01 1.060692965913628161e+00 8.000000000000000000e+00 6.200000000000000000e+01 4.000000000000000000e+00
6.175052649701864294e-01 1.135053011477733076e+00 1.000000000000000000e+01 3.000000000000000000e+00 4.000000000000000000e+00
8.269297434070315145e-01 5.543459611372029139e-01 2.000000000000000000e+01 1.790000000000000000e+02 4.000000000000000000e+00
3.098001547973657788e-01 1.169732851148628683e+00 1.200000000000000000e+01 3.200000000000000000e+01 4.000000000000000000e+00
6.877518340994062118e-01 7.992775758848517098e-01 9.000000000000000000e+00 1.260000000000000000e+02 4.000000000000000000e+00
5.893735183448909343e-01 2.070060663688550573e+00 1.200000000000000000e+01 1.090000000000000000e+02 4.000000000000000000e+00
4.663482865486605622e-01 1.275697751600240570e+00 4.000000000000000000e+00 8.200000000000000000e+01 4.000000000000000000e+00
4.765976436648539094e-01 1.229775612146344121e+00 1.400000000000000000e+01 6.200000000000000000e+01 4.000000000000000000e+00
1.890281319369691015e-01 1.893857718270097523e+00 1.900000000000000000e+01 6.200000000000000000e+01 4.000000000000000000e+00
6.998970058126400273e-01 1.093869076405858065e+00 2.000000000000000000e+01 1.240000000000000000e+02 4.000000000000000000e+00
6.686764859216283163e-01 1.844452855127266977e+00 1.900000000000000000e+01 2.600000000000000000e+01 4.000000000000000000e+00
7.702370488449666874e-01 8.559013848966164906e-01 8.000000000000000000e+00 9.300000000000000000e+01 4.000000000000000000e+00
7.923590464757457319e-01 1.572827536818797167e+00 9.000000000000000000e+00 1.010000000000000000e+02 4.000000000000000000e+00
5.702247067024456273e-01 8.853019855786438130e-01 1.300000000000000000e+01 1.020000000000000000e+02 4.000000000000000000e+00
2.268224208855419421e-01 1.362596625666476768e+00 7.000000000000000000e+00 7.100000000000000000e+01 4.000000000000000000e+00
1.709777667310957705e-01 1.488621748441926462e-01 1.900000000000000000e+01 1.610000000000000000e+02 4.000000000000000000e+00
1.956293942267258723e-01 1.096216593986383048e+00 2.000000000000000000e+00 1.870000000000000000e+02 4.000000000000000000e+00
7.782827892291148686e-01 2.064159178281241847e+00 5.000000000000000000e+00 1.220000000000000000e+02 4.000000000000000000e+00
5.783015676943120686e-01 5.916564510552192457e-01 1.000000000000000000e+00 1.750000000000000000e+02 4.000000000000000000e+00
6.642587864631409322e-02 3.364532140502435320e-01 5.000000000000000000e+00 8.900000000000000000e+01 4.000000000000000000e+00
1.582653073957457357e-01 2.568878181144146344e-01 1.200000000000000000e+01 2.800000000000000000e+01 4.000000000000000000e+00
4.764930938602315313e-01 2.076972283697668120e-01 1.000000000000000000e+01 1.990000000000000000e+02 4.000000000000000000e+00
7.986951729298175096e-01 1.347432630787464891e+00 1.000000000000000000e+00 6.800000000000000000e+01 4.000000000000000000e+00
1.640107812230493511e-01 1.731143073544196387e+00 1.400000000000000000e+01 8.300000000000000000e+01 4.000000000000000000e+00
8.455943429348343476e-02 2.857675621801808452e-01 1.400000000000000000e+01 1.190000000000000000e+02 4.000000000000000000e+00
1.347120251304666748e-02 3.210220831141860076e-01 1.100000000000000000e+01 7.300000000000000000e+01 4.000000000000000000e+00
9.297475612157879432e-01 1.063222370204153666e+00 1.800000000000000000e+01 8.600000000000000000e+01 4.000000000000000000e+00
9.167468043884686724e-01 1.500479633363449805e+00 1.500000000000000000e+01 2.200000000000000000e+01 4.000000000000000000e+00
4.277972088263768402e-01 2.356521224013977955e-01 8.000000000000000000e+00 1.670000000000000000e+02 4.000000000000000000e+00
