-9.816225550025248481e+01
-1.064581173494134987e+02
-1.330358884530261889e+02
-1.330968260784614472e+02
-1.330968879667289002e+02
-9.369609046449622269e+01
-1.328745641623815459e+02
-9.790478578738580495e+01
-1.035940448140850094e+02
-1.212745117228238172e+02
-9.388066052428668229e+01
-1.330968098413284793e+02
-1.323658794582495943e+02
-1.014508950700915477e+02
-1.330967357699687454e+02
-1.330968238422124159e+02
-1.233449762882451211e+02
-1.330960767095370159e+02
-1.330968576308664524e+02
-1.330968048756598989e+02
-1.252139214462353323e+02
-1.330955791033462958e+02
-1.273688506441693846e+02
-1.326483481881491571e+02
-1.330963284565320066e+02
-9.165902263454832166e+01
-1.330949912730971505e+02
-1.276919475300852156e+02
-1.292642205789300931e+02
-9.226822163643959129e+01
-1.165804971593833699e+02
-1.330968184613911376e+02
-1.330967113954902459e+02
-1.330968029430697754e+02
-1.330968624583656492e+02
-1.330967241420520111e+02
-1.330643429560977609e+02
-1.225783659400166101e+02
-1.330907090221502642e+02
-1.330733916646204591e+02
-1.330965729084119289e+02
-1.042002660279878228e+02
-1.330969470319011805e+02
-1.330967999840174798e+02
-1.330831470481051326e+02
-1.330963428868649032e+02
-1.330968087609483064e+02
-1.330970726150840733e+02
-1.023475148834697137e+02
-1.330967303745509014e+02
-1.238639725376480669e+02
-1.278398424279101278e+02
-1.221019794198788162e+02
-1.023263052761472807e+02
-1.278400773986673471e+02
-1.106466245883792823e+02
-1.038012192249605334e+02
-1.236086981985444311e+02
-1.277799828165551617e+02
-1.278388982580409987e+02
-8.912370930807752245e+01
-8.790704549652092226e+01
-1.228789003038740759e+02
-1.098887034867139079e+02
-1.278392658295968118e+02
-9.701280142450198696e+01
-8.860964164508142460e+01
-1.278401441849225790e+02
-1.278400812872934296e+02
-1.278043307867897624e+02
-1.246310993420760838e+02
-1.245557671046240102e+02
-1.140471733693275667e+02
-1.057972542782578529e+02
-1.278008202333827938e+02
-1.219656292643159929e+02
-9.223325872077332122e+01
-1.219252797283567844e+02
-1.278360302485658053e+02
-1.278400531054482343e+02
-1.213225127754580228e+02
-9.929566403407903863e+01
-1.278393715838011815e+02
-1.278401447574579919e+02
-1.126046238993374686e+02
-8.934041570520177800e+01
-8.858354693947921987e+01
-1.278401229365867806e+02
-1.078276437883518497e+02
-1.202021737768614855e+02
-1.208039452420768072e+02
-1.278120200986313790e+02
-1.277176313418817273e+02
-8.925782418113979588e+01
-1.278400266124406102e+02
-1.278394090958704652e+02
-1.278075599447523700e+02
-1.278352981096640093e+02
-1.063670548066500743e+02
-1.278385598809584280e+02
-1.020595373718131640e+02
-1.235615000709622251e+02
-1.162564797675608617e+02
-1.234921875954768922e+02
-1.235614239793062126e+02
-1.235614990947738789e+02
-1.235614712543129627e+02
-1.235486456460975973e+02
-1.216974651481074261e+02
-1.216121942547651287e+02
-1.172149573534395870e+02
-1.025073849915500261e+02
-1.057352195074011831e+02
-1.143601537011023055e+02
-1.172031806672215737e+02
-1.234899969118786487e+02
-1.235615668363401483e+02
-1.235614336926814474e+02
-1.235613617728684517e+02
-1.134143168428777955e+02
-8.792572731308325729e+01
-1.235598160484279902e+02
-1.235608796915088021e+02
-1.235614605130110704e+02
-1.235573153498957311e+02
-8.835356681054528849e+01
-1.235613639689945131e+02
-1.235615057691564971e+02
-8.721147516166621472e+01
-1.235615071672371528e+02
-1.157380023979463601e+02
-1.197088734631356175e+02
-1.235614234262627775e+02
-1.235600090077271176e+02
-9.506238722763168880e+01
-1.216457712790449079e+02
-1.224522626344756162e+02
-1.235574133218058535e+02
-1.039855500146409781e+02
-1.235540758904298997e+02
-1.235615977859212791e+02
-8.963797763780985406e+01
-1.235615062839022329e+02
-1.235577708307038733e+02
-1.231668607087952836e+02
-9.978704288918012821e+01
-1.227369385915058473e+02
-1.235466907576395528e+02
-1.118861078527467470e+02
-1.235615150891404426e+02
-1.239392043273721811e+02
-9.901891386131535455e+01
-1.169095098484960573e+02
-1.150146381597585190e+02
-1.084086893127505817e+02
-1.239409562809178738e+02
-1.208022349248327743e+02
-1.201775806422779880e+02
-1.239422957034380204e+02
-1.239408502051603449e+02
-1.239420500517208126e+02
-9.959428959781621415e+01
-1.024646845846392438e+02
-1.174174095629823285e+02
-8.708091633831897127e+01
-1.239389478406009601e+02
-1.131991276771048547e+02
-1.078276356910465381e+02
-8.728829459361377019e+01
-1.172170988839333035e+02
-1.138037186641960545e+02
-9.744541897563190957e+01
-1.187189584211211724e+02
-1.224962701215585952e+02
-1.222657190158866740e+02
-1.237158869321481518e+02
-1.239421122939134250e+02
-1.239393692703308290e+02
-1.223525611076750721e+02
-1.239418293759418930e+02
-8.654984415426062583e+01
-9.108518096395872021e+01
-1.237675311070532729e+02
-1.000414562922324677e+02
-1.239354116772721852e+02
-1.181679168276072573e+02
-1.239379300468229701e+02
-8.652128891971935332e+01
-1.195702239825298960e+02
-8.659323133119445970e+01
-8.768194423839268836e+01
-1.089083299197242098e+02
-1.239398371579084852e+02
-1.027902330715235308e+02
-1.239397587137203800e+02
-9.804869848740331406e+01
-1.233220525866958184e+02
-8.787004878257798168e+01
-1.229388808107853492e+02
-1.161036109585166400e+02
-8.941603855866956962e+01
-1.169424044035801842e+02
-1.178045301463329650e+02
-8.844537748595033122e+01
-1.251420904101899367e+02
-1.248061664039052516e+02
-1.052275886747672757e+02
-1.251434449253515595e+02
-1.200800372301778793e+02
-1.239908245123739761e+02
-1.247774570849675513e+02
-1.242740264768690537e+02
-1.156492542700486865e+02
-1.241515952646130359e+02
-1.251428692412910380e+02
-1.033604695861702254e+02
-1.185096886016048501e+02
-1.018533589257485374e+02
-1.250187491440241843e+02
-1.251204627973017836e+02
-1.176446002789168404e+02
-1.251436086191195329e+02
-1.155392037278650150e+02
-8.759534698745734715e+01
-1.235539625771520065e+02
-1.085424318035596656e+02
-1.192513007942517902e+02
-9.987328317601473771e+01
-1.248309637540230881e+02
-9.961171330722645223e+01
-1.148323537090709863e+02
-1.251423070841885163e+02
-1.251430978403668774e+02
-9.142642213090627479e+01
-9.159295096732687114e+01
-1.251432418540283180e+02
-1.251392074666417500e+02
-1.251376764818735268e+02
-1.251420310049298621e+02
-1.236194791228795395e+02
-1.202904529447101680e+02
-1.072256694865752849e+02
-1.251434237380637029e+02
-1.100015191286135376e+02
-9.146800711316683419e+01
-1.251424579278570519e+02
-1.247937743855175512e+02
-1.124680155142896609e+02
-9.128992560919397192e+01
-1.156481697415535450e+02
