-1.329435281551199068e+02
-1.242116122212496379e+02
-1.330966705547891706e+02
-1.330951737490744620e+02
-1.330965162969593223e+02
-1.015793415552470549e+02
-1.232544585993339439e+02
-1.037995848634278246e+02
-1.330965431885776979e+02
-1.330967495443860571e+02
-1.185671590339322279e+02
-9.464790568481677724e+01
-1.137599323481415041e+02
-1.330965870499050254e+02
-1.141856339086736654e+02
-1.301391917990097795e+02
-9.336330554563457440e+01
-1.035481804827037990e+02
-1.330953840534334915e+02
-1.041600988988395926e+02
-1.330465995049118249e+02
-1.330962053535123744e+02
-1.329106117864422743e+02
-1.317042669101257957e+02
-9.861102631462539136e+01
-1.007462275150605535e+02
-1.313260664332739225e+02
-9.389340078019911573e+01
-9.977598487156821250e+01
-1.183601072673987886e+02
-9.131163916826101001e+01
-1.299955033230761785e+02
-1.330721265369384412e+02
-1.314125906261971295e+02
-1.330936148942087982e+02
-1.063833029944824915e+02
-1.177286077756214837e+02
-1.328435676560318370e+02
-1.012025716304563900e+02
-1.330968278385357451e+02
-1.119906366066870476e+02
-1.322289945417701631e+02
-1.330968694898279523e+02
-1.164098838391633137e+02
-9.060056627521943540e+01
-1.330963736012221830e+02
-1.330363888228132510e+02
-1.305547957108495325e+02
-1.330967838711688103e+02
-1.330968147383705968e+02
-1.278311801450314817e+02
-1.158973441393087853e+02
-1.278371716460689527e+02
-1.266082566186333906e+02
-1.278400573838064815e+02
-1.278398911403836564e+02
-1.229797444197006087e+02
-1.278394572723597662e+02
-1.219442627810892787e+02
-8.895776983010669881e+01
-1.199851641220277116e+02
-1.258686138130106684e+02
-1.271063260449394932e+02
-1.104515863597666225e+02
-8.903393478249921600e+01
-1.278399944291325028e+02
-1.277807891324766985e+02
-1.070949703074679462e+02
-1.278400326191074754e+02
-9.220585233398676905e+01
-1.112731720890198091e+02
-1.278399613329987545e+02
-9.397410351576563414e+01
-1.274192205834926170e+02
-1.272903605204351436e+02
-1.049163446101049004e+02
-1.089907330768812699e+02
-1.278320865383399223e+02
-1.097991358089274883e+02
-1.128090503420817043e+02
-9.005773063512282306e+01
-1.083021638599850149e+02
-9.254883357704166258e+01
-1.278241147223793774e+02
-1.278385284232830088e+02
-9.717436356145874754e+01
-1.278395540672625685e+02
-1.230604995986520862e+02
-1.190849628032435845e+02
-1.278400547072939588e+02
-1.186200747037659653e+02
-1.201774274857114904e+02
-1.278363361137710967e+02
-9.205196177705451532e+01
-9.093619766352804845e+01
-1.234595205833117149e+02
-9.132253667830687505e+01
-1.132251627492099288e+02
-1.278400697312655439e+02
-1.278380870130212799e+02
-1.208529207043884242e+02
-1.110182633607563787e+02
-1.235614078363971515e+02
-1.228722287964530295e+02
-1.227864060292660753e+02
-1.231467759218610780e+02
-1.235612747588572944e+02
-1.190132221307887050e+02
-1.136260623950389572e+02
-1.220330417063810700e+02
-1.235614781435431411e+02
-9.192595440583517075e+01
-1.148627155357468297e+02
-1.140504854018714980e+02
-1.167508809464196986e+02
-1.166492319846269083e+02
-8.704976610743582910e+01
-8.926897294862128263e+01
-8.692205896935072928e+01
-1.223259691965494937e+02
-1.207261761354083944e+02
-1.235432310447201303e+02
-1.173501967177409426e+02
-1.218517827559582969e+02
-1.117988625618994121e+02
-1.071188728570876805e+02
-9.468091474549906650e+01
-1.040760653704564618e+02
-1.092298508331578404e+02
-1.235611496076465983e+02
-1.230381103229308195e+02
-1.131384776809216675e+02
-9.783297599144810874e+01
-8.980447614500573650e+01
-1.203470514787372139e+02
-1.152961460662515663e+02
-1.221119570070564180e+02
-1.097603396782640885e+02
-9.031129760353191216e+01
-1.235613079117005668e+02
-1.235609627480129404e+02
-1.235615160042328000e+02
-1.077270082575143988e+02
-1.154179367001364511e+02
-1.181299867228925820e+02
-1.235603882885717439e+02
-1.235278419700347285e+02
-1.231630375097730052e+02
-1.053608651271793093e+02
-1.168422068336090405e+02
-8.892111697370964407e+01
-1.238877687540901604e+02
-1.151112531480849697e+02
-1.239422973893011317e+02
-8.580840909450282084e+01
-1.239421963170996008e+02
-1.011864197882028691e+02
-1.199852810290676217e+02
-1.088894853092457140e+02
-1.061042280132157316e+02
-1.194640201534409556e+02
-1.232420356457432291e+02
-8.822521975452136189e+01
-1.239418444465863161e+02
-1.239422944247862972e+02
-1.239423054803185664e+02
-1.229947269424537950e+02
-1.184465292252857864e+02
-8.636647004379980785e+01
-1.239186816773323159e+02
-1.236306073771609420e+02
-1.239422814169435867e+02
-9.612774850399162574e+01
-1.172292282138955244e+02
-1.217520983752801556e+02
-1.239422668108220051e+02
-1.021729996223232746e+02
-8.637713741857807292e+01
-1.228199558269976706e+02
-1.234054125605462389e+02
-1.239416562543752747e+02
-1.211761581046574037e+02
-1.186729943224301707e+02
-9.055443933270639434e+01
-1.151409677770078446e+02
-1.236349320590763199e+02
-1.239422794491693338e+02
-1.146299791356516664e+02
-1.239417654755277596e+02
-1.238986963193609228e+02
-1.239383190999590880e+02
-1.238826746624831685e+02
-9.698921200980538515e+01
-1.239401542922878434e+02
-1.232637448555642123e+02
-8.667009283463725922e+01
-8.471354215386328690e+01
-1.232254511544100808e+02
-8.716277231599532627e+01
-1.239421084913333573e+02
-1.174623999147812015e+02
-1.250718085409463214e+02
-1.251368981599355550e+02
-1.030374657967928016e+02
-1.251434376427617252e+02
-1.251374916404079016e+02
-9.352261666719017796e+01
-1.238528635433791436e+02
-9.373945081895782039e+01
-1.183250473327054095e+02
-1.172536802733872321e+02
-9.640872741039031268e+01
-8.818489305519833010e+01
-1.251431939142073446e+02
-1.183600639704583699e+02
-9.374473905296366638e+01
-8.762815283811887923e+01
-1.250315960740519898e+02
-1.251433910978843755e+02
-1.251301916127849836e+02
-8.702977060991034364e+01
-1.251434244639376629e+02
-8.949205273560552598e+01
-9.114912928705088291e+01
-1.251369599916418736e+02
-1.139957408236500100e+02
-1.251432884988215193e+02
-1.075297134524859928e+02
-1.251344350211575147e+02
-1.251432900303958888e+02
-1.251429109795492565e+02
-9.468123688183602837e+01
-1.151504398436557324e+02
-9.981749718087655765e+01
-1.250890375368932155e+02
-1.172455010512135800e+02
-1.249898439673923178e+02
-1.241235157296839020e+02
-9.962245521848002738e+01
-1.251433489236666787e+02
-1.251425215159740532e+02
-9.919369440428296514e+01
-1.190160590076128670e+02
-1.251434411379285905e+02
-9.371749829591925618e+01
-1.230396536942373871e+02
-1.251433533627485986e+02
-1.226771340689584378e+02
-1.028047957095620859e+02
-1.246118168222349425e+02
